x1,y1,z1,x2,y2,z2,x3,y3,z3,width,height
159.46812607616906,0.0,92.06896551724137,1.127519639214977e-14,0.0,184.13793103448276,0.0,0.0,1.0,3.929013079667063,3.929013079667063
159.46812607616906,0.0,92.06896551724137,187.9872385111394,0.0,108.53448275862068,0.0,0.0,1.0,3.929013079667063,3.929013079667063
159.46812607616906,0.0,92.06896551724137,130.94901364119875,0.0,75.60344827586205,0.0,0.0,1.0,3.929013079667063,3.929013079667063
187.9872385111394,0.0,108.53448275862068,1.3291640690745843e-14,0.0,217.0689655172414,0.0,0.0,1.0,3.929013079667063,3.929013079667063
130.94901364119875,0.0,75.60344827586205,9.258752093553696e-15,0.0,151.20689655172413,0.0,0.0,1.0,3.929013079667063,3.929013079667063
184.13793103448276,1160.187213427769,0.0,92.0689655172414,1160.187213427769,159.46812607616903,0.0,0.0,1.0,3.929013079667063,3.929013079667063
184.13793103448276,1160.187213427769,0.0,217.0689655172414,1160.187213427769,0.0,0.0,0.0,1.0,3.929013079667063,3.929013079667063
184.13793103448276,1160.187213427769,0.0,151.20689655172413,1160.187213427769,0.0,0.0,0.0,1.0,3.929013079667063,3.929013079667063
217.0689655172414,1160.187213427769,0.0,108.53448275862073,1160.187213427769,187.98723851113937,0.0,0.0,1.0,3.929013079667063,3.929013079667063
151.20689655172413,1160.187213427769,0.0,75.60344827586208,1160.187213427769,130.94901364119872,0.0,0.0,1.0,3.929013079667063,3.929013079667063
187.9872385111394,0.0,108.53448275862068,181.19214126648637,24.170566946411853,93.45449759882207,0.0,0.0,1.0,3.929013079667063,3.929013079667063
204.9978462750123,30.623241954086822,96.19043994138292,192.31071286791843,43.349478634881166,91.27910361579909,-0.69347657033171,0.0,-0.7204791783257647,3.929013079667063,3.929013079667063
192.31071286791843,43.349478634881166,91.27910361579909,179.62357946082452,56.075715315675495,86.36776729021524,-0.69347657033171,0.0,-0.7204791783257647,3.929013079667063,3.929013079667063
179.01771014819738,31.905148369263642,88.6289023476865,192.31071286791843,43.349478634881166,91.27910361579909,-0.69347657033171,0.0,-0.7204791783257647,3.929013079667063,3.929013079667063
192.31071286791843,43.349478634881166,91.27910361579909,205.60371558763944,54.793808900498675,93.92930488391164,-0.69347657033171,0.0,-0.7204791783257647,3.929013079667063,3.929013079667063
205.60371558763944,54.793808900498675,93.92930488391164,192.91658218054556,67.52004558129302,89.01796855832782,-0.69347657033171,0.0,-0.7204791783257647,3.929013079667063,3.929013079667063
192.91658218054556,67.52004558129302,89.01796855832782,180.22944877345165,80.24628226208736,84.10663223274398,-0.69347657033171,0.0,-0.7204791783257647,3.929013079667063,3.929013079667063
179.62357946082452,56.075715315675495,86.36776729021524,192.91658218054556,67.52004558129302,89.01796855832782,-0.69347657033171,0.0,-0.7204791783257647,3.929013079667063,3.929013079667063
192.91658218054556,67.52004558129302,89.01796855832782,206.20958490026658,78.96437584691054,91.66816982644039,-0.69347657033171,0.0,-0.7204791783257647,3.929013079667063,3.929013079667063
206.20958490026658,78.96437584691054,91.66816982644039,193.5224514931727,91.69061252770487,86.75683350085656,-0.69347657033171,0.0,-0.7204791783257647,3.929013079667063,3.929013079667063
193.5224514931727,91.69061252770487,86.75683350085656,180.83531808607876,104.4168492084992,81.84549717527271,-0.69347657033171,0.0,-0.7204791783257647,3.929013079667063,3.929013079667063
180.22944877345165,80.24628226208736,84.10663223274398,193.5224514931727,91.69061252770487,86.75683350085656,-0.69347657033171,0.0,-0.7204791783257647,3.929013079667063,3.929013079667063
193.5224514931727,91.69061252770487,86.75683350085656,206.81545421289368,103.13494279332238,89.40703476896911,-0.69347657033171,0.0,-0.7204791783257647,3.929013079667063,3.929013079667063
206.81545421289368,103.13494279332238,89.40703476896911,194.12832080579977,115.86117947411674,84.4956984433853,-0.69347657033171,0.0,-0.7204791783257647,3.929013079667063,3.929013079667063
194.12832080579977,115.86117947411674,84.4956984433853,181.4411873987059,128.58741615491107,79.58436211780145,-0.69347657033171,0.0,-0.7204791783257647,3.929013079667063,3.929013079667063
180.83531808607876,104.4168492084992,81.84549717527271,194.12832080579977,115.86117947411674,84.4956984433853,-0.69347657033171,0.0,-0.7204791783257647,3.929013079667063,3.929013079667063
194.12832080579977,115.86117947411674,84.4956984433853,207.42132352552082,127.30550973973425,87.14589971149786,-0.69347657033171,0.0,-0.7204791783257647,3.929013079667063,3.929013079667063
207.42132352552082,127.30550973973425,87.14589971149786,194.7341901184269,140.03174642052858,82.23456338591403,-0.69347657033171,0.0,-0.7204791783257647,3.929013079667063,3.929013079667063
194.7341901184269,140.03174642052858,82.23456338591403,182.04705671133303,152.75798310132294,77.32322706033018,-0.69347657033171,0.0,-0.7204791783257647,3.929013079667063,3.929013079667063
181.4411873987059,128.58741615491107,79.58436211780145,194.7341901184269,140.03174642052858,82.23456338591403,-0.69347657033171,0.0,-0.7204791783257647,3.929013079667063,3.929013079667063
194.7341901184269,140.03174642052858,82.23456338591403,208.02719283814795,151.47607668614611,84.88476465402658,-0.69347657033171,0.0,-0.7204791783257647,3.929013079667063,3.929013079667063
208.02719283814795,151.4760766861461,84.88476465402658,195.34005943105404,164.20231336694044,79.97342832844276,-0.69347657033171,0.0,-0.7204791783257647,3.929013079667063,3.929013079667063
195.34005943105404,164.20231336694044,79.97342832844276,182.65292602396013,176.92855004773477,75.06209200285892,-0.69347657033171,0.0,-0.7204791783257647,3.929013079667063,3.929013079667063
182.04705671133303,152.7579831013229,77.32322706033018,195.34005943105404,164.20231336694044,79.97342832844276,-0.69347657033171,0.0,-0.7204791783257647,3.929013079667063,3.929013079667063
195.34005943105404,164.20231336694044,79.97342832844276,208.63306215077506,175.64664363255795,82.62362959655533,-0.69347657033171,0.0,-0.7204791783257647,3.929013079667063,3.929013079667063
208.63306215077506,175.64664363255795,82.62362959655533,195.94592874368118,188.3728803133523,77.7122932709715,-0.69347657033171,0.0,-0.7204791783257647,3.929013079667063,3.929013079667063
195.94592874368118,188.3728803133523,77.7122932709715,183.25879533658727,201.09911699414664,72.80095694538765,-0.69347657033171,0.0,-0.7204791783257647,3.929013079667063,3.929013079667063
182.65292602396013,176.92855004773477,75.06209200285892,195.94592874368118,188.3728803133523,77.7122932709715,-0.69347657033171,0.0,-0.7204791783257647,3.929013079667063,3.929013079667063
195.94592874368118,188.3728803133523,77.7122932709715,209.2389314634022,199.81721057896982,80.36249453908405,-0.69347657033171,0.0,-0.7204791783257647,3.929013079667063,3.929013079667063
209.2389314634022,199.8172105789698,80.36249453908405,196.55179805630831,212.54344725976412,75.45115821350024,-0.69347657033171,0.0,-0.7204791783257647,3.929013079667063,3.929013079667063
196.55179805630831,212.54344725976412,75.45115821350024,183.8646646492144,225.2696839405585,70.53982188791639,-0.69347657033171,0.0,-0.7204791783257647,3.929013079667063,3.929013079667063
183.25879533658727,201.0991169941466,72.80095694538765,196.55179805630831,212.54344725976412,75.45115821350024,-0.69347657033171,0.0,-0.7204791783257647,3.929013079667063,3.929013079667063
196.55179805630831,212.54344725976412,75.45115821350024,209.84480077602933,223.9877775253817,78.1013594816128,-0.69347657033171,0.0,-0.7204791783257647,3.929013079667063,3.929013079667063
209.84480077602933,223.9877775253817,78.1013594816128,197.15766736893545,236.71401420617596,73.19002315602897,-0.69347657033171,0.0,-0.7204791783257647,3.929013079667063,3.929013079667063
197.15766736893545,236.71401420617596,73.19002315602897,184.4705339618415,249.4402508869704,68.27868683044512,-0.69347657033171,0.0,-0.7204791783257647,3.929013079667063,3.929013079667063
183.8646646492144,225.2696839405585,70.53982188791639,197.15766736893545,236.71401420617596,73.19002315602897,-0.69347657033171,0.0,-0.7204791783257647,3.929013079667063,3.929013079667063
197.15766736893545,236.71401420617596,73.19002315602897,210.45067008865644,248.15834447179358,75.84022442414152,-0.69347657033171,0.0,-0.7204791783257647,3.929013079667063,3.929013079667063
210.45067008865644,248.15834447179358,75.84022442414152,197.76353668156253,260.8845811525879,70.9288880985577,-0.69347657033171,0.0,-0.7204791783257647,3.929013079667063,3.929013079667063
197.76353668156253,260.8845811525879,70.9288880985577,185.07640327446865,273.61081783338227,66.01755177297386,-0.69347657033171,0.0,-0.7204791783257647,3.929013079667063,3.929013079667063
184.4705339618415,249.4402508869704,68.27868683044512,197.76353668156253,260.8845811525879,70.9288880985577,-0.69347657033171,0.0,-0.7204791783257647,3.929013079667063,3.929013079667063
197.76353668156253,260.8845811525879,70.9288880985577,211.05653940128357,272.3289114182055,73.57908936667027,-0.69347657033171,0.0,-0.7204791783257647,3.929013079667063,3.929013079667063
211.05653940128357,272.3289114182054,73.57908936667027,198.36940599418966,285.05514809899967,68.66775304108644,-0.69347657033171,0.0,-0.7204791783257647,3.929013079667063,3.929013079667063
198.36940599418966,285.05514809899967,68.66775304108644,185.68227258709578,297.78138477979405,63.756416715502596,-0.69347657033171,0.0,-0.7204791783257647,3.929013079667063,3.929013079667063
185.07640327446865,273.61081783338216,66.01755177297386,198.36940599418966,285.05514809899967,68.66775304108644,-0.69347657033171,0.0,-0.7204791783257647,3.929013079667063,3.929013079667063
198.36940599418966,285.05514809899967,68.66775304108644,211.6624087139107,296.4994783646173,71.317954309199,-0.69347657033171,0.0,-0.7204791783257647,3.929013079667063,3.929013079667063
211.6624087139107,296.4994783646173,71.317954309199,198.9752753068168,309.2257150454117,66.40661798361516,-0.69347657033171,0.0,-0.7204791783257647,3.929013079667063,3.929013079667063
198.9752753068168,309.2257150454117,66.40661798361516,186.2881418997229,321.95195172620583,61.49528165803133,-0.69347657033171,0.0,-0.7204791783257647,3.929013079667063,3.929013079667063
185.68227258709578,297.78138477979405,63.756416715502596,198.9752753068168,309.2257150454117,66.40661798361516,-0.69347657033171,0.0,-0.7204791783257647,3.929013079667063,3.929013079667063
198.9752753068168,309.2257150454117,66.40661798361516,212.2682780265378,320.67004531102907,69.05681925172775,-0.69347657033171,0.0,-0.7204791783257647,3.929013079667063,3.929013079667063
212.2682780265378,320.6700453110292,69.05681925172775,199.58114461944393,333.39628199182346,64.1454829261439,-0.69347657033171,0.0,-0.7204791783257647,3.929013079667063,3.929013079667063
199.58114461944393,333.39628199182346,64.1454829261439,186.89401121235002,346.12251867261784,59.23414660056007,-0.69347657033171,0.0,-0.7204791783257647,3.929013079667063,3.929013079667063
186.2881418997229,321.95195172620595,61.49528165803133,199.58114461944393,333.39628199182346,64.1454829261439,-0.69347657033171,0.0,-0.7204791783257647,3.929013079667063,3.929013079667063
199.58114461944393,333.39628199182346,64.1454829261439,212.87414733916495,344.8406122574411,66.79568419425647,-0.69347657033171,0.0,-0.7204791783257647,3.929013079667063,3.929013079667063
212.87414733916495,344.8406122574411,66.79568419425647,200.18701393207107,357.56684893823535,61.884347868672634,-0.69347657033171,0.0,-0.7204791783257647,3.929013079667063,3.929013079667063
200.18701393207107,357.56684893823535,61.884347868672634,187.49988052497716,370.2930856190296,56.9730115430888,-0.69347657033171,0.0,-0.7204791783257647,3.929013079667063,3.929013079667063
186.89401121235002,346.12251867261784,59.23414660056007,200.18701393207107,357.56684893823535,61.884347868672634,-0.69347657033171,0.0,-0.7204791783257647,3.929013079667063,3.929013079667063
200.18701393207107,357.56684893823535,61.884347868672634,213.48001665179208,369.01117920385286,64.53454913678522,-0.69347657033171,0.0,-0.7204791783257647,3.929013079667063,3.929013079667063
213.48001665179208,369.01117920385286,64.53454913678522,200.79288324469815,381.73741588464713,59.62321281120137,-0.69347657033171,0.0,-0.7204791783257647,3.929013079667063,3.929013079667063
200.79288324469815,381.73741588464713,59.62321281120137,188.10574983760426,394.4636525654414,54.71187648561755,-0.69347657033171,0.0,-0.7204791783257647,3.929013079667063,3.929013079667063
187.49988052497716,370.2930856190296,56.9730115430888,200.79288324469815,381.73741588464713,59.62321281120137,-0.69347657033171,0.0,-0.7204791783257647,3.929013079667063,3.929013079667063
200.79288324469815,381.73741588464713,59.62321281120137,214.0858859644192,393.18174615026464,62.27341407931396,-0.69347657033171,0.0,-0.7204791783257647,3.929013079667063,3.929013079667063
214.0858859644192,393.18174615026476,62.27341407931393,201.39875255732528,405.90798283105903,57.36207775373012,-0.69347657033171,0.0,-0.7204791783257647,3.929013079667063,3.929013079667063
201.39875255732528,405.90798283105903,57.36207775373012,188.7116191502314,418.6342195118533,52.45074142814627,-0.69347657033171,0.0,-0.7204791783257647,3.929013079667063,3.929013079667063
188.10574983760426,394.4636525654415,54.71187648561752,201.39875255732528,405.90798283105903,57.36207775373012,-0.69347657033171,0.0,-0.7204791783257647,3.929013079667063,3.929013079667063
201.39875255732528,405.90798283105903,57.36207775373012,214.69175527704633,417.35231309667654,60.01227902184268,-0.69347657033171,0.0,-0.7204791783257647,3.929013079667063,3.929013079667063
214.69175527704633,417.35231309667654,60.01227902184268,202.00462186995242,430.0785497774709,55.10094269625884,-0.69347657033171,0.0,-0.7204791783257647,3.929013079667063,3.929013079667063
202.00462186995242,430.0785497774709,55.10094269625884,189.31748846285853,442.8047864582652,50.18960637067502,-0.69347657033171,0.0,-0.7204791783257647,3.929013079667063,3.929013079667063
188.7116191502314,418.6342195118533,52.45074142814627,202.00462186995242,430.0785497774709,55.10094269625884,-0.69347657033171,0.0,-0.7204791783257647,3.929013079667063,3.929013079667063
202.00462186995242,430.0785497774709,55.10094269625884,215.29762458967346,441.52288004308843,57.75114396437143,-0.69347657033171,0.0,-0.7204791783257647,3.929013079667063,3.929013079667063
215.29762458967346,441.52288004308855,57.7511439643714,202.61049118257955,454.2491167238827,52.83980763878759,-0.69347657033171,0.0,-0.7204791783257647,3.929013079667063,3.929013079667063
202.61049118257955,454.2491167238827,52.83980763878759,189.92335777548564,466.9753534046771,47.928471313203744,-0.69347657033171,0.0,-0.7204791783257647,3.929013079667063,3.929013079667063
189.31748846285853,442.8047864582653,50.189606370674994,202.61049118257955,454.2491167238827,52.83980763878759,-0.69347657033171,0.0,-0.7204791783257647,3.929013079667063,3.929013079667063
202.61049118257955,454.2491167238827,52.83980763878759,215.90349390230057,465.6934469895002,55.49000890690015,-0.69347657033171,0.0,-0.7204791783257647,3.929013079667063,3.929013079667063
215.90349390230057,465.6934469895002,55.49000890690015,203.2163604952067,478.4196836702946,50.57867258131631,-0.69347657033171,0.0,-0.7204791783257647,3.929013079667063,3.929013079667063
203.2163604952067,478.4196836702946,50.57867258131631,190.52922708811278,491.1459203510889,45.66733625573248,-0.69347657033171,0.0,-0.7204791783257647,3.929013079667063,3.929013079667063
189.92335777548564,466.9753534046771,47.928471313203744,203.2163604952067,478.4196836702946,50.57867258131631,-0.69347657033171,0.0,-0.7204791783257647,3.929013079667063,3.929013079667063
203.2163604952067,478.4196836702946,50.57867258131631,216.5093632149277,489.864013935912,53.228873849428886,-0.69347657033171,0.0,-0.7204791783257647,3.929013079667063,3.929013079667063
216.5093632149277,489.864013935912,53.228873849428886,203.82222980783382,502.5902506167065,48.317537523845054,-0.69347657033171,0.0,-0.7204791783257647,3.929013079667063,3.929013079667063
203.82222980783382,502.5902506167065,48.317537523845054,191.13509640073988,515.3164872975008,43.40620119826123,-0.69347657033171,0.0,-0.7204791783257647,3.929013079667063,3.929013079667063
190.52922708811278,491.1459203510889,45.66733625573248,203.82222980783382,502.5902506167065,48.317537523845054,-0.69347657033171,0.0,-0.7204791783257647,3.929013079667063,3.929013079667063
203.82222980783382,502.5902506167065,48.317537523845054,217.1152325275548,514.0345808823239,50.96773879195763,-0.69347657033171,0.0,-0.7204791783257647,3.929013079667063,3.929013079667063
217.1152325275548,514.034580882324,50.967738791957615,204.4280991204609,526.7608175631183,46.05640246637379,-0.69347657033171,0.0,-0.7204791783257647,3.929013079667063,3.929013079667063
204.4280991204609,526.7608175631183,46.05640246637379,191.74096571336702,539.4870542439127,41.14506614078995,-0.69347657033171,0.0,-0.7204791783257647,3.929013079667063,3.929013079667063
191.13509640073988,515.3164872975009,43.406201198261215,204.4280991204609,526.7608175631183,46.05640246637379,-0.69347657033171,0.0,-0.7204791783257647,3.929013079667063,3.929013079667063
204.4280991204609,526.7608175631183,46.05640246637379,217.72110184018194,538.2051478287358,48.70660373448636,-0.69347657033171,0.0,-0.7204791783257647,3.929013079667063,3.929013079667063
217.72110184018194,538.2051478287358,48.70660373448636,205.03396843308803,550.9313845095302,43.79526740890252,-0.69347657033171,0.0,-0.7204791783257647,3.929013079667063,3.929013079667063
205.03396843308803,550.9313845095302,43.79526740890252,192.34683502599415,563.6576211903244,38.883931083318686,-0.69347657033171,0.0,-0.7204791783257647,3.929013079667063,3.929013079667063
191.74096571336702,539.4870542439127,41.14506614078995,205.03396843308803,550.9313845095302,43.79526740890252,-0.69347657033171,0.0,-0.7204791783257647,3.929013079667063,3.929013079667063
205.03396843308803,550.9313845095302,43.79526740890252,218.32697115280908,562.3757147751476,46.44546867701509,-0.69347657033171,0.0,-0.7204791783257647,3.929013079667063,3.929013079667063
218.32697115280908,562.3757147751476,46.44546867701509,205.63983774571517,575.1019514559421,41.53413235143126,-0.69347657033171,0.0,-0.7204791783257647,3.929013079667063,3.929013079667063
205.63983774571517,575.1019514559421,41.53413235143126,192.95270433862126,587.8281881367363,36.62279602584742,-0.69347657033171,0.0,-0.7204791783257647,3.929013079667063,3.929013079667063
192.34683502599415,563.6576211903244,38.883931083318686,205.63983774571517,575.1019514559421,41.53413235143126,-0.69347657033171,0.0,-0.7204791783257647,3.929013079667063,3.929013079667063
205.63983774571517,575.1019514559421,41.53413235143126,218.9328404654362,586.5462817215595,44.18433361954383,-0.69347657033171,0.0,-0.7204791783257647,3.929013079667063,3.929013079667063
218.9328404654362,586.5462817215594,44.184333619543835,206.2457070583423,599.2725184023539,39.27299729396,-0.69347657033171,0.0,-0.7204791783257647,3.929013079667063,3.929013079667063
206.2457070583423,599.2725184023539,39.27299729396,193.5585736512484,611.9987550831482,34.36166096837616,-0.69347657033171,0.0,-0.7204791783257647,3.929013079667063,3.929013079667063
192.95270433862126,587.8281881367362,36.622796025847435,206.2457070583423,599.2725184023539,39.27299729396,-0.69347657033171,0.0,-0.7204791783257647,3.929013079667063,3.929013079667063
206.2457070583423,599.2725184023539,39.27299729396,219.53870977806332,610.7168486679714,41.923198562072564,-0.69347657033171,0.0,-0.7204791783257647,3.929013079667063,3.929013079667063
219.53870977806332,610.7168486679714,41.923198562072564,206.85157637096944,623.4430853487657,37.01186223648873,-0.69347657033171,0.0,-0.7204791783257647,3.929013079667063,3.929013079667063
206.85157637096944,623.4430853487657,37.01186223648873,194.16444296387553,636.1693220295601,32.10052591090489,-0.69347657033171,0.0,-0.7204791783257647,3.929013079667063,3.929013079667063
193.5585736512484,611.9987550831482,34.36166096837616,206.85157637096944,623.4430853487657,37.01186223648873,-0.69347657033171,0.0,-0.7204791783257647,3.929013079667063,3.929013079667063
206.85157637096944,623.4430853487657,37.01186223648873,220.14457909069046,634.8874156143833,39.66206350460129,-0.69347657033171,0.0,-0.7204791783257647,3.929013079667063,3.929013079667063
220.14457909069046,634.8874156143831,39.662063504601306,207.45744568359657,647.6136522951775,34.75072717901747,-0.69347657033171,0.0,-0.7204791783257647,3.929013079667063,3.929013079667063
207.45744568359657,647.6136522951775,34.75072717901747,194.77031227650264,660.3398889759719,29.83939085343363,-0.69347657033171,0.0,-0.7204791783257647,3.929013079667063,3.929013079667063
194.16444296387553,636.16932202956,32.100525910904906,207.45744568359657,647.6136522951775,34.75072717901747,-0.69347657033171,0.0,-0.7204791783257647,3.929013079667063,3.929013079667063
207.45744568359657,647.6136522951775,34.75072717901747,220.75044840331756,659.057982560795,37.400928447130035,-0.69347657033171,0.0,-0.7204791783257647,3.929013079667063,3.929013079667063
220.75044840331756,659.057982560795,37.400928447130035,208.06331499622365,671.7842192415895,32.489592121546195,-0.69347657033171,0.0,-0.7204791783257647,3.929013079667063,3.929013079667063
208.06331499622365,671.7842192415895,32.489592121546195,195.37618158912977,684.5104559223838,27.578255795962352,-0.69347657033171,0.0,-0.7204791783257647,3.929013079667063,3.929013079667063
194.77031227650264,660.3398889759719,29.83939085343363,208.06331499622365,671.7842192415895,32.489592121546195,-0.69347657033171,0.0,-0.7204791783257647,3.929013079667063,3.929013079667063
208.06331499622365,671.7842192415895,32.489592121546195,221.3563177159447,683.2285495072069,35.139793389658756,-0.69347657033171,0.0,-0.7204791783257647,3.929013079667063,3.929013079667063
221.3563177159447,683.2285495072068,35.13979338965877,208.6691843088508,695.9547861880013,30.22845706407493,-0.69347657033171,0.0,-0.7204791783257647,3.929013079667063,3.929013079667063
208.6691843088508,695.9547861880013,30.22845706407493,195.9820509017569,708.6810228687957,25.317120738491102,-0.69347657033171,0.0,-0.7204791783257647,3.929013079667063,3.929013079667063
195.37618158912977,684.5104559223837,27.578255795962367,208.6691843088508,695.9547861880013,30.22845706407493,-0.69347657033171,0.0,-0.7204791783257647,3.929013079667063,3.929013079667063
208.6691843088508,695.9547861880013,30.22845706407493,221.96218702857183,707.3991164536188,32.878658332187506,-0.69347657033171,0.0,-0.7204791783257647,3.929013079667063,3.929013079667063
221.96218702857183,707.3991164536187,32.87865833218752,209.27505362147792,720.1253531344131,27.96732200660368,-0.69347657033171,0.0,-0.7204791783257647,3.929013079667063,3.929013079667063
209.27505362147792,720.1253531344131,27.96732200660368,196.587920214384,732.8515898152075,23.055985681019838,-0.69347657033171,0.0,-0.7204791783257647,3.929013079667063,3.929013079667063
195.9820509017569,708.6810228687956,25.317120738491116,209.27505362147792,720.1253531344131,27.96732200660368,-0.69347657033171,0.0,-0.7204791783257647,3.929013079667063,3.929013079667063
209.27505362147792,720.1253531344131,27.96732200660368,222.56805634119894,731.5696834000306,30.61752327471624,-0.69347657033171,0.0,-0.7204791783257647,3.929013079667063,3.929013079667063
222.56805634119894,731.5696834000306,30.61752327471624,209.88092293410506,744.295920080825,25.7061869491324,-0.69347657033171,0.0,-0.7204791783257647,3.929013079667063,3.929013079667063
209.88092293410506,744.295920080825,25.7061869491324,197.19378952701115,757.0221567616194,20.794850623548573,-0.69347657033171,0.0,-0.7204791783257647,3.929013079667063,3.929013079667063
196.587920214384,732.8515898152075,23.055985681019838,209.88092293410506,744.295920080825,25.7061869491324,-0.69347657033171,0.0,-0.7204791783257647,3.929013079667063,3.929013079667063
209.88092293410506,744.295920080825,25.7061869491324,223.17392565382607,755.7402503464425,28.356388217244977,-0.69347657033171,0.0,-0.7204791783257647,3.929013079667063,3.929013079667063
223.17392565382607,755.7402503464424,28.356388217244977,210.4867922467322,768.4664870272369,23.44505189166115,-0.69347657033171,0.0,-0.7204791783257647,3.929013079667063,3.929013079667063
210.4867922467322,768.4664870272369,23.44505189166115,197.79965883963828,781.1927237080312,18.53371556607731,-0.69347657033171,0.0,-0.7204791783257647,3.929013079667063,3.929013079667063
197.19378952701115,757.0221567616193,20.794850623548573,210.4867922467322,768.4664870272369,23.44505189166115,-0.69347657033171,0.0,-0.7204791783257647,3.929013079667063,3.929013079667063
210.4867922467322,768.4664870272369,23.44505189166115,223.7797949664532,779.9108172928543,26.095253159773712,-0.69347657033171,0.0,-0.7204791783257647,3.929013079667063,3.929013079667063
223.7797949664532,779.9108172928543,26.095253159773712,211.09266155935927,792.6370539736488,21.183916834189873,-0.69347657033171,0.0,-0.7204791783257647,3.929013079667063,3.929013079667063
211.09266155935927,792.6370539736488,21.183916834189873,198.4055281522654,805.3632906544432,16.27258050860603,-0.69347657033171,0.0,-0.7204791783257647,3.929013079667063,3.929013079667063
197.79965883963828,781.1927237080312,18.53371556607731,211.09266155935927,792.6370539736488,21.183916834189873,-0.69347657033171,0.0,-0.7204791783257647,3.929013079667063,3.929013079667063
211.09266155935927,792.6370539736488,21.183916834189873,224.38566427908032,804.0813842392663,23.834118102302433,-0.69347657033171,0.0,-0.7204791783257647,3.929013079667063,3.929013079667063
224.38566427908032,804.0813842392662,23.834118102302448,211.6985308719864,816.8076209200606,18.922781776718608,-0.69347657033171,0.0,-0.7204791783257647,3.929013079667063,3.929013079667063
211.6985308719864,816.8076209200606,18.922781776718608,199.01139746489253,829.533857600855,14.01144545113478,-0.69347657033171,0.0,-0.7204791783257647,3.929013079667063,3.929013079667063
198.4055281522654,805.3632906544431,16.272580508606044,211.6985308719864,816.8076209200606,18.922781776718608,-0.69347657033171,0.0,-0.7204791783257647,3.929013079667063,3.929013079667063
211.6985308719864,816.8076209200606,18.922781776718608,224.99153359170745,828.2519511856781,21.572983044831183,-0.69347657033171,0.0,-0.7204791783257647,3.929013079667063,3.929013079667063
224.99153359170745,828.251951185678,21.572983044831183,212.30440018461354,840.9781878664724,16.661646719247358,-0.69347657033171,0.0,-0.7204791783257647,3.929013079667063,3.929013079667063
212.30440018461354,840.9781878664724,16.661646719247358,199.61726677751966,853.7044245472667,11.750310393663515,-0.69347657033171,0.0,-0.7204791783257647,3.929013079667063,3.929013079667063
199.01139746489253,829.5338576008548,14.01144545113478,212.30440018461354,840.9781878664724,16.661646719247358,-0.69347657033171,0.0,-0.7204791783257647,3.929013079667063,3.929013079667063
212.30440018461354,840.9781878664724,16.661646719247358,225.5974029043346,852.4225181320899,19.31184798735992,-0.69347657033171,0.0,-0.7204791783257647,3.929013079667063,3.929013079667063
225.5974029043346,852.4225181320899,19.31184798735992,212.91026949724068,865.1487548128844,14.400511661776077,-0.69347657033171,0.0,-0.7204791783257647,3.929013079667063,3.929013079667063
212.91026949724068,865.1487548128844,14.400511661776077,200.22313609014677,877.8749914936786,9.48917533619225,-0.69347657033171,0.0,-0.7204791783257647,3.929013079667063,3.929013079667063
199.61726677751966,853.7044245472667,11.750310393663515,212.91026949724068,865.1487548128844,14.400511661776077,-0.69347657033171,0.0,-0.7204791783257647,3.929013079667063,3.929013079667063
212.91026949724068,865.1487548128844,14.400511661776077,226.2032722169617,876.5930850785018,17.050712929888654,-0.69347657033171,0.0,-0.7204791783257647,3.929013079667063,3.929013079667063
226.2032722169617,876.5930850785016,17.050712929888654,213.5161388098678,889.3193217592961,12.139376604304827,-0.69347657033171,0.0,-0.7204791783257647,3.929013079667063,3.929013079667063
213.5161388098678,889.3193217592961,12.139376604304827,200.8290054027739,902.0455584400905,7.228040278720986,-0.69347657033171,0.0,-0.7204791783257647,3.929013079667063,3.929013079667063
200.22313609014677,877.8749914936785,9.48917533619225,213.5161388098678,889.3193217592961,12.139376604304827,-0.69347657033171,0.0,-0.7204791783257647,3.929013079667063,3.929013079667063
213.5161388098678,889.3193217592961,12.139376604304827,226.80914152958883,900.7636520249137,14.78957787241739,-0.69347657033171,0.0,-0.7204791783257647,3.929013079667063,3.929013079667063
226.80914152958883,900.7636520249137,14.78957787241739,214.12200812249495,913.489888705708,9.878241546833548,-0.69347657033171,0.0,-0.7204791783257647,3.929013079667063,3.929013079667063
214.12200812249495,913.489888705708,9.878241546833548,201.434874715401,926.2161253865024,4.966905221249707,-0.69347657033171,0.0,-0.7204791783257647,3.929013079667063,3.929013079667063
200.8290054027739,902.0455584400905,7.228040278720986,214.12200812249495,913.489888705708,9.878241546833548,-0.69347657033171,0.0,-0.7204791783257647,3.929013079667063,3.929013079667063
214.12200812249495,913.489888705708,9.878241546833548,227.41501084221593,924.9342189713255,12.52844281494611,-0.69347657033171,0.0,-0.7204791783257647,3.929013079667063,3.929013079667063
227.41501084221593,924.9342189713254,12.528442814946125,214.72787743512202,937.6604556521198,7.617106489362284,-0.69347657033171,0.0,-0.7204791783257647,3.929013079667063,3.929013079667063
214.72787743512202,937.6604556521198,7.617106489362284,202.04074402802814,950.3866923329142,2.705770163778457,-0.69347657033171,0.0,-0.7204791783257647,3.929013079667063,3.929013079667063
201.434874715401,926.2161253865023,4.966905221249721,214.72787743512202,937.6604556521198,7.617106489362284,-0.69347657033171,0.0,-0.7204791783257647,3.929013079667063,3.929013079667063
214.72787743512202,937.6604556521198,7.617106489362284,228.02088015484307,949.1047859177373,10.26730775747486,-0.69347657033171,0.0,-0.7204791783257647,3.929013079667063,3.929013079667063
228.02088015484307,949.1047859177372,10.26730775747486,215.33374674774916,961.8310225985317,5.355971431891033,-0.69347657033171,0.0,-0.7204791783257647,3.929013079667063,3.929013079667063
215.33374674774916,961.8310225985317,5.355971431891033,202.64661334065528,974.557259279326,0.4446351063071923,-0.69347657033171,0.0,-0.7204791783257647,3.929013079667063,3.929013079667063
202.04074402802814,950.3866923329141,2.705770163778457,215.33374674774916,961.8310225985317,5.355971431891033,-0.69347657033171,0.0,-0.7204791783257647,3.929013079667063,3.929013079667063
215.33374674774916,961.8310225985317,5.355971431891033,228.6267494674702,973.2753528641491,8.006172700003596,-0.69347657033171,0.0,-0.7204791783257647,3.929013079667063,3.929013079667063
228.6267494674702,973.2753528641491,8.006172700003596,215.9396160603763,986.0015895449436,3.0948363744197547,-0.69347657033171,0.0,-0.7204791783257647,3.929013079667063,3.929013079667063
215.9396160603763,986.0015895449436,3.0948363744197547,203.2524826532824,998.7278262257379,-1.8164999511640723,-0.69347657033171,0.0,-0.7204791783257647,3.929013079667063,3.929013079667063
202.64661334065528,974.557259279326,0.4446351063071923,215.9396160603763,986.0015895449436,3.0948363744197547,-0.69347657033171,0.0,-0.7204791783257647,3.929013079667063,3.929013079667063
215.9396160603763,986.0015895449436,3.0948363744197547,229.23261878009734,997.4459198105611,5.745037642532331,-0.69347657033171,0.0,-0.7204791783257647,3.929013079667063,3.929013079667063
229.2326187800973,997.4459198105611,5.745037642532331,216.54548537300343,1010.1721564913554,0.8337013169485044,-0.69347657033171,0.0,-0.7204791783257647,3.929013079667063,3.929013079667063
216.54548537300343,1010.1721564913554,0.8337013169485044,203.85835196590952,1022.8983931721497,-4.077635008635323,-0.69347657033171,0.0,-0.7204791783257647,3.929013079667063,3.929013079667063
203.25248265328239,998.7278262257379,-1.8164999511640723,216.54548537300343,1010.1721564913554,0.8337013169485044,-0.69347657033171,0.0,-0.7204791783257647,3.929013079667063,3.929013079667063
216.54548537300343,1010.1721564913554,0.8337013169485044,229.83848809272445,1021.6164867569729,3.483902585061081,-0.69347657033171,0.0,-0.7204791783257647,3.929013079667063,3.929013079667063
229.83848809272445,1021.6164867569729,3.483902585061081,217.15135468563057,1034.3427234377673,-1.4274337405227602,-0.69347657033171,0.0,-0.7204791783257647,3.929013079667063,3.929013079667063
217.15135468563057,1034.3427234377673,-1.4274337405227602,204.46422127853666,1047.0689601185616,-6.338770066106601,-0.69347657033171,0.0,-0.7204791783257647,3.929013079667063,3.929013079667063
203.85835196590952,1022.8983931721497,-4.077635008635323,217.15135468563057,1034.3427234377673,-1.4274337405227602,-0.69347657033171,0.0,-0.7204791783257647,3.929013079667063,3.929013079667063
217.15135468563057,1034.3427234377673,-1.4274337405227602,230.44435740535158,1045.7870537033848,1.2227675275898022,-0.69347657033171,0.0,-0.7204791783257647,3.929013079667063,3.929013079667063
230.44435740535158,1045.7870537033848,1.2227675275898022,217.7572239982577,1058.513290384179,-3.688568797994039,-0.69347657033171,0.0,-0.7204791783257647,3.929013079667063,3.929013079667063
217.7572239982577,1058.513290384179,-3.688568797994039,205.07009059116376,1071.2395270649733,-8.599905123577852,-0.69347657033171,0.0,-0.7204791783257647,3.929013079667063,3.929013079667063
204.46422127853666,1047.0689601185616,-6.338770066106601,217.7572239982577,1058.513290384179,-3.688568797994039,-0.69347657033171,0.0,-0.7204791783257647,3.929013079667063,3.929013079667063
217.7572239982577,1058.513290384179,-3.688568797994039,231.0502267179787,1069.9576206497966,-1.038367529881448,-0.69347657033171,0.0,-0.7204791783257647,3.929013079667063,3.929013079667063
231.0502267179787,1069.9576206497966,-1.038367529881448,218.36309331088478,1082.6838573305909,-5.949703855465289,-0.69347657033171,0.0,-0.7204791783257647,3.929013079667063,3.929013079667063
218.36309331088478,1082.6838573305909,-5.949703855465289,205.6759599037909,1095.4100940113851,-10.861040181049116,-0.69347657033171,0.0,-0.7204791783257647,3.929013079667063,3.929013079667063
205.07009059116376,1071.2395270649733,-8.599905123577852,218.36309331088478,1082.6838573305909,-5.949703855465289,-0.69347657033171,0.0,-0.7204791783257647,3.929013079667063,3.929013079667063
218.36309331088478,1082.6838573305909,-5.949703855465289,231.65609603060582,1094.1281875962084,-3.2995025873527126,-0.69347657033171,0.0,-0.7204791783257647,3.929013079667063,3.929013079667063
231.65609603060582,1094.1281875962084,-3.2995025873527126,218.9689626235119,1106.8544242770029,-8.210838912936554,-0.69347657033171,0.0,-0.7204791783257647,3.929013079667063,3.929013079667063
218.9689626235119,1106.8544242770029,-8.210838912936554,206.28182921641803,1119.5806609577971,-13.122175238520395,-0.69347657033171,0.0,-0.7204791783257647,3.929013079667063,3.929013079667063
205.6759599037909,1095.4100940113851,-10.861040181049116,218.9689626235119,1106.8544242770029,-8.210838912936554,-0.69347657033171,0.0,-0.7204791783257647,3.929013079667063,3.929013079667063
218.9689626235119,1106.8544242770029,-8.210838912936554,232.26196534323296,1118.2987545426204,-5.560637644823991,-0.69347657033171,0.0,-0.7204791783257647,3.929013079667063,3.929013079667063
232.26196534323296,1118.2987545426204,-5.560637644823991,219.57483193613905,1131.0249912234146,-10.471973970407818,-0.69347657033171,0.0,-0.7204791783257647,3.929013079667063,3.929013079667063
219.57483193613905,1131.0249912234146,-10.471973970407818,206.88769852904514,1143.7512279042091,-15.38331029599166,-0.69347657033171,0.0,-0.7204791783257647,3.929013079667063,3.929013079667063
206.28182921641803,1119.5806609577971,-13.122175238520395,219.57483193613905,1131.0249912234146,-10.471973970407818,-0.69347657033171,0.0,-0.7204791783257647,3.929013079667063,3.929013079667063
219.57483193613905,1131.0249912234146,-10.471973970407818,232.86783465586007,1142.4693214890324,-7.821772702295256,-0.69347657033171,0.0,-0.7204791783257647,3.929013079667063,3.929013079667063
198.556261859417,31.905148369263642,122.47066661783072,202.07998872352823,43.349478634881166,108.19998575087119,0.69347657033171,0.0,-0.7204791783257647,3.929013079667063,3.929013079667063
202.07998872352823,43.349478634881166,108.19998575087119,205.60371558763944,54.793808900498675,93.92930488391166,0.69347657033171,0.0,-0.7204791783257647,3.929013079667063,3.929013079667063
204.9978462750123,30.623241954086822,96.19043994138292,202.07998872352823,43.349478634881166,108.19998575087119,0.69347657033171,0.0,-0.7204791783257647,3.929013079667063,3.929013079667063
202.07998872352823,43.349478634881166,108.19998575087119,199.16213117204413,56.075715315675495,120.20953156035945,0.69347657033171,0.0,-0.7204791783257647,3.929013079667063,3.929013079667063
199.16213117204413,56.075715315675495,120.20953156035945,202.68585803615537,67.52004558129302,105.93885069339993,0.69347657033171,0.0,-0.7204791783257647,3.929013079667063,3.929013079667063
202.68585803615537,67.52004558129302,105.93885069339993,206.20958490026658,78.96437584691054,91.66816982644039,0.69347657033171,0.0,-0.7204791783257647,3.929013079667063,3.929013079667063
205.60371558763944,54.793808900498675,93.92930488391166,202.68585803615537,67.52004558129302,105.93885069339993,0.69347657033171,0.0,-0.7204791783257647,3.929013079667063,3.929013079667063
202.68585803615537,67.52004558129302,105.93885069339993,199.76800048467126,80.24628226208736,117.94839650288819,0.69347657033171,0.0,-0.7204791783257647,3.929013079667063,3.929013079667063
199.76800048467126,80.24628226208736,117.94839650288819,203.2917273487825,91.69061252770487,103.67771563592866,0.69347657033171,0.0,-0.7204791783257647,3.929013079667063,3.929013079667063
203.2917273487825,91.69061252770487,103.67771563592866,206.81545421289368,103.13494279332238,89.40703476896913,0.69347657033171,0.0,-0.7204791783257647,3.929013079667063,3.929013079667063
206.20958490026658,78.96437584691054,91.66816982644039,203.2917273487825,91.69061252770487,103.67771563592866,0.69347657033171,0.0,-0.7204791783257647,3.929013079667063,3.929013079667063
203.2917273487825,91.69061252770487,103.67771563592866,200.37386979729837,104.4168492084992,115.68726144541692,0.69347657033171,0.0,-0.7204791783257647,3.929013079667063,3.929013079667063
200.37386979729837,104.4168492084992,115.68726144541692,203.8975966614096,115.86117947411674,101.4165805784574,0.69347657033171,0.0,-0.7204791783257647,3.929013079667063,3.929013079667063
203.8975966614096,115.86117947411674,101.4165805784574,207.42132352552082,127.30550973973425,87.14589971149786,0.69347657033171,0.0,-0.7204791783257647,3.929013079667063,3.929013079667063
206.81545421289368,103.13494279332238,89.40703476896913,203.8975966614096,115.86117947411674,101.4165805784574,0.69347657033171,0.0,-0.7204791783257647,3.929013079667063,3.929013079667063
203.8975966614096,115.86117947411674,101.4165805784574,200.9797391099255,128.58741615491107,113.42612638794566,0.69347657033171,0.0,-0.7204791783257647,3.929013079667063,3.929013079667063
200.9797391099255,128.58741615491107,113.42612638794566,204.50346597403674,140.03174642052858,99.15544552098613,0.69347657033171,0.0,-0.7204791783257647,3.929013079667063,3.929013079667063
204.50346597403674,140.03174642052858,99.15544552098613,208.02719283814795,151.47607668614611,84.8847646540266,0.69347657033171,0.0,-0.7204791783257647,3.929013079667063,3.929013079667063
207.42132352552082,127.30550973973425,87.14589971149786,204.50346597403674,140.03174642052858,99.15544552098613,0.69347657033171,0.0,-0.7204791783257647,3.929013079667063,3.929013079667063
204.50346597403674,140.03174642052858,99.15544552098613,201.58560842255264,152.75798310132294,111.1649913304744,0.69347657033171,0.0,-0.7204791783257647,3.929013079667063,3.929013079667063
201.58560842255264,152.7579831013229,111.1649913304744,205.10933528666388,164.20231336694044,96.89431046351487,0.69347657033171,0.0,-0.7204791783257647,3.929013079667063,3.929013079667063
205.10933528666388,164.20231336694044,96.89431046351487,208.63306215077506,175.64664363255795,82.62362959655533,0.69347657033171,0.0,-0.7204791783257647,3.929013079667063,3.929013079667063
208.02719283814795,151.4760766861461,84.8847646540266,205.10933528666388,164.20231336694044,96.89431046351487,0.69347657033171,0.0,-0.7204791783257647,3.929013079667063,3.929013079667063
205.10933528666388,164.20231336694044,96.89431046351487,202.19147773517975,176.92855004773477,108.90385627300313,0.69347657033171,0.0,-0.7204791783257647,3.929013079667063,3.929013079667063
202.19147773517975,176.92855004773477,108.90385627300313,205.71520459929098,188.3728803133523,94.6331754060436,0.69347657033171,0.0,-0.7204791783257647,3.929013079667063,3.929013079667063
205.71520459929098,188.3728803133523,94.6331754060436,209.2389314634022,199.81721057896982,80.36249453908407,0.69347657033171,0.0,-0.7204791783257647,3.929013079667063,3.929013079667063
208.63306215077506,175.64664363255795,82.62362959655533,205.71520459929098,188.3728803133523,94.6331754060436,0.69347657033171,0.0,-0.7204791783257647,3.929013079667063,3.929013079667063
205.71520459929098,188.3728803133523,94.6331754060436,202.79734704780688,201.09911699414664,106.64272121553186,0.69347657033171,0.0,-0.7204791783257647,3.929013079667063,3.929013079667063
202.79734704780688,201.0991169941466,106.64272121553186,206.32107391191812,212.54344725976412,92.37204034857234,0.69347657033171,0.0,-0.7204791783257647,3.929013079667063,3.929013079667063
206.32107391191812,212.54344725976412,92.37204034857234,209.84480077602933,223.9877775253817,78.1013594816128,0.69347657033171,0.0,-0.7204791783257647,3.929013079667063,3.929013079667063
209.2389314634022,199.8172105789698,80.36249453908407,206.32107391191812,212.54344725976412,92.37204034857234,0.69347657033171,0.0,-0.7204791783257647,3.929013079667063,3.929013079667063
206.32107391191812,212.54344725976412,92.37204034857234,203.40321636043402,225.2696839405585,104.3815861580606,0.69347657033171,0.0,-0.7204791783257647,3.929013079667063,3.929013079667063
203.40321636043402,225.2696839405585,104.3815861580606,206.92694322454525,236.71401420617596,90.11090529110108,0.69347657033171,0.0,-0.7204791783257647,3.929013079667063,3.929013079667063
206.92694322454525,236.71401420617596,90.11090529110108,210.45067008865644,248.15834447179358,75.84022442414154,0.69347657033171,0.0,-0.7204791783257647,3.929013079667063,3.929013079667063
209.84480077602933,223.9877775253817,78.1013594816128,206.92694322454525,236.71401420617596,90.11090529110108,0.69347657033171,0.0,-0.7204791783257647,3.929013079667063,3.929013079667063
206.92694322454525,236.71401420617596,90.11090529110108,204.00908567306112,249.4402508869704,102.12045110058934,0.69347657033171,0.0,-0.7204791783257647,3.929013079667063,3.929013079667063
204.00908567306112,249.4402508869704,102.12045110058934,207.53281253717236,260.8845811525879,87.84977023362981,0.69347657033171,0.0,-0.7204791783257647,3.929013079667063,3.929013079667063
207.53281253717236,260.8845811525879,87.84977023362981,211.05653940128357,272.3289114182055,73.57908936667027,0.69347657033171,0.0,-0.7204791783257647,3.929013079667063,3.929013079667063
210.45067008865644,248.15834447179358,75.84022442414154,207.53281253717236,260.8845811525879,87.84977023362981,0.69347657033171,0.0,-0.7204791783257647,3.929013079667063,3.929013079667063
207.53281253717236,260.8845811525879,87.84977023362981,204.61495498568826,273.61081783338227,99.85931604311807,0.69347657033171,0.0,-0.7204791783257647,3.929013079667063,3.929013079667063
204.61495498568826,273.61081783338216,99.85931604311807,208.1386818497995,285.05514809899967,85.58863517615855,0.69347657033171,0.0,-0.7204791783257647,3.929013079667063,3.929013079667063
208.1386818497995,285.05514809899967,85.58863517615855,211.6624087139107,296.4994783646173,71.31795430919901,0.69347657033171,0.0,-0.7204791783257647,3.929013079667063,3.929013079667063
211.05653940128357,272.3289114182054,73.57908936667027,208.1386818497995,285.05514809899967,85.58863517615855,0.69347657033171,0.0,-0.7204791783257647,3.929013079667063,3.929013079667063
208.1386818497995,285.05514809899967,85.58863517615855,205.2208242983154,297.78138477979405,97.5981809856468,0.69347657033171,0.0,-0.7204791783257647,3.929013079667063,3.929013079667063
205.2208242983154,297.78138477979405,97.5981809856468,208.7445511624266,309.2257150454117,83.32750011868727,0.69347657033171,0.0,-0.7204791783257647,3.929013079667063,3.929013079667063
208.7445511624266,309.2257150454117,83.32750011868727,212.2682780265378,320.67004531102907,69.05681925172775,0.69347657033171,0.0,-0.7204791783257647,3.929013079667063,3.929013079667063
211.6624087139107,296.4994783646173,71.31795430919901,208.7445511624266,309.2257150454117,83.32750011868727,0.69347657033171,0.0,-0.7204791783257647,3.929013079667063,3.929013079667063
208.7445511624266,309.2257150454117,83.32750011868727,205.8266936109425,321.95195172620583,95.33704592817554,0.69347657033171,0.0,-0.7204791783257647,3.929013079667063,3.929013079667063
205.8266936109425,321.95195172620595,95.33704592817554,209.35042047505374,333.39628199182346,81.066365061216,0.69347657033171,0.0,-0.7204791783257647,3.929013079667063,3.929013079667063
209.35042047505374,333.39628199182346,81.066365061216,212.87414733916495,344.8406122574411,66.79568419425648,0.69347657033171,0.0,-0.7204791783257647,3.929013079667063,3.929013079667063
212.2682780265378,320.6700453110292,69.05681925172775,209.35042047505374,333.39628199182346,81.066365061216,0.69347657033171,0.0,-0.7204791783257647,3.929013079667063,3.929013079667063
209.35042047505374,333.39628199182346,81.066365061216,206.43256292356963,346.12251867261784,93.07591087070428,0.69347657033171,0.0,-0.7204791783257647,3.929013079667063,3.929013079667063
206.43256292356963,346.12251867261784,93.07591087070428,209.95628978768087,357.56684893823535,78.80523000374474,0.69347657033171,0.0,-0.7204791783257647,3.929013079667063,3.929013079667063
209.95628978768087,357.56684893823535,78.80523000374474,213.48001665179208,369.01117920385286,64.53454913678522,0.69347657033171,0.0,-0.7204791783257647,3.929013079667063,3.929013079667063
212.87414733916495,344.8406122574411,66.79568419425648,209.95628978768087,357.56684893823535,78.80523000374474,0.69347657033171,0.0,-0.7204791783257647,3.929013079667063,3.929013079667063
209.95628978768087,357.56684893823535,78.80523000374474,207.03843223619677,370.2930856190296,90.81477581323301,0.69347657033171,0.0,-0.7204791783257647,3.929013079667063,3.929013079667063
207.03843223619677,370.2930856190296,90.81477581323301,210.56215910030798,381.73741588464713,76.54409494627347,0.69347657033171,0.0,-0.7204791783257647,3.929013079667063,3.929013079667063
210.56215910030798,381.73741588464713,76.54409494627347,214.0858859644192,393.18174615026464,62.273414079313966,0.69347657033171,0.0,-0.7204791783257647,3.929013079667063,3.929013079667063
213.48001665179208,369.01117920385286,64.53454913678522,210.56215910030798,381.73741588464713,76.54409494627347,0.69347657033171,0.0,-0.7204791783257647,3.929013079667063,3.929013079667063
210.56215910030798,381.73741588464713,76.54409494627347,207.64430154882388,394.4636525654414,88.55364075576176,0.69347657033171,0.0,-0.7204791783257647,3.929013079667063,3.929013079667063
207.64430154882388,394.4636525654415,88.55364075576173,211.16802841293512,405.90798283105903,74.28295988880222,0.69347657033171,0.0,-0.7204791783257647,3.929013079667063,3.929013079667063
211.16802841293512,405.90798283105903,74.28295988880222,214.69175527704633,417.35231309667654,60.01227902184269,0.69347657033171,0.0,-0.7204791783257647,3.929013079667063,3.929013079667063
214.0858859644192,393.18174615026476,62.27341407931394,211.16802841293512,405.90798283105903,74.28295988880222,0.69347657033171,0.0,-0.7204791783257647,3.929013079667063,3.929013079667063
211.16802841293512,405.90798283105903,74.28295988880222,208.250170861451,418.6342195118533,86.29250569829048,0.69347657033171,0.0,-0.7204791783257647,3.929013079667063,3.929013079667063
208.250170861451,418.6342195118533,86.29250569829048,211.77389772556225,430.0785497774709,72.02182483133095,0.69347657033171,0.0,-0.7204791783257647,3.929013079667063,3.929013079667063
211.77389772556225,430.0785497774709,72.02182483133095,215.29762458967346,441.52288004308843,57.75114396437144,0.69347657033171,0.0,-0.7204791783257647,3.929013079667063,3.929013079667063
214.69175527704633,417.35231309667654,60.01227902184269,211.77389772556225,430.0785497774709,72.02182483133095,0.69347657033171,0.0,-0.7204791783257647,3.929013079667063,3.929013079667063
211.77389772556225,430.0785497774709,72.02182483133095,208.85604017407815,442.8047864582652,84.03137064081923,0.69347657033171,0.0,-0.7204791783257647,3.929013079667063,3.929013079667063
208.85604017407815,442.8047864582653,84.0313706408192,212.37976703818936,454.2491167238827,69.7606897738597,0.69347657033171,0.0,-0.7204791783257647,3.929013079667063,3.929013079667063
212.37976703818936,454.2491167238827,69.7606897738597,215.90349390230057,465.6934469895002,55.49000890690016,0.69347657033171,0.0,-0.7204791783257647,3.929013079667063,3.929013079667063
215.29762458967346,441.52288004308855,57.75114396437141,212.37976703818936,454.2491167238827,69.7606897738597,0.69347657033171,0.0,-0.7204791783257647,3.929013079667063,3.929013079667063
212.37976703818936,454.2491167238827,69.7606897738597,209.46190948670525,466.9753534046771,81.77023558334795,0.69347657033171,0.0,-0.7204791783257647,3.929013079667063,3.929013079667063
209.46190948670525,466.9753534046771,81.77023558334795,212.9856363508165,478.4196836702946,67.49955471638842,0.69347657033171,0.0,-0.7204791783257647,3.929013079667063,3.929013079667063
212.9856363508165,478.4196836702946,67.49955471638842,216.5093632149277,489.864013935912,53.22887384942889,0.69347657033171,0.0,-0.7204791783257647,3.929013079667063,3.929013079667063
215.90349390230057,465.6934469895002,55.49000890690016,212.9856363508165,478.4196836702946,67.49955471638842,0.69347657033171,0.0,-0.7204791783257647,3.929013079667063,3.929013079667063
212.9856363508165,478.4196836702946,67.49955471638842,210.0677787993324,491.1459203510889,79.50910052587669,0.69347657033171,0.0,-0.7204791783257647,3.929013079667063,3.929013079667063
210.0677787993324,491.1459203510889,79.50910052587669,213.59150566344363,502.5902506167065,65.23841965891715,0.69347657033171,0.0,-0.7204791783257647,3.929013079667063,3.929013079667063
213.59150566344363,502.5902506167065,65.23841965891715,217.1152325275548,514.0345808823239,50.967738791957636,0.69347657033171,0.0,-0.7204791783257647,3.929013079667063,3.929013079667063
216.5093632149277,489.864013935912,53.22887384942889,213.59150566344363,502.5902506167065,65.23841965891715,0.69347657033171,0.0,-0.7204791783257647,3.929013079667063,3.929013079667063
213.59150566344363,502.5902506167065,65.23841965891715,210.6736481119595,515.3164872975008,77.24796546840543,0.69347657033171,0.0,-0.7204791783257647,3.929013079667063,3.929013079667063
210.6736481119595,515.3164872975009,77.24796546840541,214.19737497607073,526.7608175631183,62.977284601445895,0.69347657033171,0.0,-0.7204791783257647,3.929013079667063,3.929013079667063
214.19737497607073,526.7608175631183,62.977284601445895,217.72110184018194,538.2051478287358,48.706603734486364,0.69347657033171,0.0,-0.7204791783257647,3.929013079667063,3.929013079667063
217.1152325275548,514.034580882324,50.96773879195762,214.19737497607073,526.7608175631183,62.977284601445895,0.69347657033171,0.0,-0.7204791783257647,3.929013079667063,3.929013079667063
214.19737497607073,526.7608175631183,62.977284601445895,211.27951742458663,539.4870542439127,74.98683041093416,0.69347657033171,0.0,-0.7204791783257647,3.929013079667063,3.929013079667063
211.27951742458663,539.4870542439127,74.98683041093416,214.80324428869787,550.9313845095302,60.71614954397462,0.69347657033171,0.0,-0.7204791783257647,3.929013079667063,3.929013079667063
214.80324428869787,550.9313845095302,60.71614954397462,218.32697115280908,562.3757147751476,46.4454686770151,0.69347657033171,0.0,-0.7204791783257647,3.929013079667063,3.929013079667063
217.72110184018194,538.2051478287358,48.706603734486364,214.80324428869787,550.9313845095302,60.71614954397462,0.69347657033171,0.0,-0.7204791783257647,3.929013079667063,3.929013079667063
214.80324428869787,550.9313845095302,60.71614954397462,211.88538673721376,563.6576211903244,72.7256953534629,0.69347657033171,0.0,-0.7204791783257647,3.929013079667063,3.929013079667063
211.88538673721376,563.6576211903244,72.7256953534629,215.409113601325,575.1019514559421,58.455014486503366,0.69347657033171,0.0,-0.7204791783257647,3.929013079667063,3.929013079667063
215.409113601325,575.1019514559421,58.455014486503366,218.9328404654362,586.5462817215595,44.184333619543835,0.69347657033171,0.0,-0.7204791783257647,3.929013079667063,3.929013079667063
218.32697115280908,562.3757147751476,46.4454686770151,215.409113601325,575.1019514559421,58.455014486503366,0.69347657033171,0.0,-0.7204791783257647,3.929013079667063,3.929013079667063
215.409113601325,575.1019514559421,58.455014486503366,212.49125604984087,587.8281881367363,70.46456029599163,0.69347657033171,0.0,-0.7204791783257647,3.929013079667063,3.929013079667063
212.49125604984087,587.8281881367362,70.46456029599163,216.0149829139521,599.2725184023539,56.19387942903211,0.69347657033171,0.0,-0.7204791783257647,3.929013079667063,3.929013079667063
216.0149829139521,599.2725184023539,56.19387942903211,219.53870977806332,610.7168486679714,41.92319856207257,0.69347657033171,0.0,-0.7204791783257647,3.929013079667063,3.929013079667063
218.9328404654362,586.5462817215594,44.18433361954384,216.0149829139521,599.2725184023539,56.19387942903211,0.69347657033171,0.0,-0.7204791783257647,3.929013079667063,3.929013079667063
216.0149829139521,599.2725184023539,56.19387942903211,213.097125362468,611.9987550831482,68.20342523852037,0.69347657033171,0.0,-0.7204791783257647,3.929013079667063,3.929013079667063
213.097125362468,611.9987550831482,68.20342523852037,216.62085222657925,623.4430853487657,53.93274437156084,0.69347657033171,0.0,-0.7204791783257647,3.929013079667063,3.929013079667063
216.62085222657925,623.4430853487657,53.93274437156084,220.14457909069046,634.8874156143833,39.6620635046013,0.69347657033171,0.0,-0.7204791783257647,3.929013079667063,3.929013079667063
219.53870977806332,610.7168486679714,41.92319856207257,216.62085222657925,623.4430853487657,53.93274437156084,0.69347657033171,0.0,-0.7204791783257647,3.929013079667063,3.929013079667063
216.62085222657925,623.4430853487657,53.93274437156084,213.70299467509514,636.1693220295601,65.94229018104909,0.69347657033171,0.0,-0.7204791783257647,3.929013079667063,3.929013079667063
213.70299467509514,636.16932202956,65.9422901810491,217.22672153920638,647.6136522951775,51.67160931408957,0.69347657033171,0.0,-0.7204791783257647,3.929013079667063,3.929013079667063
217.22672153920638,647.6136522951775,51.67160931408957,220.75044840331756,659.057982560795,37.40092844713004,0.69347657033171,0.0,-0.7204791783257647,3.929013079667063,3.929013079667063
220.14457909069046,634.8874156143831,39.66206350460131,217.22672153920638,647.6136522951775,51.67160931408957,0.69347657033171,0.0,-0.7204791783257647,3.929013079667063,3.929013079667063
217.22672153920638,647.6136522951775,51.67160931408957,214.30886398772225,660.3398889759719,63.68115512357784,0.69347657033171,0.0,-0.7204791783257647,3.929013079667063,3.929013079667063
214.30886398772225,660.3398889759719,63.68115512357784,217.8325908518335,671.7842192415895,49.4104742566183,0.69347657033171,0.0,-0.7204791783257647,3.929013079667063,3.929013079667063
217.8325908518335,671.7842192415895,49.4104742566183,221.3563177159447,683.2285495072069,35.13979338965876,0.69347657033171,0.0,-0.7204791783257647,3.929013079667063,3.929013079667063
220.75044840331756,659.057982560795,37.40092844713004,217.8325908518335,671.7842192415895,49.4104742566183,0.69347657033171,0.0,-0.7204791783257647,3.929013079667063,3.929013079667063
217.8325908518335,671.7842192415895,49.4104742566183,214.91473330034938,684.5104559223838,61.42002006610656,0.69347657033171,0.0,-0.7204791783257647,3.929013079667063,3.929013079667063
214.91473330034938,684.5104559223837,61.420020066106574,218.43846016446062,695.9547861880013,47.149339199147036,0.69347657033171,0.0,-0.7204791783257647,3.929013079667063,3.929013079667063
218.43846016446062,695.9547861880013,47.149339199147036,221.96218702857183,707.3991164536188,32.87865833218751,0.69347657033171,0.0,-0.7204791783257647,3.929013079667063,3.929013079667063
221.3563177159447,683.2285495072068,35.13979338965878,218.43846016446062,695.9547861880013,47.149339199147036,0.69347657033171,0.0,-0.7204791783257647,3.929013079667063,3.929013079667063
218.43846016446062,695.9547861880013,47.149339199147036,215.52060261297652,708.6810228687957,59.15888500863531,0.69347657033171,0.0,-0.7204791783257647,3.929013079667063,3.929013079667063
215.52060261297652,708.6810228687956,59.15888500863532,219.04432947708773,720.1253531344131,44.888204141675786,0.69347657033171,0.0,-0.7204791783257647,3.929013079667063,3.929013079667063
219.04432947708773,720.1253531344131,44.888204141675786,222.56805634119894,731.5696834000306,30.61752327471625,0.69347657033171,0.0,-0.7204791783257647,3.929013079667063,3.929013079667063
221.96218702857183,707.3991164536187,32.87865833218753,219.04432947708773,720.1253531344131,44.888204141675786,0.69347657033171,0.0,-0.7204791783257647,3.929013079667063,3.929013079667063
219.04432947708773,720.1253531344131,44.888204141675786,216.12647192560362,732.8515898152075,56.897749951164045,0.69347657033171,0.0,-0.7204791783257647,3.929013079667063,3.929013079667063
216.12647192560362,732.8515898152075,56.897749951164045,219.65019878971486,744.295920080825,42.62706908420451,0.69347657033171,0.0,-0.7204791783257647,3.929013079667063,3.929013079667063
219.65019878971486,744.295920080825,42.62706908420451,223.17392565382607,755.7402503464425,28.356388217244984,0.69347657033171,0.0,-0.7204791783257647,3.929013079667063,3.929013079667063
222.56805634119894,731.5696834000306,30.61752327471625,219.65019878971486,744.295920080825,42.62706908420451,0.69347657033171,0.0,-0.7204791783257647,3.929013079667063,3.929013079667063
219.65019878971486,744.295920080825,42.62706908420451,216.73234123823076,757.0221567616194,54.63661489369278,0.69347657033171,0.0,-0.7204791783257647,3.929013079667063,3.929013079667063
216.73234123823076,757.0221567616193,54.63661489369278,220.256068102342,768.4664870272369,40.36593402673326,0.69347657033171,0.0,-0.7204791783257647,3.929013079667063,3.929013079667063
220.256068102342,768.4664870272369,40.36593402673326,223.7797949664532,779.9108172928543,26.09525315977372,0.69347657033171,0.0,-0.7204791783257647,3.929013079667063,3.929013079667063
223.17392565382607,755.7402503464424,28.356388217244984,220.256068102342,768.4664870272369,40.36593402673326,0.69347657033171,0.0,-0.7204791783257647,3.929013079667063,3.929013079667063
220.256068102342,768.4664870272369,40.36593402673326,217.3382105508579,781.1927237080312,52.375479836221515,0.69347657033171,0.0,-0.7204791783257647,3.929013079667063,3.929013079667063
217.3382105508579,781.1927237080312,52.375479836221515,220.8619374149691,792.6370539736488,38.10479896926198,0.69347657033171,0.0,-0.7204791783257647,3.929013079667063,3.929013079667063
220.8619374149691,792.6370539736488,38.10479896926198,224.38566427908032,804.0813842392663,23.83411810230244,0.69347657033171,0.0,-0.7204791783257647,3.929013079667063,3.929013079667063
223.7797949664532,779.9108172928543,26.09525315977372,220.8619374149691,792.6370539736488,38.10479896926198,0.69347657033171,0.0,-0.7204791783257647,3.929013079667063,3.929013079667063
220.8619374149691,792.6370539736488,38.10479896926198,217.944079863485,805.3632906544432,50.11434477875024,0.69347657033171,0.0,-0.7204791783257647,3.929013079667063,3.929013079667063
217.944079863485,805.3632906544431,50.11434477875025,221.46780672759624,816.8076209200606,35.84366391179071,0.69347657033171,0.0,-0.7204791783257647,3.929013079667063,3.929013079667063
221.46780672759624,816.8076209200606,35.84366391179071,224.99153359170745,828.2519511856781,21.57298304483119,0.69347657033171,0.0,-0.7204791783257647,3.929013079667063,3.929013079667063
224.38566427908032,804.0813842392662,23.834118102302455,221.46780672759624,816.8076209200606,35.84366391179071,0.69347657033171,0.0,-0.7204791783257647,3.929013079667063,3.929013079667063
221.46780672759624,816.8076209200606,35.84366391179071,218.54994917611214,829.533857600855,47.853209721278986,0.69347657033171,0.0,-0.7204791783257647,3.929013079667063,3.929013079667063
218.54994917611214,829.5338576008548,47.853209721278986,222.07367604022338,840.9781878664724,33.58252885431946,0.69347657033171,0.0,-0.7204791783257647,3.929013079667063,3.929013079667063
222.07367604022338,840.9781878664724,33.58252885431946,225.5974029043346,852.4225181320899,19.311847987359926,0.69347657033171,0.0,-0.7204791783257647,3.929013079667063,3.929013079667063
224.99153359170745,828.251951185678,21.57298304483119,222.07367604022338,840.9781878664724,33.58252885431946,0.69347657033171,0.0,-0.7204791783257647,3.929013079667063,3.929013079667063
222.07367604022338,840.9781878664724,33.58252885431946,219.15581848873927,853.7044245472667,45.59207466380772,0.69347657033171,0.0,-0.7204791783257647,3.929013079667063,3.929013079667063
219.15581848873927,853.7044245472667,45.59207466380772,222.67954535285048,865.1487548128844,31.321393796848184,0.69347657033171,0.0,-0.7204791783257647,3.929013079667063,3.929013079667063
222.67954535285048,865.1487548128844,31.321393796848184,226.2032722169617,876.5930850785018,17.05071292988866,0.69347657033171,0.0,-0.7204791783257647,3.929013079667063,3.929013079667063
225.5974029043346,852.4225181320899,19.311847987359926,222.67954535285048,865.1487548128844,31.321393796848184,0.69347657033171,0.0,-0.7204791783257647,3.929013079667063,3.929013079667063
222.67954535285048,865.1487548128844,31.321393796848184,219.76168780136638,877.8749914936786,43.33093960633646,0.69347657033171,0.0,-0.7204791783257647,3.929013079667063,3.929013079667063
219.76168780136638,877.8749914936785,43.33093960633646,223.28541466547762,889.3193217592961,29.060258739376934,0.69347657033171,0.0,-0.7204791783257647,3.929013079667063,3.929013079667063
223.28541466547762,889.3193217592961,29.060258739376934,226.80914152958883,900.7636520249137,14.789577872417397,0.69347657033171,0.0,-0.7204791783257647,3.929013079667063,3.929013079667063
226.2032722169617,876.5930850785016,17.05071292988866,223.28541466547762,889.3193217592961,29.060258739376934,0.69347657033171,0.0,-0.7204791783257647,3.929013079667063,3.929013079667063
223.28541466547762,889.3193217592961,29.060258739376934,220.3675571139935,902.0455584400905,41.06980454886519,0.69347657033171,0.0,-0.7204791783257647,3.929013079667063,3.929013079667063
220.3675571139935,902.0455584400905,41.06980454886519,223.89128397810475,913.489888705708,26.799123681905655,0.69347657033171,0.0,-0.7204791783257647,3.929013079667063,3.929013079667063
223.89128397810475,913.489888705708,26.799123681905655,227.41501084221593,924.9342189713255,12.528442814946118,0.69347657033171,0.0,-0.7204791783257647,3.929013079667063,3.929013079667063
226.80914152958883,900.7636520249137,14.789577872417397,223.89128397810475,913.489888705708,26.799123681905655,0.69347657033171,0.0,-0.7204791783257647,3.929013079667063,3.929013079667063
223.89128397810475,913.489888705708,26.799123681905655,220.97342642662062,926.2161253865024,38.808669491393914,0.69347657033171,0.0,-0.7204791783257647,3.929013079667063,3.929013079667063
220.97342642662062,926.2161253865023,38.80866949139393,224.49715329073186,937.6604556521198,24.53798862443439,0.69347657033171,0.0,-0.7204791783257647,3.929013079667063,3.929013079667063
224.49715329073186,937.6604556521198,24.53798862443439,228.02088015484307,949.1047859177373,10.267307757474867,0.69347657033171,0.0,-0.7204791783257647,3.929013079667063,3.929013079667063
227.41501084221593,924.9342189713254,12.528442814946132,224.49715329073186,937.6604556521198,24.53798862443439,0.69347657033171,0.0,-0.7204791783257647,3.929013079667063,3.929013079667063
224.49715329073186,937.6604556521198,24.53798862443439,221.57929573924775,950.3866923329142,36.547534433922664,0.69347657033171,0.0,-0.7204791783257647,3.929013079667063,3.929013079667063
221.57929573924775,950.3866923329141,36.547534433922664,225.103022603359,961.8310225985317,22.27685356696314,0.69347657033171,0.0,-0.7204791783257647,3.929013079667063,3.929013079667063
225.103022603359,961.8310225985317,22.27685356696314,228.6267494674702,973.2753528641491,8.006172700003603,0.69347657033171,0.0,-0.7204791783257647,3.929013079667063,3.929013079667063
228.02088015484307,949.1047859177372,10.267307757474867,225.103022603359,961.8310225985317,22.27685356696314,0.69347657033171,0.0,-0.7204791783257647,3.929013079667063,3.929013079667063
225.103022603359,961.8310225985317,22.27685356696314,222.1851650518749,974.557259279326,34.2863993764514,0.69347657033171,0.0,-0.7204791783257647,3.929013079667063,3.929013079667063
222.1851650518749,974.557259279326,34.2863993764514,225.70889191598613,986.0015895449436,20.01571850949186,0.69347657033171,0.0,-0.7204791783257647,3.929013079667063,3.929013079667063
225.70889191598613,986.0015895449436,20.01571850949186,229.23261878009734,997.4459198105611,5.745037642532338,0.69347657033171,0.0,-0.7204791783257647,3.929013079667063,3.929013079667063
228.6267494674702,973.2753528641491,8.006172700003603,225.70889191598613,986.0015895449436,20.01571850949186,0.69347657033171,0.0,-0.7204791783257647,3.929013079667063,3.929013079667063
225.70889191598613,986.0015895449436,20.01571850949186,222.79103436450202,998.7278262257379,32.025264318980135,0.69347657033171,0.0,-0.7204791783257647,3.929013079667063,3.929013079667063
222.791034364502,998.7278262257379,32.025264318980135,226.31476122861324,1010.1721564913554,17.75458345202061,0.69347657033171,0.0,-0.7204791783257647,3.929013079667063,3.929013079667063
226.31476122861324,1010.1721564913554,17.75458345202061,229.83848809272445,1021.6164867569729,3.483902585061088,0.69347657033171,0.0,-0.7204791783257647,3.929013079667063,3.929013079667063
229.2326187800973,997.4459198105611,5.745037642532338,226.31476122861324,1010.1721564913554,17.75458345202061,0.69347657033171,0.0,-0.7204791783257647,3.929013079667063,3.929013079667063
226.31476122861324,1010.1721564913554,17.75458345202061,223.39690367712913,1022.8983931721497,29.76412926150888,0.69347657033171,0.0,-0.7204791783257647,3.929013079667063,3.929013079667063
223.39690367712913,1022.8983931721497,29.76412926150888,226.92063054124037,1034.3427234377673,15.493448394549345,0.69347657033171,0.0,-0.7204791783257647,3.929013079667063,3.929013079667063
226.92063054124037,1034.3427234377673,15.493448394549345,230.44435740535158,1045.7870537033848,1.2227675275898093,0.69347657033171,0.0,-0.7204791783257647,3.929013079667063,3.929013079667063
229.83848809272445,1021.6164867569729,3.483902585061088,226.92063054124037,1034.3427234377673,15.493448394549345,0.69347657033171,0.0,-0.7204791783257647,3.929013079667063,3.929013079667063
226.92063054124037,1034.3427234377673,15.493448394549345,224.00277298975627,1047.0689601185616,27.502994204037602,0.69347657033171,0.0,-0.7204791783257647,3.929013079667063,3.929013079667063
224.00277298975627,1047.0689601185616,27.502994204037602,227.5264998538675,1058.513290384179,13.232313337078066,0.69347657033171,0.0,-0.7204791783257647,3.929013079667063,3.929013079667063
227.5264998538675,1058.513290384179,13.232313337078066,231.0502267179787,1069.9576206497966,-1.038367529881441,0.69347657033171,0.0,-0.7204791783257647,3.929013079667063,3.929013079667063
230.44435740535158,1045.7870537033848,1.2227675275898093,227.5264998538675,1058.513290384179,13.232313337078066,0.69347657033171,0.0,-0.7204791783257647,3.929013079667063,3.929013079667063
227.5264998538675,1058.513290384179,13.232313337078066,224.60864230238337,1071.2395270649733,25.24185914656635,0.69347657033171,0.0,-0.7204791783257647,3.929013079667063,3.929013079667063
224.60864230238337,1071.2395270649733,25.24185914656635,228.1323691664946,1082.6838573305909,10.971178279606816,0.69347657033171,0.0,-0.7204791783257647,3.929013079667063,3.929013079667063
228.1323691664946,1082.6838573305909,10.971178279606816,231.65609603060582,1094.1281875962084,-3.2995025873527055,0.69347657033171,0.0,-0.7204791783257647,3.929013079667063,3.929013079667063
231.0502267179787,1069.9576206497966,-1.038367529881441,228.1323691664946,1082.6838573305909,10.971178279606816,0.69347657033171,0.0,-0.7204791783257647,3.929013079667063,3.929013079667063
228.1323691664946,1082.6838573305909,10.971178279606816,225.2145116150105,1095.4100940113851,22.980724089095087,0.69347657033171,0.0,-0.7204791783257647,3.929013079667063,3.929013079667063
225.2145116150105,1095.4100940113851,22.980724089095087,228.73823847912175,1106.8544242770029,8.710043222135551,0.69347657033171,0.0,-0.7204791783257647,3.929013079667063,3.929013079667063
228.73823847912175,1106.8544242770029,8.710043222135551,232.26196534323296,1118.2987545426204,-5.560637644823984,0.69347657033171,0.0,-0.7204791783257647,3.929013079667063,3.929013079667063
231.65609603060582,1094.1281875962084,-3.2995025873527055,228.73823847912175,1106.8544242770029,8.710043222135551,0.69347657033171,0.0,-0.7204791783257647,3.929013079667063,3.929013079667063
228.73823847912175,1106.8544242770029,8.710043222135551,225.82038092763764,1119.5806609577971,20.71958903162381,0.69347657033171,0.0,-0.7204791783257647,3.929013079667063,3.929013079667063
225.82038092763764,1119.5806609577971,20.71958903162381,229.34410779174885,1131.0249912234146,6.448908164664287,0.69347657033171,0.0,-0.7204791783257647,3.929013079667063,3.929013079667063
229.34410779174885,1131.0249912234146,6.448908164664287,232.86783465586007,1142.4693214890324,-7.821772702295249,0.69347657033171,0.0,-0.7204791783257647,3.929013079667063,3.929013079667063
232.26196534323296,1118.2987545426204,-5.560637644823984,229.34410779174885,1131.0249912234146,6.448908164664287,0.69347657033171,0.0,-0.7204791783257647,3.929013079667063,3.929013079667063
229.34410779174885,1131.0249912234146,6.448908164664287,226.42625024026475,1143.7512279042091,18.458453974152544,0.69347657033171,0.0,-0.7204791783257647,3.929013079667063,3.929013079667063
187.9872385111394,0.0,108.53448275862068,195.9940743810467,24.170566946411853,119.09219780347676,0.0,0.0,1.0,3.929013079667063,3.929013079667063
181.19214126648637,24.170566946411853,93.45449759882207,189.19897713639364,48.341133892823706,104.01221264367815,0.0,0.0,1.0,3.929013079667063,3.929013079667063
189.19897713639364,48.341133892823706,104.01221264367815,197.20581300630093,72.51170083923556,114.56992768853424,0.0,0.0,1.0,3.929013079667063,3.929013079667063
195.9940743810467,24.170566946411853,119.09219780347676,189.19897713639364,48.341133892823706,104.01221264367815,0.0,0.0,1.0,3.929013079667063,3.929013079667063
189.19897713639364,48.341133892823706,104.01221264367815,182.40387989174062,72.51170083923556,88.93222748387954,0.0,0.0,1.0,3.929013079667063,3.929013079667063
182.40387989174062,72.51170083923556,88.93222748387954,190.4107157616479,96.68226778564741,99.48994252873563,0.0,0.0,1.0,3.929013079667063,3.929013079667063
190.4107157616479,96.68226778564741,99.48994252873563,198.41755163155517,120.85283473205928,110.0476575735917,0.0,0.0,1.0,3.929013079667063,3.929013079667063
197.20581300630093,72.51170083923556,114.56992768853424,190.4107157616479,96.68226778564741,99.48994252873563,0.0,0.0,1.0,3.929013079667063,3.929013079667063
190.4107157616479,96.68226778564741,99.48994252873563,183.61561851699486,120.85283473205928,84.40995736893701,0.0,0.0,1.0,3.929013079667063,3.929013079667063
183.61561851699486,120.85283473205928,84.40995736893701,191.62245438690215,145.02340167847112,94.9676724137931,0.0,0.0,1.0,3.929013079667063,3.929013079667063
191.62245438690215,145.02340167847112,94.9676724137931,199.6292902568094,169.19396862488296,105.52538745864918,0.0,0.0,1.0,3.929013079667063,3.929013079667063
198.41755163155517,120.85283473205928,110.0476575735917,191.62245438690215,145.02340167847112,94.9676724137931,0.0,0.0,1.0,3.929013079667063,3.929013079667063
191.62245438690215,145.02340167847112,94.9676724137931,184.8273571422491,169.19396862488296,79.88768725399449,0.0,0.0,1.0,3.929013079667063,3.929013079667063
184.8273571422491,169.19396862488296,79.88768725399449,192.8341930121564,193.36453557129482,90.44540229885057,0.0,0.0,1.0,3.929013079667063,3.929013079667063
192.8341930121564,193.36453557129482,90.44540229885057,200.84102888206368,217.53510251770663,101.00311734370665,0.0,0.0,1.0,3.929013079667063,3.929013079667063
199.6292902568094,169.19396862488296,105.52538745864918,192.8341930121564,193.36453557129482,90.44540229885057,0.0,0.0,1.0,3.929013079667063,3.929013079667063
192.8341930121564,193.36453557129482,90.44540229885057,186.03909576750337,217.53510251770663,75.36541713905196,0.0,0.0,1.0,3.929013079667063,3.929013079667063
186.03909576750337,217.53510251770663,75.36541713905196,194.04593163741063,241.70566946411853,85.92313218390804,0.0,0.0,1.0,3.929013079667063,3.929013079667063
194.04593163741063,241.70566946411853,85.92313218390804,202.05276750731792,265.8762364105303,96.48084722876412,0.0,0.0,1.0,3.929013079667063,3.929013079667063
200.84102888206368,217.53510251770663,101.00311734370665,194.04593163741063,241.70566946411853,85.92313218390804,0.0,0.0,1.0,3.929013079667063,3.929013079667063
194.04593163741063,241.70566946411853,85.92313218390804,187.2508343927576,265.8762364105303,70.84314702410943,0.0,0.0,1.0,3.929013079667063,3.929013079667063
187.2508343927576,265.8762364105303,70.84314702410943,195.2576702626649,290.0468033569422,81.40086206896551,0.0,0.0,1.0,3.929013079667063,3.929013079667063
195.2576702626649,290.0468033569422,81.40086206896551,203.26450613257217,314.2173703033541,91.95857711382159,0.0,0.0,1.0,3.929013079667063,3.929013079667063
202.05276750731792,265.8762364105303,96.48084722876412,195.2576702626649,290.0468033569422,81.40086206896551,0.0,0.0,1.0,3.929013079667063,3.929013079667063
195.2576702626649,290.0468033569422,81.40086206896551,188.46257301801185,314.2173703033541,66.3208769091669,0.0,0.0,1.0,3.929013079667063,3.929013079667063
188.46257301801185,314.2173703033541,66.3208769091669,196.46940888791914,338.38793724976586,76.878591954023,0.0,0.0,1.0,3.929013079667063,3.929013079667063
196.46940888791914,338.38793724976586,76.878591954023,204.47624475782644,362.55850419617775,87.43630699887906,0.0,0.0,1.0,3.929013079667063,3.929013079667063
203.26450613257217,314.2173703033541,91.95857711382159,196.46940888791914,338.38793724976586,76.878591954023,0.0,0.0,1.0,3.929013079667063,3.929013079667063
196.46940888791914,338.38793724976586,76.878591954023,189.67431164326612,362.55850419617775,61.79860679422437,0.0,0.0,1.0,3.929013079667063,3.929013079667063
189.67431164326612,362.55850419617764,61.79860679422437,197.68114751317339,386.72907114258965,72.35632183908045,0.0,0.0,1.0,3.929013079667063,3.929013079667063
197.68114751317339,386.72907114258965,72.35632183908045,205.68798338308068,410.8996380890014,82.91403688393653,0.0,0.0,1.0,3.929013079667063,3.929013079667063
204.47624475782644,362.55850419617764,87.43630699887906,197.68114751317339,386.72907114258965,72.35632183908045,0.0,0.0,1.0,3.929013079667063,3.929013079667063
197.68114751317339,386.72907114258965,72.35632183908045,190.88605026852036,410.8996380890014,57.27633667928184,0.0,0.0,1.0,3.929013079667063,3.929013079667063
190.88605026852036,410.8996380890014,57.27633667928184,198.89288613842766,435.0702050354133,67.83405172413792,0.0,0.0,1.0,3.929013079667063,3.929013079667063
198.89288613842766,435.0702050354133,67.83405172413792,206.89972200833492,459.2407719818251,78.391766768994,0.0,0.0,1.0,3.929013079667063,3.929013079667063
205.68798338308068,410.8996380890014,82.91403688393653,198.89288613842766,435.0702050354133,67.83405172413792,0.0,0.0,1.0,3.929013079667063,3.929013079667063
198.89288613842766,435.0702050354133,67.83405172413792,192.0977888937746,459.2407719818251,52.75406656433931,0.0,0.0,1.0,3.929013079667063,3.929013079667063
192.0977888937746,459.2407719818251,52.75406656433931,200.1046247636819,483.4113389282371,63.31178160919539,0.0,0.0,1.0,3.929013079667063,3.929013079667063
200.1046247636819,483.4113389282371,63.31178160919539,208.1114606335892,507.5819058746489,73.86949665405147,0.0,0.0,1.0,3.929013079667063,3.929013079667063
206.89972200833492,459.2407719818251,78.391766768994,200.1046247636819,483.4113389282371,63.31178160919539,0.0,0.0,1.0,3.929013079667063,3.929013079667063
200.1046247636819,483.4113389282371,63.31178160919539,193.30952751902888,507.5819058746489,48.23179644939678,0.0,0.0,1.0,3.929013079667063,3.929013079667063
193.30952751902888,507.5819058746489,48.23179644939678,201.31636338893614,531.7524728210607,58.78951149425287,0.0,0.0,1.0,3.929013079667063,3.929013079667063
201.31636338893614,531.7524728210607,58.78951149425287,209.32319925884343,555.9230397674727,69.34722653910895,0.0,0.0,1.0,3.929013079667063,3.929013079667063
208.1114606335892,507.5819058746489,73.86949665405147,201.31636338893614,531.7524728210607,58.78951149425287,0.0,0.0,1.0,3.929013079667063,3.929013079667063
201.31636338893614,531.7524728210607,58.78951149425287,194.52126614428312,555.9230397674727,43.70952633445425,0.0,0.0,1.0,3.929013079667063,3.929013079667063
194.52126614428312,555.9230397674726,43.70952633445427,202.52810201419038,580.0936067138845,54.26724137931034,0.0,0.0,1.0,3.929013079667063,3.929013079667063
202.52810201419038,580.0936067138845,54.26724137931034,210.53493788409767,604.2641736602963,64.82495642416643,0.0,0.0,1.0,3.929013079667063,3.929013079667063
209.32319925884343,555.9230397674726,69.34722653910896,202.52810201419038,580.0936067138845,54.26724137931034,0.0,0.0,1.0,3.929013079667063,3.929013079667063
202.52810201419038,580.0936067138845,54.26724137931034,195.73300476953736,604.2641736602963,39.187256219511724,0.0,0.0,1.0,3.929013079667063,3.929013079667063
195.73300476953736,604.2641736602964,39.187256219511724,203.73984063944465,628.4347406067081,49.744971264367805,0.0,0.0,1.0,3.929013079667063,3.929013079667063
203.73984063944465,628.4347406067081,49.744971264367805,211.74667650935191,652.60530755312,60.3026863092239,0.0,0.0,1.0,3.929013079667063,3.929013079667063
210.53493788409767,604.2641736602964,64.82495642416642,203.73984063944465,628.4347406067081,49.744971264367805,0.0,0.0,1.0,3.929013079667063,3.929013079667063
203.73984063944465,628.4347406067081,49.744971264367805,196.9447433947916,652.60530755312,34.664986104569195,0.0,0.0,1.0,3.929013079667063,3.929013079667063
196.94474339479163,652.6053075531202,34.66498610456918,204.9515792646989,676.7758744995319,45.222701149425276,0.0,0.0,1.0,3.929013079667063,3.929013079667063
204.9515792646989,676.7758744995319,45.222701149425276,212.95841513460618,700.9464414459437,55.78041619428136,0.0,0.0,1.0,3.929013079667063,3.929013079667063
211.74667650935194,652.6053075531202,60.30268630922389,204.9515792646989,676.7758744995319,45.222701149425276,0.0,0.0,1.0,3.929013079667063,3.929013079667063
204.9515792646989,676.7758744995319,45.222701149425276,198.15648202004587,700.9464414459437,30.142715989626662,0.0,0.0,1.0,3.929013079667063,3.929013079667063
198.15648202004587,700.9464414459437,30.142715989626662,206.16331788995313,725.1170083923555,40.70043103448276,0.0,0.0,1.0,3.929013079667063,3.929013079667063
206.16331788995313,725.1170083923555,40.70043103448276,214.17015375986043,749.2875753387674,51.25814607933884,0.0,0.0,1.0,3.929013079667063,3.929013079667063
212.95841513460618,700.9464414459437,55.78041619428136,206.16331788995313,725.1170083923555,40.70043103448276,0.0,0.0,1.0,3.929013079667063,3.929013079667063
206.16331788995313,725.1170083923555,40.70043103448276,199.3682206453001,749.2875753387674,25.620445874684147,0.0,0.0,1.0,3.929013079667063,3.929013079667063
199.3682206453001,749.2875753387675,25.620445874684133,207.3750565152074,773.4581422851793,36.17816091954022,0.0,0.0,1.0,3.929013079667063,3.929013079667063
207.3750565152074,773.4581422851793,36.17816091954022,215.38189238511467,797.6287092315911,46.735875964396314,0.0,0.0,1.0,3.929013079667063,3.929013079667063
214.17015375986043,749.2875753387675,51.25814607933883,207.3750565152074,773.4581422851793,36.17816091954022,0.0,0.0,1.0,3.929013079667063,3.929013079667063
207.3750565152074,773.4581422851793,36.17816091954022,200.57995927055435,797.6287092315911,21.09817575974162,0.0,0.0,1.0,3.929013079667063,3.929013079667063
200.57995927055435,797.6287092315912,21.098175759741604,208.58679514046165,821.799276178003,31.65589080459769,0.0,0.0,1.0,3.929013079667063,3.929013079667063
208.58679514046165,821.799276178003,31.65589080459769,216.5936310103689,845.9698431244149,42.213605849453785,0.0,0.0,1.0,3.929013079667063,3.929013079667063
215.38189238511467,797.6287092315912,46.7358759643963,208.58679514046165,821.799276178003,31.65589080459769,0.0,0.0,1.0,3.929013079667063,3.929013079667063
208.58679514046165,821.799276178003,31.65589080459769,201.7916978958086,845.9698431244149,16.57590564479909,0.0,0.0,1.0,3.929013079667063,3.929013079667063
201.79169789580862,845.969843124415,16.575905644799075,209.7985337657159,870.1404100708268,27.13362068965516,0.0,0.0,1.0,3.929013079667063,3.929013079667063
209.7985337657159,870.1404100708268,27.13362068965516,217.80536963562318,894.3109770172385,37.69133573451124,0.0,0.0,1.0,3.929013079667063,3.929013079667063
216.59363101036894,845.969843124415,42.21360584945377,209.7985337657159,870.1404100708268,27.13362068965516,0.0,0.0,1.0,3.929013079667063,3.929013079667063
209.7985337657159,870.1404100708268,27.13362068965516,203.00343652106287,894.3109770172385,12.053635529856546,0.0,0.0,1.0,3.929013079667063,3.929013079667063
203.00343652106287,894.3109770172387,12.053635529856546,211.01027239097016,918.4815439636504,22.61135057471263,0.0,0.0,1.0,3.929013079667063,3.929013079667063
211.01027239097016,918.4815439636504,22.61135057471263,219.01710826087742,942.6521109100623,33.16906561956871,0.0,0.0,1.0,3.929013079667063,3.929013079667063
217.80536963562318,894.3109770172387,37.69133573451124,211.01027239097016,918.4815439636504,22.61135057471263,0.0,0.0,1.0,3.929013079667063,3.929013079667063
211.01027239097016,918.4815439636504,22.61135057471263,204.2151751463171,942.6521109100623,7.531365414914017,0.0,0.0,1.0,3.929013079667063,3.929013079667063
204.2151751463171,942.6521109100623,7.531365414914017,212.2220110162244,966.8226778564741,18.089080459770116,0.0,0.0,1.0,3.929013079667063,3.929013079667063
212.2220110162244,966.8226778564741,18.089080459770116,220.22884688613166,990.9932448028859,28.6467955046262,0.0,0.0,1.0,3.929013079667063,3.929013079667063
219.01710826087742,942.6521109100623,33.16906561956871,212.2220110162244,966.8226778564741,18.089080459770116,0.0,0.0,1.0,3.929013079667063,3.929013079667063
212.2220110162244,966.8226778564741,18.089080459770116,205.42691377157135,990.9932448028859,3.009095299971502,0.0,0.0,1.0,3.929013079667063,3.929013079667063
205.42691377157135,990.9932448028859,3.009095299971488,213.43374964147864,1015.1638117492977,13.566810344827573,0.0,0.0,1.0,3.929013079667063,3.929013079667063
213.43374964147864,1015.1638117492977,13.566810344827573,221.44058551138593,1039.3343786957096,24.124525389683672,0.0,0.0,1.0,3.929013079667063,3.929013079667063
220.22884688613166,990.9932448028859,28.646795504626187,213.43374964147864,1015.1638117492977,13.566810344827573,0.0,0.0,1.0,3.929013079667063,3.929013079667063
213.43374964147864,1015.1638117492977,13.566810344827573,206.63865239682562,1039.3343786957096,-1.513174814971027,0.0,0.0,1.0,3.929013079667063,3.929013079667063
206.63865239682562,1039.3343786957098,-1.5131748149710411,214.64548826673288,1063.5049456421214,9.044540229885058,0.0,0.0,1.0,3.929013079667063,3.929013079667063
214.64548826673288,1063.5049456421214,9.044540229885058,222.65232413664017,1087.6755125885334,19.602255274741143,0.0,0.0,1.0,3.929013079667063,3.929013079667063
221.44058551138593,1039.3343786957098,24.124525389683658,214.64548826673288,1063.5049456421214,9.044540229885058,0.0,0.0,1.0,3.929013079667063,3.929013079667063
214.64548826673288,1063.5049456421214,9.044540229885058,207.85039102207986,1087.6755125885334,-6.035444929913556,0.0,0.0,1.0,3.929013079667063,3.929013079667063
207.85039102207986,1087.6755125885331,-6.035444929913542,215.85722689198712,1111.8460795349451,4.522270114942543,0.0,0.0,1.0,3.929013079667063,3.929013079667063
215.85722689198712,1111.8460795349451,4.522270114942543,223.86406276189442,1136.016646481357,15.079985159798614,0.0,0.0,1.0,3.929013079667063,3.929013079667063
222.65232413664017,1087.6755125885331,19.602255274741157,215.85722689198712,1111.8460795349451,4.522270114942543,0.0,0.0,1.0,3.929013079667063,3.929013079667063
215.85722689198712,1111.8460795349451,4.522270114942543,209.0621296473341,1136.016646481357,-10.557715044856085,0.0,0.0,1.0,3.929013079667063,3.929013079667063
217.0689655172414,1160.187213427769,0.0,223.86406276189442,1136.016646481357,15.079985159798614,0.0,0.0,1.0,3.929013079667063,3.929013079667063
182.40387989174062,72.51170083923556,88.93222748387954,180.22944877345165,80.24628226208736,84.10663223274398,0.0,0.0,1.0,3.929013079667063,3.929013079667063
197.20581300630093,72.51170083923556,114.56992768853424,199.76800048467126,80.24628226208736,117.94839650288819,0.0,0.0,1.0,3.929013079667063,3.929013079667063
183.61561851699486,120.85283473205928,84.40995736893701,181.4411873987059,128.58741615491107,79.58436211780145,0.0,0.0,1.0,3.929013079667063,3.929013079667063
198.41755163155517,120.85283473205928,110.0476575735917,200.9797391099255,128.58741615491107,113.42612638794566,0.0,0.0,1.0,3.929013079667063,3.929013079667063
184.8273571422491,169.19396862488296,79.88768725399449,182.65292602396013,176.92855004773477,75.06209200285892,0.0,0.0,1.0,3.929013079667063,3.929013079667063
199.6292902568094,169.19396862488296,105.52538745864918,202.19147773517975,176.92855004773477,108.90385627300313,0.0,0.0,1.0,3.929013079667063,3.929013079667063
186.03909576750337,217.53510251770663,75.36541713905196,183.8646646492144,225.26968394055845,70.53982188791639,0.0,0.0,1.0,3.929013079667063,3.929013079667063
200.84102888206368,217.53510251770663,101.00311734370665,203.40321636043402,225.26968394055845,104.3815861580606,0.0,0.0,1.0,3.929013079667063,3.929013079667063
187.2508343927576,265.8762364105303,70.84314702410943,185.07640327446865,273.61081783338216,66.01755177297386,0.0,0.0,1.0,3.929013079667063,3.929013079667063
202.05276750731792,265.8762364105303,96.48084722876412,204.61495498568826,273.61081783338216,99.85931604311807,0.0,0.0,1.0,3.929013079667063,3.929013079667063
188.46257301801185,314.2173703033541,66.3208769091669,186.2881418997229,321.95195172620583,61.49528165803133,0.0,0.0,1.0,3.929013079667063,3.929013079667063
203.26450613257217,314.2173703033541,91.95857711382159,205.8266936109425,321.95195172620583,95.33704592817554,0.0,0.0,1.0,3.929013079667063,3.929013079667063
189.67431164326612,362.55850419617775,61.79860679422437,187.49988052497716,370.2930856190296,56.9730115430888,0.0,0.0,1.0,3.929013079667063,3.929013079667063
204.47624475782644,362.55850419617775,87.43630699887906,207.03843223619677,370.2930856190296,90.81477581323301,0.0,0.0,1.0,3.929013079667063,3.929013079667063
190.88605026852036,410.8996380890014,57.27633667928184,188.7116191502314,418.6342195118532,52.45074142814627,0.0,0.0,1.0,3.929013079667063,3.929013079667063
205.68798338308068,410.8996380890014,82.91403688393653,208.250170861451,418.6342195118532,86.29250569829048,0.0,0.0,1.0,3.929013079667063,3.929013079667063
192.0977888937746,459.2407719818251,52.75406656433931,189.92335777548564,466.975353404677,47.928471313203744,0.0,0.0,1.0,3.929013079667063,3.929013079667063
206.89972200833492,459.2407719818251,78.391766768994,209.46190948670525,466.975353404677,81.77023558334795,0.0,0.0,1.0,3.929013079667063,3.929013079667063
193.30952751902888,507.5819058746489,48.23179644939678,191.13509640073988,515.3164872975008,43.40620119826123,0.0,0.0,1.0,3.929013079667063,3.929013079667063
208.1114606335892,507.5819058746489,73.86949665405147,210.6736481119595,515.3164872975008,77.24796546840543,0.0,0.0,1.0,3.929013079667063,3.929013079667063
194.52126614428312,555.9230397674727,43.70952633445425,192.34683502599415,563.6576211903244,38.883931083318686,0.0,0.0,1.0,3.929013079667063,3.929013079667063
209.32319925884343,555.9230397674727,69.34722653910895,211.88538673721376,563.6576211903244,72.7256953534629,0.0,0.0,1.0,3.929013079667063,3.929013079667063
195.73300476953736,604.2641736602963,39.187256219511724,193.5585736512484,611.9987550831481,34.36166096837617,0.0,0.0,1.0,3.929013079667063,3.929013079667063
210.53493788409767,604.2641736602963,64.82495642416643,213.097125362468,611.9987550831481,68.20342523852038,0.0,0.0,1.0,3.929013079667063,3.929013079667063
196.9447433947916,652.60530755312,34.664986104569195,194.77031227650264,660.3398889759718,29.83939085343364,0.0,0.0,1.0,3.929013079667063,3.929013079667063
211.74667650935191,652.60530755312,60.3026863092239,214.30886398772225,660.3398889759718,63.68115512357784,0.0,0.0,1.0,3.929013079667063,3.929013079667063
198.15648202004587,700.9464414459437,30.142715989626662,195.9820509017569,708.6810228687956,25.317120738491116,0.0,0.0,1.0,3.929013079667063,3.929013079667063
212.95841513460618,700.9464414459437,55.78041619428136,215.52060261297652,708.6810228687956,59.15888500863532,0.0,0.0,1.0,3.929013079667063,3.929013079667063
199.3682206453001,749.2875753387674,25.620445874684147,197.19378952701115,757.0221567616192,20.794850623548587,0.0,0.0,1.0,3.929013079667063,3.929013079667063
214.17015375986043,749.2875753387674,51.25814607933884,216.73234123823076,757.0221567616192,54.636614893692794,0.0,0.0,1.0,3.929013079667063,3.929013079667063
200.57995927055435,797.6287092315911,21.09817575974162,198.4055281522654,805.363290654443,16.272580508606058,0.0,0.0,1.0,3.929013079667063,3.929013079667063
215.38189238511467,797.6287092315911,46.735875964396314,217.944079863485,805.363290654443,50.114344778750265,0.0,0.0,1.0,3.929013079667063,3.929013079667063
201.7916978958086,845.9698431244149,16.57590564479909,199.61726677751963,853.7044245472666,11.75031039366353,0.0,0.0,1.0,3.929013079667063,3.929013079667063
216.5936310103689,845.9698431244149,42.213605849453785,219.15581848873924,853.7044245472666,45.592074663807736,0.0,0.0,1.0,3.929013079667063,3.929013079667063
203.00343652106287,894.3109770172385,12.053635529856546,200.8290054027739,902.0455584400904,7.228040278721,0.0,0.0,1.0,3.929013079667063,3.929013079667063
217.80536963562318,894.3109770172385,37.69133573451124,220.3675571139935,902.0455584400904,41.06980454886521,0.0,0.0,1.0,3.929013079667063,3.929013079667063
204.2151751463171,942.6521109100623,7.531365414914017,202.04074402802814,950.3866923329141,2.705770163778457,0.0,0.0,1.0,3.929013079667063,3.929013079667063
219.01710826087742,942.6521109100623,33.16906561956871,221.57929573924775,950.3866923329141,36.547534433922664,0.0,0.0,1.0,3.929013079667063,3.929013079667063
205.42691377157135,990.9932448028859,3.009095299971502,203.25248265328239,998.7278262257377,-1.816499951164058,0.0,0.0,1.0,3.929013079667063,3.929013079667063
220.22884688613166,990.9932448028859,28.6467955046262,222.791034364502,998.7278262257377,32.02526431898015,0.0,0.0,1.0,3.929013079667063,3.929013079667063
206.63865239682562,1039.3343786957096,-1.513174814971027,204.46422127853663,1047.0689601185613,-6.338770066106573,0.0,0.0,1.0,3.929013079667063,3.929013079667063
221.44058551138593,1039.3343786957096,24.124525389683672,224.00277298975624,1047.0689601185613,27.50299420403763,0.0,0.0,1.0,3.929013079667063,3.929013079667063
207.85039102207986,1087.6755125885334,-6.035444929913556,205.6759599037909,1095.4100940113851,-10.861040181049116,0.0,0.0,1.0,3.929013079667063,3.929013079667063
222.65232413664017,1087.6755125885334,19.602255274741143,225.2145116150105,1095.4100940113851,22.980724089095087,0.0,0.0,1.0,3.929013079667063,3.929013079667063
209.0621296473341,1136.016646481357,-10.557715044856085,206.88769852904514,1143.751227904209,-15.383310295991645,0.0,0.0,1.0,3.929013079667063,3.929013079667063
223.86406276189442,1136.016646481357,15.079985159798614,226.42625024026475,1143.751227904209,18.458453974152558,0.0,0.0,1.0,3.929013079667063,3.929013079667063
217.0689655172414,1160.187213427769,0.0,209.0621296473341,1136.016646481357,-10.557715044856085,0.0,0.0,1.0,3.929013079667063,3.929013079667063
130.94901364119875,0.0,75.60344827586205,129.7959810294209,24.170566946411846,61.85956627781617,0.0,0.0,1.0,3.929013079667063,3.929013079667063
148.13499760502387,32.79759409354693,77.1254513234088,138.204487793449,44.43665470461121,67.87000398681407,-0.6900981947236448,0.0,-0.7237157464358271,3.929013079667063,3.929013079667063
138.204487793449,44.43665470461121,67.87000398681407,128.27397798187414,56.0757153156755,58.61455665021934,-0.6900981947236448,0.0,-0.7237157464358271,3.929013079667063,3.929013079667063
129.427010593652,31.905148369263635,57.461524038441496,138.204487793449,44.43665470461121,67.87000398681407,-0.6900981947236448,0.0,-0.7237157464358271,3.929013079667063,3.929013079667063
138.204487793449,44.43665470461121,67.87000398681407,146.981964993246,56.968161039958794,78.27848393518664,-0.6900981947236448,0.0,-0.7237157464358271,3.929013079667063,3.929013079667063
146.981964993246,56.968161039958794,78.27848393518664,137.05145518167114,68.60722165102305,69.02303659859191,-0.6900981947236448,0.0,-0.7237157464358271,3.929013079667063,3.929013079667063
137.05145518167114,68.60722165102305,69.02303659859191,127.12094537009628,80.24628226208736,59.76758926199719,-0.6900981947236448,0.0,-0.7237157464358271,3.929013079667063,3.929013079667063
128.27397798187414,56.0757153156755,58.61455665021934,137.05145518167114,68.60722165102305,69.02303659859191,-0.6900981947236448,0.0,-0.7237157464358271,3.929013079667063,3.929013079667063
137.05145518167114,68.60722165102305,69.02303659859191,145.82893238146815,81.13872798637064,79.43151654696449,-0.6900981947236448,0.0,-0.7237157464358271,3.929013079667063,3.929013079667063
145.82893238146815,81.13872798637064,79.43151654696449,135.89842256989328,92.77778859743492,70.17606921036977,-0.6900981947236448,0.0,-0.7237157464358271,3.929013079667063,3.929013079667063
135.89842256989328,92.77778859743492,70.17606921036977,125.96791275831843,104.41684920849923,60.92062187377503,-0.6900981947236448,0.0,-0.7237157464358271,3.929013079667063,3.929013079667063
127.12094537009628,80.24628226208736,59.76758926199719,135.89842256989328,92.77778859743492,70.17606921036977,-0.6900981947236448,0.0,-0.7237157464358271,3.929013079667063,3.929013079667063
135.89842256989328,92.77778859743492,70.17606921036977,144.67589976969032,105.3092949327825,80.58454915874233,-0.6900981947236448,0.0,-0.7237157464358271,3.929013079667063,3.929013079667063
144.67589976969032,105.30929493278248,80.58454915874233,134.74538995811545,116.94835554384679,71.32910182214762,-0.6900981947236448,0.0,-0.7237157464358271,3.929013079667063,3.929013079667063
134.74538995811545,116.94835554384679,71.32910182214762,124.81488014654059,128.5874161549111,62.07365448555288,-0.6900981947236448,0.0,-0.7237157464358271,3.929013079667063,3.929013079667063
125.96791275831843,104.4168492084992,60.92062187377503,134.74538995811545,116.94835554384679,71.32910182214762,-0.6900981947236448,0.0,-0.7237157464358271,3.929013079667063,3.929013079667063
134.74538995811545,116.94835554384679,71.32910182214762,143.52286715791246,129.47986187919437,81.73758177052018,-0.6900981947236448,0.0,-0.7237157464358271,3.929013079667063,3.929013079667063
143.52286715791246,129.47986187919437,81.73758177052018,133.5923573463376,141.11892249025868,72.48213443392547,-0.6900981947236448,0.0,-0.7237157464358271,3.929013079667063,3.929013079667063
133.5923573463376,141.11892249025868,72.48213443392547,123.66184753476274,152.75798310132296,63.22668709733074,-0.6900981947236448,0.0,-0.7237157464358271,3.929013079667063,3.929013079667063
124.81488014654059,128.5874161549111,62.07365448555288,133.5923573463376,141.11892249025868,72.48213443392547,-0.6900981947236448,0.0,-0.7237157464358271,3.929013079667063,3.929013079667063
133.5923573463376,141.11892249025868,72.48213443392547,142.36983454613463,153.65042882560624,82.89061438229804,-0.6900981947236448,0.0,-0.7237157464358271,3.929013079667063,3.929013079667063
142.36983454613463,153.65042882560624,82.89061438229804,132.43932473455976,165.28948943667055,73.63516704570331,-0.6900981947236448,0.0,-0.7237157464358271,3.929013079667063,3.929013079667063
132.43932473455976,165.28948943667055,73.63516704570331,122.50881492298488,176.92855004773483,64.37971970910858,-0.6900981947236448,0.0,-0.7237157464358271,3.929013079667063,3.929013079667063
123.66184753476274,152.75798310132296,63.22668709733074,132.43932473455976,165.28948943667055,73.63516704570331,-0.6900981947236448,0.0,-0.7237157464358271,3.929013079667063,3.929013079667063
132.43932473455976,165.28948943667055,73.63516704570331,141.21680193435677,177.8209957720181,84.04364699407589,-0.6900981947236448,0.0,-0.7237157464358271,3.929013079667063,3.929013079667063
141.21680193435677,177.8209957720181,84.04364699407589,131.2862921227819,189.4600563830824,74.78819965748116,-0.6900981947236448,0.0,-0.7237157464358271,3.929013079667063,3.929013079667063
131.2862921227819,189.4600563830824,74.78819965748116,121.35578231120704,201.09911699414667,65.53275232088643,-0.6900981947236448,0.0,-0.7237157464358271,3.929013079667063,3.929013079667063
122.50881492298488,176.92855004773483,64.37971970910858,131.2862921227819,189.4600563830824,74.78819965748116,-0.6900981947236448,0.0,-0.7237157464358271,3.929013079667063,3.929013079667063
131.2862921227819,189.4600563830824,74.78819965748116,140.0637693225789,201.99156271842995,85.19667960585373,-0.6900981947236448,0.0,-0.7237157464358271,3.929013079667063,3.929013079667063
140.0637693225789,201.99156271842998,85.19667960585373,130.13325951100407,213.63062332949428,75.941232269259,-0.6900981947236448,0.0,-0.7237157464358271,3.929013079667063,3.929013079667063
130.13325951100407,213.63062332949428,75.941232269259,120.20274969942919,225.2696839405585,66.68578493266428,-0.6900981947236448,0.0,-0.7237157464358271,3.929013079667063,3.929013079667063
121.35578231120704,201.0991169941467,65.53275232088643,130.13325951100407,213.63062332949428,75.941232269259,-0.6900981947236448,0.0,-0.7237157464358271,3.929013079667063,3.929013079667063
130.13325951100407,213.63062332949428,75.941232269259,138.91073671080107,226.16212966484179,86.34971221763158,-0.6900981947236448,0.0,-0.7237157464358271,3.929013079667063,3.929013079667063
138.91073671080107,226.16212966484184,86.34971221763158,128.9802268992262,237.80119027590612,77.09426488103686,-0.6900981947236448,0.0,-0.7237157464358271,3.929013079667063,3.929013079667063
128.9802268992262,237.80119027590612,77.09426488103686,119.04971708765135,249.4402508869704,67.83881754444212,-0.6900981947236448,0.0,-0.7237157464358271,3.929013079667063,3.929013079667063
120.20274969942919,225.26968394055856,66.68578493266428,128.9802268992262,237.80119027590612,77.09426488103686,-0.6900981947236448,0.0,-0.7237157464358271,3.929013079667063,3.929013079667063
128.9802268992262,237.80119027590612,77.09426488103686,137.75770409902321,250.33269661125368,87.50274482940942,-0.6900981947236448,0.0,-0.7237157464358271,3.929013079667063,3.929013079667063
137.75770409902321,250.33269661125368,87.50274482940942,127.82719428744836,261.97175722231805,78.24729749281471,-0.6900981947236448,0.0,-0.7237157464358271,3.929013079667063,3.929013079667063
127.82719428744836,261.97175722231805,78.24729749281471,117.8966844758735,273.61081783338227,68.99185015621997,-0.6900981947236448,0.0,-0.7237157464358271,3.929013079667063,3.929013079667063
119.04971708765135,249.4402508869704,67.83881754444212,127.82719428744836,261.97175722231805,78.24729749281471,-0.6900981947236448,0.0,-0.7237157464358271,3.929013079667063,3.929013079667063
127.82719428744836,261.97175722231805,78.24729749281471,136.60467148724538,274.50326355766555,88.65577744118727,-0.6900981947236448,0.0,-0.7237157464358271,3.929013079667063,3.929013079667063
136.60467148724538,274.50326355766555,88.65577744118727,126.67416167567052,286.1423241687299,79.40033010459256,-0.6900981947236448,0.0,-0.7237157464358271,3.929013079667063,3.929013079667063
126.67416167567052,286.1423241687299,79.40033010459256,116.74365186409565,297.7813847797941,70.14488276799781,-0.6900981947236448,0.0,-0.7237157464358271,3.929013079667063,3.929013079667063
117.8966844758735,273.61081783338227,68.99185015621997,126.67416167567052,286.1423241687299,79.40033010459256,-0.6900981947236448,0.0,-0.7237157464358271,3.929013079667063,3.929013079667063
126.67416167567052,286.1423241687299,79.40033010459256,135.45163887546752,298.6738305040774,89.80881005296511,-0.6900981947236448,0.0,-0.7237157464358271,3.929013079667063,3.929013079667063
135.45163887546752,298.6738305040774,89.80881005296511,125.52112906389267,310.3128911151417,80.5533627163704,-0.6900981947236448,0.0,-0.7237157464358271,3.929013079667063,3.929013079667063
125.52112906389267,310.3128911151417,80.5533627163704,115.59061925231781,321.95195172620595,71.29791537977566,-0.6900981947236448,0.0,-0.7237157464358271,3.929013079667063,3.929013079667063
116.74365186409565,297.7813847797941,70.14488276799781,125.52112906389267,310.3128911151417,80.5533627163704,-0.6900981947236448,0.0,-0.7237157464358271,3.929013079667063,3.929013079667063
125.52112906389267,310.3128911151417,80.5533627163704,134.2986062636897,322.8443974504892,90.96184266474296,-0.6900981947236448,0.0,-0.7237157464358271,3.929013079667063,3.929013079667063
134.2986062636897,322.8443974504892,90.96184266474296,124.36809645211483,334.48345806155356,81.70639532814825,-0.6900981947236448,0.0,-0.7237157464358271,3.929013079667063,3.929013079667063
124.36809645211483,334.48345806155356,81.70639532814825,114.43758664053995,346.12251867261784,72.4509479915535,-0.6900981947236448,0.0,-0.7237157464358271,3.929013079667063,3.929013079667063
115.59061925231781,321.95195172620595,71.29791537977566,124.36809645211483,334.48345806155356,81.70639532814825,-0.6900981947236448,0.0,-0.7237157464358271,3.929013079667063,3.929013079667063
124.36809645211483,334.48345806155356,81.70639532814825,133.14557365191183,347.0149643969011,92.1148752765208,-0.6900981947236448,0.0,-0.7237157464358271,3.929013079667063,3.929013079667063
133.14557365191183,347.0149643969011,92.1148752765208,123.21506384033698,358.6540250079654,82.85942793992609,-0.6900981947236448,0.0,-0.7237157464358271,3.929013079667063,3.929013079667063
123.21506384033698,358.6540250079654,82.85942793992609,113.28455402876212,370.2930856190297,73.60398060333137,-0.6900981947236448,0.0,-0.7237157464358271,3.929013079667063,3.929013079667063
114.43758664053995,346.12251867261784,72.4509479915535,123.21506384033698,358.6540250079654,82.85942793992609,-0.6900981947236448,0.0,-0.7237157464358271,3.929013079667063,3.929013079667063
123.21506384033698,358.6540250079654,82.85942793992609,131.992541040134,371.18553134331296,93.26790788829867,-0.6900981947236448,0.0,-0.7237157464358271,3.929013079667063,3.929013079667063
131.992541040134,371.18553134331296,93.26790788829867,122.06203122855914,382.82459195437724,84.01246055170394,-0.6900981947236448,0.0,-0.7237157464358271,3.929013079667063,3.929013079667063
122.06203122855914,382.82459195437724,84.01246055170394,112.13152141698426,394.4636525654415,74.75701321510921,-0.6900981947236448,0.0,-0.7237157464358271,3.929013079667063,3.929013079667063
113.28455402876212,370.2930856190297,73.60398060333137,122.06203122855914,382.82459195437724,84.01246055170394,-0.6900981947236448,0.0,-0.7237157464358271,3.929013079667063,3.929013079667063
122.06203122855914,382.82459195437724,84.01246055170394,130.83950842835614,395.3560982897248,94.42094050007651,-0.6900981947236448,0.0,-0.7237157464358271,3.929013079667063,3.929013079667063
130.83950842835614,395.3560982897249,94.42094050007651,120.90899861678128,406.9951589007892,85.16549316348178,-0.6900981947236448,0.0,-0.7237157464358271,3.929013079667063,3.929013079667063
120.90899861678128,406.9951589007892,85.16549316348178,110.97848880520641,418.6342195118535,75.91004582688706,-0.6900981947236448,0.0,-0.7237157464358271,3.929013079667063,3.929013079667063
112.13152141698426,394.46365256544163,74.75701321510921,120.90899861678128,406.9951589007892,85.16549316348178,-0.6900981947236448,0.0,-0.7237157464358271,3.929013079667063,3.929013079667063
120.90899861678128,406.9951589007892,85.16549316348178,129.68647581657828,419.52666523613675,95.57397311185436,-0.6900981947236448,0.0,-0.7237157464358271,3.929013079667063,3.929013079667063
129.68647581657828,419.52666523613675,95.57397311185436,119.75596600500343,431.16572584720103,86.31852577525964,-0.6900981947236448,0.0,-0.7237157464358271,3.929013079667063,3.929013079667063
119.75596600500343,431.16572584720103,86.31852577525964,109.82545619342856,442.8047864582653,77.0630784386649,-0.6900981947236448,0.0,-0.7237157464358271,3.929013079667063,3.929013079667063
110.97848880520641,418.6342195118535,75.91004582688706,119.75596600500343,431.16572584720103,86.31852577525964,-0.6900981947236448,0.0,-0.7237157464358271,3.929013079667063,3.929013079667063
119.75596600500343,431.16572584720103,86.31852577525964,128.53344320480045,443.6972321825486,96.7270057236322,-0.6900981947236448,0.0,-0.7237157464358271,3.929013079667063,3.929013079667063
128.53344320480045,443.6972321825486,96.7270057236322,118.60293339322558,455.33629279361287,87.47155838703749,-0.6900981947236448,0.0,-0.7237157464358271,3.929013079667063,3.929013079667063
118.60293339322558,455.33629279361287,87.47155838703749,108.67242358165072,466.9753534046772,78.21611105044275,-0.6900981947236448,0.0,-0.7237157464358271,3.929013079667063,3.929013079667063
109.82545619342856,442.8047864582653,77.0630784386649,118.60293339322558,455.33629279361287,87.47155838703749,-0.6900981947236448,0.0,-0.7237157464358271,3.929013079667063,3.929013079667063
118.60293339322558,455.33629279361287,87.47155838703749,127.3804105930226,467.86779912896054,97.88003833541005,-0.6900981947236448,0.0,-0.7237157464358271,3.929013079667063,3.929013079667063
127.3804105930226,467.86779912896054,97.88003833541005,117.44990078144774,479.50685974002477,88.62459099881534,-0.6900981947236448,0.0,-0.7237157464358271,3.929013079667063,3.929013079667063
117.44990078144774,479.50685974002477,88.62459099881534,107.51939096987287,491.145920351089,79.3691436622206,-0.6900981947236448,0.0,-0.7237157464358271,3.929013079667063,3.929013079667063
108.67242358165072,466.9753534046772,78.21611105044275,117.44990078144774,479.50685974002477,88.62459099881534,-0.6900981947236448,0.0,-0.7237157464358271,3.929013079667063,3.929013079667063
117.44990078144774,479.50685974002477,88.62459099881534,126.22737798124476,492.0383660753723,99.0330709471879,-0.6900981947236448,0.0,-0.7237157464358271,3.929013079667063,3.929013079667063
126.22737798124476,492.0383660753723,99.0330709471879,116.29686816966989,503.67742668643666,89.77762361059318,-0.6900981947236448,0.0,-0.7237157464358271,3.929013079667063,3.929013079667063
116.29686816966989,503.67742668643666,89.77762361059318,106.36635835809501,515.3164872975009,80.52217627399844,-0.6900981947236448,0.0,-0.7237157464358271,3.929013079667063,3.929013079667063
107.51939096987287,491.145920351089,79.3691436622206,116.29686816966989,503.67742668643666,89.77762361059318,-0.6900981947236448,0.0,-0.7237157464358271,3.929013079667063,3.929013079667063
116.29686816966989,503.67742668643666,89.77762361059318,125.0743453694669,516.2089330217842,100.18610355896574,-0.6900981947236448,0.0,-0.7237157464358271,3.929013079667063,3.929013079667063
125.0743453694669,516.2089330217843,100.18610355896575,115.14383555789205,527.8479936328486,90.93065622237103,-0.6900981947236448,0.0,-0.7237157464358271,3.929013079667063,3.929013079667063
115.14383555789205,527.8479936328486,90.93065622237103,105.21332574631717,539.4870542439128,81.6752088857763,-0.6900981947236448,0.0,-0.7237157464358271,3.929013079667063,3.929013079667063
106.36635835809501,515.316487297501,80.52217627399845,115.14383555789205,527.8479936328486,90.93065622237103,-0.6900981947236448,0.0,-0.7237157464358271,3.929013079667063,3.929013079667063
115.14383555789205,527.8479936328486,90.93065622237103,123.92131275768905,540.3794999681961,101.3391361707436,-0.6900981947236448,0.0,-0.7237157464358271,3.929013079667063,3.929013079667063
123.92131275768905,540.3794999681961,101.3391361707436,113.9908029461142,552.0185605792603,92.08368883414889,-0.6900981947236448,0.0,-0.7237157464358271,3.929013079667063,3.929013079667063
113.9908029461142,552.0185605792603,92.08368883414889,104.06029313453932,563.6576211903247,82.82824149755415,-0.6900981947236448,0.0,-0.7237157464358271,3.929013079667063,3.929013079667063
105.21332574631717,539.4870542439128,81.6752088857763,113.9908029461142,552.0185605792603,92.08368883414889,-0.6900981947236448,0.0,-0.7237157464358271,3.929013079667063,3.929013079667063
113.9908029461142,552.0185605792603,92.08368883414889,122.7682801459112,564.550066914608,102.49216878252145,-0.6900981947236448,0.0,-0.7237157464358271,3.929013079667063,3.929013079667063
122.7682801459112,564.550066914608,102.49216878252145,112.83777033433634,576.1891275256722,93.23672144592672,-0.6900981947236448,0.0,-0.7237157464358271,3.929013079667063,3.929013079667063
112.83777033433634,576.1891275256722,93.23672144592672,102.90726052276148,587.8281881367365,83.98127410933199,-0.6900981947236448,0.0,-0.7237157464358271,3.929013079667063,3.929013079667063
104.06029313453932,563.6576211903247,82.82824149755415,112.83777033433634,576.1891275256722,93.23672144592672,-0.6900981947236448,0.0,-0.7237157464358271,3.929013079667063,3.929013079667063
112.83777033433634,576.1891275256722,93.23672144592672,121.61524753413336,588.7206338610198,103.64520139429929,-0.6900981947236448,0.0,-0.7237157464358271,3.929013079667063,3.929013079667063
121.61524753413336,588.7206338610198,103.64520139429929,111.68473772255851,600.359694472084,94.38975405770458,-0.6900981947236448,0.0,-0.7237157464358271,3.929013079667063,3.929013079667063
111.68473772255851,600.359694472084,94.38975405770458,101.75422791098363,611.9987550831484,85.13430672110984,-0.6900981947236448,0.0,-0.7237157464358271,3.929013079667063,3.929013079667063
102.90726052276148,587.8281881367365,83.98127410933199,111.68473772255851,600.359694472084,94.38975405770458,-0.6900981947236448,0.0,-0.7237157464358271,3.929013079667063,3.929013079667063
111.68473772255851,600.359694472084,94.38975405770458,120.46221492235551,612.8912008074317,104.79823400607714,-0.6900981947236448,0.0,-0.7237157464358271,3.929013079667063,3.929013079667063
120.46221492235551,612.8912008074317,104.79823400607714,110.53170511078065,624.5302614184959,95.54278666948242,-0.6900981947236448,0.0,-0.7237157464358271,3.929013079667063,3.929013079667063
110.53170511078065,624.5302614184959,95.54278666948242,100.60119529920578,636.1693220295601,86.28733933288768,-0.6900981947236448,0.0,-0.7237157464358271,3.929013079667063,3.929013079667063
101.75422791098363,611.9987550831484,85.13430672110984,110.53170511078065,624.5302614184959,95.54278666948242,-0.6900981947236448,0.0,-0.7237157464358271,3.929013079667063,3.929013079667063
110.53170511078065,624.5302614184959,95.54278666948242,119.30918231057767,637.0617677538435,105.95126661785498,-0.6900981947236448,0.0,-0.7237157464358271,3.929013079667063,3.929013079667063
119.30918231057765,637.0617677538436,105.95126661785498,109.3786724990028,648.7008283649079,96.69581928126027,-0.6900981947236448,0.0,-0.7237157464358271,3.929013079667063,3.929013079667063
109.3786724990028,648.7008283649079,96.69581928126027,99.44816268742792,660.3398889759721,87.44037194466554,-0.6900981947236448,0.0,-0.7237157464358271,3.929013079667063,3.929013079667063
100.60119529920577,636.1693220295602,86.28733933288768,109.3786724990028,648.7008283649079,96.69581928126027,-0.6900981947236448,0.0,-0.7237157464358271,3.929013079667063,3.929013079667063
109.3786724990028,648.7008283649079,96.69581928126027,118.15614969879981,661.2323347002555,107.10429922963284,-0.6900981947236448,0.0,-0.7237157464358271,3.929013079667063,3.929013079667063
118.15614969879981,661.2323347002555,107.10429922963284,108.22563988722496,672.8713953113197,97.84885189303812,-0.6900981947236448,0.0,-0.7237157464358271,3.929013079667063,3.929013079667063
108.22563988722496,672.8713953113197,97.84885189303812,98.29513007565008,684.5104559223839,88.59340455644337,-0.6900981947236448,0.0,-0.7237157464358271,3.929013079667063,3.929013079667063
99.44816268742792,660.3398889759721,87.44037194466554,108.22563988722496,672.8713953113197,97.84885189303812,-0.6900981947236448,0.0,-0.7237157464358271,3.929013079667063,3.929013079667063
108.22563988722496,672.8713953113197,97.84885189303812,117.00311708702196,685.4029016466673,108.25733184141068,-0.6900981947236448,0.0,-0.7237157464358271,3.929013079667063,3.929013079667063
117.00311708702196,685.4029016466673,108.25733184141068,107.0726072754471,697.0419622577316,99.00188450481596,-0.6900981947236448,0.0,-0.7237157464358271,3.929013079667063,3.929013079667063
107.0726072754471,697.0419622577316,99.00188450481596,97.14209746387223,708.6810228687958,89.74643716822123,-0.6900981947236448,0.0,-0.7237157464358271,3.929013079667063,3.929013079667063
98.29513007565008,684.5104559223839,88.59340455644337,107.0726072754471,697.0419622577316,99.00188450481596,-0.6900981947236448,0.0,-0.7237157464358271,3.929013079667063,3.929013079667063
107.0726072754471,697.0419622577316,99.00188450481596,115.85008447524412,709.5734685930792,109.41036445318854,-0.6900981947236448,0.0,-0.7237157464358271,3.929013079667063,3.929013079667063
115.85008447524412,709.5734685930792,109.41036445318854,105.91957466366927,721.2125292041434,100.15491711659382,-0.6900981947236448,0.0,-0.7237157464358271,3.929013079667063,3.929013079667063
105.91957466366927,721.2125292041434,100.15491711659382,95.98906485209439,732.8515898152076,90.89946977999908,-0.6900981947236448,0.0,-0.7237157464358271,3.929013079667063,3.929013079667063
97.14209746387223,708.6810228687958,89.74643716822123,105.91957466366927,721.2125292041434,100.15491711659382,-0.6900981947236448,0.0,-0.7237157464358271,3.929013079667063,3.929013079667063
105.91957466366927,721.2125292041434,100.15491711659382,114.69705186346627,733.7440355394909,110.56339706496638,-0.6900981947236448,0.0,-0.7237157464358271,3.929013079667063,3.929013079667063
114.69705186346627,733.7440355394909,110.56339706496638,104.7665420518914,745.3830961505553,101.30794972837165,-0.6900981947236448,0.0,-0.7237157464358271,3.929013079667063,3.929013079667063
104.7665420518914,745.3830961505553,101.30794972837165,94.83603224031654,757.0221567616195,92.05250239177693,-0.6900981947236448,0.0,-0.7237157464358271,3.929013079667063,3.929013079667063
95.98906485209439,732.8515898152076,90.89946977999908,104.7665420518914,745.3830961505553,101.30794972837165,-0.6900981947236448,0.0,-0.7237157464358271,3.929013079667063,3.929013079667063
104.7665420518914,745.3830961505553,101.30794972837165,113.54401925168843,757.9146024859028,111.71642967674423,-0.6900981947236448,0.0,-0.7237157464358271,3.929013079667063,3.929013079667063
113.54401925168841,757.914602485903,111.71642967674423,103.61350944011356,769.5536630969672,102.46098234014951,-0.6900981947236448,0.0,-0.7237157464358271,3.929013079667063,3.929013079667063
103.61350944011356,769.5536630969672,102.46098234014951,93.6829996285387,781.1927237080315,93.20553500355479,-0.6900981947236448,0.0,-0.7237157464358271,3.929013079667063,3.929013079667063
94.83603224031653,757.0221567616196,92.05250239177693,103.61350944011356,769.5536630969672,102.46098234014951,-0.6900981947236448,0.0,-0.7237157464358271,3.929013079667063,3.929013079667063
103.61350944011356,769.5536630969672,102.46098234014951,112.39098663991058,782.0851694323148,112.86946228852209,-0.6900981947236448,0.0,-0.7237157464358271,3.929013079667063,3.929013079667063
112.39098663991058,782.0851694323148,112.86946228852209,102.46047682833571,793.7242300433791,103.61401495192736,-0.6900981947236448,0.0,-0.7237157464358271,3.929013079667063,3.929013079667063
102.46047682833571,793.7242300433791,103.61401495192736,92.52996701676084,805.3632906544433,94.35856761533262,-0.6900981947236448,0.0,-0.7237157464358271,3.929013079667063,3.929013079667063
93.6829996285387,781.1927237080315,93.20553500355479,102.46047682833571,793.7242300433791,103.61401495192736,-0.6900981947236448,0.0,-0.7237157464358271,3.929013079667063,3.929013079667063
102.46047682833571,793.7242300433791,103.61401495192736,111.23795402813272,806.2557363787266,114.02249490029992,-0.6900981947236448,0.0,-0.7237157464358271,3.929013079667063,3.929013079667063
111.23795402813272,806.2557363787266,114.02249490029992,101.30744421655787,817.8947969897908,104.7670475637052,-0.6900981947236448,0.0,-0.7237157464358271,3.929013079667063,3.929013079667063
101.30744421655787,817.8947969897908,104.7670475637052,91.376934404983,829.5338576008552,95.51160022711048,-0.6900981947236448,0.0,-0.7237157464358271,3.929013079667063,3.929013079667063
92.52996701676084,805.3632906544433,94.35856761533262,101.30744421655787,817.8947969897908,104.7670475637052,-0.6900981947236448,0.0,-0.7237157464358271,3.929013079667063,3.929013079667063
101.30744421655787,817.8947969897908,104.7670475637052,110.08492141635489,830.4263033251385,115.17552751207778,-0.6900981947236448,0.0,-0.7237157464358271,3.929013079667063,3.929013079667063
110.08492141635489,830.4263033251385,115.17552751207778,100.15441160478002,842.0653639362027,105.92008017548305,-0.6900981947236448,0.0,-0.7237157464358271,3.929013079667063,3.929013079667063
100.15441160478002,842.0653639362027,105.92008017548305,90.22390179320514,853.704424547267,96.66463283888831,-0.6900981947236448,0.0,-0.7237157464358271,3.929013079667063,3.929013079667063
91.376934404983,829.5338576008552,95.51160022711048,100.15441160478002,842.0653639362027,105.92008017548305,-0.6900981947236448,0.0,-0.7237157464358271,3.929013079667063,3.929013079667063
100.15441160478002,842.0653639362027,105.92008017548305,108.93188880457703,854.5968702715503,116.32856012385561,-0.6900981947236448,0.0,-0.7237157464358271,3.929013079667063,3.929013079667063
108.93188880457703,854.5968702715503,116.32856012385561,99.00137899300218,866.2359308826145,107.0731127872609,-0.6900981947236448,0.0,-0.7237157464358271,3.929013079667063,3.929013079667063
99.00137899300218,866.2359308826145,107.0731127872609,89.07086918142731,877.8749914936789,97.81766545066617,-0.6900981947236448,0.0,-0.7237157464358271,3.929013079667063,3.929013079667063
90.22390179320514,853.704424547267,96.66463283888831,99.00137899300218,866.2359308826145,107.0731127872609,-0.6900981947236448,0.0,-0.7237157464358271,3.929013079667063,3.929013079667063
99.00137899300218,866.2359308826145,107.0731127872609,107.7788561927992,878.7674372179622,117.48159273563347,-0.6900981947236448,0.0,-0.7237157464358271,3.929013079667063,3.929013079667063
107.77885619279918,878.7674372179623,117.48159273563347,97.84834638122433,890.4064978290265,108.22614539903876,-0.6900981947236448,0.0,-0.7237157464358271,3.929013079667063,3.929013079667063
97.84834638122433,890.4064978290265,108.22614539903876,87.91783656964945,902.0455584400908,98.97069806244401,-0.6900981947236448,0.0,-0.7237157464358271,3.929013079667063,3.929013079667063
89.0708691814273,877.874991493679,97.81766545066617,97.84834638122433,890.4064978290265,108.22614539903876,-0.6900981947236448,0.0,-0.7237157464358271,3.929013079667063,3.929013079667063
97.84834638122433,890.4064978290265,108.22614539903876,106.62582358102134,902.9380041643741,118.63462534741132,-0.6900981947236448,0.0,-0.7237157464358271,3.929013079667063,3.929013079667063
106.62582358102134,902.9380041643741,118.63462534741132,96.69531376944647,914.5770647754384,109.37917801081659,-0.6900981947236448,0.0,-0.7237157464358271,3.929013079667063,3.929013079667063
96.69531376944647,914.5770647754384,109.37917801081659,86.76480395787159,926.2161253865027,100.12373067422186,-0.6900981947236448,0.0,-0.7237157464358271,3.929013079667063,3.929013079667063
87.91783656964945,902.0455584400908,98.97069806244401,96.69531376944647,914.5770647754384,109.37917801081659,-0.6900981947236448,0.0,-0.7237157464358271,3.929013079667063,3.929013079667063
96.69531376944647,914.5770647754384,109.37917801081659,105.47279096924348,927.108571110786,119.78765795918916,-0.6900981947236448,0.0,-0.7237157464358271,3.929013079667063,3.929013079667063
105.47279096924348,927.108571110786,119.78765795918916,95.54228115766863,938.7476317218502,110.53221062259445,-0.6900981947236448,0.0,-0.7237157464358271,3.929013079667063,3.929013079667063
95.54228115766863,938.7476317218502,110.53221062259445,85.61177134609376,950.3866923329144,101.27676328599972,-0.6900981947236448,0.0,-0.7237157464358271,3.929013079667063,3.929013079667063
86.76480395787159,926.2161253865027,100.12373067422186,95.54228115766863,938.7476317218502,110.53221062259445,-0.6900981947236448,0.0,-0.7237157464358271,3.929013079667063,3.929013079667063
95.54228115766863,938.7476317218502,110.53221062259445,104.31975835746564,951.2791380571978,120.94069057096702,-0.6900981947236448,0.0,-0.7237157464358271,3.929013079667063,3.929013079667063
104.31975835746564,951.2791380571978,120.94069057096702,94.38924854589078,962.9181986682621,111.6852432343723,-0.6900981947236448,0.0,-0.7237157464358271,3.929013079667063,3.929013079667063
94.38924854589078,962.9181986682621,111.6852432343723,84.4587387343159,974.5572592793263,102.42979589777755,-0.6900981947236448,0.0,-0.7237157464358271,3.929013079667063,3.929013079667063
85.61177134609376,950.3866923329144,101.27676328599972,94.38924854589078,962.9181986682621,111.6852432343723,-0.6900981947236448,0.0,-0.7237157464358271,3.929013079667063,3.929013079667063
94.38924854589078,962.9181986682621,111.6852432343723,103.16672574568778,975.4497050036097,122.09372318274485,-0.6900981947236448,0.0,-0.7237157464358271,3.929013079667063,3.929013079667063
103.16672574568778,975.4497050036097,122.09372318274485,93.23621593411293,987.088765614674,112.83827584615014,-0.6900981947236448,0.0,-0.7237157464358271,3.929013079667063,3.929013079667063
93.23621593411293,987.088765614674,112.83827584615014,83.30570612253807,998.7278262257382,103.58282850955541,-0.6900981947236448,0.0,-0.7237157464358271,3.929013079667063,3.929013079667063
84.4587387343159,974.5572592793263,102.42979589777755,93.23621593411293,987.088765614674,112.83827584615014,-0.6900981947236448,0.0,-0.7237157464358271,3.929013079667063,3.929013079667063
93.23621593411293,987.088765614674,112.83827584615014,102.01369313390995,999.6202719500216,123.24675579452271,-0.6900981947236448,0.0,-0.7237157464358271,3.929013079667063,3.929013079667063
102.01369313390994,999.6202719500216,123.24675579452271,92.08318332233509,1011.259332561086,113.991308457928,-0.6900981947236448,0.0,-0.7237157464358271,3.929013079667063,3.929013079667063
92.08318332233509,1011.259332561086,113.991308457928,82.15267351076021,1022.8983931721502,104.73586112133326,-0.6900981947236448,0.0,-0.7237157464358271,3.929013079667063,3.929013079667063
83.30570612253806,998.7278262257382,103.58282850955541,92.08318332233509,1011.259332561086,113.991308457928,-0.6900981947236448,0.0,-0.7237157464358271,3.929013079667063,3.929013079667063
92.08318332233509,1011.259332561086,113.991308457928,100.8606605221321,1023.7908388964336,124.39978840630056,-0.6900981947236448,0.0,-0.7237157464358271,3.929013079667063,3.929013079667063
100.8606605221321,1023.7908388964336,124.39978840630056,90.93015071055723,1035.4298995074978,115.14434106970583,-0.6900981947236448,0.0,-0.7237157464358271,3.929013079667063,3.929013079667063
90.93015071055723,1035.4298995074978,115.14434106970583,80.99964089898236,1047.068960118562,105.8888937331111,-0.6900981947236448,0.0,-0.7237157464358271,3.929013079667063,3.929013079667063
82.15267351076021,1022.8983931721502,104.73586112133326,90.93015071055723,1035.4298995074978,115.14434106970583,-0.6900981947236448,0.0,-0.7237157464358271,3.929013079667063,3.929013079667063
90.93015071055723,1035.4298995074978,115.14434106970583,99.70762791035425,1047.9614058428454,125.5528210180784,-0.6900981947236448,0.0,-0.7237157464358271,3.929013079667063,3.929013079667063
99.70762791035425,1047.9614058428454,125.5528210180784,89.7771180987794,1059.6004664539096,116.29737368148369,-0.6900981947236448,0.0,-0.7237157464358271,3.929013079667063,3.929013079667063
89.7771180987794,1059.6004664539096,116.29737368148369,79.84660828720452,1071.2395270649738,107.04192634488895,-0.6900981947236448,0.0,-0.7237157464358271,3.929013079667063,3.929013079667063
80.99964089898236,1047.068960118562,105.8888937331111,89.7771180987794,1059.6004664539096,116.29737368148369,-0.6900981947236448,0.0,-0.7237157464358271,3.929013079667063,3.929013079667063
89.7771180987794,1059.6004664539096,116.29737368148369,98.5545952985764,1072.1319727892571,126.70585362985625,-0.6900981947236448,0.0,-0.7237157464358271,3.929013079667063,3.929013079667063
98.5545952985764,1072.1319727892571,126.70585362985625,88.62408548700154,1083.7710334003214,117.45040629326152,-0.6900981947236448,0.0,-0.7237157464358271,3.929013079667063,3.929013079667063
88.62408548700154,1083.7710334003214,117.45040629326152,78.69357567542667,1095.4100940113856,108.1949589566668,-0.6900981947236448,0.0,-0.7237157464358271,3.929013079667063,3.929013079667063
79.84660828720452,1071.2395270649738,107.04192634488895,88.62408548700154,1083.7710334003214,117.45040629326152,-0.6900981947236448,0.0,-0.7237157464358271,3.929013079667063,3.929013079667063
88.62408548700154,1083.7710334003214,117.45040629326152,97.40156268679856,1096.302539735669,127.8588862416341,-0.6900981947236448,0.0,-0.7237157464358271,3.929013079667063,3.929013079667063
97.40156268679856,1096.302539735669,127.8588862416341,87.4710528752237,1107.9416003467331,118.60343890503938,-0.6900981947236448,0.0,-0.7237157464358271,3.929013079667063,3.929013079667063
87.4710528752237,1107.9416003467331,118.60343890503938,77.54054306364883,1119.5806609577976,109.34799156844463,-0.6900981947236448,0.0,-0.7237157464358271,3.929013079667063,3.929013079667063
78.69357567542667,1095.4100940113856,108.1949589566668,87.4710528752237,1107.9416003467331,118.60343890503938,-0.6900981947236448,0.0,-0.7237157464358271,3.929013079667063,3.929013079667063
87.4710528752237,1107.9416003467331,118.60343890503938,96.24853007502071,1120.473106682081,129.01191885341194,-0.6900981947236448,0.0,-0.7237157464358271,3.929013079667063,3.929013079667063
96.24853007502071,1120.473106682081,129.01191885341194,86.31802026344585,1132.1121672931451,119.75647151681724,-0.6900981947236448,0.0,-0.7237157464358271,3.929013079667063,3.929013079667063
86.31802026344585,1132.1121672931451,119.75647151681724,76.38751045187097,1143.7512279042094,110.50102418022249,-0.6900981947236448,0.0,-0.7237157464358271,3.929013079667063,3.929013079667063
77.54054306364883,1119.5806609577976,109.34799156844463,86.31802026344585,1132.1121672931451,119.75647151681724,-0.6900981947236448,0.0,-0.7237157464358271,3.929013079667063,3.929013079667063
86.31802026344585,1132.1121672931451,119.75647151681724,95.09549746324285,1144.6436736284927,130.1649514651898,-0.6900981947236448,0.0,-0.7237157464358271,3.929013079667063,3.929013079667063
129.427010593652,31.905148369263635,96.78937860837613,138.204487793449,44.43665470461121,87.53393127178138,0.6900981947236448,0.0,-0.7237157464358271,3.929013079667063,3.929013079667063
138.204487793449,44.43665470461121,87.53393127178138,146.981964993246,56.968161039958794,78.27848393518666,0.6900981947236448,0.0,-0.7237157464358271,3.929013079667063,3.929013079667063
148.13499760502387,32.79759409354693,77.12545132340881,138.204487793449,44.43665470461121,87.53393127178138,0.6900981947236448,0.0,-0.7237157464358271,3.929013079667063,3.929013079667063
138.204487793449,44.43665470461121,87.53393127178138,128.27397798187414,56.0757153156755,97.94241122015397,0.6900981947236448,0.0,-0.7237157464358271,3.929013079667063,3.929013079667063
128.27397798187414,56.0757153156755,97.94241122015397,137.05145518167114,68.60722165102305,88.68696388355923,0.6900981947236448,0.0,-0.7237157464358271,3.929013079667063,3.929013079667063
137.05145518167114,68.60722165102305,88.68696388355923,145.82893238146815,81.13872798637064,79.4315165469645,0.6900981947236448,0.0,-0.7237157464358271,3.929013079667063,3.929013079667063
146.981964993246,56.968161039958794,78.27848393518666,137.05145518167114,68.60722165102305,88.68696388355923,0.6900981947236448,0.0,-0.7237157464358271,3.929013079667063,3.929013079667063
137.05145518167114,68.60722165102305,88.68696388355923,127.12094537009631,80.24628226208736,99.09544383193182,0.6900981947236448,0.0,-0.7237157464358271,3.929013079667063,3.929013079667063
127.12094537009631,80.24628226208736,99.09544383193182,135.8984225698933,92.77778859743492,89.83999649533709,0.6900981947236448,0.0,-0.7237157464358271,3.929013079667063,3.929013079667063
135.8984225698933,92.77778859743492,89.83999649533709,144.67589976969032,105.3092949327825,80.58454915874235,0.6900981947236448,0.0,-0.7237157464358271,3.929013079667063,3.929013079667063
145.82893238146815,81.13872798637064,79.4315165469645,135.8984225698933,92.77778859743492,89.83999649533709,0.6900981947236448,0.0,-0.7237157464358271,3.929013079667063,3.929013079667063
135.8984225698933,92.77778859743492,89.83999649533709,125.96791275831846,104.41684920849923,100.24847644370966,0.6900981947236448,0.0,-0.7237157464358271,3.929013079667063,3.929013079667063
125.96791275831846,104.4168492084992,100.24847644370966,134.74538995811545,116.94835554384679,90.99302910711494,0.6900981947236448,0.0,-0.7237157464358271,3.929013079667063,3.929013079667063
134.74538995811545,116.94835554384679,90.99302910711494,143.52286715791246,129.47986187919437,81.7375817705202,0.6900981947236448,0.0,-0.7237157464358271,3.929013079667063,3.929013079667063
144.67589976969032,105.30929493278248,80.58454915874235,134.74538995811545,116.94835554384679,90.99302910711494,0.6900981947236448,0.0,-0.7237157464358271,3.929013079667063,3.929013079667063
134.74538995811545,116.94835554384679,90.99302910711494,124.81488014654062,128.5874161549111,101.40150905548751,0.6900981947236448,0.0,-0.7237157464358271,3.929013079667063,3.929013079667063
124.81488014654062,128.5874161549111,101.40150905548751,133.59235734633762,141.11892249025868,92.14606171889278,0.6900981947236448,0.0,-0.7237157464358271,3.929013079667063,3.929013079667063
133.59235734633762,141.11892249025868,92.14606171889278,142.36983454613463,153.65042882560624,82.89061438229805,0.6900981947236448,0.0,-0.7237157464358271,3.929013079667063,3.929013079667063
143.52286715791246,129.47986187919437,81.7375817705202,133.59235734633762,141.11892249025868,92.14606171889278,0.6900981947236448,0.0,-0.7237157464358271,3.929013079667063,3.929013079667063
133.59235734633762,141.11892249025868,92.14606171889278,123.66184753476277,152.75798310132296,102.55454166726537,0.6900981947236448,0.0,-0.7237157464358271,3.929013079667063,3.929013079667063
123.66184753476277,152.75798310132296,102.55454166726537,132.43932473455976,165.28948943667055,93.29909433067063,0.6900981947236448,0.0,-0.7237157464358271,3.929013079667063,3.929013079667063
132.43932473455976,165.28948943667055,93.29909433067063,141.21680193435677,177.8209957720181,84.0436469940759,0.6900981947236448,0.0,-0.7237157464358271,3.929013079667063,3.929013079667063
142.36983454613463,153.65042882560624,82.89061438229805,132.43932473455976,165.28948943667055,93.29909433067063,0.6900981947236448,0.0,-0.7237157464358271,3.929013079667063,3.929013079667063
132.43932473455976,165.28948943667055,93.29909433067063,122.50881492298491,176.92855004773483,103.70757427904321,0.6900981947236448,0.0,-0.7237157464358271,3.929013079667063,3.929013079667063
122.50881492298491,176.92855004773483,103.70757427904321,131.28629212278193,189.4600563830824,94.45212694244847,0.6900981947236448,0.0,-0.7237157464358271,3.929013079667063,3.929013079667063
131.28629212278193,189.4600563830824,94.45212694244847,140.0637693225789,201.99156271842995,85.19667960585375,0.6900981947236448,0.0,-0.7237157464358271,3.929013079667063,3.929013079667063
141.21680193435677,177.8209957720181,84.0436469940759,131.28629212278193,189.4600563830824,94.45212694244847,0.6900981947236448,0.0,-0.7237157464358271,3.929013079667063,3.929013079667063
131.28629212278193,189.4600563830824,94.45212694244847,121.35578231120707,201.09911699414667,104.86060689082106,0.6900981947236448,0.0,-0.7237157464358271,3.929013079667063,3.929013079667063
121.35578231120707,201.0991169941467,104.86060689082106,130.13325951100407,213.63062332949428,95.60515955422632,0.6900981947236448,0.0,-0.7237157464358271,3.929013079667063,3.929013079667063
130.13325951100407,213.63062332949428,95.60515955422632,138.91073671080107,226.16212966484179,86.34971221763159,0.6900981947236448,0.0,-0.7237157464358271,3.929013079667063,3.929013079667063
140.0637693225789,201.99156271842998,85.19667960585375,130.13325951100407,213.63062332949428,95.60515955422632,0.6900981947236448,0.0,-0.7237157464358271,3.929013079667063,3.929013079667063
130.13325951100407,213.63062332949428,95.60515955422632,120.20274969942922,225.2696839405585,106.0136395025989,0.6900981947236448,0.0,-0.7237157464358271,3.929013079667063,3.929013079667063
120.20274969942922,225.26968394055856,106.0136395025989,128.9802268992262,237.80119027590612,96.75819216600418,0.6900981947236448,0.0,-0.7237157464358271,3.929013079667063,3.929013079667063
128.9802268992262,237.80119027590612,96.75819216600418,137.75770409902321,250.33269661125368,87.50274482940944,0.6900981947236448,0.0,-0.7237157464358271,3.929013079667063,3.929013079667063
138.91073671080107,226.16212966484184,86.34971221763159,128.9802268992262,237.80119027590612,96.75819216600418,0.6900981947236448,0.0,-0.7237157464358271,3.929013079667063,3.929013079667063
128.9802268992262,237.80119027590612,96.75819216600418,119.04971708765137,249.4402508869704,107.16667211437675,0.6900981947236448,0.0,-0.7237157464358271,3.929013079667063,3.929013079667063
119.04971708765137,249.4402508869704,107.16667211437675,127.82719428744836,261.97175722231805,97.91122477778202,0.6900981947236448,0.0,-0.7237157464358271,3.929013079667063,3.929013079667063
127.82719428744836,261.97175722231805,97.91122477778202,136.60467148724538,274.50326355766555,88.65577744118728,0.6900981947236448,0.0,-0.7237157464358271,3.929013079667063,3.929013079667063
137.75770409902321,250.33269661125368,87.50274482940944,127.82719428744836,261.97175722231805,97.91122477778202,0.6900981947236448,0.0,-0.7237157464358271,3.929013079667063,3.929013079667063
127.82719428744836,261.97175722231805,97.91122477778202,117.89668447587353,273.61081783338227,108.3197047261546,0.6900981947236448,0.0,-0.7237157464358271,3.929013079667063,3.929013079667063
117.89668447587353,273.61081783338227,108.3197047261546,126.67416167567052,286.1423241687299,99.06425738955987,0.6900981947236448,0.0,-0.7237157464358271,3.929013079667063,3.929013079667063
126.67416167567052,286.1423241687299,99.06425738955987,135.45163887546752,298.6738305040774,89.80881005296513,0.6900981947236448,0.0,-0.7237157464358271,3.929013079667063,3.929013079667063
136.60467148724538,274.50326355766555,88.65577744118728,126.67416167567052,286.1423241687299,99.06425738955987,0.6900981947236448,0.0,-0.7237157464358271,3.929013079667063,3.929013079667063
126.67416167567052,286.1423241687299,99.06425738955987,116.74365186409568,297.7813847797941,109.47273733793244,0.6900981947236448,0.0,-0.7237157464358271,3.929013079667063,3.929013079667063
116.74365186409568,297.7813847797941,109.47273733793244,125.52112906389267,310.3128911151417,100.21729000133772,0.6900981947236448,0.0,-0.7237157464358271,3.929013079667063,3.929013079667063
125.52112906389267,310.3128911151417,100.21729000133772,134.2986062636897,322.8443974504892,90.96184266474297,0.6900981947236448,0.0,-0.7237157464358271,3.929013079667063,3.929013079667063
135.45163887546752,298.6738305040774,89.80881005296513,125.52112906389267,310.3128911151417,100.21729000133772,0.6900981947236448,0.0,-0.7237157464358271,3.929013079667063,3.929013079667063
125.52112906389267,310.3128911151417,100.21729000133772,115.59061925231784,321.95195172620595,110.62576994971029,0.6900981947236448,0.0,-0.7237157464358271,3.929013079667063,3.929013079667063
115.59061925231784,321.95195172620595,110.62576994971029,124.36809645211483,334.48345806155356,101.37032261311556,0.6900981947236448,0.0,-0.7237157464358271,3.929013079667063,3.929013079667063
124.36809645211483,334.48345806155356,101.37032261311556,133.14557365191183,347.0149643969011,92.11487527652082,0.6900981947236448,0.0,-0.7237157464358271,3.929013079667063,3.929013079667063
134.2986062636897,322.8443974504892,90.96184266474297,124.36809645211483,334.48345806155356,101.37032261311556,0.6900981947236448,0.0,-0.7237157464358271,3.929013079667063,3.929013079667063
124.36809645211483,334.48345806155356,101.37032261311556,114.43758664053998,346.12251867261784,111.77880256148813,0.6900981947236448,0.0,-0.7237157464358271,3.929013079667063,3.929013079667063
114.43758664053998,346.12251867261784,111.77880256148813,123.21506384033698,358.6540250079654,102.52335522489341,0.6900981947236448,0.0,-0.7237157464358271,3.929013079667063,3.929013079667063
123.21506384033698,358.6540250079654,102.52335522489341,131.992541040134,371.18553134331296,93.26790788829868,0.6900981947236448,0.0,-0.7237157464358271,3.929013079667063,3.929013079667063
133.14557365191183,347.0149643969011,92.11487527652082,123.21506384033698,358.6540250079654,102.52335522489341,0.6900981947236448,0.0,-0.7237157464358271,3.929013079667063,3.929013079667063
123.21506384033698,358.6540250079654,102.52335522489341,113.28455402876214,370.2930856190297,112.931835173266,0.6900981947236448,0.0,-0.7237157464358271,3.929013079667063,3.929013079667063
113.28455402876214,370.2930856190297,112.931835173266,122.06203122855914,382.82459195437724,103.67638783667125,0.6900981947236448,0.0,-0.7237157464358271,3.929013079667063,3.929013079667063
122.06203122855914,382.82459195437724,103.67638783667125,130.83950842835614,395.3560982897248,94.42094050007653,0.6900981947236448,0.0,-0.7237157464358271,3.929013079667063,3.929013079667063
131.992541040134,371.18553134331296,93.26790788829868,122.06203122855914,382.82459195437724,103.67638783667125,0.6900981947236448,0.0,-0.7237157464358271,3.929013079667063,3.929013079667063
122.06203122855914,382.82459195437724,103.67638783667125,112.13152141698428,394.4636525654415,114.08486778504384,0.6900981947236448,0.0,-0.7237157464358271,3.929013079667063,3.929013079667063
112.13152141698428,394.46365256544163,114.08486778504384,120.90899861678128,406.9951589007892,104.8294204484491,0.6900981947236448,0.0,-0.7237157464358271,3.929013079667063,3.929013079667063
120.90899861678128,406.9951589007892,104.8294204484491,129.68647581657828,419.52666523613675,95.57397311185437,0.6900981947236448,0.0,-0.7237157464358271,3.929013079667063,3.929013079667063
130.83950842835614,395.3560982897249,94.42094050007653,120.90899861678128,406.9951589007892,104.8294204484491,0.6900981947236448,0.0,-0.7237157464358271,3.929013079667063,3.929013079667063
120.90899861678128,406.9951589007892,104.8294204484491,110.97848880520644,418.6342195118535,115.23790039682169,0.6900981947236448,0.0,-0.7237157464358271,3.929013079667063,3.929013079667063
110.97848880520644,418.6342195118535,115.23790039682169,119.75596600500343,431.16572584720103,105.98245306022696,0.6900981947236448,0.0,-0.7237157464358271,3.929013079667063,3.929013079667063
119.75596600500343,431.16572584720103,105.98245306022696,128.53344320480045,443.6972321825486,96.72700572363222,0.6900981947236448,0.0,-0.7237157464358271,3.929013079667063,3.929013079667063
129.68647581657828,419.52666523613675,95.57397311185437,119.75596600500343,431.16572584720103,105.98245306022696,0.6900981947236448,0.0,-0.7237157464358271,3.929013079667063,3.929013079667063
119.75596600500343,431.16572584720103,105.98245306022696,109.8254561934286,442.8047864582653,116.39093300859953,0.6900981947236448,0.0,-0.7237157464358271,3.929013079667063,3.929013079667063
109.8254561934286,442.8047864582653,116.39093300859953,118.60293339322558,455.33629279361287,107.1354856720048,0.6900981947236448,0.0,-0.7237157464358271,3.929013079667063,3.929013079667063
118.60293339322558,455.33629279361287,107.1354856720048,127.3804105930226,467.86779912896054,97.88003833541006,0.6900981947236448,0.0,-0.7237157464358271,3.929013079667063,3.929013079667063
128.53344320480045,443.6972321825486,96.72700572363222,118.60293339322558,455.33629279361287,107.1354856720048,0.6900981947236448,0.0,-0.7237157464358271,3.929013079667063,3.929013079667063
118.60293339322558,455.33629279361287,107.1354856720048,108.67242358165075,466.9753534046772,117.54396562037738,0.6900981947236448,0.0,-0.7237157464358271,3.929013079667063,3.929013079667063
108.67242358165075,466.9753534046772,117.54396562037738,117.44990078144774,479.50685974002477,108.28851828378265,0.6900981947236448,0.0,-0.7237157464358271,3.929013079667063,3.929013079667063
117.44990078144774,479.50685974002477,108.28851828378265,126.22737798124476,492.0383660753723,99.03307094718791,0.6900981947236448,0.0,-0.7237157464358271,3.929013079667063,3.929013079667063
127.3804105930226,467.86779912896054,97.88003833541006,117.44990078144774,479.50685974002477,108.28851828378265,0.6900981947236448,0.0,-0.7237157464358271,3.929013079667063,3.929013079667063
117.44990078144774,479.50685974002477,108.28851828378265,107.5193909698729,491.145920351089,118.69699823215522,0.6900981947236448,0.0,-0.7237157464358271,3.929013079667063,3.929013079667063
107.5193909698729,491.145920351089,118.69699823215522,116.29686816966989,503.67742668643666,109.4415508955605,0.6900981947236448,0.0,-0.7237157464358271,3.929013079667063,3.929013079667063
116.29686816966989,503.67742668643666,109.4415508955605,125.0743453694669,516.2089330217842,100.18610355896575,0.6900981947236448,0.0,-0.7237157464358271,3.929013079667063,3.929013079667063
126.22737798124476,492.0383660753723,99.03307094718791,116.29686816966989,503.67742668643666,109.4415508955605,0.6900981947236448,0.0,-0.7237157464358271,3.929013079667063,3.929013079667063
116.29686816966989,503.67742668643666,109.4415508955605,106.36635835809504,515.3164872975009,119.85003084393307,0.6900981947236448,0.0,-0.7237157464358271,3.929013079667063,3.929013079667063
106.36635835809504,515.316487297501,119.85003084393308,115.14383555789205,527.8479936328486,110.59458350733834,0.6900981947236448,0.0,-0.7237157464358271,3.929013079667063,3.929013079667063
115.14383555789205,527.8479936328486,110.59458350733834,123.92131275768905,540.3794999681961,101.33913617074361,0.6900981947236448,0.0,-0.7237157464358271,3.929013079667063,3.929013079667063
125.0743453694669,516.2089330217843,100.18610355896577,115.14383555789205,527.8479936328486,110.59458350733834,0.6900981947236448,0.0,-0.7237157464358271,3.929013079667063,3.929013079667063
115.14383555789205,527.8479936328486,110.59458350733834,105.2133257463172,539.4870542439128,121.00306345571093,0.6900981947236448,0.0,-0.7237157464358271,3.929013079667063,3.929013079667063
105.2133257463172,539.4870542439128,121.00306345571093,113.9908029461142,552.0185605792603,111.7476161191162,0.6900981947236448,0.0,-0.7237157464358271,3.929013079667063,3.929013079667063
113.9908029461142,552.0185605792603,111.7476161191162,122.7682801459112,564.550066914608,102.49216878252146,0.6900981947236448,0.0,-0.7237157464358271,3.929013079667063,3.929013079667063
123.92131275768905,540.3794999681961,101.33913617074361,113.9908029461142,552.0185605792603,111.7476161191162,0.6900981947236448,0.0,-0.7237157464358271,3.929013079667063,3.929013079667063
113.9908029461142,552.0185605792603,111.7476161191162,104.06029313453935,563.6576211903247,122.15609606748878,0.6900981947236448,0.0,-0.7237157464358271,3.929013079667063,3.929013079667063
104.06029313453935,563.6576211903247,122.15609606748878,112.83777033433634,576.1891275256722,112.90064873089403,0.6900981947236448,0.0,-0.7237157464358271,3.929013079667063,3.929013079667063
112.83777033433634,576.1891275256722,112.90064873089403,121.61524753413336,588.7206338610198,103.6452013942993,0.6900981947236448,0.0,-0.7237157464358271,3.929013079667063,3.929013079667063
122.7682801459112,564.550066914608,102.49216878252146,112.83777033433634,576.1891275256722,112.90064873089403,0.6900981947236448,0.0,-0.7237157464358271,3.929013079667063,3.929013079667063
112.83777033433634,576.1891275256722,112.90064873089403,102.9072605227615,587.8281881367365,123.30912867926662,0.6900981947236448,0.0,-0.7237157464358271,3.929013079667063,3.929013079667063
102.9072605227615,587.8281881367365,123.30912867926662,111.68473772255851,600.359694472084,114.0536813426719,0.6900981947236448,0.0,-0.7237157464358271,3.929013079667063,3.929013079667063
111.68473772255851,600.359694472084,114.0536813426719,120.46221492235551,612.8912008074317,104.79823400607715,0.6900981947236448,0.0,-0.7237157464358271,3.929013079667063,3.929013079667063
121.61524753413336,588.7206338610198,103.6452013942993,111.68473772255851,600.359694472084,114.0536813426719,0.6900981947236448,0.0,-0.7237157464358271,3.929013079667063,3.929013079667063
111.68473772255851,600.359694472084,114.0536813426719,101.75422791098366,611.9987550831484,124.46216129104447,0.6900981947236448,0.0,-0.7237157464358271,3.929013079667063,3.929013079667063
101.75422791098366,611.9987550831484,124.46216129104447,110.53170511078065,624.5302614184959,115.20671395444974,0.6900981947236448,0.0,-0.7237157464358271,3.929013079667063,3.929013079667063
110.53170511078065,624.5302614184959,115.20671395444974,119.30918231057767,637.0617677538435,105.951266617855,0.6900981947236448,0.0,-0.7237157464358271,3.929013079667063,3.929013079667063
120.46221492235551,612.8912008074317,104.79823400607715,110.53170511078065,624.5302614184959,115.20671395444974,0.6900981947236448,0.0,-0.7237157464358271,3.929013079667063,3.929013079667063
110.53170511078065,624.5302614184959,115.20671395444974,100.60119529920581,636.1693220295601,125.61519390282231,0.6900981947236448,0.0,-0.7237157464358271,3.929013079667063,3.929013079667063
100.6011952992058,636.1693220295602,125.61519390282231,109.3786724990028,648.7008283649079,116.35974656622759,0.6900981947236448,0.0,-0.7237157464358271,3.929013079667063,3.929013079667063
109.3786724990028,648.7008283649079,116.35974656622759,118.15614969879981,661.2323347002555,107.10429922963286,0.6900981947236448,0.0,-0.7237157464358271,3.929013079667063,3.929013079667063
119.30918231057765,637.0617677538436,105.951266617855,109.3786724990028,648.7008283649079,116.35974656622759,0.6900981947236448,0.0,-0.7237157464358271,3.929013079667063,3.929013079667063
109.3786724990028,648.7008283649079,116.35974656622759,99.44816268742795,660.3398889759721,126.76822651460017,0.6900981947236448,0.0,-0.7237157464358271,3.929013079667063,3.929013079667063
99.44816268742795,660.3398889759721,126.76822651460017,108.22563988722496,672.8713953113197,117.51277917800543,0.6900981947236448,0.0,-0.7237157464358271,3.929013079667063,3.929013079667063
108.22563988722496,672.8713953113197,117.51277917800543,117.00311708702196,685.4029016466673,108.25733184141069,0.6900981947236448,0.0,-0.7237157464358271,3.929013079667063,3.929013079667063
118.15614969879981,661.2323347002555,107.10429922963286,108.22563988722496,672.8713953113197,117.51277917800543,0.6900981947236448,0.0,-0.7237157464358271,3.929013079667063,3.929013079667063
108.22563988722496,672.8713953113197,117.51277917800543,98.2951300756501,684.5104559223839,127.921259126378,0.6900981947236448,0.0,-0.7237157464358271,3.929013079667063,3.929013079667063
98.2951300756501,684.5104559223839,127.921259126378,107.0726072754471,697.0419622577316,118.66581178978328,0.6900981947236448,0.0,-0.7237157464358271,3.929013079667063,3.929013079667063
107.0726072754471,697.0419622577316,118.66581178978328,115.85008447524412,709.5734685930792,109.41036445318855,0.6900981947236448,0.0,-0.7237157464358271,3.929013079667063,3.929013079667063
117.00311708702196,685.4029016466673,108.25733184141069,107.0726072754471,697.0419622577316,118.66581178978328,0.6900981947236448,0.0,-0.7237157464358271,3.929013079667063,3.929013079667063
107.0726072754471,697.0419622577316,118.66581178978328,97.14209746387226,708.6810228687958,129.07429173815586,0.6900981947236448,0.0,-0.7237157464358271,3.929013079667063,3.929013079667063
97.14209746387226,708.6810228687958,129.07429173815586,105.91957466366927,721.2125292041434,119.81884440156114,0.6900981947236448,0.0,-0.7237157464358271,3.929013079667063,3.929013079667063
105.91957466366927,721.2125292041434,119.81884440156114,114.69705186346627,733.7440355394909,110.5633970649664,0.6900981947236448,0.0,-0.7237157464358271,3.929013079667063,3.929013079667063
115.85008447524412,709.5734685930792,109.41036445318855,105.91957466366927,721.2125292041434,119.81884440156114,0.6900981947236448,0.0,-0.7237157464358271,3.929013079667063,3.929013079667063
105.91957466366927,721.2125292041434,119.81884440156114,95.98906485209442,732.8515898152076,130.22732434993372,0.6900981947236448,0.0,-0.7237157464358271,3.929013079667063,3.929013079667063
95.98906485209442,732.8515898152076,130.22732434993372,104.7665420518914,745.3830961505553,120.97187701333897,0.6900981947236448,0.0,-0.7237157464358271,3.929013079667063,3.929013079667063
104.7665420518914,745.3830961505553,120.97187701333897,113.54401925168843,757.9146024859028,111.71642967674424,0.6900981947236448,0.0,-0.7237157464358271,3.929013079667063,3.929013079667063
114.69705186346627,733.7440355394909,110.5633970649664,104.7665420518914,745.3830961505553,120.97187701333897,0.6900981947236448,0.0,-0.7237157464358271,3.929013079667063,3.929013079667063
104.7665420518914,745.3830961505553,120.97187701333897,94.83603224031657,757.0221567616195,131.38035696171156,0.6900981947236448,0.0,-0.7237157464358271,3.929013079667063,3.929013079667063
94.83603224031656,757.0221567616196,131.38035696171156,103.61350944011356,769.5536630969672,122.12490962511683,0.6900981947236448,0.0,-0.7237157464358271,3.929013079667063,3.929013079667063
103.61350944011356,769.5536630969672,122.12490962511683,112.39098663991058,782.0851694323148,112.8694622885221,0.6900981947236448,0.0,-0.7237157464358271,3.929013079667063,3.929013079667063
113.54401925168841,757.914602485903,111.71642967674424,103.61350944011356,769.5536630969672,122.12490962511683,0.6900981947236448,0.0,-0.7237157464358271,3.929013079667063,3.929013079667063
103.61350944011356,769.5536630969672,122.12490962511683,93.68299962853872,781.1927237080315,132.53338957348942,0.6900981947236448,0.0,-0.7237157464358271,3.929013079667063,3.929013079667063
93.68299962853872,781.1927237080315,132.53338957348942,102.46047682833571,793.7242300433791,123.27794223689467,0.6900981947236448,0.0,-0.7237157464358271,3.929013079667063,3.929013079667063
102.46047682833571,793.7242300433791,123.27794223689467,111.23795402813272,806.2557363787266,114.02249490029993,0.6900981947236448,0.0,-0.7237157464358271,3.929013079667063,3.929013079667063
112.39098663991058,782.0851694323148,112.8694622885221,102.46047682833571,793.7242300433791,123.27794223689467,0.6900981947236448,0.0,-0.7237157464358271,3.929013079667063,3.929013079667063
102.46047682833571,793.7242300433791,123.27794223689467,92.52996701676086,805.3632906544433,133.68642218526725,0.6900981947236448,0.0,-0.7237157464358271,3.929013079667063,3.929013079667063
92.52996701676086,805.3632906544433,133.68642218526725,101.30744421655787,817.8947969897908,124.43097484867252,0.6900981947236448,0.0,-0.7237157464358271,3.929013079667063,3.929013079667063
101.30744421655787,817.8947969897908,124.43097484867252,110.08492141635489,830.4263033251385,115.17552751207779,0.6900981947236448,0.0,-0.7237157464358271,3.929013079667063,3.929013079667063
111.23795402813272,806.2557363787266,114.02249490029993,101.30744421655787,817.8947969897908,124.43097484867252,0.6900981947236448,0.0,-0.7237157464358271,3.929013079667063,3.929013079667063
101.30744421655787,817.8947969897908,124.43097484867252,91.37693440498303,829.5338576008552,134.8394547970451,0.6900981947236448,0.0,-0.7237157464358271,3.929013079667063,3.929013079667063
91.37693440498303,829.5338576008552,134.8394547970451,100.15441160478002,842.0653639362027,125.58400746045037,0.6900981947236448,0.0,-0.7237157464358271,3.929013079667063,3.929013079667063
100.15441160478002,842.0653639362027,125.58400746045037,108.93188880457703,854.5968702715503,116.32856012385562,0.6900981947236448,0.0,-0.7237157464358271,3.929013079667063,3.929013079667063
110.08492141635489,830.4263033251385,115.17552751207779,100.15441160478002,842.0653639362027,125.58400746045037,0.6900981947236448,0.0,-0.7237157464358271,3.929013079667063,3.929013079667063
100.15441160478002,842.0653639362027,125.58400746045037,90.22390179320517,853.704424547267,135.99248740882294,0.6900981947236448,0.0,-0.7237157464358271,3.929013079667063,3.929013079667063
90.22390179320517,853.704424547267,135.99248740882294,99.00137899300218,866.2359308826145,126.73704007222821,0.6900981947236448,0.0,-0.7237157464358271,3.929013079667063,3.929013079667063
99.00137899300218,866.2359308826145,126.73704007222821,107.7788561927992,878.7674372179622,117.48159273563348,0.6900981947236448,0.0,-0.7237157464358271,3.929013079667063,3.929013079667063
108.93188880457703,854.5968702715503,116.32856012385562,99.00137899300218,866.2359308826145,126.73704007222821,0.6900981947236448,0.0,-0.7237157464358271,3.929013079667063,3.929013079667063
99.00137899300218,866.2359308826145,126.73704007222821,89.07086918142734,877.8749914936789,137.1455200206008,0.6900981947236448,0.0,-0.7237157464358271,3.929013079667063,3.929013079667063
89.07086918142733,877.874991493679,137.1455200206008,97.84834638122433,890.4064978290265,127.89007268400607,0.6900981947236448,0.0,-0.7237157464358271,3.929013079667063,3.929013079667063
97.84834638122433,890.4064978290265,127.89007268400607,106.62582358102134,902.9380041643741,118.63462534741133,0.6900981947236448,0.0,-0.7237157464358271,3.929013079667063,3.929013079667063
107.77885619279918,878.7674372179623,117.48159273563348,97.84834638122433,890.4064978290265,127.89007268400607,0.6900981947236448,0.0,-0.7237157464358271,3.929013079667063,3.929013079667063
97.84834638122433,890.4064978290265,127.89007268400607,87.91783656964948,902.0455584400908,138.29855263237863,0.6900981947236448,0.0,-0.7237157464358271,3.929013079667063,3.929013079667063
87.91783656964948,902.0455584400908,138.29855263237863,96.69531376944647,914.5770647754384,129.0431052957839,0.6900981947236448,0.0,-0.7237157464358271,3.929013079667063,3.929013079667063
96.69531376944647,914.5770647754384,129.0431052957839,105.47279096924348,927.108571110786,119.78765795918918,0.6900981947236448,0.0,-0.7237157464358271,3.929013079667063,3.929013079667063
106.62582358102134,902.9380041643741,118.63462534741133,96.69531376944647,914.5770647754384,129.0431052957839,0.6900981947236448,0.0,-0.7237157464358271,3.929013079667063,3.929013079667063
96.69531376944647,914.5770647754384,129.0431052957839,86.76480395787162,926.2161253865027,139.4515852441565,0.6900981947236448,0.0,-0.7237157464358271,3.929013079667063,3.929013079667063
86.76480395787162,926.2161253865027,139.4515852441565,95.54228115766863,938.7476317218502,130.19613790756176,0.6900981947236448,0.0,-0.7237157464358271,3.929013079667063,3.929013079667063
95.54228115766863,938.7476317218502,130.19613790756176,104.31975835746564,951.2791380571978,120.94069057096704,0.6900981947236448,0.0,-0.7237157464358271,3.929013079667063,3.929013079667063
105.47279096924348,927.108571110786,119.78765795918918,95.54228115766863,938.7476317218502,130.19613790756176,0.6900981947236448,0.0,-0.7237157464358271,3.929013079667063,3.929013079667063
95.54228115766863,938.7476317218502,130.19613790756176,85.61177134609379,950.3866923329144,140.60461785593435,0.6900981947236448,0.0,-0.7237157464358271,3.929013079667063,3.929013079667063
85.61177134609379,950.3866923329144,140.60461785593435,94.38924854589078,962.9181986682621,131.3491705193396,0.6900981947236448,0.0,-0.7237157464358271,3.929013079667063,3.929013079667063
94.38924854589078,962.9181986682621,131.3491705193396,103.16672574568778,975.4497050036097,122.09372318274487,0.6900981947236448,0.0,-0.7237157464358271,3.929013079667063,3.929013079667063
104.31975835746564,951.2791380571978,120.94069057096704,94.38924854589078,962.9181986682621,131.3491705193396,0.6900981947236448,0.0,-0.7237157464358271,3.929013079667063,3.929013079667063
94.38924854589078,962.9181986682621,131.3491705193396,84.45873873431593,974.5572592793263,141.75765046771218,0.6900981947236448,0.0,-0.7237157464358271,3.929013079667063,3.929013079667063
84.45873873431593,974.5572592793263,141.75765046771218,93.23621593411293,987.088765614674,132.50220313111745,0.6900981947236448,0.0,-0.7237157464358271,3.929013079667063,3.929013079667063
93.23621593411293,987.088765614674,132.50220313111745,102.01369313390995,999.6202719500216,123.24675579452273,0.6900981947236448,0.0,-0.7237157464358271,3.929013079667063,3.929013079667063
103.16672574568778,975.4497050036097,122.09372318274487,93.23621593411293,987.088765614674,132.50220313111745,0.6900981947236448,0.0,-0.7237157464358271,3.929013079667063,3.929013079667063
93.23621593411293,987.088765614674,132.50220313111745,83.3057061225381,998.7278262257382,142.91068307949004,0.6900981947236448,0.0,-0.7237157464358271,3.929013079667063,3.929013079667063
83.30570612253808,998.7278262257382,142.91068307949004,92.08318332233509,1011.259332561086,133.65523574289531,0.6900981947236448,0.0,-0.7237157464358271,3.929013079667063,3.929013079667063
92.08318332233509,1011.259332561086,133.65523574289531,100.8606605221321,1023.7908388964336,124.39978840630057,0.6900981947236448,0.0,-0.7237157464358271,3.929013079667063,3.929013079667063
102.01369313390994,999.6202719500216,123.24675579452273,92.08318332233509,1011.259332561086,133.65523574289531,0.6900981947236448,0.0,-0.7237157464358271,3.929013079667063,3.929013079667063
92.08318332233509,1011.259332561086,133.65523574289531,82.15267351076024,1022.8983931721502,144.06371569126787,0.6900981947236448,0.0,-0.7237157464358271,3.929013079667063,3.929013079667063
82.15267351076024,1022.8983931721502,144.06371569126787,90.93015071055723,1035.4298995074978,134.80826835467315,0.6900981947236448,0.0,-0.7237157464358271,3.929013079667063,3.929013079667063
90.93015071055723,1035.4298995074978,134.80826835467315,99.70762791035425,1047.9614058428454,125.55282101807842,0.6900981947236448,0.0,-0.7237157464358271,3.929013079667063,3.929013079667063
100.8606605221321,1023.7908388964336,124.39978840630057,90.93015071055723,1035.4298995074978,134.80826835467315,0.6900981947236448,0.0,-0.7237157464358271,3.929013079667063,3.929013079667063
90.93015071055723,1035.4298995074978,134.80826835467315,80.99964089898239,1047.068960118562,145.21674830304573,0.6900981947236448,0.0,-0.7237157464358271,3.929013079667063,3.929013079667063
80.99964089898239,1047.068960118562,145.21674830304573,89.7771180987794,1059.6004664539096,135.961300966451,0.6900981947236448,0.0,-0.7237157464358271,3.929013079667063,3.929013079667063
89.7771180987794,1059.6004664539096,135.961300966451,98.5545952985764,1072.1319727892571,126.70585362985626,0.6900981947236448,0.0,-0.7237157464358271,3.929013079667063,3.929013079667063
99.70762791035425,1047.9614058428454,125.55282101807842,89.7771180987794,1059.6004664539096,135.961300966451,0.6900981947236448,0.0,-0.7237157464358271,3.929013079667063,3.929013079667063
89.7771180987794,1059.6004664539096,135.961300966451,79.84660828720455,1071.2395270649738,146.3697809148236,0.6900981947236448,0.0,-0.7237157464358271,3.929013079667063,3.929013079667063
79.84660828720455,1071.2395270649738,146.3697809148236,88.62408548700154,1083.7710334003214,137.11433357822884,0.6900981947236448,0.0,-0.7237157464358271,3.929013079667063,3.929013079667063
88.62408548700154,1083.7710334003214,137.11433357822884,97.40156268679856,1096.302539735669,127.85888624163411,0.6900981947236448,0.0,-0.7237157464358271,3.929013079667063,3.929013079667063
98.5545952985764,1072.1319727892571,126.70585362985626,88.62408548700154,1083.7710334003214,137.11433357822884,0.6900981947236448,0.0,-0.7237157464358271,3.929013079667063,3.929013079667063
88.62408548700154,1083.7710334003214,137.11433357822884,78.6935756754267,1095.4100940113856,147.52281352660142,0.6900981947236448,0.0,-0.7237157464358271,3.929013079667063,3.929013079667063
78.6935756754267,1095.4100940113856,147.52281352660142,87.4710528752237,1107.9416003467331,138.2673661900067,0.6900981947236448,0.0,-0.7237157464358271,3.929013079667063,3.929013079667063
87.4710528752237,1107.9416003467331,138.2673661900067,96.24853007502071,1120.473106682081,129.01191885341194,0.6900981947236448,0.0,-0.7237157464358271,3.929013079667063,3.929013079667063
97.40156268679856,1096.302539735669,127.85888624163411,87.4710528752237,1107.9416003467331,138.2673661900067,0.6900981947236448,0.0,-0.7237157464358271,3.929013079667063,3.929013079667063
87.4710528752237,1107.9416003467331,138.2673661900067,77.54054306364885,1119.5806609577976,148.67584613837926,0.6900981947236448,0.0,-0.7237157464358271,3.929013079667063,3.929013079667063
77.54054306364885,1119.5806609577976,148.67584613837926,86.31802026344585,1132.1121672931451,139.42039880178456,0.6900981947236448,0.0,-0.7237157464358271,3.929013079667063,3.929013079667063
86.31802026344585,1132.1121672931451,139.42039880178456,95.09549746324285,1144.6436736284927,130.1649514651898,0.6900981947236448,0.0,-0.7237157464358271,3.929013079667063,3.929013079667063
96.24853007502071,1120.473106682081,129.01191885341194,86.31802026344585,1132.1121672931451,139.42039880178456,0.6900981947236448,0.0,-0.7237157464358271,3.929013079667063,3.929013079667063
86.31802026344585,1132.1121672931451,139.42039880178456,76.387510451871,1143.7512279042094,149.82887875015712,0.6900981947236448,0.0,-0.7237157464358271,3.929013079667063,3.929013079667063
130.94901364119875,0.0,75.60344827586205,129.7959810294209,24.170566946411846,91.65339549746362,0.0,0.0,1.0,3.929013079667063,3.929013079667063
129.7959810294209,24.170566946411846,61.85956627781617,128.64294841764305,48.34113389282371,77.90951349941774,0.0,0.0,1.0,3.929013079667063,3.929013079667063
128.64294841764305,48.34113389282371,77.90951349941774,127.48991580586521,72.51170083923554,93.95946072101931,0.0,0.0,1.0,3.929013079667063,3.929013079667063
129.7959810294209,24.170566946411846,91.65339549746362,128.64294841764305,48.34113389282371,77.90951349941774,0.0,0.0,1.0,3.929013079667063,3.929013079667063
128.64294841764305,48.34113389282371,77.90951349941774,127.48991580586521,72.51170083923554,64.16563150137186,0.0,0.0,1.0,3.929013079667063,3.929013079667063
127.48991580586521,72.51170083923554,64.16563150137186,126.33688319408736,96.68226778564741,80.21557872297343,0.0,0.0,1.0,3.929013079667063,3.929013079667063
126.33688319408736,96.68226778564741,80.21557872297343,125.1838505823095,120.85283473205928,96.26552594457502,0.0,0.0,1.0,3.929013079667063,3.929013079667063
127.48991580586521,72.51170083923554,93.95946072101931,126.33688319408736,96.68226778564741,80.21557872297343,0.0,0.0,1.0,3.929013079667063,3.929013079667063
126.33688319408736,96.68226778564741,80.21557872297343,125.1838505823095,120.85283473205928,66.47169672492757,0.0,0.0,1.0,3.929013079667063,3.929013079667063
125.1838505823095,120.85283473205928,66.47169672492757,124.03081797053166,145.02340167847112,82.52164394652914,0.0,0.0,1.0,3.929013079667063,3.929013079667063
124.03081797053166,145.02340167847112,82.52164394652914,122.87778535875381,169.19396862488298,98.57159116813071,0.0,0.0,1.0,3.929013079667063,3.929013079667063
125.1838505823095,120.85283473205928,96.26552594457502,124.03081797053166,145.02340167847112,82.52164394652914,0.0,0.0,1.0,3.929013079667063,3.929013079667063
124.03081797053166,145.02340167847112,82.52164394652914,122.87778535875381,169.19396862488298,68.77776194848326,0.0,0.0,1.0,3.929013079667063,3.929013079667063
122.87778535875381,169.19396862488296,68.77776194848326,121.72475274697597,193.36453557129482,84.82770917008483,0.0,0.0,1.0,3.929013079667063,3.929013079667063
121.72475274697597,193.36453557129482,84.82770917008483,120.57172013519812,217.5351025177067,100.8776563916864,0.0,0.0,1.0,3.929013079667063,3.929013079667063
122.87778535875381,169.19396862488296,98.57159116813071,121.72475274697597,193.36453557129482,84.82770917008483,0.0,0.0,1.0,3.929013079667063,3.929013079667063
121.72475274697597,193.36453557129482,84.82770917008483,120.57172013519812,217.5351025177067,71.08382717203895,0.0,0.0,1.0,3.929013079667063,3.929013079667063
120.57172013519812,217.5351025177067,71.08382717203895,119.41868752342027,241.70566946411853,87.13377439364052,0.0,0.0,1.0,3.929013079667063,3.929013079667063
119.41868752342027,241.70566946411853,87.13377439364052,118.26565491164243,265.8762364105304,103.18372161524209,0.0,0.0,1.0,3.929013079667063,3.929013079667063
120.57172013519812,217.5351025177067,100.8776563916864,119.41868752342027,241.70566946411853,87.13377439364052,0.0,0.0,1.0,3.929013079667063,3.929013079667063
119.41868752342027,241.70566946411853,87.13377439364052,118.26565491164243,265.8762364105304,73.38989239559464,0.0,0.0,1.0,3.929013079667063,3.929013079667063
118.26565491164243,265.8762364105304,73.38989239559464,117.11262229986458,290.04680335694223,89.43983961719621,0.0,0.0,1.0,3.929013079667063,3.929013079667063
117.11262229986458,290.04680335694223,89.43983961719621,115.95958968808674,314.2173703033541,105.48978683879778,0.0,0.0,1.0,3.929013079667063,3.929013079667063
118.26565491164243,265.8762364105304,103.18372161524209,117.11262229986458,290.04680335694223,89.43983961719621,0.0,0.0,1.0,3.929013079667063,3.929013079667063
117.11262229986458,290.04680335694223,89.43983961719621,115.95958968808674,314.2173703033541,75.69595761915033,0.0,0.0,1.0,3.929013079667063,3.929013079667063
115.95958968808674,314.2173703033541,75.69595761915033,114.80655707630888,338.3879372497659,91.7459048407519,0.0,0.0,1.0,3.929013079667063,3.929013079667063
114.80655707630888,338.3879372497659,91.7459048407519,113.65352446453105,362.55850419617775,107.79585206235349,0.0,0.0,1.0,3.929013079667063,3.929013079667063
115.95958968808674,314.2173703033541,105.48978683879778,114.80655707630888,338.3879372497659,91.7459048407519,0.0,0.0,1.0,3.929013079667063,3.929013079667063
114.80655707630888,338.3879372497659,91.7459048407519,113.65352446453105,362.55850419617775,78.00202284270604,0.0,0.0,1.0,3.929013079667063,3.929013079667063
113.65352446453103,362.5585041961778,78.00202284270604,112.50049185275319,386.72907114258965,94.05197006430761,0.0,0.0,1.0,3.929013079667063,3.929013079667063
112.50049185275319,386.72907114258965,94.05197006430761,111.34745924097534,410.8996380890015,110.10191728590918,0.0,0.0,1.0,3.929013079667063,3.929013079667063
113.65352446453103,362.5585041961778,107.79585206235349,112.50049185275319,386.72907114258965,94.05197006430761,0.0,0.0,1.0,3.929013079667063,3.929013079667063
112.50049185275319,386.72907114258965,94.05197006430761,111.34745924097534,410.8996380890015,80.30808806626173,0.0,0.0,1.0,3.929013079667063,3.929013079667063
111.34745924097534,410.8996380890015,80.30808806626173,110.1944266291975,435.0702050354134,96.3580352878633,0.0,0.0,1.0,3.929013079667063,3.929013079667063
110.1944266291975,435.0702050354134,96.3580352878633,109.04139401741965,459.2407719818252,112.40798250946487,0.0,0.0,1.0,3.929013079667063,3.929013079667063
111.34745924097534,410.8996380890015,110.10191728590918,110.1944266291975,435.0702050354134,96.3580352878633,0.0,0.0,1.0,3.929013079667063,3.929013079667063
110.1944266291975,435.0702050354134,96.3580352878633,109.04139401741965,459.2407719818252,82.61415328981742,0.0,0.0,1.0,3.929013079667063,3.929013079667063
109.04139401741965,459.2407719818252,82.61415328981742,107.8883614056418,483.4113389282371,98.664100511419,0.0,0.0,1.0,3.929013079667063,3.929013079667063
107.8883614056418,483.4113389282371,98.664100511419,106.73532879386396,507.5819058746489,114.71404773302056,0.0,0.0,1.0,3.929013079667063,3.929013079667063
109.04139401741965,459.2407719818252,112.40798250946487,107.8883614056418,483.4113389282371,98.664100511419,0.0,0.0,1.0,3.929013079667063,3.929013079667063
107.8883614056418,483.4113389282371,98.664100511419,106.73532879386396,507.5819058746489,84.92021851337311,0.0,0.0,1.0,3.929013079667063,3.929013079667063
106.73532879386396,507.581905874649,84.92021851337311,105.58229618208611,531.7524728210608,100.9701657349747,0.0,0.0,1.0,3.929013079667063,3.929013079667063
105.58229618208611,531.7524728210608,100.9701657349747,104.42926357030825,555.9230397674726,117.02011295657626,0.0,0.0,1.0,3.929013079667063,3.929013079667063
106.73532879386396,507.581905874649,114.71404773302056,105.58229618208611,531.7524728210608,100.9701657349747,0.0,0.0,1.0,3.929013079667063,3.929013079667063
105.58229618208611,531.7524728210608,100.9701657349747,104.42926357030825,555.9230397674726,87.2262837369288,0.0,0.0,1.0,3.929013079667063,3.929013079667063
104.42926357030825,555.9230397674726,87.2262837369288,103.27623095853042,580.0936067138845,103.27623095853039,0.0,0.0,1.0,3.929013079667063,3.929013079667063
103.27623095853042,580.0936067138845,103.27623095853039,102.12319834675256,604.2641736602964,119.32617818013196,0.0,0.0,1.0,3.929013079667063,3.929013079667063
104.42926357030825,555.9230397674726,117.02011295657626,103.27623095853042,580.0936067138845,103.27623095853039,0.0,0.0,1.0,3.929013079667063,3.929013079667063
103.27623095853042,580.0936067138845,103.27623095853039,102.12319834675256,604.2641736602964,89.53234896048451,0.0,0.0,1.0,3.929013079667063,3.929013079667063
102.12319834675256,604.2641736602964,89.53234896048451,100.97016573497471,628.4347406067081,105.58229618208608,0.0,0.0,1.0,3.929013079667063,3.929013079667063
100.97016573497471,628.4347406067081,105.58229618208608,99.81713312319687,652.60530755312,121.63224340368765,0.0,0.0,1.0,3.929013079667063,3.929013079667063
102.12319834675256,604.2641736602964,119.32617818013196,100.97016573497471,628.4347406067081,105.58229618208608,0.0,0.0,1.0,3.929013079667063,3.929013079667063
100.97016573497471,628.4347406067081,105.58229618208608,99.81713312319687,652.60530755312,91.8384141840402,0.0,0.0,1.0,3.929013079667063,3.929013079667063
99.81713312319687,652.60530755312,91.8384141840402,98.66410051141902,676.7758744995318,107.88836140564177,0.0,0.0,1.0,3.929013079667063,3.929013079667063
98.66410051141902,676.7758744995318,107.88836140564177,97.51106789964118,700.9464414459437,123.93830862724334,0.0,0.0,1.0,3.929013079667063,3.929013079667063
99.81713312319687,652.60530755312,121.63224340368765,98.66410051141902,676.7758744995318,107.88836140564177,0.0,0.0,1.0,3.929013079667063,3.929013079667063
98.66410051141902,676.7758744995318,107.88836140564177,97.51106789964118,700.9464414459437,94.1444794075959,0.0,0.0,1.0,3.929013079667063,3.929013079667063
97.51106789964118,700.9464414459438,94.14447940759591,96.35803528786332,725.1170083923556,110.19442662919747,0.0,0.0,1.0,3.929013079667063,3.929013079667063
96.35803528786332,725.1170083923556,110.19442662919747,95.20500267608548,749.2875753387675,126.24437385079905,0.0,0.0,1.0,3.929013079667063,3.929013079667063
97.51106789964118,700.9464414459438,123.93830862724336,96.35803528786332,725.1170083923556,110.19442662919747,0.0,0.0,1.0,3.929013079667063,3.929013079667063
96.35803528786332,725.1170083923556,110.19442662919747,95.20500267608548,749.2875753387675,96.4505446311516,0.0,0.0,1.0,3.929013079667063,3.929013079667063
95.20500267608548,749.2875753387675,96.4505446311516,94.05197006430762,773.4581422851793,112.50049185275316,0.0,0.0,1.0,3.929013079667063,3.929013079667063
94.05197006430762,773.4581422851793,112.50049185275316,92.8989374525298,797.6287092315912,128.55043907435473,0.0,0.0,1.0,3.929013079667063,3.929013079667063
95.20500267608548,749.2875753387675,126.24437385079905,94.05197006430762,773.4581422851793,112.50049185275316,0.0,0.0,1.0,3.929013079667063,3.929013079667063
94.05197006430762,773.4581422851793,112.50049185275316,92.8989374525298,797.6287092315912,98.75660985470729,0.0,0.0,1.0,3.929013079667063,3.929013079667063
92.8989374525298,797.6287092315912,98.75660985470729,91.74590484075193,821.799276178003,114.80655707630886,0.0,0.0,1.0,3.929013079667063,3.929013079667063
91.74590484075193,821.799276178003,114.80655707630886,90.59287222897409,845.9698431244149,130.85650429791042,0.0,0.0,1.0,3.929013079667063,3.929013079667063
92.8989374525298,797.6287092315912,128.55043907435473,91.74590484075193,821.799276178003,114.80655707630886,0.0,0.0,1.0,3.929013079667063,3.929013079667063
91.74590484075193,821.799276178003,114.80655707630886,90.59287222897409,845.9698431244149,101.06267507826298,0.0,0.0,1.0,3.929013079667063,3.929013079667063
90.59287222897409,845.9698431244149,101.06267507826298,89.43983961719624,870.1404100708268,117.11262229986455,0.0,0.0,1.0,3.929013079667063,3.929013079667063
89.43983961719624,870.1404100708268,117.11262229986455,88.2868070054184,894.3109770172385,133.1625695214661,0.0,0.0,1.0,3.929013079667063,3.929013079667063
90.59287222897409,845.9698431244149,130.85650429791042,89.43983961719624,870.1404100708268,117.11262229986455,0.0,0.0,1.0,3.929013079667063,3.929013079667063
89.43983961719624,870.1404100708268,117.11262229986455,88.2868070054184,894.3109770172385,103.36874030181868,0.0,0.0,1.0,3.929013079667063,3.929013079667063
88.2868070054184,894.3109770172385,103.36874030181868,87.13377439364055,918.4815439636504,119.41868752342025,0.0,0.0,1.0,3.929013079667063,3.929013079667063
87.13377439364055,918.4815439636504,119.41868752342025,85.9807417818627,942.6521109100622,135.4686347450218,0.0,0.0,1.0,3.929013079667063,3.929013079667063
88.2868070054184,894.3109770172385,133.1625695214661,87.13377439364055,918.4815439636504,119.41868752342025,0.0,0.0,1.0,3.929013079667063,3.929013079667063
87.13377439364055,918.4815439636504,119.41868752342025,85.9807417818627,942.6521109100622,105.67480552537437,0.0,0.0,1.0,3.929013079667063,3.929013079667063
85.98074178186269,942.6521109100623,105.67480552537437,84.82770917008486,966.8226778564742,121.72475274697595,0.0,0.0,1.0,3.929013079667063,3.929013079667063
84.82770917008486,966.8226778564742,121.72475274697595,83.674676558307,990.993244802886,137.7746999685775,0.0,0.0,1.0,3.929013079667063,3.929013079667063
85.98074178186269,942.6521109100623,135.4686347450218,84.82770917008486,966.8226778564742,121.72475274697595,0.0,0.0,1.0,3.929013079667063,3.929013079667063
84.82770917008486,966.8226778564742,121.72475274697595,83.674676558307,990.993244802886,107.98087074893006,0.0,0.0,1.0,3.929013079667063,3.929013079667063
83.674676558307,990.993244802886,107.98087074893006,82.52164394652917,1015.163811749298,124.03081797053164,0.0,0.0,1.0,3.929013079667063,3.929013079667063
82.52164394652917,1015.163811749298,124.03081797053164,81.36861133475131,1039.3343786957098,140.0807651921332,0.0,0.0,1.0,3.929013079667063,3.929013079667063
83.674676558307,990.993244802886,137.7746999685775,82.52164394652917,1015.163811749298,124.03081797053164,0.0,0.0,1.0,3.929013079667063,3.929013079667063
82.52164394652917,1015.163811749298,124.03081797053164,81.36861133475131,1039.3343786957098,110.28693597248576,0.0,0.0,1.0,3.929013079667063,3.929013079667063
81.36861133475131,1039.3343786957098,110.28693597248576,80.21557872297346,1063.5049456421216,126.33688319408733,0.0,0.0,1.0,3.929013079667063,3.929013079667063
80.21557872297346,1063.5049456421216,126.33688319408733,79.06254611119562,1087.6755125885334,142.3868304156889,0.0,0.0,1.0,3.929013079667063,3.929013079667063
81.36861133475131,1039.3343786957098,140.0807651921332,80.21557872297346,1063.5049456421216,126.33688319408733,0.0,0.0,1.0,3.929013079667063,3.929013079667063
80.21557872297346,1063.5049456421216,126.33688319408733,79.06254611119562,1087.6755125885334,112.59300119604146,0.0,0.0,1.0,3.929013079667063,3.929013079667063
79.06254611119562,1087.6755125885334,112.59300119604146,77.90951349941777,1111.8460795349451,128.64294841764303,0.0,0.0,1.0,3.929013079667063,3.929013079667063
77.90951349941777,1111.8460795349451,128.64294841764303,76.75648088763992,1136.0166464813572,144.6928956392446,0.0,0.0,1.0,3.929013079667063,3.929013079667063
79.06254611119562,1087.6755125885334,142.3868304156889,77.90951349941777,1111.8460795349451,128.64294841764303,0.0,0.0,1.0,3.929013079667063,3.929013079667063
77.90951349941777,1111.8460795349451,128.64294841764303,76.75648088763992,1136.0166464813572,114.89906641959716,0.0,0.0,1.0,3.929013079667063,3.929013079667063
75.60344827586208,1160.187213427769,130.94901364119872,76.75648088763992,1136.0166464813572,144.6928956392446,0.0,0.0,1.0,3.929013079667063,3.929013079667063
127.48991580586521,72.51170083923554,64.16563150137186,127.12094537009628,80.24628226208736,59.76758926199719,0.0,0.0,1.0,3.929013079667063,3.929013079667063
127.48991580586521,72.51170083923554,93.95946072101931,127.12094537009631,80.24628226208736,99.09544383193182,0.0,0.0,1.0,3.929013079667063,3.929013079667063
125.1838505823095,120.85283473205928,66.47169672492757,124.81488014654059,128.5874161549111,62.07365448555288,0.0,0.0,1.0,3.929013079667063,3.929013079667063
125.1838505823095,120.85283473205928,96.26552594457502,124.81488014654062,128.5874161549111,101.40150905548751,0.0,0.0,1.0,3.929013079667063,3.929013079667063
122.87778535875381,169.19396862488298,68.77776194848326,122.50881492298488,176.92855004773477,64.37971970910857,0.0,0.0,1.0,3.929013079667063,3.929013079667063
122.87778535875381,169.19396862488298,98.57159116813071,122.50881492298491,176.92855004773477,103.7075742790432,0.0,0.0,1.0,3.929013079667063,3.929013079667063
120.57172013519812,217.5351025177067,71.08382717203895,120.20274969942919,225.26968394055845,66.68578493266428,0.0,0.0,1.0,3.929013079667063,3.929013079667063
120.57172013519812,217.5351025177067,100.8776563916864,120.20274969942922,225.26968394055845,106.0136395025989,0.0,0.0,1.0,3.929013079667063,3.929013079667063
118.26565491164243,265.8762364105304,73.38989239559464,117.8966844758735,273.61081783338216,68.99185015621997,0.0,0.0,1.0,3.929013079667063,3.929013079667063
118.26565491164243,265.8762364105304,103.18372161524209,117.89668447587353,273.61081783338216,108.3197047261546,0.0,0.0,1.0,3.929013079667063,3.929013079667063
115.95958968808674,314.2173703033541,75.69595761915033,115.59061925231781,321.95195172620583,71.29791537977566,0.0,0.0,1.0,3.929013079667063,3.929013079667063
115.95958968808674,314.2173703033541,105.48978683879778,115.59061925231784,321.95195172620583,110.62576994971029,0.0,0.0,1.0,3.929013079667063,3.929013079667063
113.65352446453105,362.55850419617775,78.00202284270604,113.28455402876212,370.29308561902957,73.60398060333135,0.0,0.0,1.0,3.929013079667063,3.929013079667063
113.65352446453105,362.55850419617775,107.79585206235349,113.28455402876214,370.29308561902957,112.93183517326598,0.0,0.0,1.0,3.929013079667063,3.929013079667063
111.34745924097534,410.8996380890015,80.30808806626173,110.97848880520641,418.63421951185336,75.91004582688706,0.0,0.0,1.0,3.929013079667063,3.929013079667063
111.34745924097534,410.8996380890015,110.10191728590918,110.97848880520644,418.63421951185336,115.23790039682169,0.0,0.0,1.0,3.929013079667063,3.929013079667063
109.04139401741965,459.2407719818252,82.61415328981742,108.67242358165072,466.9753534046771,78.21611105044275,0.0,0.0,1.0,3.929013079667063,3.929013079667063
109.04139401741965,459.2407719818252,112.40798250946487,108.67242358165075,466.9753534046771,117.54396562037738,0.0,0.0,1.0,3.929013079667063,3.929013079667063
106.73532879386396,507.5819058746489,84.92021851337311,106.36635835809503,515.3164872975008,80.52217627399844,0.0,0.0,1.0,3.929013079667063,3.929013079667063
106.73532879386396,507.5819058746489,114.71404773302056,106.36635835809506,515.3164872975008,119.85003084393307,0.0,0.0,1.0,3.929013079667063,3.929013079667063
104.42926357030825,555.9230397674726,87.2262837369288,104.06029313453934,563.6576211903244,82.82824149755413,0.0,0.0,1.0,3.929013079667063,3.929013079667063
104.42926357030825,555.9230397674726,117.02011295657626,104.06029313453936,563.6576211903244,122.15609606748876,0.0,0.0,1.0,3.929013079667063,3.929013079667063
102.12319834675256,604.2641736602964,89.53234896048451,101.75422791098364,611.9987550831481,85.13430672110982,0.0,0.0,1.0,3.929013079667063,3.929013079667063
102.12319834675256,604.2641736602964,119.32617818013196,101.75422791098367,611.9987550831481,124.46216129104445,0.0,0.0,1.0,3.929013079667063,3.929013079667063
99.81713312319687,652.60530755312,91.8384141840402,99.44816268742794,660.3398889759718,87.44037194466551,0.0,0.0,1.0,3.929013079667063,3.929013079667063
99.81713312319687,652.60530755312,121.63224340368765,99.44816268742797,660.3398889759718,126.76822651460014,0.0,0.0,1.0,3.929013079667063,3.929013079667063
97.51106789964118,700.9464414459437,94.1444794075959,97.14209746387225,708.6810228687955,89.7464371682212,0.0,0.0,1.0,3.929013079667063,3.929013079667063
97.51106789964118,700.9464414459437,123.93830862724334,97.14209746387228,708.6810228687955,129.07429173815584,0.0,0.0,1.0,3.929013079667063,3.929013079667063
95.20500267608548,749.2875753387675,96.4505446311516,94.83603224031656,757.0221567616193,92.05250239177691,0.0,0.0,1.0,3.929013079667063,3.929013079667063
95.20500267608548,749.2875753387675,126.24437385079905,94.83603224031658,757.0221567616193,131.38035696171153,0.0,0.0,1.0,3.929013079667063,3.929013079667063
92.8989374525298,797.6287092315912,98.75660985470729,92.52996701676086,805.363290654443,94.35856761533262,0.0,0.0,1.0,3.929013079667063,3.929013079667063
92.8989374525298,797.6287092315912,128.55043907435473,92.52996701676089,805.363290654443,133.68642218526725,0.0,0.0,1.0,3.929013079667063,3.929013079667063
90.59287222897409,845.9698431244149,101.06267507826298,90.22390179320517,853.7044245472666,96.66463283888831,0.0,0.0,1.0,3.929013079667063,3.929013079667063
90.59287222897409,845.9698431244149,130.85650429791042,90.2239017932052,853.7044245472666,135.99248740882294,0.0,0.0,1.0,3.929013079667063,3.929013079667063
88.2868070054184,894.3109770172385,103.36874030181868,87.91783656964948,902.0455584400903,98.970698062444,0.0,0.0,1.0,3.929013079667063,3.929013079667063
88.2868070054184,894.3109770172385,133.1625695214661,87.91783656964951,902.0455584400903,138.29855263237863,0.0,0.0,1.0,3.929013079667063,3.929013079667063
85.9807417818627,942.6521109100622,105.67480552537437,85.61177134609378,950.386692332914,101.27676328599969,0.0,0.0,1.0,3.929013079667063,3.929013079667063
85.9807417818627,942.6521109100622,135.4686347450218,85.6117713460938,950.386692332914,140.60461785593432,0.0,0.0,1.0,3.929013079667063,3.929013079667063
83.674676558307,990.993244802886,107.98087074893006,83.30570612253807,998.7278262257378,103.58282850955538,0.0,0.0,1.0,3.929013079667063,3.929013079667063
83.674676558307,990.993244802886,137.7746999685775,83.3057061225381,998.7278262257378,142.91068307949,0.0,0.0,1.0,3.929013079667063,3.929013079667063
81.36861133475131,1039.3343786957098,110.28693597248576,80.99964089898238,1047.0689601185616,105.88889373311108,0.0,0.0,1.0,3.929013079667063,3.929013079667063
81.36861133475131,1039.3343786957098,140.0807651921332,80.9996408989824,1047.0689601185616,145.2167483030457,0.0,0.0,1.0,3.929013079667063,3.929013079667063
79.06254611119562,1087.6755125885334,112.59300119604146,78.69357567542669,1095.4100940113851,108.19495895666677,0.0,0.0,1.0,3.929013079667063,3.929013079667063
79.06254611119562,1087.6755125885334,142.3868304156889,78.69357567542671,1095.4100940113851,147.5228135266014,0.0,0.0,1.0,3.929013079667063,3.929013079667063
76.75648088763992,1136.0166464813572,114.89906641959716,76.387510451871,1143.751227904209,110.50102418022249,0.0,0.0,1.0,3.929013079667063,3.929013079667063
76.75648088763992,1136.0166464813572,144.6928956392446,76.38751045187102,1143.751227904209,149.82887875015712,0.0,0.0,1.0,3.929013079667063,3.929013079667063
75.60344827586208,1160.187213427769,130.94901364119872,76.75648088763992,1136.0166464813572,114.89906641959716,0.0,0.0,1.0,3.929013079667063,3.929013079667063
1.127519639214977e-14,0.0,184.13793103448276,-159.46812607616903,0.0,92.06896551724144,0.0,0.0,1.0,3.929013079667063,3.929013079667063
1.127519639214977e-14,0.0,184.13793103448276,1.3291640690745843e-14,0.0,217.0689655172414,0.0,0.0,1.0,3.929013079667063,3.929013079667063
1.127519639214977e-14,0.0,184.13793103448276,9.258752093553696e-15,0.0,151.20689655172413,0.0,0.0,1.0,3.929013079667063,3.929013079667063
1.3291640690745843e-14,0.0,217.0689655172414,-187.98723851113934,0.0,108.53448275862077,0.0,0.0,1.0,3.929013079667063,3.929013079667063
9.258752093553696e-15,0.0,151.20689655172413,-130.94901364119872,0.0,75.60344827586212,0.0,0.0,1.0,3.929013079667063,3.929013079667063
92.0689655172414,1160.187213427769,159.46812607616903,-92.06896551724134,1160.187213427769,159.46812607616906,0.0,0.0,1.0,3.929013079667063,3.929013079667063
92.0689655172414,1160.187213427769,159.46812607616903,108.53448275862073,1160.187213427769,187.98723851113937,0.0,0.0,1.0,3.929013079667063,3.929013079667063
92.0689655172414,1160.187213427769,159.46812607616903,75.60344827586208,1160.187213427769,130.94901364119872,0.0,0.0,1.0,3.929013079667063,3.929013079667063
108.53448275862073,1160.187213427769,187.98723851113937,-108.53448275862065,1160.187213427769,187.9872385111394,0.0,0.0,1.0,3.929013079667063,3.929013079667063
75.60344827586208,1160.187213427769,130.94901364119872,-75.60344827586204,1160.187213427769,130.94901364119875,0.0,0.0,1.0,3.929013079667063,3.929013079667063
1.3291640690745843e-14,0.0,217.0689655172414,9.662101614751432,24.170566946411853,203.6442461022869,0.0,0.0,1.0,3.929013079667063,3.929013079667063
19.19555854706722,30.623241954086808,225.62856256594927,17.105333868005186,43.349478634881166,212.18551457141183,-0.69347657033171,0.0,-0.7204791783257647,3.929013079667063,3.929013079667063
17.105333868005186,43.349478634881166,212.18551457141183,15.015109188943153,56.075715315675495,198.74246657687436,-0.69347657033171,0.0,-0.7204791783257647,3.929013079667063,3.929013079667063
12.753974131471889,31.905148369263642,199.34833588950147,17.105333868005186,43.349478634881166,212.18551457141183,-0.69347657033171,0.0,-0.7204791783257647,3.929013079667063,3.929013079667063
17.105333868005186,43.349478634881166,212.18551457141183,21.456693604538483,54.793808900498675,225.02269325332216,-0.69347657033171,0.0,-0.7204791783257647,3.929013079667063,3.929013079667063
21.456693604538483,54.793808900498675,225.02269325332216,19.36646892547645,67.52004558129302,211.5796452587847,-0.69347657033171,0.0,-0.7204791783257647,3.929013079667063,3.929013079667063
19.36646892547645,67.52004558129302,211.5796452587847,17.276244246414418,80.24628226208736,198.13659726424723,-0.69347657033171,0.0,-0.7204791783257647,3.929013079667063,3.929013079667063
15.015109188943153,56.075715315675495,198.74246657687436,19.36646892547645,67.52004558129302,211.5796452587847,-0.69347657033171,0.0,-0.7204791783257647,3.929013079667063,3.929013079667063
19.36646892547645,67.52004558129302,211.5796452587847,23.717828662009747,78.96437584691054,224.41682394069502,-0.69347657033171,0.0,-0.7204791783257647,3.929013079667063,3.929013079667063
23.717828662009747,78.96437584691054,224.41682394069502,21.62760398294771,91.69061252770487,210.97377594615756,-0.69347657033171,0.0,-0.7204791783257647,3.929013079667063,3.929013079667063
21.62760398294771,91.69061252770487,210.97377594615756,19.537379303885682,104.4168492084992,197.5307279516201,-0.69347657033171,0.0,-0.7204791783257647,3.929013079667063,3.929013079667063
17.276244246414418,80.24628226208736,198.13659726424723,21.62760398294771,91.69061252770487,210.97377594615756,-0.69347657033171,0.0,-0.7204791783257647,3.929013079667063,3.929013079667063
21.62760398294771,91.69061252770487,210.97377594615756,25.978963719481012,103.13494279332238,223.8109546280679,-0.69347657033171,0.0,-0.7204791783257647,3.929013079667063,3.929013079667063
25.978963719481012,103.13494279332238,223.8109546280679,23.88873904041898,115.86117947411674,210.36790663353045,-0.69347657033171,0.0,-0.7204791783257647,3.929013079667063,3.929013079667063
23.88873904041898,115.86117947411674,210.36790663353045,21.798514361356947,128.58741615491107,196.924858638993,-0.69347657033171,0.0,-0.7204791783257647,3.929013079667063,3.929013079667063
19.537379303885682,104.4168492084992,197.5307279516201,23.88873904041898,115.86117947411674,210.36790663353045,-0.69347657033171,0.0,-0.7204791783257647,3.929013079667063,3.929013079667063
23.88873904041898,115.86117947411674,210.36790663353045,28.240098776952276,127.30550973973425,223.20508531544078,-0.69347657033171,0.0,-0.7204791783257647,3.929013079667063,3.929013079667063
28.240098776952276,127.30550973973425,223.20508531544078,26.14987409789024,140.03174642052858,209.76203732090332,-0.69347657033171,0.0,-0.7204791783257647,3.929013079667063,3.929013079667063
26.14987409789024,140.03174642052858,209.76203732090332,24.059649418828215,152.75798310132294,196.31898932636585,-0.69347657033171,0.0,-0.7204791783257647,3.929013079667063,3.929013079667063
21.798514361356947,128.58741615491107,196.924858638993,26.14987409789024,140.03174642052858,209.76203732090332,-0.69347657033171,0.0,-0.7204791783257647,3.929013079667063,3.929013079667063
26.14987409789024,140.03174642052858,209.76203732090332,30.501233834423545,151.47607668614611,222.59921600281365,-0.69347657033171,0.0,-0.7204791783257647,3.929013079667063,3.929013079667063
30.50123383442354,151.4760766861461,222.59921600281365,28.41100915536151,164.20231336694044,209.15616800827618,-0.69347657033171,0.0,-0.7204791783257647,3.929013079667063,3.929013079667063
28.41100915536151,164.20231336694044,209.15616800827618,26.32078447629948,176.92855004773477,195.71312001373872,-0.69347657033171,0.0,-0.7204791783257647,3.929013079667063,3.929013079667063
24.05964941882821,152.7579831013229,196.31898932636585,28.41100915536151,164.20231336694044,209.15616800827618,-0.69347657033171,0.0,-0.7204791783257647,3.929013079667063,3.929013079667063
28.41100915536151,164.20231336694044,209.15616800827618,32.76236889189481,175.64664363255795,221.9933466901865,-0.69347657033171,0.0,-0.7204791783257647,3.929013079667063,3.929013079667063
32.76236889189481,175.64664363255795,221.9933466901865,30.672144212832777,188.3728803133523,208.55029869564908,-0.69347657033171,0.0,-0.7204791783257647,3.929013079667063,3.929013079667063
30.672144212832777,188.3728803133523,208.55029869564908,28.581919533770744,201.09911699414664,195.1072507011116,-0.69347657033171,0.0,-0.7204791783257647,3.929013079667063,3.929013079667063
26.32078447629948,176.92855004773477,195.71312001373872,30.672144212832777,188.3728803133523,208.55029869564908,-0.69347657033171,0.0,-0.7204791783257647,3.929013079667063,3.929013079667063
30.672144212832777,188.3728803133523,208.55029869564908,35.023503949366074,199.81721057896982,221.3874773775594,-0.69347657033171,0.0,-0.7204791783257647,3.929013079667063,3.929013079667063
35.023503949366074,199.8172105789698,221.3874773775594,32.93327927030404,212.54344725976412,207.94442938302194,-0.69347657033171,0.0,-0.7204791783257647,3.929013079667063,3.929013079667063
32.93327927030404,212.54344725976412,207.94442938302194,30.843054591242012,225.2696839405585,194.50138138848448,-0.69347657033171,0.0,-0.7204791783257647,3.929013079667063,3.929013079667063
28.58191953377074,201.0991169941466,195.1072507011116,32.93327927030404,212.54344725976412,207.94442938302194,-0.69347657033171,0.0,-0.7204791783257647,3.929013079667063,3.929013079667063
32.93327927030404,212.54344725976412,207.94442938302194,37.28463900683734,223.9877775253817,220.78160806493227,-0.69347657033171,0.0,-0.7204791783257647,3.929013079667063,3.929013079667063
37.28463900683734,223.9877775253817,220.78160806493227,35.194414327775306,236.71401420617596,207.3385600703948,-0.69347657033171,0.0,-0.7204791783257647,3.929013079667063,3.929013079667063
35.194414327775306,236.71401420617596,207.3385600703948,33.10418964871327,249.4402508869704,193.89551207585734,-0.69347657033171,0.0,-0.7204791783257647,3.929013079667063,3.929013079667063
30.843054591242012,225.2696839405585,194.50138138848448,35.194414327775306,236.71401420617596,207.3385600703948,-0.69347657033171,0.0,-0.7204791783257647,3.929013079667063,3.929013079667063
35.194414327775306,236.71401420617596,207.3385600703948,39.5457740643086,248.15834447179358,220.17573875230514,-0.69347657033171,0.0,-0.7204791783257647,3.929013079667063,3.929013079667063
39.5457740643086,248.15834447179358,220.17573875230514,37.45554938524657,260.8845811525879,206.7326907577677,-0.69347657033171,0.0,-0.7204791783257647,3.929013079667063,3.929013079667063
37.45554938524657,260.8845811525879,206.7326907577677,35.365324706184545,273.61081783338227,193.28964276323023,-0.69347657033171,0.0,-0.7204791783257647,3.929013079667063,3.929013079667063
33.10418964871327,249.4402508869704,193.89551207585734,37.45554938524657,260.8845811525879,206.7326907577677,-0.69347657033171,0.0,-0.7204791783257647,3.929013079667063,3.929013079667063
37.45554938524657,260.8845811525879,206.7326907577677,41.806909121779874,272.3289114182055,219.56986943967803,-0.69347657033171,0.0,-0.7204791783257647,3.929013079667063,3.929013079667063
41.80690912177987,272.3289114182054,219.56986943967803,39.716684442717835,285.05514809899967,206.12682144514056,-0.69347657033171,0.0,-0.7204791783257647,3.929013079667063,3.929013079667063
39.716684442717835,285.05514809899967,206.12682144514056,37.6264597636558,297.78138477979405,192.6837734506031,-0.69347657033171,0.0,-0.7204791783257647,3.929013079667063,3.929013079667063
35.36532470618454,273.61081783338216,193.28964276323023,39.716684442717835,285.05514809899967,206.12682144514056,-0.69347657033171,0.0,-0.7204791783257647,3.929013079667063,3.929013079667063
39.716684442717835,285.05514809899967,206.12682144514056,44.06804417925113,296.4994783646173,218.9640001270509,-0.69347657033171,0.0,-0.7204791783257647,3.929013079667063,3.929013079667063
44.06804417925113,296.4994783646173,218.9640001270509,41.977819500189106,309.2257150454117,205.52095213251343,-0.69347657033171,0.0,-0.7204791783257647,3.929013079667063,3.929013079667063
41.977819500189106,309.2257150454117,205.52095213251343,39.88759482112707,321.95195172620583,192.077904137976,-0.69347657033171,0.0,-0.7204791783257647,3.929013079667063,3.929013079667063
37.6264597636558,297.78138477979405,192.6837734506031,41.977819500189106,309.2257150454117,205.52095213251343,-0.69347657033171,0.0,-0.7204791783257647,3.929013079667063,3.929013079667063
41.977819500189106,309.2257150454117,205.52095213251343,46.329179236722396,320.67004531102907,218.3581308144238,-0.69347657033171,0.0,-0.7204791783257647,3.929013079667063,3.929013079667063
46.32917923672241,320.6700453110292,218.35813081442376,44.238954557660364,333.39628199182346,204.91508281988632,-0.69347657033171,0.0,-0.7204791783257647,3.929013079667063,3.929013079667063
44.238954557660364,333.39628199182346,204.91508281988632,42.14872987859834,346.12251867261784,191.47203482534886,-0.69347657033171,0.0,-0.7204791783257647,3.929013079667063,3.929013079667063
39.88759482112708,321.95195172620595,192.07790413797596,44.238954557660364,333.39628199182346,204.91508281988632,-0.69347657033171,0.0,-0.7204791783257647,3.929013079667063,3.929013079667063
44.238954557660364,333.39628199182346,204.91508281988632,48.59031429419367,344.8406122574411,217.75226150179665,-0.69347657033171,0.0,-0.7204791783257647,3.929013079667063,3.929013079667063
48.59031429419367,344.8406122574411,217.75226150179665,46.500089615131635,357.56684893823535,204.3092135072592,-0.69347657033171,0.0,-0.7204791783257647,3.929013079667063,3.929013079667063
46.500089615131635,357.56684893823535,204.3092135072592,44.409864936069596,370.2930856190296,190.86616551272172,-0.69347657033171,0.0,-0.7204791783257647,3.929013079667063,3.929013079667063
42.14872987859834,346.12251867261784,191.47203482534886,46.500089615131635,357.56684893823535,204.3092135072592,-0.69347657033171,0.0,-0.7204791783257647,3.929013079667063,3.929013079667063
46.500089615131635,357.56684893823535,204.3092135072592,50.851449351664925,369.01117920385286,217.14639218916952,-0.69347657033171,0.0,-0.7204791783257647,3.929013079667063,3.929013079667063
50.851449351664925,369.01117920385286,217.14639218916952,48.7612246726029,381.73741588464713,203.70334419463205,-0.69347657033171,0.0,-0.7204791783257647,3.929013079667063,3.929013079667063
48.7612246726029,381.73741588464713,203.70334419463205,46.67099999354086,394.4636525654414,190.2602962000946,-0.69347657033171,0.0,-0.7204791783257647,3.929013079667063,3.929013079667063
44.409864936069596,370.2930856190296,190.86616551272172,48.7612246726029,381.73741588464713,203.70334419463205,-0.69347657033171,0.0,-0.7204791783257647,3.929013079667063,3.929013079667063
48.7612246726029,381.73741588464713,203.70334419463205,53.11258440913619,393.18174615026464,216.54052287654238,-0.69347657033171,0.0,-0.7204791783257647,3.929013079667063,3.929013079667063
53.1125844091362,393.18174615026476,216.54052287654238,51.02235973007416,405.90798283105903,203.09747488200495,-0.69347657033171,0.0,-0.7204791783257647,3.929013079667063,3.929013079667063
51.02235973007416,405.90798283105903,203.09747488200495,48.93213505101213,418.6342195118533,189.65442688746748,-0.69347657033171,0.0,-0.7204791783257647,3.929013079667063,3.929013079667063
46.67099999354087,394.4636525654415,190.2602962000946,51.02235973007416,405.90798283105903,203.09747488200495,-0.69347657033171,0.0,-0.7204791783257647,3.929013079667063,3.929013079667063
51.02235973007416,405.90798283105903,203.09747488200495,55.37371946660746,417.35231309667654,215.93465356391528,-0.69347657033171,0.0,-0.7204791783257647,3.929013079667063,3.929013079667063
55.37371946660746,417.35231309667654,215.93465356391528,53.28349478754543,430.0785497774709,202.4916055693778,-0.69347657033171,0.0,-0.7204791783257647,3.929013079667063,3.929013079667063
53.28349478754543,430.0785497774709,202.4916055693778,51.19327010848339,442.8047864582652,189.04855757484034,-0.69347657033171,0.0,-0.7204791783257647,3.929013079667063,3.929013079667063
48.93213505101213,418.6342195118533,189.65442688746748,53.28349478754543,430.0785497774709,202.4916055693778,-0.69347657033171,0.0,-0.7204791783257647,3.929013079667063,3.929013079667063
53.28349478754543,430.0785497774709,202.4916055693778,57.63485452407872,441.52288004308843,215.32878425128814,-0.69347657033171,0.0,-0.7204791783257647,3.929013079667063,3.929013079667063
57.63485452407873,441.52288004308855,215.32878425128814,55.54462984501669,454.2491167238827,201.88573625675068,-0.69347657033171,0.0,-0.7204791783257647,3.929013079667063,3.929013079667063
55.54462984501669,454.2491167238827,201.88573625675068,53.45440516595466,466.9753534046771,188.4426882622132,-0.69347657033171,0.0,-0.7204791783257647,3.929013079667063,3.929013079667063
51.193270108483404,442.8047864582653,189.04855757484034,55.54462984501669,454.2491167238827,201.88573625675068,-0.69347657033171,0.0,-0.7204791783257647,3.929013079667063,3.929013079667063
55.54462984501669,454.2491167238827,201.88573625675068,59.89598958154999,465.6934469895002,214.722914938661,-0.69347657033171,0.0,-0.7204791783257647,3.929013079667063,3.929013079667063
59.89598958154999,465.6934469895002,214.722914938661,57.805764902487965,478.4196836702946,201.27986694412357,-0.69347657033171,0.0,-0.7204791783257647,3.929013079667063,3.929013079667063
57.805764902487965,478.4196836702946,201.27986694412357,55.715540223425926,491.1459203510889,187.8368189495861,-0.69347657033171,0.0,-0.7204791783257647,3.929013079667063,3.929013079667063
53.45440516595466,466.9753534046771,188.4426882622132,57.805764902487965,478.4196836702946,201.27986694412357,-0.69347657033171,0.0,-0.7204791783257647,3.929013079667063,3.929013079667063
57.805764902487965,478.4196836702946,201.27986694412357,62.157124639021255,489.864013935912,214.1170456260339,-0.69347657033171,0.0,-0.7204791783257647,3.929013079667063,3.929013079667063
62.157124639021255,489.864013935912,214.1170456260339,60.06689995995922,502.5902506167065,200.67399763149643,-0.69347657033171,0.0,-0.7204791783257647,3.929013079667063,3.929013079667063
60.06689995995922,502.5902506167065,200.67399763149643,57.97667528089718,515.3164872975008,187.23094963695897,-0.69347657033171,0.0,-0.7204791783257647,3.929013079667063,3.929013079667063
55.715540223425926,491.1459203510889,187.8368189495861,60.06689995995922,502.5902506167065,200.67399763149643,-0.69347657033171,0.0,-0.7204791783257647,3.929013079667063,3.929013079667063
60.06689995995922,502.5902506167065,200.67399763149643,64.41825969649251,514.0345808823239,213.51117631340676,-0.69347657033171,0.0,-0.7204791783257647,3.929013079667063,3.929013079667063
64.41825969649253,514.034580882324,213.51117631340676,62.32803501743049,526.7608175631183,200.0681283188693,-0.69347657033171,0.0,-0.7204791783257647,3.929013079667063,3.929013079667063
62.32803501743049,526.7608175631183,200.0681283188693,60.237810338368455,539.4870542439127,186.62508032433183,-0.69347657033171,0.0,-0.7204791783257647,3.929013079667063,3.929013079667063
57.9766752808972,515.3164872975009,187.23094963695897,62.32803501743049,526.7608175631183,200.0681283188693,-0.69347657033171,0.0,-0.7204791783257647,3.929013079667063,3.929013079667063
62.32803501743049,526.7608175631183,200.0681283188693,66.67939475396378,538.2051478287358,212.90530700077963,-0.69347657033171,0.0,-0.7204791783257647,3.929013079667063,3.929013079667063
66.67939475396378,538.2051478287358,212.90530700077963,64.58917007490176,550.9313845095302,199.4622590062422,-0.69347657033171,0.0,-0.7204791783257647,3.929013079667063,3.929013079667063
64.58917007490176,550.9313845095302,199.4622590062422,62.49894539583972,563.6576211903244,186.01921101170473,-0.69347657033171,0.0,-0.7204791783257647,3.929013079667063,3.929013079667063
60.237810338368455,539.4870542439127,186.62508032433183,64.58917007490176,550.9313845095302,199.4622590062422,-0.69347657033171,0.0,-0.7204791783257647,3.929013079667063,3.929013079667063
64.58917007490176,550.9313845095302,199.4622590062422,68.94052981143506,562.3757147751476,212.29943768815252,-0.69347657033171,0.0,-0.7204791783257647,3.929013079667063,3.929013079667063
68.94052981143506,562.3757147751476,212.29943768815252,66.85030513237302,575.1019514559421,198.85638969361506,-0.69347657033171,0.0,-0.7204791783257647,3.929013079667063,3.929013079667063
66.85030513237302,575.1019514559421,198.85638969361506,64.76008045331099,587.8281881367363,185.4133416990776,-0.69347657033171,0.0,-0.7204791783257647,3.929013079667063,3.929013079667063
62.49894539583972,563.6576211903244,186.01921101170473,66.85030513237302,575.1019514559421,198.85638969361506,-0.69347657033171,0.0,-0.7204791783257647,3.929013079667063,3.929013079667063
66.85030513237302,575.1019514559421,198.85638969361506,71.20166486890632,586.5462817215595,211.6935683755254,-0.69347657033171,0.0,-0.7204791783257647,3.929013079667063,3.929013079667063
71.2016648689063,586.5462817215594,211.6935683755254,69.11144018984427,599.2725184023539,198.25052038098792,-0.69347657033171,0.0,-0.7204791783257647,3.929013079667063,3.929013079667063
69.11144018984427,599.2725184023539,198.25052038098792,67.02121551078224,611.9987550831482,184.80747238645046,-0.69347657033171,0.0,-0.7204791783257647,3.929013079667063,3.929013079667063
64.76008045331098,587.8281881367362,185.4133416990776,69.11144018984427,599.2725184023539,198.25052038098792,-0.69347657033171,0.0,-0.7204791783257647,3.929013079667063,3.929013079667063
69.11144018984427,599.2725184023539,198.25052038098792,73.46279992637758,610.7168486679714,211.08769906289825,-0.69347657033171,0.0,-0.7204791783257647,3.929013079667063,3.929013079667063
73.46279992637758,610.7168486679714,211.08769906289825,71.37257524731555,623.4430853487657,197.64465106836082,-0.69347657033171,0.0,-0.7204791783257647,3.929013079667063,3.929013079667063
71.37257524731555,623.4430853487657,197.64465106836082,69.28235056825352,636.1693220295601,184.20160307382335,-0.69347657033171,0.0,-0.7204791783257647,3.929013079667063,3.929013079667063
67.02121551078224,611.9987550831482,184.80747238645046,71.37257524731555,623.4430853487657,197.64465106836082,-0.69347657033171,0.0,-0.7204791783257647,3.929013079667063,3.929013079667063
71.37257524731555,623.4430853487657,197.64465106836082,75.72393498384885,634.8874156143833,210.48182975027115,-0.69347657033171,0.0,-0.7204791783257647,3.929013079667063,3.929013079667063
75.72393498384884,634.8874156143831,210.48182975027115,73.6337103047868,647.6136522951775,197.03878175573368,-0.69347657033171,0.0,-0.7204791783257647,3.929013079667063,3.929013079667063
73.6337103047868,647.6136522951775,197.03878175573368,71.54348562572477,660.3398889759719,183.59573376119621,-0.69347657033171,0.0,-0.7204791783257647,3.929013079667063,3.929013079667063
69.2823505682535,636.16932202956,184.20160307382335,73.6337103047868,647.6136522951775,197.03878175573368,-0.69347657033171,0.0,-0.7204791783257647,3.929013079667063,3.929013079667063
73.6337103047868,647.6136522951775,197.03878175573368,77.98507004132011,659.057982560795,209.875960437644,-0.69347657033171,0.0,-0.7204791783257647,3.929013079667063,3.929013079667063
77.98507004132011,659.057982560795,209.875960437644,75.89484536225808,671.7842192415895,196.43291244310655,-0.69347657033171,0.0,-0.7204791783257647,3.929013079667063,3.929013079667063
75.89484536225808,671.7842192415895,196.43291244310655,73.80462068319605,684.5104559223838,182.98986444856908,-0.69347657033171,0.0,-0.7204791783257647,3.929013079667063,3.929013079667063
71.54348562572477,660.3398889759719,183.59573376119621,75.89484536225808,671.7842192415895,196.43291244310655,-0.69347657033171,0.0,-0.7204791783257647,3.929013079667063,3.929013079667063
75.89484536225808,671.7842192415895,196.43291244310655,80.24620509879138,683.2285495072069,209.27009112501688,-0.69347657033171,0.0,-0.7204791783257647,3.929013079667063,3.929013079667063
80.24620509879136,683.2285495072068,209.27009112501688,78.15598041972933,695.9547861880013,195.82704313047944,-0.69347657033171,0.0,-0.7204791783257647,3.929013079667063,3.929013079667063
78.15598041972933,695.9547861880013,195.82704313047944,76.06575574066731,708.6810228687957,182.38399513594197,-0.69347657033171,0.0,-0.7204791783257647,3.929013079667063,3.929013079667063
73.80462068319603,684.5104559223837,182.98986444856908,78.15598041972933,695.9547861880013,195.82704313047944,-0.69347657033171,0.0,-0.7204791783257647,3.929013079667063,3.929013079667063
78.15598041972933,695.9547861880013,195.82704313047944,82.50734015626264,707.3991164536188,208.66422181238977,-0.69347657033171,0.0,-0.7204791783257647,3.929013079667063,3.929013079667063
82.50734015626263,707.3991164536187,208.66422181238977,80.41711547720061,720.1253531344131,195.2211738178523,-0.69347657033171,0.0,-0.7204791783257647,3.929013079667063,3.929013079667063
80.41711547720061,720.1253531344131,195.2211738178523,78.32689079813858,732.8515898152075,181.77812582331484,-0.69347657033171,0.0,-0.7204791783257647,3.929013079667063,3.929013079667063
76.0657557406673,708.6810228687956,182.38399513594197,80.41711547720061,720.1253531344131,195.2211738178523,-0.69347657033171,0.0,-0.7204791783257647,3.929013079667063,3.929013079667063
80.41711547720061,720.1253531344131,195.2211738178523,84.76847521373391,731.5696834000306,208.05835249976263,-0.69347657033171,0.0,-0.7204791783257647,3.929013079667063,3.929013079667063
84.76847521373391,731.5696834000306,208.05835249976263,82.67825053467186,744.295920080825,194.61530450522517,-0.69347657033171,0.0,-0.7204791783257647,3.929013079667063,3.929013079667063
82.67825053467186,744.295920080825,194.61530450522517,80.58802585560984,757.0221567616194,181.1722565106877,-0.69347657033171,0.0,-0.7204791783257647,3.929013079667063,3.929013079667063
78.32689079813858,732.8515898152075,181.77812582331484,82.67825053467186,744.295920080825,194.61530450522517,-0.69347657033171,0.0,-0.7204791783257647,3.929013079667063,3.929013079667063
82.67825053467186,744.295920080825,194.61530450522517,87.02961027120517,755.7402503464425,207.4524831871355,-0.69347657033171,0.0,-0.7204791783257647,3.929013079667063,3.929013079667063
87.02961027120516,755.7402503464424,207.45248318713553,84.93938559214314,768.4664870272369,194.00943519259806,-0.69347657033171,0.0,-0.7204791783257647,3.929013079667063,3.929013079667063
84.93938559214314,768.4664870272369,194.00943519259806,82.8491609130811,781.1927237080312,180.5663871980606,-0.69347657033171,0.0,-0.7204791783257647,3.929013079667063,3.929013079667063
80.58802585560983,757.0221567616193,181.17225651068773,84.93938559214314,768.4664870272369,194.00943519259806,-0.69347657033171,0.0,-0.7204791783257647,3.929013079667063,3.929013079667063
84.93938559214314,768.4664870272369,194.00943519259806,89.29074532867644,779.9108172928543,206.8466138745084,-0.69347657033171,0.0,-0.7204791783257647,3.929013079667063,3.929013079667063
89.29074532867644,779.9108172928543,206.8466138745084,87.20052064961442,792.6370539736488,193.40356587997093,-0.69347657033171,0.0,-0.7204791783257647,3.929013079667063,3.929013079667063
87.20052064961442,792.6370539736488,193.40356587997093,85.11029597055237,805.3632906544432,179.96051788543346,-0.69347657033171,0.0,-0.7204791783257647,3.929013079667063,3.929013079667063
82.8491609130811,781.1927237080312,180.5663871980606,87.20052064961442,792.6370539736488,193.40356587997093,-0.69347657033171,0.0,-0.7204791783257647,3.929013079667063,3.929013079667063
87.20052064961442,792.6370539736488,193.40356587997093,91.5518803861477,804.0813842392663,206.24074456188126,-0.69347657033171,0.0,-0.7204791783257647,3.929013079667063,3.929013079667063
91.5518803861477,804.0813842392662,206.24074456188126,89.46165570708567,816.8076209200606,192.7976965673438,-0.69347657033171,0.0,-0.7204791783257647,3.929013079667063,3.929013079667063
89.46165570708567,816.8076209200606,192.7976965673438,87.37143102802364,829.533857600855,179.35464857280633,-0.69347657033171,0.0,-0.7204791783257647,3.929013079667063,3.929013079667063
85.11029597055237,805.3632906544431,179.96051788543346,89.46165570708567,816.8076209200606,192.7976965673438,-0.69347657033171,0.0,-0.7204791783257647,3.929013079667063,3.929013079667063
89.46165570708567,816.8076209200606,192.7976965673438,93.81301544361897,828.2519511856781,205.63487524925412,-0.69347657033171,0.0,-0.7204791783257647,3.929013079667063,3.929013079667063
93.81301544361895,828.251951185678,205.63487524925412,91.72279076455692,840.9781878664724,192.19182725471669,-0.69347657033171,0.0,-0.7204791783257647,3.929013079667063,3.929013079667063
91.72279076455692,840.9781878664724,192.19182725471669,89.6325660854949,853.7044245472667,178.74877926017922,-0.69347657033171,0.0,-0.7204791783257647,3.929013079667063,3.929013079667063
87.37143102802362,829.5338576008548,179.35464857280633,91.72279076455692,840.9781878664724,192.19182725471669,-0.69347657033171,0.0,-0.7204791783257647,3.929013079667063,3.929013079667063
91.72279076455692,840.9781878664724,192.19182725471669,96.07415050109023,852.4225181320899,205.02900593662702,-0.69347657033171,0.0,-0.7204791783257647,3.929013079667063,3.929013079667063
96.07415050109023,852.4225181320899,205.02900593662702,93.9839258220282,865.1487548128844,191.58595794208955,-0.69347657033171,0.0,-0.7204791783257647,3.929013079667063,3.929013079667063
93.9839258220282,865.1487548128844,191.58595794208955,91.89370114296617,877.8749914936786,178.14290994755208,-0.69347657033171,0.0,-0.7204791783257647,3.929013079667063,3.929013079667063
89.6325660854949,853.7044245472667,178.74877926017922,93.9839258220282,865.1487548128844,191.58595794208955,-0.69347657033171,0.0,-0.7204791783257647,3.929013079667063,3.929013079667063
93.9839258220282,865.1487548128844,191.58595794208955,98.3352855585615,876.5930850785018,204.42313662399988,-0.69347657033171,0.0,-0.7204791783257647,3.929013079667063,3.929013079667063
98.3352855585615,876.5930850785016,204.42313662399988,96.24506087949945,889.3193217592961,190.98008862946241,-0.69347657033171,0.0,-0.7204791783257647,3.929013079667063,3.929013079667063
96.24506087949945,889.3193217592961,190.98008862946241,94.15483620043743,902.0455584400905,177.53704063492495,-0.69347657033171,0.0,-0.7204791783257647,3.929013079667063,3.929013079667063
91.89370114296617,877.8749914936785,178.14290994755208,96.24506087949945,889.3193217592961,190.98008862946241,-0.69347657033171,0.0,-0.7204791783257647,3.929013079667063,3.929013079667063
96.24506087949945,889.3193217592961,190.98008862946241,100.59642061603276,900.7636520249137,203.81726731137275,-0.69347657033171,0.0,-0.7204791783257647,3.929013079667063,3.929013079667063
100.59642061603276,900.7636520249137,203.81726731137275,98.50619593697073,913.489888705708,190.37421931683528,-0.69347657033171,0.0,-0.7204791783257647,3.929013079667063,3.929013079667063
98.50619593697073,913.489888705708,190.37421931683528,96.4159712579087,926.2161253865024,176.93117132229784,-0.69347657033171,0.0,-0.7204791783257647,3.929013079667063,3.929013079667063
94.15483620043743,902.0455584400905,177.53704063492495,98.50619593697073,913.489888705708,190.37421931683528,-0.69347657033171,0.0,-0.7204791783257647,3.929013079667063,3.929013079667063
98.50619593697073,913.489888705708,190.37421931683528,102.85755567350402,924.9342189713255,203.21139799874564,-0.69347657033171,0.0,-0.7204791783257647,3.929013079667063,3.929013079667063
102.85755567350402,924.9342189713254,203.21139799874564,100.76733099444198,937.6604556521198,189.76835000420817,-0.69347657033171,0.0,-0.7204791783257647,3.929013079667063,3.929013079667063
100.76733099444198,937.6604556521198,189.76835000420817,98.67710631537996,950.3866923329142,176.3253020096707,-0.69347657033171,0.0,-0.7204791783257647,3.929013079667063,3.929013079667063
96.4159712579087,926.2161253865023,176.93117132229784,100.76733099444198,937.6604556521198,189.76835000420817,-0.69347657033171,0.0,-0.7204791783257647,3.929013079667063,3.929013079667063
100.76733099444198,937.6604556521198,189.76835000420817,105.11869073097529,949.1047859177373,202.6055286861185,-0.69347657033171,0.0,-0.7204791783257647,3.929013079667063,3.929013079667063
105.11869073097527,949.1047859177372,202.6055286861185,103.02846605191326,961.8310225985317,189.16248069158104,-0.69347657033171,0.0,-0.7204791783257647,3.929013079667063,3.929013079667063
103.02846605191326,961.8310225985317,189.16248069158104,100.93824137285122,974.557259279326,175.71943269704357,-0.69347657033171,0.0,-0.7204791783257647,3.929013079667063,3.929013079667063
98.67710631537994,950.3866923329141,176.3253020096707,103.02846605191326,961.8310225985317,189.16248069158104,-0.69347657033171,0.0,-0.7204791783257647,3.929013079667063,3.929013079667063
103.02846605191326,961.8310225985317,189.16248069158104,107.37982578844655,973.2753528641491,201.99965937349137,-0.69347657033171,0.0,-0.7204791783257647,3.929013079667063,3.929013079667063
107.37982578844655,973.2753528641491,201.99965937349137,105.28960110938453,986.0015895449436,188.55661137895393,-0.69347657033171,0.0,-0.7204791783257647,3.929013079667063,3.929013079667063
105.28960110938453,986.0015895449436,188.55661137895393,103.19937643032249,998.7278262257379,175.11356338441647,-0.69347657033171,0.0,-0.7204791783257647,3.929013079667063,3.929013079667063
100.93824137285122,974.557259279326,175.71943269704357,105.28960110938453,986.0015895449436,188.55661137895393,-0.69347657033171,0.0,-0.7204791783257647,3.929013079667063,3.929013079667063
105.28960110938453,986.0015895449436,188.55661137895393,109.64096084591782,997.4459198105611,201.39379006086426,-0.69347657033171,0.0,-0.7204791783257647,3.929013079667063,3.929013079667063
109.64096084591782,997.4459198105611,201.39379006086426,107.55073616685578,1010.1721564913554,187.9507420663268,-0.69347657033171,0.0,-0.7204791783257647,3.929013079667063,3.929013079667063
107.55073616685578,1010.1721564913554,187.9507420663268,105.46051148779374,1022.8983931721497,174.50769407178933,-0.69347657033171,0.0,-0.7204791783257647,3.929013079667063,3.929013079667063
103.19937643032249,998.7278262257379,175.11356338441647,107.55073616685578,1010.1721564913554,187.9507420663268,-0.69347657033171,0.0,-0.7204791783257647,3.929013079667063,3.929013079667063
107.55073616685578,1010.1721564913554,187.9507420663268,111.90209590338907,1021.6164867569729,200.78792074823713,-0.69347657033171,0.0,-0.7204791783257647,3.929013079667063,3.929013079667063
111.90209590338907,1021.6164867569729,200.78792074823713,109.81187122432704,1034.3427234377673,187.34487275369966,-0.69347657033171,0.0,-0.7204791783257647,3.929013079667063,3.929013079667063
109.81187122432704,1034.3427234377673,187.34487275369966,107.72164654526502,1047.0689601185616,173.90182475916222,-0.69347657033171,0.0,-0.7204791783257647,3.929013079667063,3.929013079667063
105.46051148779374,1022.8983931721497,174.50769407178933,109.81187122432704,1034.3427234377673,187.34487275369966,-0.69347657033171,0.0,-0.7204791783257647,3.929013079667063,3.929013079667063
109.81187122432704,1034.3427234377673,187.34487275369966,114.16323096086035,1045.7870537033848,200.18205143561002,-0.69347657033171,0.0,-0.7204791783257647,3.929013079667063,3.929013079667063
114.16323096086035,1045.7870537033848,200.18205143561002,112.07300628179831,1058.513290384179,186.73900344107255,-0.69347657033171,0.0,-0.7204791783257647,3.929013079667063,3.929013079667063
112.07300628179831,1058.513290384179,186.73900344107255,109.98278160273627,1071.2395270649733,173.2959554465351,-0.69347657033171,0.0,-0.7204791783257647,3.929013079667063,3.929013079667063
107.72164654526502,1047.0689601185616,173.90182475916222,112.07300628179831,1058.513290384179,186.73900344107255,-0.69347657033171,0.0,-0.7204791783257647,3.929013079667063,3.929013079667063
112.07300628179831,1058.513290384179,186.73900344107255,116.4243660183316,1069.9576206497966,199.57618212298289,-0.69347657033171,0.0,-0.7204791783257647,3.929013079667063,3.929013079667063
116.4243660183316,1069.9576206497966,199.57618212298289,114.33414133926956,1082.6838573305909,186.13313412844542,-0.69347657033171,0.0,-0.7204791783257647,3.929013079667063,3.929013079667063
114.33414133926956,1082.6838573305909,186.13313412844542,112.24391666020753,1095.4100940113851,172.69008613390795,-0.69347657033171,0.0,-0.7204791783257647,3.929013079667063,3.929013079667063
109.98278160273627,1071.2395270649733,173.2959554465351,114.33414133926956,1082.6838573305909,186.13313412844542,-0.69347657033171,0.0,-0.7204791783257647,3.929013079667063,3.929013079667063
114.33414133926956,1082.6838573305909,186.13313412844542,118.68550107580286,1094.1281875962084,198.97031281035575,-0.69347657033171,0.0,-0.7204791783257647,3.929013079667063,3.929013079667063
118.68550107580286,1094.1281875962084,198.97031281035575,116.59527639674084,1106.8544242770029,185.52726481581828,-0.69347657033171,0.0,-0.7204791783257647,3.929013079667063,3.929013079667063
116.59527639674084,1106.8544242770029,185.52726481581828,114.50505171767881,1119.5806609577971,172.08421682128082,-0.69347657033171,0.0,-0.7204791783257647,3.929013079667063,3.929013079667063
112.24391666020753,1095.4100940113851,172.69008613390795,116.59527639674084,1106.8544242770029,185.52726481581828,-0.69347657033171,0.0,-0.7204791783257647,3.929013079667063,3.929013079667063
116.59527639674084,1106.8544242770029,185.52726481581828,120.94663613327414,1118.2987545426204,198.36444349772862,-0.69347657033171,0.0,-0.7204791783257647,3.929013079667063,3.929013079667063
120.94663613327414,1118.2987545426204,198.36444349772862,118.85641145421212,1131.0249912234146,184.92139550319118,-0.69347657033171,0.0,-0.7204791783257647,3.929013079667063,3.929013079667063
118.85641145421212,1131.0249912234146,184.92139550319118,116.76618677515008,1143.7512279042091,171.4783475086537,-0.69347657033171,0.0,-0.7204791783257647,3.929013079667063,3.929013079667063
114.50505171767881,1119.5806609577971,172.08421682128082,118.85641145421212,1131.0249912234146,184.92139550319118,-0.69347657033171,0.0,-0.7204791783257647,3.929013079667063,3.929013079667063
118.85641145421212,1131.0249912234146,184.92139550319118,123.2077711907454,1142.4693214890324,197.7585741851015,-0.69347657033171,0.0,-0.7204791783257647,3.929013079667063,3.929013079667063
-6.784577579747723,31.905148369263642,233.19010015964568,7.3360580123953785,43.349478634881166,229.10639670648393,0.69347657033171,0.0,-0.7204791783257647,3.929013079667063,3.929013079667063
7.3360580123953785,43.349478634881166,229.10639670648393,21.456693604538483,54.793808900498675,225.02269325332216,0.69347657033171,0.0,-0.7204791783257647,3.929013079667063,3.929013079667063
19.19555854706722,30.623241954086808,225.62856256594927,7.3360580123953785,43.349478634881166,229.10639670648393,0.69347657033171,0.0,-0.7204791783257647,3.929013079667063,3.929013079667063
7.3360580123953785,43.349478634881166,229.10639670648393,-4.523442522276459,56.075715315675495,232.58423084701857,0.69347657033171,0.0,-0.7204791783257647,3.929013079667063,3.929013079667063
-4.523442522276459,56.075715315675495,232.58423084701857,9.597193069866643,67.52004558129302,228.5005273938568,0.69347657033171,0.0,-0.7204791783257647,3.929013079667063,3.929013079667063
9.597193069866643,67.52004558129302,228.5005273938568,23.717828662009747,78.96437584691054,224.41682394069502,0.69347657033171,0.0,-0.7204791783257647,3.929013079667063,3.929013079667063
21.456693604538483,54.793808900498675,225.02269325332216,9.597193069866643,67.52004558129302,228.5005273938568,0.69347657033171,0.0,-0.7204791783257647,3.929013079667063,3.929013079667063
9.597193069866643,67.52004558129302,228.5005273938568,-2.2623074648051933,80.24628226208736,231.97836153439144,0.69347657033171,0.0,-0.7204791783257647,3.929013079667063,3.929013079667063
-2.2623074648051933,80.24628226208736,231.97836153439144,11.858328127337906,91.69061252770487,227.89465808122966,0.69347657033171,0.0,-0.7204791783257647,3.929013079667063,3.929013079667063
11.858328127337906,91.69061252770487,227.89465808122966,25.978963719481012,103.13494279332238,223.8109546280679,0.69347657033171,0.0,-0.7204791783257647,3.929013079667063,3.929013079667063
23.717828662009747,78.96437584691054,224.41682394069502,11.858328127337906,91.69061252770487,227.89465808122966,0.69347657033171,0.0,-0.7204791783257647,3.929013079667063,3.929013079667063
11.858328127337906,91.69061252770487,227.89465808122966,-0.00117240733392876,104.4168492084992,231.3724922217643,0.69347657033171,0.0,-0.7204791783257647,3.929013079667063,3.929013079667063
-0.00117240733392876,104.4168492084992,231.3724922217643,14.119463184809174,115.86117947411674,227.28878876860256,0.69347657033171,0.0,-0.7204791783257647,3.929013079667063,3.929013079667063
14.119463184809174,115.86117947411674,227.28878876860256,28.240098776952276,127.30550973973425,223.20508531544078,0.69347657033171,0.0,-0.7204791783257647,3.929013079667063,3.929013079667063
25.978963719481012,103.13494279332238,223.8109546280679,14.119463184809174,115.86117947411674,227.28878876860256,0.69347657033171,0.0,-0.7204791783257647,3.929013079667063,3.929013079667063
14.119463184809174,115.86117947411674,227.28878876860256,2.2599626501373358,128.58741615491107,230.7666229091372,0.69347657033171,0.0,-0.7204791783257647,3.929013079667063,3.929013079667063
2.2599626501373358,128.58741615491107,230.7666229091372,16.380598242280435,140.03174642052858,226.68291945597542,0.69347657033171,0.0,-0.7204791783257647,3.929013079667063,3.929013079667063
16.380598242280435,140.03174642052858,226.68291945597542,30.501233834423545,151.47607668614611,222.59921600281365,0.69347657033171,0.0,-0.7204791783257647,3.929013079667063,3.929013079667063
28.240098776952276,127.30550973973425,223.20508531544078,16.380598242280435,140.03174642052858,226.68291945597542,0.69347657033171,0.0,-0.7204791783257647,3.929013079667063,3.929013079667063
16.380598242280435,140.03174642052858,226.68291945597542,4.521097707608602,152.75798310132294,230.16075359651006,0.69347657033171,0.0,-0.7204791783257647,3.929013079667063,3.929013079667063
4.5210977076086,152.7579831013229,230.16075359651006,18.641733299751703,164.20231336694044,226.0770501433483,0.69347657033171,0.0,-0.7204791783257647,3.929013079667063,3.929013079667063
18.641733299751703,164.20231336694044,226.0770501433483,32.76236889189481,175.64664363255795,221.9933466901865,0.69347657033171,0.0,-0.7204791783257647,3.929013079667063,3.929013079667063
30.50123383442354,151.4760766861461,222.59921600281365,18.641733299751703,164.20231336694044,226.0770501433483,0.69347657033171,0.0,-0.7204791783257647,3.929013079667063,3.929013079667063
18.641733299751703,164.20231336694044,226.0770501433483,6.782232765079868,176.92855004773477,229.55488428388293,0.69347657033171,0.0,-0.7204791783257647,3.929013079667063,3.929013079667063
6.782232765079868,176.92855004773477,229.55488428388293,20.90286835722297,188.3728803133523,225.47118083072118,0.69347657033171,0.0,-0.7204791783257647,3.929013079667063,3.929013079667063
20.90286835722297,188.3728803133523,225.47118083072118,35.023503949366074,199.81721057896982,221.3874773775594,0.69347657033171,0.0,-0.7204791783257647,3.929013079667063,3.929013079667063
32.76236889189481,175.64664363255795,221.9933466901865,20.90286835722297,188.3728803133523,225.47118083072118,0.69347657033171,0.0,-0.7204791783257647,3.929013079667063,3.929013079667063
20.90286835722297,188.3728803133523,225.47118083072118,9.043367822551133,201.09911699414664,228.94901497125582,0.69347657033171,0.0,-0.7204791783257647,3.929013079667063,3.929013079667063
9.04336782255113,201.0991169941466,228.94901497125582,23.164003414694236,212.54344725976412,224.86531151809405,0.69347657033171,0.0,-0.7204791783257647,3.929013079667063,3.929013079667063
23.164003414694236,212.54344725976412,224.86531151809405,37.28463900683734,223.9877775253817,220.78160806493227,0.69347657033171,0.0,-0.7204791783257647,3.929013079667063,3.929013079667063
35.023503949366074,199.8172105789698,221.3874773775594,23.164003414694236,212.54344725976412,224.86531151809405,0.69347657033171,0.0,-0.7204791783257647,3.929013079667063,3.929013079667063
23.164003414694236,212.54344725976412,224.86531151809405,11.304502880022401,225.2696839405585,228.34314565862869,0.69347657033171,0.0,-0.7204791783257647,3.929013079667063,3.929013079667063
11.304502880022401,225.2696839405585,228.34314565862869,25.4251384721655,236.71401420617596,224.2594422054669,0.69347657033171,0.0,-0.7204791783257647,3.929013079667063,3.929013079667063
25.4251384721655,236.71401420617596,224.2594422054669,39.5457740643086,248.15834447179358,220.17573875230514,0.69347657033171,0.0,-0.7204791783257647,3.929013079667063,3.929013079667063
37.28463900683734,223.9877775253817,220.78160806493227,25.4251384721655,236.71401420617596,224.2594422054669,0.69347657033171,0.0,-0.7204791783257647,3.929013079667063,3.929013079667063
25.4251384721655,236.71401420617596,224.2594422054669,13.565637937493666,249.4402508869704,227.73727634600155,0.69347657033171,0.0,-0.7204791783257647,3.929013079667063,3.929013079667063
13.565637937493666,249.4402508869704,227.73727634600155,27.686273529636768,260.8845811525879,223.6535728928398,0.69347657033171,0.0,-0.7204791783257647,3.929013079667063,3.929013079667063
27.686273529636768,260.8845811525879,223.6535728928398,41.806909121779874,272.3289114182055,219.56986943967803,0.69347657033171,0.0,-0.7204791783257647,3.929013079667063,3.929013079667063
39.5457740643086,248.15834447179358,220.17573875230514,27.686273529636768,260.8845811525879,223.6535728928398,0.69347657033171,0.0,-0.7204791783257647,3.929013079667063,3.929013079667063
27.686273529636768,260.8845811525879,223.6535728928398,15.826772994964934,273.61081783338227,227.13140703337444,0.69347657033171,0.0,-0.7204791783257647,3.929013079667063,3.929013079667063
15.826772994964923,273.61081783338216,227.13140703337444,29.94740858710803,285.05514809899967,223.04770358021267,0.69347657033171,0.0,-0.7204791783257647,3.929013079667063,3.929013079667063
29.94740858710803,285.05514809899967,223.04770358021267,44.06804417925113,296.4994783646173,218.9640001270509,0.69347657033171,0.0,-0.7204791783257647,3.929013079667063,3.929013079667063
41.80690912177987,272.3289114182054,219.56986943967803,29.94740858710803,285.05514809899967,223.04770358021267,0.69347657033171,0.0,-0.7204791783257647,3.929013079667063,3.929013079667063
29.94740858710803,285.05514809899967,223.04770358021267,18.087908052436195,297.78138477979405,226.5255377207473,0.69347657033171,0.0,-0.7204791783257647,3.929013079667063,3.929013079667063
18.087908052436195,297.78138477979405,226.5255377207473,32.2085436445793,309.2257150454117,222.44183426758553,0.69347657033171,0.0,-0.7204791783257647,3.929013079667063,3.929013079667063
32.2085436445793,309.2257150454117,222.44183426758553,46.329179236722396,320.67004531102907,218.3581308144238,0.69347657033171,0.0,-0.7204791783257647,3.929013079667063,3.929013079667063
44.06804417925113,296.4994783646173,218.9640001270509,32.2085436445793,309.2257150454117,222.44183426758553,0.69347657033171,0.0,-0.7204791783257647,3.929013079667063,3.929013079667063
32.2085436445793,309.2257150454117,222.44183426758553,20.349043109907456,321.95195172620583,225.9196684081202,0.69347657033171,0.0,-0.7204791783257647,3.929013079667063,3.929013079667063
20.349043109907466,321.95195172620595,225.91966840812017,34.46967870205056,333.39628199182346,221.83596495495843,0.69347657033171,0.0,-0.7204791783257647,3.929013079667063,3.929013079667063
34.46967870205056,333.39628199182346,221.83596495495843,48.59031429419367,344.8406122574411,217.75226150179665,0.69347657033171,0.0,-0.7204791783257647,3.929013079667063,3.929013079667063
46.32917923672241,320.6700453110292,218.35813081442376,34.46967870205056,333.39628199182346,221.83596495495843,0.69347657033171,0.0,-0.7204791783257647,3.929013079667063,3.929013079667063
34.46967870205056,333.39628199182346,221.83596495495843,22.610178167378727,346.12251867261784,225.31379909549307,0.69347657033171,0.0,-0.7204791783257647,3.929013079667063,3.929013079667063
22.610178167378727,346.12251867261784,225.31379909549307,36.73081375952183,357.56684893823535,221.2300956423313,0.69347657033171,0.0,-0.7204791783257647,3.929013079667063,3.929013079667063
36.73081375952183,357.56684893823535,221.2300956423313,50.851449351664925,369.01117920385286,217.14639218916952,0.69347657033171,0.0,-0.7204791783257647,3.929013079667063,3.929013079667063
48.59031429419367,344.8406122574411,217.75226150179665,36.73081375952183,357.56684893823535,221.2300956423313,0.69347657033171,0.0,-0.7204791783257647,3.929013079667063,3.929013079667063
36.73081375952183,357.56684893823535,221.2300956423313,24.871313224849985,370.2930856190296,224.70792978286593,0.69347657033171,0.0,-0.7204791783257647,3.929013079667063,3.929013079667063
24.871313224849985,370.2930856190296,224.70792978286593,38.991948816993094,381.73741588464713,220.62422632970416,0.69347657033171,0.0,-0.7204791783257647,3.929013079667063,3.929013079667063
38.991948816993094,381.73741588464713,220.62422632970416,53.11258440913619,393.18174615026464,216.54052287654238,0.69347657033171,0.0,-0.7204791783257647,3.929013079667063,3.929013079667063
50.851449351664925,369.01117920385286,217.14639218916952,38.991948816993094,381.73741588464713,220.62422632970416,0.69347657033171,0.0,-0.7204791783257647,3.929013079667063,3.929013079667063
38.991948816993094,381.73741588464713,220.62422632970416,27.13244828232125,394.4636525654414,224.1020604702388,0.69347657033171,0.0,-0.7204791783257647,3.929013079667063,3.929013079667063
27.132448282321256,394.4636525654415,224.1020604702388,41.25308387446435,405.90798283105903,220.01835701707705,0.69347657033171,0.0,-0.7204791783257647,3.929013079667063,3.929013079667063
41.25308387446435,405.90798283105903,220.01835701707705,55.37371946660746,417.35231309667654,215.93465356391528,0.69347657033171,0.0,-0.7204791783257647,3.929013079667063,3.929013079667063
53.1125844091362,393.18174615026476,216.54052287654238,41.25308387446435,405.90798283105903,220.01835701707705,0.69347657033171,0.0,-0.7204791783257647,3.929013079667063,3.929013079667063
41.25308387446435,405.90798283105903,220.01835701707705,29.39358333979252,418.6342195118533,223.4961911576117,0.69347657033171,0.0,-0.7204791783257647,3.929013079667063,3.929013079667063
29.39358333979252,418.6342195118533,223.4961911576117,43.51421893193562,430.0785497774709,219.41248770444992,0.69347657033171,0.0,-0.7204791783257647,3.929013079667063,3.929013079667063
43.51421893193562,430.0785497774709,219.41248770444992,57.63485452407872,441.52288004308843,215.32878425128814,0.69347657033171,0.0,-0.7204791783257647,3.929013079667063,3.929013079667063
55.37371946660746,417.35231309667654,215.93465356391528,43.51421893193562,430.0785497774709,219.41248770444992,0.69347657033171,0.0,-0.7204791783257647,3.929013079667063,3.929013079667063
43.51421893193562,430.0785497774709,219.41248770444992,31.65471839726378,442.8047864582652,222.89032184498456,0.69347657033171,0.0,-0.7204791783257647,3.929013079667063,3.929013079667063
31.654718397263792,442.8047864582653,222.89032184498456,45.77535398940689,454.2491167238827,218.80661839182278,0.69347657033171,0.0,-0.7204791783257647,3.929013079667063,3.929013079667063
45.77535398940689,454.2491167238827,218.80661839182278,59.89598958154999,465.6934469895002,214.722914938661,0.69347657033171,0.0,-0.7204791783257647,3.929013079667063,3.929013079667063
57.63485452407873,441.52288004308855,215.32878425128814,45.77535398940689,454.2491167238827,218.80661839182278,0.69347657033171,0.0,-0.7204791783257647,3.929013079667063,3.929013079667063
45.77535398940689,454.2491167238827,218.80661839182278,33.91585345473505,466.9753534046771,222.28445253235742,0.69347657033171,0.0,-0.7204791783257647,3.929013079667063,3.929013079667063
33.91585345473505,466.9753534046771,222.28445253235742,48.03648904687816,478.4196836702946,218.20074907919567,0.69347657033171,0.0,-0.7204791783257647,3.929013079667063,3.929013079667063
48.03648904687816,478.4196836702946,218.20074907919567,62.157124639021255,489.864013935912,214.1170456260339,0.69347657033171,0.0,-0.7204791783257647,3.929013079667063,3.929013079667063
59.89598958154999,465.6934469895002,214.722914938661,48.03648904687816,478.4196836702946,218.20074907919567,0.69347657033171,0.0,-0.7204791783257647,3.929013079667063,3.929013079667063
48.03648904687816,478.4196836702946,218.20074907919567,36.176988512206314,491.1459203510889,221.6785832197303,0.69347657033171,0.0,-0.7204791783257647,3.929013079667063,3.929013079667063
36.176988512206314,491.1459203510889,221.6785832197303,50.29762410434942,502.5902506167065,217.59487976656854,0.69347657033171,0.0,-0.7204791783257647,3.929013079667063,3.929013079667063
50.29762410434942,502.5902506167065,217.59487976656854,64.41825969649251,514.0345808823239,213.51117631340676,0.69347657033171,0.0,-0.7204791783257647,3.929013079667063,3.929013079667063
62.157124639021255,489.864013935912,214.1170456260339,50.29762410434942,502.5902506167065,217.59487976656854,0.69347657033171,0.0,-0.7204791783257647,3.929013079667063,3.929013079667063
50.29762410434942,502.5902506167065,217.59487976656854,38.43812356967757,515.3164872975008,221.07271390710318,0.69347657033171,0.0,-0.7204791783257647,3.929013079667063,3.929013079667063
38.438123569677586,515.3164872975009,221.07271390710318,52.55875916182068,526.7608175631183,216.9890104539414,0.69347657033171,0.0,-0.7204791783257647,3.929013079667063,3.929013079667063
52.55875916182068,526.7608175631183,216.9890104539414,66.67939475396378,538.2051478287358,212.90530700077963,0.69347657033171,0.0,-0.7204791783257647,3.929013079667063,3.929013079667063
64.41825969649253,514.034580882324,213.51117631340676,52.55875916182068,526.7608175631183,216.9890104539414,0.69347657033171,0.0,-0.7204791783257647,3.929013079667063,3.929013079667063
52.55875916182068,526.7608175631183,216.9890104539414,40.69925862714884,539.4870542439127,220.46684459447604,0.69347657033171,0.0,-0.7204791783257647,3.929013079667063,3.929013079667063
40.69925862714884,539.4870542439127,220.46684459447604,54.81989421929195,550.9313845095302,216.3831411413143,0.69347657033171,0.0,-0.7204791783257647,3.929013079667063,3.929013079667063
54.81989421929195,550.9313845095302,216.3831411413143,68.94052981143506,562.3757147751476,212.29943768815252,0.69347657033171,0.0,-0.7204791783257647,3.929013079667063,3.929013079667063
66.67939475396378,538.2051478287358,212.90530700077963,54.81989421929195,550.9313845095302,216.3831411413143,0.69347657033171,0.0,-0.7204791783257647,3.929013079667063,3.929013079667063
54.81989421929195,550.9313845095302,216.3831411413143,42.96039368462011,563.6576211903244,219.86097528184894,0.69347657033171,0.0,-0.7204791783257647,3.929013079667063,3.929013079667063
42.96039368462011,563.6576211903244,219.86097528184894,57.08102927676321,575.1019514559421,215.77727182868716,0.69347657033171,0.0,-0.7204791783257647,3.929013079667063,3.929013079667063
57.08102927676321,575.1019514559421,215.77727182868716,71.20166486890632,586.5462817215595,211.6935683755254,0.69347657033171,0.0,-0.7204791783257647,3.929013079667063,3.929013079667063
68.94052981143506,562.3757147751476,212.29943768815252,57.08102927676321,575.1019514559421,215.77727182868716,0.69347657033171,0.0,-0.7204791783257647,3.929013079667063,3.929013079667063
57.08102927676321,575.1019514559421,215.77727182868716,45.22152874209138,587.8281881367363,219.2551059692218,0.69347657033171,0.0,-0.7204791783257647,3.929013079667063,3.929013079667063
45.221528742091365,587.8281881367362,219.2551059692218,59.342164334234475,599.2725184023539,215.17140251606003,0.69347657033171,0.0,-0.7204791783257647,3.929013079667063,3.929013079667063
59.342164334234475,599.2725184023539,215.17140251606003,73.46279992637758,610.7168486679714,211.08769906289825,0.69347657033171,0.0,-0.7204791783257647,3.929013079667063,3.929013079667063
71.2016648689063,586.5462817215594,211.6935683755254,59.342164334234475,599.2725184023539,215.17140251606003,0.69347657033171,0.0,-0.7204791783257647,3.929013079667063,3.929013079667063
59.342164334234475,599.2725184023539,215.17140251606003,47.48266379956264,611.9987550831482,218.64923665659467,0.69347657033171,0.0,-0.7204791783257647,3.929013079667063,3.929013079667063
47.48266379956264,611.9987550831482,218.64923665659467,61.60329939170574,623.4430853487657,214.56553320343292,0.69347657033171,0.0,-0.7204791783257647,3.929013079667063,3.929013079667063
61.60329939170574,623.4430853487657,214.56553320343292,75.72393498384885,634.8874156143833,210.48182975027115,0.69347657033171,0.0,-0.7204791783257647,3.929013079667063,3.929013079667063
73.46279992637758,610.7168486679714,211.08769906289825,61.60329939170574,623.4430853487657,214.56553320343292,0.69347657033171,0.0,-0.7204791783257647,3.929013079667063,3.929013079667063
61.60329939170574,623.4430853487657,214.56553320343292,49.74379885703391,636.1693220295601,218.04336734396756,0.69347657033171,0.0,-0.7204791783257647,3.929013079667063,3.929013079667063
49.743798857033894,636.16932202956,218.04336734396756,63.864434449177004,647.6136522951775,213.95966389080579,0.69347657033171,0.0,-0.7204791783257647,3.929013079667063,3.929013079667063
63.864434449177004,647.6136522951775,213.95966389080579,77.98507004132011,659.057982560795,209.875960437644,0.69347657033171,0.0,-0.7204791783257647,3.929013079667063,3.929013079667063
75.72393498384884,634.8874156143831,210.48182975027115,63.864434449177004,647.6136522951775,213.95966389080579,0.69347657033171,0.0,-0.7204791783257647,3.929013079667063,3.929013079667063
63.864434449177004,647.6136522951775,213.95966389080579,52.004933914505166,660.3398889759719,217.43749803134043,0.69347657033171,0.0,-0.7204791783257647,3.929013079667063,3.929013079667063
52.004933914505166,660.3398889759719,217.43749803134043,66.12556950664828,671.7842192415895,213.35379457817865,0.69347657033171,0.0,-0.7204791783257647,3.929013079667063,3.929013079667063
66.12556950664828,671.7842192415895,213.35379457817865,80.24620509879138,683.2285495072069,209.27009112501688,0.69347657033171,0.0,-0.7204791783257647,3.929013079667063,3.929013079667063
77.98507004132011,659.057982560795,209.875960437644,66.12556950664828,671.7842192415895,213.35379457817865,0.69347657033171,0.0,-0.7204791783257647,3.929013079667063,3.929013079667063
66.12556950664828,671.7842192415895,213.35379457817865,54.26606897197644,684.5104559223838,216.8316287187133,0.69347657033171,0.0,-0.7204791783257647,3.929013079667063,3.929013079667063
54.26606897197642,684.5104559223837,216.8316287187133,68.38670456411953,695.9547861880013,212.74792526555154,0.69347657033171,0.0,-0.7204791783257647,3.929013079667063,3.929013079667063
68.38670456411953,695.9547861880013,212.74792526555154,82.50734015626264,707.3991164536188,208.66422181238977,0.69347657033171,0.0,-0.7204791783257647,3.929013079667063,3.929013079667063
80.24620509879136,683.2285495072068,209.27009112501688,68.38670456411953,695.9547861880013,212.74792526555154,0.69347657033171,0.0,-0.7204791783257647,3.929013079667063,3.929013079667063
68.38670456411953,695.9547861880013,212.74792526555154,56.5272040294477,708.6810228687957,216.22575940608618,0.69347657033171,0.0,-0.7204791783257647,3.929013079667063,3.929013079667063
56.52720402944769,708.6810228687956,216.22575940608618,70.64783962159079,720.1253531344131,212.1420559529244,0.69347657033171,0.0,-0.7204791783257647,3.929013079667063,3.929013079667063
70.64783962159079,720.1253531344131,212.1420559529244,84.76847521373391,731.5696834000306,208.05835249976263,0.69347657033171,0.0,-0.7204791783257647,3.929013079667063,3.929013079667063
82.50734015626263,707.3991164536187,208.66422181238977,70.64783962159079,720.1253531344131,212.1420559529244,0.69347657033171,0.0,-0.7204791783257647,3.929013079667063,3.929013079667063
70.64783962159079,720.1253531344131,212.1420559529244,58.78833908691897,732.8515898152075,215.61989009345905,0.69347657033171,0.0,-0.7204791783257647,3.929013079667063,3.929013079667063
58.78833908691897,732.8515898152075,215.61989009345905,72.90897467906206,744.295920080825,211.53618664029727,0.69347657033171,0.0,-0.7204791783257647,3.929013079667063,3.929013079667063
72.90897467906206,744.295920080825,211.53618664029727,87.02961027120517,755.7402503464425,207.4524831871355,0.69347657033171,0.0,-0.7204791783257647,3.929013079667063,3.929013079667063
84.76847521373391,731.5696834000306,208.05835249976263,72.90897467906206,744.295920080825,211.53618664029727,0.69347657033171,0.0,-0.7204791783257647,3.929013079667063,3.929013079667063
72.90897467906206,744.295920080825,211.53618664029727,61.04947414439023,757.0221567616194,215.0140207808319,0.69347657033171,0.0,-0.7204791783257647,3.929013079667063,3.929013079667063
61.04947414439022,757.0221567616193,215.01402078083194,75.17010973653332,768.4664870272369,210.93031732767017,0.69347657033171,0.0,-0.7204791783257647,3.929013079667063,3.929013079667063
75.17010973653332,768.4664870272369,210.93031732767017,89.29074532867644,779.9108172928543,206.8466138745084,0.69347657033171,0.0,-0.7204791783257647,3.929013079667063,3.929013079667063
87.02961027120516,755.7402503464424,207.45248318713553,75.17010973653332,768.4664870272369,210.93031732767017,0.69347657033171,0.0,-0.7204791783257647,3.929013079667063,3.929013079667063
75.17010973653332,768.4664870272369,210.93031732767017,63.310609201861496,781.1927237080312,214.4081514682048,0.69347657033171,0.0,-0.7204791783257647,3.929013079667063,3.929013079667063
63.310609201861496,781.1927237080312,214.4081514682048,77.4312447940046,792.6370539736488,210.32444801504303,0.69347657033171,0.0,-0.7204791783257647,3.929013079667063,3.929013079667063
77.4312447940046,792.6370539736488,210.32444801504303,91.5518803861477,804.0813842392663,206.24074456188126,0.69347657033171,0.0,-0.7204791783257647,3.929013079667063,3.929013079667063
89.29074532867644,779.9108172928543,206.8466138745084,77.4312447940046,792.6370539736488,210.32444801504303,0.69347657033171,0.0,-0.7204791783257647,3.929013079667063,3.929013079667063
77.4312447940046,792.6370539736488,210.32444801504303,65.57174425933276,805.3632906544432,213.80228215557767,0.69347657033171,0.0,-0.7204791783257647,3.929013079667063,3.929013079667063
65.57174425933276,805.3632906544431,213.80228215557767,79.69237985147585,816.8076209200606,209.7185787024159,0.69347657033171,0.0,-0.7204791783257647,3.929013079667063,3.929013079667063
79.69237985147585,816.8076209200606,209.7185787024159,93.81301544361897,828.2519511856781,205.63487524925412,0.69347657033171,0.0,-0.7204791783257647,3.929013079667063,3.929013079667063
91.5518803861477,804.0813842392662,206.24074456188126,79.69237985147585,816.8076209200606,209.7185787024159,0.69347657033171,0.0,-0.7204791783257647,3.929013079667063,3.929013079667063
79.69237985147585,816.8076209200606,209.7185787024159,67.83287931680402,829.533857600855,213.19641284295054,0.69347657033171,0.0,-0.7204791783257647,3.929013079667063,3.929013079667063
67.83287931680401,829.5338576008548,213.19641284295054,81.95351490894711,840.9781878664724,209.1127093897888,0.69347657033171,0.0,-0.7204791783257647,3.929013079667063,3.929013079667063
81.95351490894711,840.9781878664724,209.1127093897888,96.07415050109023,852.4225181320899,205.02900593662702,0.69347657033171,0.0,-0.7204791783257647,3.929013079667063,3.929013079667063
93.81301544361895,828.251951185678,205.63487524925412,81.95351490894711,840.9781878664724,209.1127093897888,0.69347657033171,0.0,-0.7204791783257647,3.929013079667063,3.929013079667063
81.95351490894711,840.9781878664724,209.1127093897888,70.09401437427529,853.7044245472667,212.59054353032343,0.69347657033171,0.0,-0.7204791783257647,3.929013079667063,3.929013079667063
70.09401437427529,853.7044245472667,212.59054353032343,84.21464996641839,865.1487548128844,208.50684007716166,0.69347657033171,0.0,-0.7204791783257647,3.929013079667063,3.929013079667063
84.21464996641839,865.1487548128844,208.50684007716166,98.3352855585615,876.5930850785018,204.42313662399988,0.69347657033171,0.0,-0.7204791783257647,3.929013079667063,3.929013079667063
96.07415050109023,852.4225181320899,205.02900593662702,84.21464996641839,865.1487548128844,208.50684007716166,0.69347657033171,0.0,-0.7204791783257647,3.929013079667063,3.929013079667063
84.21464996641839,865.1487548128844,208.50684007716166,72.35514943174655,877.8749914936786,211.9846742176963,0.69347657033171,0.0,-0.7204791783257647,3.929013079667063,3.929013079667063
72.35514943174655,877.8749914936785,211.9846742176963,86.47578502388964,889.3193217592961,207.90097076453452,0.69347657033171,0.0,-0.7204791783257647,3.929013079667063,3.929013079667063
86.47578502388964,889.3193217592961,207.90097076453452,100.59642061603276,900.7636520249137,203.81726731137275,0.69347657033171,0.0,-0.7204791783257647,3.929013079667063,3.929013079667063
98.3352855585615,876.5930850785016,204.42313662399988,86.47578502388964,889.3193217592961,207.90097076453452,0.69347657033171,0.0,-0.7204791783257647,3.929013079667063,3.929013079667063
86.47578502388964,889.3193217592961,207.90097076453452,74.61628448921782,902.0455584400905,211.37880490506916,0.69347657033171,0.0,-0.7204791783257647,3.929013079667063,3.929013079667063
74.61628448921782,902.0455584400905,211.37880490506916,88.73692008136092,913.489888705708,207.29510145190739,0.69347657033171,0.0,-0.7204791783257647,3.929013079667063,3.929013079667063
88.73692008136092,913.489888705708,207.29510145190739,102.85755567350402,924.9342189713255,203.21139799874564,0.69347657033171,0.0,-0.7204791783257647,3.929013079667063,3.929013079667063
100.59642061603276,900.7636520249137,203.81726731137275,88.73692008136092,913.489888705708,207.29510145190739,0.69347657033171,0.0,-0.7204791783257647,3.929013079667063,3.929013079667063
88.73692008136092,913.489888705708,207.29510145190739,76.87741954668908,926.2161253865024,210.77293559244205,0.69347657033171,0.0,-0.7204791783257647,3.929013079667063,3.929013079667063
76.87741954668908,926.2161253865023,210.77293559244205,90.99805513883217,937.6604556521198,206.68923213928028,0.69347657033171,0.0,-0.7204791783257647,3.929013079667063,3.929013079667063
90.99805513883217,937.6604556521198,206.68923213928028,105.11869073097529,949.1047859177373,202.6055286861185,0.69347657033171,0.0,-0.7204791783257647,3.929013079667063,3.929013079667063
102.85755567350402,924.9342189713254,203.21139799874564,90.99805513883217,937.6604556521198,206.68923213928028,0.69347657033171,0.0,-0.7204791783257647,3.929013079667063,3.929013079667063
90.99805513883217,937.6604556521198,206.68923213928028,79.13855460416035,950.3866923329142,210.16706627981492,0.69347657033171,0.0,-0.7204791783257647,3.929013079667063,3.929013079667063
79.13855460416033,950.3866923329141,210.16706627981492,93.25919019630344,961.8310225985317,206.08336282665314,0.69347657033171,0.0,-0.7204791783257647,3.929013079667063,3.929013079667063
93.25919019630344,961.8310225985317,206.08336282665314,107.37982578844655,973.2753528641491,201.99965937349137,0.69347657033171,0.0,-0.7204791783257647,3.929013079667063,3.929013079667063
105.11869073097527,949.1047859177372,202.6055286861185,93.25919019630344,961.8310225985317,206.08336282665314,0.69347657033171,0.0,-0.7204791783257647,3.929013079667063,3.929013079667063
93.25919019630344,961.8310225985317,206.08336282665314,81.39968966163161,974.557259279326,209.56119696718778,0.69347657033171,0.0,-0.7204791783257647,3.929013079667063,3.929013079667063
81.39968966163161,974.557259279326,209.56119696718778,95.52032525377471,986.0015895449436,205.47749351402604,0.69347657033171,0.0,-0.7204791783257647,3.929013079667063,3.929013079667063
95.52032525377471,986.0015895449436,205.47749351402604,109.64096084591782,997.4459198105611,201.39379006086426,0.69347657033171,0.0,-0.7204791783257647,3.929013079667063,3.929013079667063
107.37982578844655,973.2753528641491,201.99965937349137,95.52032525377471,986.0015895449436,205.47749351402604,0.69347657033171,0.0,-0.7204791783257647,3.929013079667063,3.929013079667063
95.52032525377471,986.0015895449436,205.47749351402604,83.66082471910288,998.7278262257379,208.95532765456068,0.69347657033171,0.0,-0.7204791783257647,3.929013079667063,3.929013079667063
83.66082471910288,998.7278262257379,208.95532765456068,97.78146031124597,1010.1721564913554,204.8716242013989,0.69347657033171,0.0,-0.7204791783257647,3.929013079667063,3.929013079667063
97.78146031124597,1010.1721564913554,204.8716242013989,111.90209590338907,1021.6164867569729,200.78792074823713,0.69347657033171,0.0,-0.7204791783257647,3.929013079667063,3.929013079667063
109.64096084591782,997.4459198105611,201.39379006086426,97.78146031124597,1010.1721564913554,204.8716242013989,0.69347657033171,0.0,-0.7204791783257647,3.929013079667063,3.929013079667063
97.78146031124597,1010.1721564913554,204.8716242013989,85.92195977657413,1022.8983931721497,208.34945834193354,0.69347657033171,0.0,-0.7204791783257647,3.929013079667063,3.929013079667063
85.92195977657413,1022.8983931721497,208.34945834193354,100.04259536871723,1034.3427234377673,204.26575488877177,0.69347657033171,0.0,-0.7204791783257647,3.929013079667063,3.929013079667063
100.04259536871723,1034.3427234377673,204.26575488877177,114.16323096086035,1045.7870537033848,200.18205143561002,0.69347657033171,0.0,-0.7204791783257647,3.929013079667063,3.929013079667063
111.90209590338907,1021.6164867569729,200.78792074823713,100.04259536871723,1034.3427234377673,204.26575488877177,0.69347657033171,0.0,-0.7204791783257647,3.929013079667063,3.929013079667063
100.04259536871723,1034.3427234377673,204.26575488877177,88.1830948340454,1047.0689601185616,207.74358902930643,0.69347657033171,0.0,-0.7204791783257647,3.929013079667063,3.929013079667063
88.1830948340454,1047.0689601185616,207.74358902930643,102.30373042618851,1058.513290384179,203.65988557614466,0.69347657033171,0.0,-0.7204791783257647,3.929013079667063,3.929013079667063
102.30373042618851,1058.513290384179,203.65988557614466,116.4243660183316,1069.9576206497966,199.57618212298289,0.69347657033171,0.0,-0.7204791783257647,3.929013079667063,3.929013079667063
114.16323096086035,1045.7870537033848,200.18205143561002,102.30373042618851,1058.513290384179,203.65988557614466,0.69347657033171,0.0,-0.7204791783257647,3.929013079667063,3.929013079667063
102.30373042618851,1058.513290384179,203.65988557614466,90.44422989151666,1071.2395270649733,207.1377197166793,0.69347657033171,0.0,-0.7204791783257647,3.929013079667063,3.929013079667063
90.44422989151666,1071.2395270649733,207.1377197166793,104.56486548365976,1082.6838573305909,203.05401626351752,0.69347657033171,0.0,-0.7204791783257647,3.929013079667063,3.929013079667063
104.56486548365976,1082.6838573305909,203.05401626351752,118.68550107580286,1094.1281875962084,198.97031281035575,0.69347657033171,0.0,-0.7204791783257647,3.929013079667063,3.929013079667063
116.4243660183316,1069.9576206497966,199.57618212298289,104.56486548365976,1082.6838573305909,203.05401626351752,0.69347657033171,0.0,-0.7204791783257647,3.929013079667063,3.929013079667063
104.56486548365976,1082.6838573305909,203.05401626351752,92.70536494898792,1095.4100940113851,206.53185040405216,0.69347657033171,0.0,-0.7204791783257647,3.929013079667063,3.929013079667063
92.70536494898792,1095.4100940113851,206.53185040405216,106.82600054113102,1106.8544242770029,202.4481469508904,0.69347657033171,0.0,-0.7204791783257647,3.929013079667063,3.929013079667063
106.82600054113102,1106.8544242770029,202.4481469508904,120.94663613327414,1118.2987545426204,198.36444349772862,0.69347657033171,0.0,-0.7204791783257647,3.929013079667063,3.929013079667063
118.68550107580286,1094.1281875962084,198.97031281035575,106.82600054113102,1106.8544242770029,202.4481469508904,0.69347657033171,0.0,-0.7204791783257647,3.929013079667063,3.929013079667063
106.82600054113102,1106.8544242770029,202.4481469508904,94.9665000064592,1119.5806609577971,205.92598109142503,0.69347657033171,0.0,-0.7204791783257647,3.929013079667063,3.929013079667063
94.9665000064592,1119.5806609577971,205.92598109142503,109.0871355986023,1131.0249912234146,201.84227763826328,0.69347657033171,0.0,-0.7204791783257647,3.929013079667063,3.929013079667063
109.0871355986023,1131.0249912234146,201.84227763826328,123.2077711907454,1142.4693214890324,197.7585741851015,0.69347657033171,0.0,-0.7204791783257647,3.929013079667063,3.929013079667063
120.94663613327414,1118.2987545426204,198.36444349772862,109.0871355986023,1131.0249912234146,201.84227763826328,0.69347657033171,0.0,-0.7204791783257647,3.929013079667063,3.929013079667063
109.0871355986023,1131.0249912234146,201.84227763826328,97.22763506393046,1143.7512279042091,205.32011177879792,0.69347657033171,0.0,-0.7204791783257647,3.929013079667063,3.929013079667063
1.3291640690745843e-14,0.0,217.0689655172414,-5.139831499808877,24.170566946411853,229.28194630694162,0.0,0.0,1.0,3.929013079667063,3.929013079667063
9.662101614751432,24.170566946411853,203.6442461022869,4.522270114942542,48.341133892823706,215.85722689198715,0.0,0.0,1.0,3.929013079667063,3.929013079667063
4.522270114942542,48.341133892823706,215.85722689198715,-0.6175613848663479,72.51170083923556,228.07020768168738,0.0,0.0,1.0,3.929013079667063,3.929013079667063
-5.139831499808877,24.170566946411853,229.28194630694162,4.522270114942542,48.341133892823706,215.85722689198715,0.0,0.0,1.0,3.929013079667063,3.929013079667063
4.522270114942542,48.341133892823706,215.85722689198715,14.18437172969396,72.51170083923556,202.43250747703266,0.0,0.0,1.0,3.929013079667063,3.929013079667063
14.18437172969396,72.51170083923556,202.43250747703266,9.04454022988507,96.68226778564741,214.64548826673288,0.0,0.0,1.0,3.929013079667063,3.929013079667063
9.04454022988507,96.68226778564741,214.64548826673288,3.9047087300761802,120.85283473205928,226.85846905643314,0.0,0.0,1.0,3.929013079667063,3.929013079667063
-0.6175613848663479,72.51170083923556,228.07020768168738,9.04454022988507,96.68226778564741,214.64548826673288,0.0,0.0,1.0,3.929013079667063,3.929013079667063
9.04454022988507,96.68226778564741,214.64548826673288,18.70664184463649,120.85283473205928,201.22076885177842,0.0,0.0,1.0,3.929013079667063,3.929013079667063
18.70664184463649,120.85283473205928,201.22076885177842,13.5668103448276,145.02340167847112,213.43374964147864,0.0,0.0,1.0,3.929013079667063,3.929013079667063
13.5668103448276,145.02340167847112,213.43374964147864,8.42697884501871,169.19396862488296,225.64673043117887,0.0,0.0,1.0,3.929013079667063,3.929013079667063
3.9047087300761802,120.85283473205928,226.85846905643314,13.5668103448276,145.02340167847112,213.43374964147864,0.0,0.0,1.0,3.929013079667063,3.929013079667063
13.5668103448276,145.02340167847112,213.43374964147864,23.22891195957902,169.19396862488296,200.00903022652415,0.0,0.0,1.0,3.929013079667063,3.929013079667063
23.22891195957902,169.19396862488296,200.00903022652415,18.08908045977013,193.36453557129482,212.2220110162244,0.0,0.0,1.0,3.929013079667063,3.929013079667063
18.08908045977013,193.36453557129482,212.2220110162244,12.94924895996124,217.53510251770663,224.43499180592462,0.0,0.0,1.0,3.929013079667063,3.929013079667063
8.42697884501871,169.19396862488296,225.64673043117887,18.08908045977013,193.36453557129482,212.2220110162244,0.0,0.0,1.0,3.929013079667063,3.929013079667063
18.08908045977013,193.36453557129482,212.2220110162244,27.75118207452155,217.53510251770663,198.7972916012699,0.0,0.0,1.0,3.929013079667063,3.929013079667063
27.75118207452155,217.53510251770663,198.7972916012699,22.61135057471266,241.70566946411853,211.01027239097013,0.0,0.0,1.0,3.929013079667063,3.929013079667063
22.61135057471266,241.70566946411853,211.01027239097013,17.471519074903767,265.8762364105303,223.22325318067038,0.0,0.0,1.0,3.929013079667063,3.929013079667063
12.94924895996124,217.53510251770663,224.43499180592462,22.61135057471266,241.70566946411853,211.01027239097013,0.0,0.0,1.0,3.929013079667063,3.929013079667063
22.61135057471266,241.70566946411853,211.01027239097013,32.27345218946408,265.8762364105303,197.58555297601566,0.0,0.0,1.0,3.929013079667063,3.929013079667063
32.27345218946408,265.8762364105303,197.58555297601566,27.13362068965519,290.0468033569422,209.7985337657159,0.0,0.0,1.0,3.929013079667063,3.929013079667063
27.13362068965519,290.0468033569422,209.7985337657159,21.993789189846304,314.2173703033541,222.0115145554161,0.0,0.0,1.0,3.929013079667063,3.929013079667063
17.471519074903767,265.8762364105303,223.22325318067038,27.13362068965519,290.0468033569422,209.7985337657159,0.0,0.0,1.0,3.929013079667063,3.929013079667063
27.13362068965519,290.0468033569422,209.7985337657159,36.79572230440661,314.2173703033541,196.3738143507614,0.0,0.0,1.0,3.929013079667063,3.929013079667063
36.79572230440661,314.2173703033541,196.3738143507614,31.655890804597718,338.38793724976586,208.58679514046165,0.0,0.0,1.0,3.929013079667063,3.929013079667063
31.655890804597718,338.38793724976586,208.58679514046165,26.516059304788833,362.55850419617775,220.79977593016187,0.0,0.0,1.0,3.929013079667063,3.929013079667063
21.993789189846304,314.2173703033541,222.0115145554161,31.655890804597718,338.38793724976586,208.58679514046165,0.0,0.0,1.0,3.929013079667063,3.929013079667063
31.655890804597718,338.38793724976586,208.58679514046165,41.317992419349146,362.55850419617775,195.16207572550715,0.0,0.0,1.0,3.929013079667063,3.929013079667063
41.31799241934913,362.55850419617764,195.16207572550715,36.17816091954025,386.72907114258965,207.37505651520738,0.0,0.0,1.0,3.929013079667063,3.929013079667063
36.17816091954025,386.72907114258965,207.37505651520738,31.038329419731355,410.8996380890014,219.58803730490763,0.0,0.0,1.0,3.929013079667063,3.929013079667063
26.51605930478882,362.55850419617764,220.79977593016187,36.17816091954025,386.72907114258965,207.37505651520738,0.0,0.0,1.0,3.929013079667063,3.929013079667063
36.17816091954025,386.72907114258965,207.37505651520738,45.84026253429167,410.8996380890014,193.9503371002529,0.0,0.0,1.0,3.929013079667063,3.929013079667063
45.84026253429167,410.8996380890014,193.9503371002529,40.70043103448278,435.0702050354133,206.16331788995313,0.0,0.0,1.0,3.929013079667063,3.929013079667063
40.70043103448278,435.0702050354133,206.16331788995313,35.560599534673884,459.2407719818251,218.37629867965336,0.0,0.0,1.0,3.929013079667063,3.929013079667063
31.038329419731355,410.8996380890014,219.58803730490763,40.70043103448278,435.0702050354133,206.16331788995313,0.0,0.0,1.0,3.929013079667063,3.929013079667063
40.70043103448278,435.0702050354133,206.16331788995313,50.3625326492342,459.2407719818251,192.73859847499864,0.0,0.0,1.0,3.929013079667063,3.929013079667063
50.3625326492342,459.2407719818251,192.73859847499864,45.22270114942531,483.4113389282371,204.9515792646989,0.0,0.0,1.0,3.929013079667063,3.929013079667063
45.22270114942531,483.4113389282371,204.9515792646989,40.08286964961642,507.5819058746489,217.16456005439912,0.0,0.0,1.0,3.929013079667063,3.929013079667063
35.560599534673884,459.2407719818251,218.37629867965336,45.22270114942531,483.4113389282371,204.9515792646989,0.0,0.0,1.0,3.929013079667063,3.929013079667063
45.22270114942531,483.4113389282371,204.9515792646989,54.88480276417673,507.5819058746489,191.5268598497444,0.0,0.0,1.0,3.929013079667063,3.929013079667063
54.88480276417673,507.5819058746489,191.5268598497444,49.744971264367834,531.7524728210607,203.73984063944462,0.0,0.0,1.0,3.929013079667063,3.929013079667063
49.744971264367834,531.7524728210607,203.73984063944462,44.60513976455895,555.9230397674727,215.95282142914488,0.0,0.0,1.0,3.929013079667063,3.929013079667063
40.08286964961642,507.5819058746489,217.16456005439912,49.744971264367834,531.7524728210607,203.73984063944462,0.0,0.0,1.0,3.929013079667063,3.929013079667063
49.744971264367834,531.7524728210607,203.73984063944462,59.40707287911926,555.9230397674727,190.31512122449016,0.0,0.0,1.0,3.929013079667063,3.929013079667063
59.407072879119255,555.9230397674726,190.31512122449016,54.26724137931036,580.0936067138845,202.52810201419038,0.0,0.0,1.0,3.929013079667063,3.929013079667063
54.26724137931036,580.0936067138845,202.52810201419038,49.12740987950147,604.2641736602963,214.7410828038906,0.0,0.0,1.0,3.929013079667063,3.929013079667063
44.60513976455894,555.9230397674726,215.95282142914488,54.26724137931036,580.0936067138845,202.52810201419038,0.0,0.0,1.0,3.929013079667063,3.929013079667063
54.26724137931036,580.0936067138845,202.52810201419038,63.929342994061784,604.2641736602963,189.10338259923589,0.0,0.0,1.0,3.929013079667063,3.929013079667063
63.92934299406179,604.2641736602964,189.10338259923589,58.7895114942529,628.4347406067081,201.31636338893614,0.0,0.0,1.0,3.929013079667063,3.929013079667063
58.7895114942529,628.4347406067081,201.31636338893614,53.649679994444,652.60530755312,213.52934417863636,0.0,0.0,1.0,3.929013079667063,3.929013079667063
49.12740987950148,604.2641736602964,214.7410828038906,58.7895114942529,628.4347406067081,201.31636338893614,0.0,0.0,1.0,3.929013079667063,3.929013079667063
58.7895114942529,628.4347406067081,201.31636338893614,68.45161310900431,652.60530755312,187.89164397398164,0.0,0.0,1.0,3.929013079667063,3.929013079667063
68.45161310900433,652.6053075531202,187.89164397398164,63.31178160919543,676.7758744995319,200.10462476368187,0.0,0.0,1.0,3.929013079667063,3.929013079667063
63.31178160919543,676.7758744995319,200.10462476368187,58.17195010938653,700.9464414459437,212.31760555338212,0.0,0.0,1.0,3.929013079667063,3.929013079667063
53.649679994444014,652.6053075531202,213.52934417863636,63.31178160919543,676.7758744995319,200.10462476368187,0.0,0.0,1.0,3.929013079667063,3.929013079667063
63.31178160919543,676.7758744995319,200.10462476368187,72.97388322394684,700.9464414459437,186.6799053487274,0.0,0.0,1.0,3.929013079667063,3.929013079667063
72.97388322394684,700.9464414459437,186.6799053487274,67.83405172413795,725.1170083923555,198.89288613842763,0.0,0.0,1.0,3.929013079667063,3.929013079667063
67.83405172413795,725.1170083923555,198.89288613842763,62.69422022432906,749.2875753387674,211.10586692812785,0.0,0.0,1.0,3.929013079667063,3.929013079667063
58.17195010938653,700.9464414459437,212.31760555338212,67.83405172413795,725.1170083923555,198.89288613842763,0.0,0.0,1.0,3.929013079667063,3.929013079667063
67.83405172413795,725.1170083923555,198.89288613842763,77.49615333888937,749.2875753387674,185.46816672347313,0.0,0.0,1.0,3.929013079667063,3.929013079667063
77.49615333888939,749.2875753387675,185.46816672347313,72.35632183908048,773.4581422851793,197.68114751317339,0.0,0.0,1.0,3.929013079667063,3.929013079667063
72.35632183908048,773.4581422851793,197.68114751317339,67.21649033927159,797.6287092315911,209.8941283028736,0.0,0.0,1.0,3.929013079667063,3.929013079667063
62.69422022432907,749.2875753387675,211.10586692812785,72.35632183908048,773.4581422851793,197.68114751317339,0.0,0.0,1.0,3.929013079667063,3.929013079667063
72.35632183908048,773.4581422851793,197.68114751317339,82.0184234538319,797.6287092315911,184.2564280982189,0.0,0.0,1.0,3.929013079667063,3.929013079667063
82.01842345383191,797.6287092315912,184.2564280982189,76.87859195402302,821.799276178003,196.46940888791912,0.0,0.0,1.0,3.929013079667063,3.929013079667063
76.87859195402302,821.799276178003,196.46940888791912,71.73876045421412,845.9698431244149,208.68238967761937,0.0,0.0,1.0,3.929013079667063,3.929013079667063
67.2164903392716,797.6287092315912,209.8941283028736,76.87859195402302,821.799276178003,196.46940888791912,0.0,0.0,1.0,3.929013079667063,3.929013079667063
76.87859195402302,821.799276178003,196.46940888791912,86.54069356877443,845.9698431244149,183.04468947296465,0.0,0.0,1.0,3.929013079667063,3.929013079667063
86.54069356877444,845.969843124415,183.04468947296465,81.40086206896555,870.1404100708268,195.25767026266487,0.0,0.0,1.0,3.929013079667063,3.929013079667063
81.40086206896555,870.1404100708268,195.25767026266487,76.26103056915665,894.3109770172385,207.4706510523651,0.0,0.0,1.0,3.929013079667063,3.929013079667063
71.73876045421413,845.969843124415,208.68238967761937,81.40086206896555,870.1404100708268,195.25767026266487,0.0,0.0,1.0,3.929013079667063,3.929013079667063
81.40086206896555,870.1404100708268,195.25767026266487,91.06296368371696,894.3109770172385,181.83295084771038,0.0,0.0,1.0,3.929013079667063,3.929013079667063
91.06296368371697,894.3109770172387,181.83295084771038,85.92313218390808,918.4815439636504,194.04593163741063,0.0,0.0,1.0,3.929013079667063,3.929013079667063
85.92313218390808,918.4815439636504,194.04593163741063,80.78330068409919,942.6521109100623,206.25891242711086,0.0,0.0,1.0,3.929013079667063,3.929013079667063
76.26103056915666,894.3109770172387,207.4706510523651,85.92313218390808,918.4815439636504,194.04593163741063,0.0,0.0,1.0,3.929013079667063,3.929013079667063
85.92313218390808,918.4815439636504,194.04593163741063,95.5852337986595,942.6521109100623,180.62121222245614,0.0,0.0,1.0,3.929013079667063,3.929013079667063
95.5852337986595,942.6521109100623,180.62121222245614,90.4454022988506,966.8226778564741,192.83419301215636,0.0,0.0,1.0,3.929013079667063,3.929013079667063
90.4454022988506,966.8226778564741,192.83419301215636,85.3055707990417,990.9932448028859,205.04717380185662,0.0,0.0,1.0,3.929013079667063,3.929013079667063
80.78330068409919,942.6521109100623,206.25891242711086,90.4454022988506,966.8226778564741,192.83419301215636,0.0,0.0,1.0,3.929013079667063,3.929013079667063
90.4454022988506,966.8226778564741,192.83419301215636,100.10750391360202,990.9932448028859,179.4094735972019,0.0,0.0,1.0,3.929013079667063,3.929013079667063
100.10750391360203,990.9932448028859,179.4094735972019,94.96767241379314,1015.1638117492977,191.62245438690212,0.0,0.0,1.0,3.929013079667063,3.929013079667063
94.96767241379314,1015.1638117492977,191.62245438690212,89.82784091398423,1039.3343786957096,203.83543517660235,0.0,0.0,1.0,3.929013079667063,3.929013079667063
85.30557079904172,990.9932448028859,205.04717380185662,94.96767241379314,1015.1638117492977,191.62245438690212,0.0,0.0,1.0,3.929013079667063,3.929013079667063
94.96767241379314,1015.1638117492977,191.62245438690212,104.62977402854455,1039.3343786957096,178.19773497194763,0.0,0.0,1.0,3.929013079667063,3.929013079667063
104.62977402854456,1039.3343786957098,178.19773497194763,99.48994252873565,1063.5049456421214,190.41071576164788,0.0,0.0,1.0,3.929013079667063,3.929013079667063
99.48994252873565,1063.5049456421214,190.41071576164788,94.35011102892678,1087.6755125885334,202.6236965513481,0.0,0.0,1.0,3.929013079667063,3.929013079667063
89.82784091398425,1039.3343786957098,203.83543517660235,99.48994252873565,1063.5049456421214,190.41071576164788,0.0,0.0,1.0,3.929013079667063,3.929013079667063
99.48994252873565,1063.5049456421214,190.41071576164788,109.15204414348709,1087.6755125885334,176.98599634669338,0.0,0.0,1.0,3.929013079667063,3.929013079667063
109.15204414348706,1087.6755125885331,176.98599634669338,104.01221264367818,1111.8460795349451,189.19897713639364,0.0,0.0,1.0,3.929013079667063,3.929013079667063
104.01221264367818,1111.8460795349451,189.19897713639364,98.87238114386929,1136.016646481357,201.41195792609386,0.0,0.0,1.0,3.929013079667063,3.929013079667063
94.35011102892675,1087.6755125885331,202.6236965513481,104.01221264367818,1111.8460795349451,189.19897713639364,0.0,0.0,1.0,3.929013079667063,3.929013079667063
104.01221264367818,1111.8460795349451,189.19897713639364,113.6743142584296,1136.016646481357,175.77425772143914,0.0,0.0,1.0,3.929013079667063,3.929013079667063
108.53448275862071,1160.187213427769,187.98723851113937,98.87238114386929,1136.016646481357,201.41195792609386,0.0,0.0,1.0,3.929013079667063,3.929013079667063
14.18437172969396,72.51170083923556,202.43250747703266,17.276244246414418,80.24628226208736,198.13659726424723,0.0,0.0,1.0,3.929013079667063,3.929013079667063
-0.6175613848663479,72.51170083923556,228.07020768168738,-2.2623074648051933,80.24628226208736,231.97836153439144,0.0,0.0,1.0,3.929013079667063,3.929013079667063
18.70664184463649,120.85283473205928,201.22076885177842,21.798514361356947,128.58741615491107,196.924858638993,0.0,0.0,1.0,3.929013079667063,3.929013079667063
3.9047087300761802,120.85283473205928,226.85846905643314,2.2599626501373358,128.58741615491107,230.7666229091372,0.0,0.0,1.0,3.929013079667063,3.929013079667063
23.22891195957902,169.19396862488296,200.00903022652415,26.32078447629948,176.92855004773477,195.71312001373872,0.0,0.0,1.0,3.929013079667063,3.929013079667063
8.42697884501871,169.19396862488296,225.64673043117887,6.782232765079868,176.92855004773477,229.55488428388293,0.0,0.0,1.0,3.929013079667063,3.929013079667063
27.75118207452155,217.53510251770663,198.7972916012699,30.843054591242005,225.26968394055845,194.50138138848448,0.0,0.0,1.0,3.929013079667063,3.929013079667063
12.94924895996124,217.53510251770663,224.43499180592462,11.304502880022394,225.26968394055845,228.34314565862869,0.0,0.0,1.0,3.929013079667063,3.929013079667063
32.27345218946408,265.8762364105303,197.58555297601566,35.36532470618454,273.61081783338216,193.28964276323023,0.0,0.0,1.0,3.929013079667063,3.929013079667063
17.471519074903767,265.8762364105303,223.22325318067038,15.826772994964923,273.61081783338216,227.13140703337444,0.0,0.0,1.0,3.929013079667063,3.929013079667063
36.79572230440661,314.2173703033541,196.3738143507614,39.88759482112707,321.95195172620583,192.077904137976,0.0,0.0,1.0,3.929013079667063,3.929013079667063
21.993789189846304,314.2173703033541,222.0115145554161,20.349043109907456,321.95195172620583,225.9196684081202,0.0,0.0,1.0,3.929013079667063,3.929013079667063
41.317992419349146,362.55850419617775,195.16207572550715,44.409864936069596,370.2930856190296,190.86616551272172,0.0,0.0,1.0,3.929013079667063,3.929013079667063
26.516059304788833,362.55850419617775,220.79977593016187,24.871313224849985,370.2930856190296,224.70792978286593,0.0,0.0,1.0,3.929013079667063,3.929013079667063
45.84026253429167,410.8996380890014,193.9503371002529,48.93213505101212,418.6342195118532,189.65442688746748,0.0,0.0,1.0,3.929013079667063,3.929013079667063
31.038329419731355,410.8996380890014,219.58803730490763,29.393583339792507,418.6342195118532,223.4961911576117,0.0,0.0,1.0,3.929013079667063,3.929013079667063
50.3625326492342,459.2407719818251,192.73859847499864,53.454405165954654,466.975353404677,188.44268826221324,0.0,0.0,1.0,3.929013079667063,3.929013079667063
35.560599534673884,459.2407719818251,218.37629867965336,33.91585345473504,466.975353404677,222.28445253235745,0.0,0.0,1.0,3.929013079667063,3.929013079667063
54.88480276417673,507.5819058746489,191.5268598497444,57.97667528089718,515.3164872975008,187.23094963695897,0.0,0.0,1.0,3.929013079667063,3.929013079667063
40.08286964961642,507.5819058746489,217.16456005439912,38.43812356967757,515.3164872975008,221.07271390710318,0.0,0.0,1.0,3.929013079667063,3.929013079667063
59.40707287911926,555.9230397674727,190.31512122449016,62.49894539583972,563.6576211903244,186.01921101170473,0.0,0.0,1.0,3.929013079667063,3.929013079667063
44.60513976455895,555.9230397674727,215.95282142914488,42.96039368462011,563.6576211903244,219.86097528184894,0.0,0.0,1.0,3.929013079667063,3.929013079667063
63.929342994061784,604.2641736602963,189.10338259923589,67.02121551078224,611.9987550831481,184.80747238645048,0.0,0.0,1.0,3.929013079667063,3.929013079667063
49.12740987950147,604.2641736602963,214.7410828038906,47.48266379956263,611.9987550831481,218.6492366565947,0.0,0.0,1.0,3.929013079667063,3.929013079667063
68.45161310900431,652.60530755312,187.89164397398164,71.54348562572477,660.3398889759718,183.59573376119621,0.0,0.0,1.0,3.929013079667063,3.929013079667063
53.649679994444,652.60530755312,213.52934417863636,52.00493391450516,660.3398889759718,217.43749803134043,0.0,0.0,1.0,3.929013079667063,3.929013079667063
72.97388322394684,700.9464414459437,186.6799053487274,76.0657557406673,708.6810228687956,182.38399513594197,0.0,0.0,1.0,3.929013079667063,3.929013079667063
58.17195010938653,700.9464414459437,212.31760555338212,56.52720402944769,708.6810228687956,216.22575940608618,0.0,0.0,1.0,3.929013079667063,3.929013079667063
77.49615333888937,749.2875753387674,185.46816672347313,80.58802585560983,757.0221567616192,181.17225651068773,0.0,0.0,1.0,3.929013079667063,3.929013079667063
62.69422022432906,749.2875753387674,211.10586692812785,61.04947414439022,757.0221567616192,215.01402078083194,0.0,0.0,1.0,3.929013079667063,3.929013079667063
82.0184234538319,797.6287092315911,184.2564280982189,85.11029597055236,805.363290654443,179.96051788543346,0.0,0.0,1.0,3.929013079667063,3.929013079667063
67.21649033927159,797.6287092315911,209.8941283028736,65.57174425933275,805.363290654443,213.80228215557767,0.0,0.0,1.0,3.929013079667063,3.929013079667063
86.54069356877443,845.9698431244149,183.04468947296465,89.63256608549489,853.7044245472666,178.74877926017922,0.0,0.0,1.0,3.929013079667063,3.929013079667063
71.73876045421412,845.9698431244149,208.68238967761937,70.09401437427528,853.7044245472666,212.59054353032343,0.0,0.0,1.0,3.929013079667063,3.929013079667063
91.06296368371696,894.3109770172385,181.83295084771038,94.15483620043742,902.0455584400904,177.53704063492498,0.0,0.0,1.0,3.929013079667063,3.929013079667063
76.26103056915665,894.3109770172385,207.4706510523651,74.6162844892178,902.0455584400904,211.3788049050692,0.0,0.0,1.0,3.929013079667063,3.929013079667063
95.5852337986595,942.6521109100623,180.62121222245614,98.67710631537994,950.3866923329141,176.3253020096707,0.0,0.0,1.0,3.929013079667063,3.929013079667063
80.78330068409919,942.6521109100623,206.25891242711086,79.13855460416033,950.3866923329141,210.16706627981492,0.0,0.0,1.0,3.929013079667063,3.929013079667063
100.10750391360202,990.9932448028859,179.4094735972019,103.19937643032247,998.7278262257377,175.11356338441647,0.0,0.0,1.0,3.929013079667063,3.929013079667063
85.3055707990417,990.9932448028859,205.04717380185662,83.66082471910286,998.7278262257377,208.95532765456068,0.0,0.0,1.0,3.929013079667063,3.929013079667063
104.62977402854455,1039.3343786957096,178.19773497194763,107.72164654526499,1047.0689601185613,173.90182475916222,0.0,0.0,1.0,3.929013079667063,3.929013079667063
89.82784091398423,1039.3343786957096,203.83543517660235,88.18309483404538,1047.0689601185613,207.74358902930643,0.0,0.0,1.0,3.929013079667063,3.929013079667063
109.15204414348709,1087.6755125885334,176.98599634669338,112.24391666020753,1095.4100940113851,172.69008613390795,0.0,0.0,1.0,3.929013079667063,3.929013079667063
94.35011102892678,1087.6755125885334,202.6236965513481,92.70536494898792,1095.4100940113851,206.53185040405216,0.0,0.0,1.0,3.929013079667063,3.929013079667063
113.6743142584296,1136.016646481357,175.77425772143914,116.76618677515006,1143.751227904209,171.4783475086537,0.0,0.0,1.0,3.929013079667063,3.929013079667063
98.87238114386929,1136.016646481357,201.41195792609386,97.22763506393045,1143.751227904209,205.32011177879792,0.0,0.0,1.0,3.929013079667063,3.929013079667063
108.53448275862071,1160.187213427769,187.98723851113937,113.6743142584296,1136.016646481357,175.77425772143914,0.0,0.0,1.0,3.929013079667063,3.929013079667063
9.258752093553696e-15,0.0,151.20689655172413,11.32603465103444,24.170566946411846,143.33640001950965,0.0,0.0,1.0,3.929013079667063,3.929013079667063
7.27489867809974,32.79759409354691,166.851396777202,10.325096289192373,44.43665470461121,153.62359933955022,-0.6900981947236448,0.0,-0.7237157464358271,3.929013079667063,3.929013079667063
10.325096289192373,44.43665470461121,153.62359933955022,13.375293900285003,56.0757153156755,140.3958019018984,-0.6900981947236448,0.0,-0.7237157464358271,3.929013079667063,3.929013079667063
14.950365739365463,31.905148369263635,140.817841129201,10.325096289192373,44.43665470461121,153.62359933955022,-0.6900981947236448,0.0,-0.7237157464358271,3.929013079667063,3.929013079667063
10.325096289192373,44.43665470461121,153.62359933955022,5.6998268390192806,56.96816103995878,166.4293575498994,-0.6900981947236448,0.0,-0.7237157464358271,3.929013079667063,3.929013079667063
5.6998268390192806,56.96816103995878,166.4293575498994,8.750024450111912,68.60722165102305,153.20156011224762,-0.6900981947236448,0.0,-0.7237157464358271,3.929013079667063,3.929013079667063
8.750024450111912,68.60722165102305,153.20156011224762,11.800222061204543,80.24628226208736,139.9737626745958,-0.6900981947236448,0.0,-0.7237157464358271,3.929013079667063,3.929013079667063
13.375293900285003,56.0757153156755,140.3958019018984,8.750024450111912,68.60722165102305,153.20156011224762,-0.6900981947236448,0.0,-0.7237157464358271,3.929013079667063,3.929013079667063
8.750024450111912,68.60722165102305,153.20156011224762,4.12475499993882,81.13872798637064,166.0073183225968,-0.6900981947236448,0.0,-0.7237157464358271,3.929013079667063,3.929013079667063
4.12475499993882,81.13872798637064,166.0073183225968,7.174952611031452,92.77778859743492,152.77952088494501,-0.6900981947236448,0.0,-0.7237157464358271,3.929013079667063,3.929013079667063
7.174952611031452,92.77778859743492,152.77952088494501,10.225150222124082,104.41684920849923,139.5517234472932,-0.6900981947236448,0.0,-0.7237157464358271,3.929013079667063,3.929013079667063
11.800222061204543,80.24628226208736,139.9737626745958,7.174952611031452,92.77778859743492,152.77952088494501,-0.6900981947236448,0.0,-0.7237157464358271,3.929013079667063,3.929013079667063
7.174952611031452,92.77778859743492,152.77952088494501,2.5496831608583594,105.3092949327825,165.5852790952942,-0.6900981947236448,0.0,-0.7237157464358271,3.929013079667063,3.929013079667063
2.549683160858361,105.30929493278248,165.5852790952942,5.599880771950993,116.94835554384679,152.35748165764238,-0.6900981947236448,0.0,-0.7237157464358271,3.929013079667063,3.929013079667063
5.599880771950993,116.94835554384679,152.35748165764238,8.650078383043624,128.5874161549111,139.12968421999057,-0.6900981947236448,0.0,-0.7237157464358271,3.929013079667063,3.929013079667063
10.225150222124084,104.4168492084992,139.5517234472932,5.599880771950993,116.94835554384679,152.35748165764238,-0.6900981947236448,0.0,-0.7237157464358271,3.929013079667063,3.929013079667063
5.599880771950993,116.94835554384679,152.35748165764238,0.9746113217779016,129.47986187919437,165.16323986799156,-0.6900981947236448,0.0,-0.7237157464358271,3.929013079667063,3.929013079667063
0.9746113217779016,129.47986187919437,165.16323986799156,4.024808932870531,141.11892249025868,151.93544243033978,-0.6900981947236448,0.0,-0.7237157464358271,3.929013079667063,3.929013079667063
4.024808932870531,141.11892249025868,151.93544243033978,7.075006543963163,152.75798310132296,138.70764499268796,-0.6900981947236448,0.0,-0.7237157464358271,3.929013079667063,3.929013079667063
8.650078383043624,128.5874161549111,139.12968421999057,4.024808932870531,141.11892249025868,151.93544243033978,-0.6900981947236448,0.0,-0.7237157464358271,3.929013079667063,3.929013079667063
4.024808932870531,141.11892249025868,151.93544243033978,-0.6004605173025599,153.65042882560624,164.74120064068896,-0.6900981947236448,0.0,-0.7237157464358271,3.929013079667063,3.929013079667063
-0.6004605173025599,153.65042882560624,164.74120064068896,2.4497370937900715,165.28948943667055,151.51340320303717,-0.6900981947236448,0.0,-0.7237157464358271,3.929013079667063,3.929013079667063
2.4497370937900715,165.28948943667055,151.51340320303717,5.499934704882703,176.92855004773483,138.28560576538536,-0.6900981947236448,0.0,-0.7237157464358271,3.929013079667063,3.929013079667063
7.075006543963163,152.75798310132296,138.70764499268796,2.4497370937900715,165.28948943667055,151.51340320303717,-0.6900981947236448,0.0,-0.7237157464358271,3.929013079667063,3.929013079667063
2.4497370937900715,165.28948943667055,151.51340320303717,-2.1755323563830196,177.8209957720181,164.31916141338635,-0.6900981947236448,0.0,-0.7237157464358271,3.929013079667063,3.929013079667063
-2.1755323563830196,177.8209957720181,164.31916141338635,0.8746652547096119,189.4600563830824,151.09136397573457,-0.6900981947236448,0.0,-0.7237157464358271,3.929013079667063,3.929013079667063
0.8746652547096119,189.4600563830824,151.09136397573457,3.9248628658022433,201.09911699414667,137.86356653808275,-0.6900981947236448,0.0,-0.7237157464358271,3.929013079667063,3.929013079667063
5.499934704882703,176.92855004773483,138.28560576538536,0.8746652547096119,189.4600563830824,151.09136397573457,-0.6900981947236448,0.0,-0.7237157464358271,3.929013079667063,3.929013079667063
0.8746652547096119,189.4600563830824,151.09136397573457,-3.7506041954634792,201.99156271842995,163.89712218608375,-0.6900981947236448,0.0,-0.7237157464358271,3.929013079667063,3.929013079667063
-3.750604195463481,201.99156271842998,163.89712218608375,-0.7004065843708478,213.63062332949428,150.66932474843193,-0.6900981947236448,0.0,-0.7237157464358271,3.929013079667063,3.929013079667063
-0.7004065843708478,213.63062332949428,150.66932474843193,2.3497910267217836,225.2696839405585,137.44152731078012,-0.6900981947236448,0.0,-0.7237157464358271,3.929013079667063,3.929013079667063
3.9248628658022415,201.0991169941467,137.86356653808275,-0.7004065843708478,213.63062332949428,150.66932474843193,-0.6900981947236448,0.0,-0.7237157464358271,3.929013079667063,3.929013079667063
-0.7004065843708478,213.63062332949428,150.66932474843193,-5.325676034543939,226.16212966484179,163.47508295878112,-0.6900981947236448,0.0,-0.7237157464358271,3.929013079667063,3.929013079667063
-5.325676034543941,226.16212966484184,163.47508295878112,-2.2754784234513075,237.80119027590612,150.24728552112933,-0.6900981947236448,0.0,-0.7237157464358271,3.929013079667063,3.929013079667063
-2.2754784234513075,237.80119027590612,150.24728552112933,0.774719187641324,249.4402508869704,137.0194880834775,-0.6900981947236448,0.0,-0.7237157464358271,3.929013079667063,3.929013079667063
2.349791026721782,225.26968394055856,137.44152731078012,-2.2754784234513075,237.80119027590612,150.24728552112933,-0.6900981947236448,0.0,-0.7237157464358271,3.929013079667063,3.929013079667063
-2.2754784234513075,237.80119027590612,150.24728552112933,-6.900747873624399,250.33269661125368,163.0530437314785,-0.6900981947236448,0.0,-0.7237157464358271,3.929013079667063,3.929013079667063
-6.900747873624399,250.33269661125368,163.0530437314785,-3.8505502625317654,261.97175722231805,149.82524629382672,-0.6900981947236448,0.0,-0.7237157464358271,3.929013079667063,3.929013079667063
-3.8505502625317654,261.97175722231805,149.82524629382672,-0.8003526514391375,273.61081783338227,136.5974488561749,-0.6900981947236448,0.0,-0.7237157464358271,3.929013079667063,3.929013079667063
0.774719187641324,249.4402508869704,137.0194880834775,-3.8505502625317654,261.97175722231805,149.82524629382672,-0.6900981947236448,0.0,-0.7237157464358271,3.929013079667063,3.929013079667063
-3.8505502625317654,261.97175722231805,149.82524629382672,-8.47581971270486,274.50326355766555,162.6310045041759,-0.6900981947236448,0.0,-0.7237157464358271,3.929013079667063,3.929013079667063
-8.47581971270486,274.50326355766555,162.6310045041759,-5.425622101612227,286.1423241687299,149.40320706652412,-0.6900981947236448,0.0,-0.7237157464358271,3.929013079667063,3.929013079667063
-5.425622101612227,286.1423241687299,149.40320706652412,-2.3754244905195954,297.7813847797941,136.1754096288723,-0.6900981947236448,0.0,-0.7237157464358271,3.929013079667063,3.929013079667063
-0.8003526514391375,273.61081783338227,136.5974488561749,-5.425622101612227,286.1423241687299,149.40320706652412,-0.6900981947236448,0.0,-0.7237157464358271,3.929013079667063,3.929013079667063
-5.425622101612227,286.1423241687299,149.40320706652412,-10.050891551785318,298.6738305040774,162.2089652768733,-0.6900981947236448,0.0,-0.7237157464358271,3.929013079667063,3.929013079667063
-10.050891551785318,298.6738305040774,162.2089652768733,-7.000693940692685,310.3128911151417,148.98116783922148,-0.6900981947236448,0.0,-0.7237157464358271,3.929013079667063,3.929013079667063
-7.000693940692685,310.3128911151417,148.98116783922148,-3.9504963296000533,321.95195172620595,135.75337040156967,-0.6900981947236448,0.0,-0.7237157464358271,3.929013079667063,3.929013079667063
-2.3754244905195954,297.7813847797941,136.1754096288723,-7.000693940692685,310.3128911151417,148.98116783922148,-0.6900981947236448,0.0,-0.7237157464358271,3.929013079667063,3.929013079667063
-7.000693940692685,310.3128911151417,148.98116783922148,-11.625963390865776,322.8443974504892,161.78692604957067,-0.6900981947236448,0.0,-0.7237157464358271,3.929013079667063,3.929013079667063
-11.625963390865776,322.8443974504892,161.78692604957067,-8.575765779773143,334.48345806155356,148.55912861191888,-0.6900981947236448,0.0,-0.7237157464358271,3.929013079667063,3.929013079667063
-8.575765779773143,334.48345806155356,148.55912861191888,-5.525568168680511,346.12251867261784,135.33133117426706,-0.6900981947236448,0.0,-0.7237157464358271,3.929013079667063,3.929013079667063
-3.9504963296000533,321.95195172620595,135.75337040156967,-8.575765779773143,334.48345806155356,148.55912861191888,-0.6900981947236448,0.0,-0.7237157464358271,3.929013079667063,3.929013079667063
-8.575765779773143,334.48345806155356,148.55912861191888,-13.201035229946234,347.0149643969011,161.36488682226806,-0.6900981947236448,0.0,-0.7237157464358271,3.929013079667063,3.929013079667063
-13.201035229946234,347.0149643969011,161.36488682226806,-10.1508376188536,358.6540250079654,148.13708938461627,-0.6900981947236448,0.0,-0.7237157464358271,3.929013079667063,3.929013079667063
-10.1508376188536,358.6540250079654,148.13708938461627,-7.100640007760969,370.2930856190297,134.90929194696446,-0.6900981947236448,0.0,-0.7237157464358271,3.929013079667063,3.929013079667063
-5.525568168680511,346.12251867261784,135.33133117426706,-10.1508376188536,358.6540250079654,148.13708938461627,-0.6900981947236448,0.0,-0.7237157464358271,3.929013079667063,3.929013079667063
-10.1508376188536,358.6540250079654,148.13708938461627,-14.776107069026692,371.18553134331296,160.94284759496546,-0.6900981947236448,0.0,-0.7237157464358271,3.929013079667063,3.929013079667063
-14.776107069026692,371.18553134331296,160.94284759496546,-11.725909457934058,382.82459195437724,147.71505015731367,-0.6900981947236448,0.0,-0.7237157464358271,3.929013079667063,3.929013079667063
-11.725909457934058,382.82459195437724,147.71505015731367,-8.67571184684143,394.4636525654415,134.48725271966185,-0.6900981947236448,0.0,-0.7237157464358271,3.929013079667063,3.929013079667063
-7.100640007760969,370.2930856190297,134.90929194696446,-11.725909457934058,382.82459195437724,147.71505015731367,-0.6900981947236448,0.0,-0.7237157464358271,3.929013079667063,3.929013079667063
-11.725909457934058,382.82459195437724,147.71505015731367,-16.35117890810715,395.3560982897248,160.52080836766285,-0.6900981947236448,0.0,-0.7237157464358271,3.929013079667063,3.929013079667063
-16.35117890810716,395.3560982897249,160.52080836766282,-13.300981297014527,406.9951589007892,147.29301093001104,-0.6900981947236448,0.0,-0.7237157464358271,3.929013079667063,3.929013079667063
-13.300981297014527,406.9951589007892,147.29301093001104,-10.250783685921895,418.6342195118535,134.06521349235922,-0.6900981947236448,0.0,-0.7237157464358271,3.929013079667063,3.929013079667063
-8.675711846841438,394.46365256544163,134.48725271966183,-13.300981297014527,406.9951589007892,147.29301093001104,-0.6900981947236448,0.0,-0.7237157464358271,3.929013079667063,3.929013079667063
-13.300981297014527,406.9951589007892,147.29301093001104,-17.926250747187616,419.52666523613675,160.09876914036022,-0.6900981947236448,0.0,-0.7237157464358271,3.929013079667063,3.929013079667063
-17.926250747187616,419.52666523613675,160.09876914036022,-14.876053136094985,431.16572584720103,146.87097170270843,-0.6900981947236448,0.0,-0.7237157464358271,3.929013079667063,3.929013079667063
-14.876053136094985,431.16572584720103,146.87097170270843,-11.825855525002353,442.8047864582653,133.64317426505662,-0.6900981947236448,0.0,-0.7237157464358271,3.929013079667063,3.929013079667063
-10.250783685921895,418.6342195118535,134.06521349235922,-14.876053136094985,431.16572584720103,146.87097170270843,-0.6900981947236448,0.0,-0.7237157464358271,3.929013079667063,3.929013079667063
-14.876053136094985,431.16572584720103,146.87097170270843,-19.501322586268074,443.6972321825486,159.6767299130576,-0.6900981947236448,0.0,-0.7237157464358271,3.929013079667063,3.929013079667063
-19.501322586268074,443.6972321825486,159.6767299130576,-16.451124975175443,455.33629279361287,146.44893247540583,-0.6900981947236448,0.0,-0.7237157464358271,3.929013079667063,3.929013079667063
-16.451124975175443,455.33629279361287,146.44893247540583,-13.400927364082811,466.9753534046772,133.221135037754,-0.6900981947236448,0.0,-0.7237157464358271,3.929013079667063,3.929013079667063
-11.825855525002353,442.8047864582653,133.64317426505662,-16.451124975175443,455.33629279361287,146.44893247540583,-0.6900981947236448,0.0,-0.7237157464358271,3.929013079667063,3.929013079667063
-16.451124975175443,455.33629279361287,146.44893247540583,-21.076394425348532,467.86779912896054,159.254690685755,-0.6900981947236448,0.0,-0.7237157464358271,3.929013079667063,3.929013079667063
-21.076394425348532,467.86779912896054,159.254690685755,-18.0261968142559,479.50685974002477,146.02689324810322,-0.6900981947236448,0.0,-0.7237157464358271,3.929013079667063,3.929013079667063
-18.0261968142559,479.50685974002477,146.02689324810322,-14.975999203163273,491.145920351089,132.7990958104514,-0.6900981947236448,0.0,-0.7237157464358271,3.929013079667063,3.929013079667063
-13.400927364082811,466.9753534046772,133.221135037754,-18.0261968142559,479.50685974002477,146.02689324810322,-0.6900981947236448,0.0,-0.7237157464358271,3.929013079667063,3.929013079667063
-18.0261968142559,479.50685974002477,146.02689324810322,-22.651466264428997,492.0383660753723,158.8326514584524,-0.6900981947236448,0.0,-0.7237157464358271,3.929013079667063,3.929013079667063
-22.651466264428997,492.0383660753723,158.8326514584524,-19.601268653336366,503.67742668643666,145.6048540208006,-0.6900981947236448,0.0,-0.7237157464358271,3.929013079667063,3.929013079667063
-19.601268653336366,503.67742668643666,145.6048540208006,-16.55107104224373,515.3164872975009,132.37705658314877,-0.6900981947236448,0.0,-0.7237157464358271,3.929013079667063,3.929013079667063
-14.975999203163273,491.145920351089,132.7990958104514,-19.601268653336366,503.67742668643666,145.6048540208006,-0.6900981947236448,0.0,-0.7237157464358271,3.929013079667063,3.929013079667063
-19.601268653336366,503.67742668643666,145.6048540208006,-24.226538103509455,516.2089330217842,158.41061223114977,-0.6900981947236448,0.0,-0.7237157464358271,3.929013079667063,3.929013079667063
-24.226538103509462,516.2089330217843,158.41061223114977,-21.17634049241683,527.8479936328486,145.18281479349798,-0.6900981947236448,0.0,-0.7237157464358271,3.929013079667063,3.929013079667063
-21.17634049241683,527.8479936328486,145.18281479349798,-18.126142881324196,539.4870542439128,131.95501735584617,-0.6900981947236448,0.0,-0.7237157464358271,3.929013079667063,3.929013079667063
-16.551071042243738,515.316487297501,132.37705658314877,-21.17634049241683,527.8479936328486,145.18281479349798,-0.6900981947236448,0.0,-0.7237157464358271,3.929013079667063,3.929013079667063
-21.17634049241683,527.8479936328486,145.18281479349798,-25.80160994258992,540.3794999681961,157.98857300384716,-0.6900981947236448,0.0,-0.7237157464358271,3.929013079667063,3.929013079667063
-25.80160994258992,540.3794999681961,157.98857300384716,-22.75141233149729,552.0185605792603,144.76077556619538,-0.6900981947236448,0.0,-0.7237157464358271,3.929013079667063,3.929013079667063
-22.75141233149729,552.0185605792603,144.76077556619538,-19.70121472040466,563.6576211903247,131.53297812854356,-0.6900981947236448,0.0,-0.7237157464358271,3.929013079667063,3.929013079667063
-18.126142881324196,539.4870542439128,131.95501735584617,-22.75141233149729,552.0185605792603,144.76077556619538,-0.6900981947236448,0.0,-0.7237157464358271,3.929013079667063,3.929013079667063
-22.75141233149729,552.0185605792603,144.76077556619538,-27.376681781670385,564.550066914608,157.56653377654456,-0.6900981947236448,0.0,-0.7237157464358271,3.929013079667063,3.929013079667063
-27.376681781670385,564.550066914608,157.56653377654456,-24.326484170577746,576.1891275256722,144.33873633889277,-0.6900981947236448,0.0,-0.7237157464358271,3.929013079667063,3.929013079667063
-24.326484170577746,576.1891275256722,144.33873633889277,-21.27628655948512,587.8281881367365,131.11093890124093,-0.6900981947236448,0.0,-0.7237157464358271,3.929013079667063,3.929013079667063
-19.70121472040466,563.6576211903247,131.53297812854356,-24.326484170577746,576.1891275256722,144.33873633889277,-0.6900981947236448,0.0,-0.7237157464358271,3.929013079667063,3.929013079667063
-24.326484170577746,576.1891275256722,144.33873633889277,-28.951753620750843,588.7206338610198,157.14449454924193,-0.6900981947236448,0.0,-0.7237157464358271,3.929013079667063,3.929013079667063
-28.951753620750843,588.7206338610198,157.14449454924193,-25.901556009658204,600.359694472084,143.91669711159014,-0.6900981947236448,0.0,-0.7237157464358271,3.929013079667063,3.929013079667063
-25.901556009658204,600.359694472084,143.91669711159014,-22.851358398565576,611.9987550831484,130.68889967393832,-0.6900981947236448,0.0,-0.7237157464358271,3.929013079667063,3.929013079667063
-21.27628655948512,587.8281881367365,131.11093890124093,-25.901556009658204,600.359694472084,143.91669711159014,-0.6900981947236448,0.0,-0.7237157464358271,3.929013079667063,3.929013079667063
-25.901556009658204,600.359694472084,143.91669711159014,-30.5268254598313,612.8912008074317,156.72245532193932,-0.6900981947236448,0.0,-0.7237157464358271,3.929013079667063,3.929013079667063
-30.5268254598313,612.8912008074317,156.72245532193932,-27.476627848738662,624.5302614184959,143.49465788428753,-0.6900981947236448,0.0,-0.7237157464358271,3.929013079667063,3.929013079667063
-27.476627848738662,624.5302614184959,143.49465788428753,-24.426430237646034,636.1693220295601,130.26686044663572,-0.6900981947236448,0.0,-0.7237157464358271,3.929013079667063,3.929013079667063
-22.851358398565576,611.9987550831484,130.68889967393832,-27.476627848738662,624.5302614184959,143.49465788428753,-0.6900981947236448,0.0,-0.7237157464358271,3.929013079667063,3.929013079667063
-27.476627848738662,624.5302614184959,143.49465788428753,-32.10189729891176,637.0617677538435,156.30041609463672,-0.6900981947236448,0.0,-0.7237157464358271,3.929013079667063,3.929013079667063
-32.101897298911766,637.0617677538436,156.30041609463672,-29.051699687819127,648.7008283649079,143.07261865698493,-0.6900981947236448,0.0,-0.7237157464358271,3.929013079667063,3.929013079667063
-29.051699687819127,648.7008283649079,143.07261865698493,-26.0015020767265,660.3398889759721,129.8448212193331,-0.6900981947236448,0.0,-0.7237157464358271,3.929013079667063,3.929013079667063
-24.42643023764604,636.1693220295602,130.26686044663572,-29.051699687819127,648.7008283649079,143.07261865698493,-0.6900981947236448,0.0,-0.7237157464358271,3.929013079667063,3.929013079667063
-29.051699687819127,648.7008283649079,143.07261865698493,-33.676969137992224,661.2323347002555,155.8783768673341,-0.6900981947236448,0.0,-0.7237157464358271,3.929013079667063,3.929013079667063
-33.676969137992224,661.2323347002555,155.8783768673341,-30.626771526899592,672.8713953113197,142.65057942968232,-0.6900981947236448,0.0,-0.7237157464358271,3.929013079667063,3.929013079667063
-30.626771526899592,672.8713953113197,142.65057942968232,-27.576573915806957,684.5104559223839,129.42278199203048,-0.6900981947236448,0.0,-0.7237157464358271,3.929013079667063,3.929013079667063
-26.0015020767265,660.3398889759721,129.8448212193331,-30.626771526899592,672.8713953113197,142.65057942968232,-0.6900981947236448,0.0,-0.7237157464358271,3.929013079667063,3.929013079667063
-30.626771526899592,672.8713953113197,142.65057942968232,-35.25204097707268,685.4029016466673,155.45633764003148,-0.6900981947236448,0.0,-0.7237157464358271,3.929013079667063,3.929013079667063
-35.25204097707268,685.4029016466673,155.45633764003148,-32.201843365980054,697.0419622577316,142.2285402023797,-0.6900981947236448,0.0,-0.7237157464358271,3.929013079667063,3.929013079667063
-32.201843365980054,697.0419622577316,142.2285402023797,-29.151645754887415,708.6810228687958,129.00074276472787,-0.6900981947236448,0.0,-0.7237157464358271,3.929013079667063,3.929013079667063
-27.576573915806957,684.5104559223839,129.42278199203048,-32.201843365980054,697.0419622577316,142.2285402023797,-0.6900981947236448,0.0,-0.7237157464358271,3.929013079667063,3.929013079667063
-32.201843365980054,697.0419622577316,142.2285402023797,-36.82711281615314,709.5734685930792,155.03429841272887,-0.6900981947236448,0.0,-0.7237157464358271,3.929013079667063,3.929013079667063
-36.82711281615314,709.5734685930792,155.03429841272887,-33.776915205060504,721.2125292041434,141.80650097507709,-0.6900981947236448,0.0,-0.7237157464358271,3.929013079667063,3.929013079667063
-33.776915205060504,721.2125292041434,141.80650097507709,-30.726717593967873,732.8515898152076,128.57870353742527,-0.6900981947236448,0.0,-0.7237157464358271,3.929013079667063,3.929013079667063
-29.151645754887415,708.6810228687958,129.00074276472787,-33.776915205060504,721.2125292041434,141.80650097507709,-0.6900981947236448,0.0,-0.7237157464358271,3.929013079667063,3.929013079667063
-33.776915205060504,721.2125292041434,141.80650097507709,-38.4021846552336,733.7440355394909,154.61225918542627,-0.6900981947236448,0.0,-0.7237157464358271,3.929013079667063,3.929013079667063
-38.4021846552336,733.7440355394909,154.61225918542627,-35.35198704414097,745.3830961505553,141.38446174777448,-0.6900981947236448,0.0,-0.7237157464358271,3.929013079667063,3.929013079667063
-35.35198704414097,745.3830961505553,141.38446174777448,-32.30178943304833,757.0221567616195,128.15666431012266,-0.6900981947236448,0.0,-0.7237157464358271,3.929013079667063,3.929013079667063
-30.726717593967873,732.8515898152076,128.57870353742527,-35.35198704414097,745.3830961505553,141.38446174777448,-0.6900981947236448,0.0,-0.7237157464358271,3.929013079667063,3.929013079667063
-35.35198704414097,745.3830961505553,141.38446174777448,-39.977256494314055,757.9146024859028,154.19021995812366,-0.6900981947236448,0.0,-0.7237157464358271,3.929013079667063,3.929013079667063
-39.97725649431406,757.914602485903,154.19021995812366,-36.927058883221434,769.5536630969672,140.96242252047188,-0.6900981947236448,0.0,-0.7237157464358271,3.929013079667063,3.929013079667063
-36.927058883221434,769.5536630969672,140.96242252047188,-33.87686127212881,781.1927237080315,127.73462508282003,-0.6900981947236448,0.0,-0.7237157464358271,3.929013079667063,3.929013079667063
-32.30178943304834,757.0221567616196,128.15666431012266,-36.927058883221434,769.5536630969672,140.96242252047188,-0.6900981947236448,0.0,-0.7237157464358271,3.929013079667063,3.929013079667063
-36.927058883221434,769.5536630969672,140.96242252047188,-41.55232833339453,782.0851694323148,153.76818073082103,-0.6900981947236448,0.0,-0.7237157464358271,3.929013079667063,3.929013079667063
-41.55232833339453,782.0851694323148,153.76818073082103,-38.502130722301885,793.7242300433791,140.54038329316924,-0.6900981947236448,0.0,-0.7237157464358271,3.929013079667063,3.929013079667063
-38.502130722301885,793.7242300433791,140.54038329316924,-35.45193311120926,805.3632906544433,127.31258585551743,-0.6900981947236448,0.0,-0.7237157464358271,3.929013079667063,3.929013079667063
-33.87686127212881,781.1927237080315,127.73462508282003,-38.502130722301885,793.7242300433791,140.54038329316924,-0.6900981947236448,0.0,-0.7237157464358271,3.929013079667063,3.929013079667063
-38.502130722301885,793.7242300433791,140.54038329316924,-43.127400172474985,806.2557363787266,153.34614150351842,-0.6900981947236448,0.0,-0.7237157464358271,3.929013079667063,3.929013079667063
-43.127400172474985,806.2557363787266,153.34614150351842,-40.07720256138235,817.8947969897908,140.11834406586664,-0.6900981947236448,0.0,-0.7237157464358271,3.929013079667063,3.929013079667063
-40.07720256138235,817.8947969897908,140.11834406586664,-37.02700495028972,829.5338576008552,126.89054662821482,-0.6900981947236448,0.0,-0.7237157464358271,3.929013079667063,3.929013079667063
-35.45193311120926,805.3632906544433,127.31258585551743,-40.07720256138235,817.8947969897908,140.11834406586664,-0.6900981947236448,0.0,-0.7237157464358271,3.929013079667063,3.929013079667063
-40.07720256138235,817.8947969897908,140.11834406586664,-44.70247201155544,830.4263033251385,152.92410227621582,-0.6900981947236448,0.0,-0.7237157464358271,3.929013079667063,3.929013079667063
-44.70247201155544,830.4263033251385,152.92410227621582,-41.6522744004628,842.0653639362027,139.69630483856403,-0.6900981947236448,0.0,-0.7237157464358271,3.929013079667063,3.929013079667063
-41.6522744004628,842.0653639362027,139.69630483856403,-38.60207678937017,853.704424547267,126.46850740091222,-0.6900981947236448,0.0,-0.7237157464358271,3.929013079667063,3.929013079667063
-37.02700495028972,829.5338576008552,126.89054662821482,-41.6522744004628,842.0653639362027,139.69630483856403,-0.6900981947236448,0.0,-0.7237157464358271,3.929013079667063,3.929013079667063
-41.6522744004628,842.0653639362027,139.69630483856403,-46.2775438506359,854.5968702715503,152.50206304891321,-0.6900981947236448,0.0,-0.7237157464358271,3.929013079667063,3.929013079667063
-46.2775438506359,854.5968702715503,152.50206304891321,-43.227346239543266,866.2359308826145,139.2742656112614,-0.6900981947236448,0.0,-0.7237157464358271,3.929013079667063,3.929013079667063
-43.227346239543266,866.2359308826145,139.2742656112614,-40.17714862845064,877.8749914936789,126.04646817360958,-0.6900981947236448,0.0,-0.7237157464358271,3.929013079667063,3.929013079667063
-38.60207678937017,853.704424547267,126.46850740091222,-43.227346239543266,866.2359308826145,139.2742656112614,-0.6900981947236448,0.0,-0.7237157464358271,3.929013079667063,3.929013079667063
-43.227346239543266,866.2359308826145,139.2742656112614,-47.85261568971636,878.7674372179622,152.08002382161058,-0.6900981947236448,0.0,-0.7237157464358271,3.929013079667063,3.929013079667063
-47.852615689716366,878.7674372179623,152.08002382161058,-44.80241807862373,890.4064978290265,138.8522263839588,-0.6900981947236448,0.0,-0.7237157464358271,3.929013079667063,3.929013079667063
-44.80241807862373,890.4064978290265,138.8522263839588,-41.7522204675311,902.0455584400908,125.62442894630698,-0.6900981947236448,0.0,-0.7237157464358271,3.929013079667063,3.929013079667063
-40.17714862845064,877.874991493679,126.04646817360958,-44.80241807862373,890.4064978290265,138.8522263839588,-0.6900981947236448,0.0,-0.7237157464358271,3.929013079667063,3.929013079667063
-44.80241807862373,890.4064978290265,138.8522263839588,-49.427687528796824,902.9380041643741,151.65798459430798,-0.6900981947236448,0.0,-0.7237157464358271,3.929013079667063,3.929013079667063
-49.427687528796824,902.9380041643741,151.65798459430798,-46.377489917704196,914.5770647754384,138.4301871566562,-0.6900981947236448,0.0,-0.7237157464358271,3.929013079667063,3.929013079667063
-46.377489917704196,914.5770647754384,138.4301871566562,-43.327292306611554,926.2161253865027,125.20238971900437,-0.6900981947236448,0.0,-0.7237157464358271,3.929013079667063,3.929013079667063
-41.7522204675311,902.0455584400908,125.62442894630698,-46.377489917704196,914.5770647754384,138.4301871566562,-0.6900981947236448,0.0,-0.7237157464358271,3.929013079667063,3.929013079667063
-46.377489917704196,914.5770647754384,138.4301871566562,-51.00275936787728,927.108571110786,151.23594536700537,-0.6900981947236448,0.0,-0.7237157464358271,3.929013079667063,3.929013079667063
-51.00275936787728,927.108571110786,151.23594536700537,-47.95256175678465,938.7476317218502,138.00814792935358,-0.6900981947236448,0.0,-0.7237157464358271,3.929013079667063,3.929013079667063
-47.95256175678465,938.7476317218502,138.00814792935358,-44.90236414569202,950.3866923329144,124.78035049170177,-0.6900981947236448,0.0,-0.7237157464358271,3.929013079667063,3.929013079667063
-43.327292306611554,926.2161253865027,125.20238971900437,-47.95256175678465,938.7476317218502,138.00814792935358,-0.6900981947236448,0.0,-0.7237157464358271,3.929013079667063,3.929013079667063
-47.95256175678465,938.7476317218502,138.00814792935358,-52.57783120695774,951.2791380571978,150.81390613970277,-0.6900981947236448,0.0,-0.7237157464358271,3.929013079667063,3.929013079667063
-52.57783120695774,951.2791380571978,150.81390613970277,-49.52763359586511,962.9181986682621,137.58610870205098,-0.6900981947236448,0.0,-0.7237157464358271,3.929013079667063,3.929013079667063
-49.52763359586511,962.9181986682621,137.58610870205098,-46.47743598477247,974.5572592793263,124.35831126439913,-0.6900981947236448,0.0,-0.7237157464358271,3.929013079667063,3.929013079667063
-44.90236414569202,950.3866923329144,124.78035049170177,-49.52763359586511,962.9181986682621,137.58610870205098,-0.6900981947236448,0.0,-0.7237157464358271,3.929013079667063,3.929013079667063
-49.52763359586511,962.9181986682621,137.58610870205098,-54.1529030460382,975.4497050036097,150.39186691240013,-0.6900981947236448,0.0,-0.7237157464358271,3.929013079667063,3.929013079667063
-54.1529030460382,975.4497050036097,150.39186691240013,-51.10270543494556,987.088765614674,137.16406947474835,-0.6900981947236448,0.0,-0.7237157464358271,3.929013079667063,3.929013079667063
-51.10270543494556,987.088765614674,137.16406947474835,-48.052507823852935,998.7278262257382,123.93627203709653,-0.6900981947236448,0.0,-0.7237157464358271,3.929013079667063,3.929013079667063
-46.47743598477247,974.5572592793263,124.35831126439913,-51.10270543494556,987.088765614674,137.16406947474835,-0.6900981947236448,0.0,-0.7237157464358271,3.929013079667063,3.929013079667063
-51.10270543494556,987.088765614674,137.16406947474835,-55.727974885118655,999.6202719500216,149.96982768509753,-0.6900981947236448,0.0,-0.7237157464358271,3.929013079667063,3.929013079667063
-55.727974885118655,999.6202719500216,149.96982768509753,-52.67777727402603,1011.259332561086,136.74203024744574,-0.6900981947236448,0.0,-0.7237157464358271,3.929013079667063,3.929013079667063
-52.67777727402603,1011.259332561086,136.74203024744574,-49.6275796629334,1022.8983931721502,123.51423280979392,-0.6900981947236448,0.0,-0.7237157464358271,3.929013079667063,3.929013079667063
-48.052507823852935,998.7278262257382,123.93627203709653,-52.67777727402603,1011.259332561086,136.74203024744574,-0.6900981947236448,0.0,-0.7237157464358271,3.929013079667063,3.929013079667063
-52.67777727402603,1011.259332561086,136.74203024744574,-57.30304672419912,1023.7908388964336,149.54778845779492,-0.6900981947236448,0.0,-0.7237157464358271,3.929013079667063,3.929013079667063
-57.30304672419912,1023.7908388964336,149.54778845779492,-54.25284911310649,1035.4298995074978,136.31999102014314,-0.6900981947236448,0.0,-0.7237157464358271,3.929013079667063,3.929013079667063
-54.25284911310649,1035.4298995074978,136.31999102014314,-51.20265150201385,1047.068960118562,123.09219358249132,-0.6900981947236448,0.0,-0.7237157464358271,3.929013079667063,3.929013079667063
-49.6275796629334,1022.8983931721502,123.51423280979392,-54.25284911310649,1035.4298995074978,136.31999102014314,-0.6900981947236448,0.0,-0.7237157464358271,3.929013079667063,3.929013079667063
-54.25284911310649,1035.4298995074978,136.31999102014314,-58.87811856327957,1047.9614058428454,149.12574923049232,-0.6900981947236448,0.0,-0.7237157464358271,3.929013079667063,3.929013079667063
-58.87811856327957,1047.9614058428454,149.12574923049232,-55.82792095218694,1059.6004664539096,135.8979517928405,-0.6900981947236448,0.0,-0.7237157464358271,3.929013079667063,3.929013079667063
-55.82792095218694,1059.6004664539096,135.8979517928405,-52.777723341094315,1071.2395270649738,122.67015435518869,-0.6900981947236448,0.0,-0.7237157464358271,3.929013079667063,3.929013079667063
-51.20265150201385,1047.068960118562,123.09219358249132,-55.82792095218694,1059.6004664539096,135.8979517928405,-0.6900981947236448,0.0,-0.7237157464358271,3.929013079667063,3.929013079667063
-55.82792095218694,1059.6004664539096,135.8979517928405,-60.453190402360036,1072.1319727892571,148.70371000318968,-0.6900981947236448,0.0,-0.7237157464358271,3.929013079667063,3.929013079667063
-60.453190402360036,1072.1319727892571,148.70371000318968,-57.40299279126741,1083.7710334003214,135.4759125655379,-0.6900981947236448,0.0,-0.7237157464358271,3.929013079667063,3.929013079667063
-57.40299279126741,1083.7710334003214,135.4759125655379,-54.352795180174766,1095.4100940113856,122.24811512788608,-0.6900981947236448,0.0,-0.7237157464358271,3.929013079667063,3.929013079667063
-52.777723341094315,1071.2395270649738,122.67015435518869,-57.40299279126741,1083.7710334003214,135.4759125655379,-0.6900981947236448,0.0,-0.7237157464358271,3.929013079667063,3.929013079667063
-57.40299279126741,1083.7710334003214,135.4759125655379,-62.02826224144049,1096.302539735669,148.28167077588708,-0.6900981947236448,0.0,-0.7237157464358271,3.929013079667063,3.929013079667063
-62.02826224144049,1096.302539735669,148.28167077588708,-58.97806463034786,1107.9416003467331,135.0538733382353,-0.6900981947236448,0.0,-0.7237157464358271,3.929013079667063,3.929013079667063
-58.97806463034786,1107.9416003467331,135.0538733382353,-55.92786701925523,1119.5806609577976,121.82607590058348,-0.6900981947236448,0.0,-0.7237157464358271,3.929013079667063,3.929013079667063
-54.352795180174766,1095.4100940113856,122.24811512788608,-58.97806463034786,1107.9416003467331,135.0538733382353,-0.6900981947236448,0.0,-0.7237157464358271,3.929013079667063,3.929013079667063
-58.97806463034786,1107.9416003467331,135.0538733382353,-63.60333408052095,1120.473106682081,147.85963154858447,-0.6900981947236448,0.0,-0.7237157464358271,3.929013079667063,3.929013079667063
-63.60333408052095,1120.473106682081,147.85963154858447,-60.553136469428324,1132.1121672931451,134.6318341109327,-0.6900981947236448,0.0,-0.7237157464358271,3.929013079667063,3.929013079667063
-60.553136469428324,1132.1121672931451,134.6318341109327,-57.502938858335696,1143.7512279042094,121.40403667328087,-0.6900981947236448,0.0,-0.7237157464358271,3.929013079667063,3.929013079667063
-55.92786701925523,1119.5806609577976,121.82607590058348,-60.553136469428324,1132.1121672931451,134.6318341109327,-0.6900981947236448,0.0,-0.7237157464358271,3.929013079667063,3.929013079667063
-60.553136469428324,1132.1121672931451,134.6318341109327,-65.17840591960142,1144.6436736284927,147.43759232128187,-0.6900981947236448,0.0,-0.7237157464358271,3.929013079667063,3.929013079667063
-19.108555394537856,31.905148369263635,160.48176841416833,-6.704364277759291,44.43665470461121,163.45556298203388,0.6900981947236448,0.0,-0.7237157464358271,3.929013079667063,3.929013079667063
-6.704364277759291,44.43665470461121,163.45556298203388,5.6998268390192735,56.96816103995878,166.4293575498994,0.6900981947236448,0.0,-0.7237157464358271,3.929013079667063,3.929013079667063
7.274898678099733,32.79759409354691,166.851396777202,-6.704364277759291,44.43665470461121,163.45556298203388,0.6900981947236448,0.0,-0.7237157464358271,3.929013079667063,3.929013079667063
-6.704364277759291,44.43665470461121,163.45556298203388,-20.683627233618317,56.0757153156755,160.05972918686572,0.6900981947236448,0.0,-0.7237157464358271,3.929013079667063,3.929013079667063
-20.683627233618317,56.0757153156755,160.05972918686572,-8.27943611683975,68.60722165102305,163.03352375473128,0.6900981947236448,0.0,-0.7237157464358271,3.929013079667063,3.929013079667063
-8.27943611683975,68.60722165102305,163.03352375473128,4.124754999938813,81.13872798637064,166.0073183225968,0.6900981947236448,0.0,-0.7237157464358271,3.929013079667063,3.929013079667063
5.6998268390192735,56.96816103995878,166.4293575498994,-8.27943611683975,68.60722165102305,163.03352375473128,0.6900981947236448,0.0,-0.7237157464358271,3.929013079667063,3.929013079667063
-8.27943611683975,68.60722165102305,163.03352375473128,-22.258699072698775,80.24628226208736,159.63768995956312,0.6900981947236448,0.0,-0.7237157464358271,3.929013079667063,3.929013079667063
-22.258699072698775,80.24628226208736,159.63768995956312,-9.854507955920212,92.77778859743492,162.61148452742867,0.6900981947236448,0.0,-0.7237157464358271,3.929013079667063,3.929013079667063
-9.854507955920212,92.77778859743492,162.61148452742867,2.5496831608583523,105.3092949327825,165.5852790952942,0.6900981947236448,0.0,-0.7237157464358271,3.929013079667063,3.929013079667063
4.124754999938813,81.13872798637064,166.0073183225968,-9.854507955920212,92.77778859743492,162.61148452742867,0.6900981947236448,0.0,-0.7237157464358271,3.929013079667063,3.929013079667063
-9.854507955920212,92.77778859743492,162.61148452742867,-23.833770911779236,104.41684920849923,159.2156507322605,0.6900981947236448,0.0,-0.7237157464358271,3.929013079667063,3.929013079667063
-23.833770911779233,104.4168492084992,159.2156507322605,-11.42957979500067,116.94835554384679,162.18944530012604,0.6900981947236448,0.0,-0.7237157464358271,3.929013079667063,3.929013079667063
-11.42957979500067,116.94835554384679,162.18944530012604,0.9746113217778944,129.47986187919437,165.1632398679916,0.6900981947236448,0.0,-0.7237157464358271,3.929013079667063,3.929013079667063
2.549683160858354,105.30929493278248,165.5852790952942,-11.42957979500067,116.94835554384679,162.18944530012604,0.6900981947236448,0.0,-0.7237157464358271,3.929013079667063,3.929013079667063
-11.42957979500067,116.94835554384679,162.18944530012604,-25.408842750859694,128.5874161549111,158.79361150495788,0.6900981947236448,0.0,-0.7237157464358271,3.929013079667063,3.929013079667063
-25.408842750859694,128.5874161549111,158.79361150495788,-13.004651634081132,141.11892249025868,161.76740607282343,0.6900981947236448,0.0,-0.7237157464358271,3.929013079667063,3.929013079667063
-13.004651634081132,141.11892249025868,161.76740607282343,-0.600460517302567,153.65042882560624,164.741200640689,0.6900981947236448,0.0,-0.7237157464358271,3.929013079667063,3.929013079667063
0.9746113217778944,129.47986187919437,165.1632398679916,-13.004651634081132,141.11892249025868,161.76740607282343,0.6900981947236448,0.0,-0.7237157464358271,3.929013079667063,3.929013079667063
-13.004651634081132,141.11892249025868,161.76740607282343,-26.983914589940156,152.75798310132296,158.37157227765528,0.6900981947236448,0.0,-0.7237157464358271,3.929013079667063,3.929013079667063
-26.983914589940156,152.75798310132296,158.37157227765528,-14.579723473161593,165.28948943667055,161.34536684552083,0.6900981947236448,0.0,-0.7237157464358271,3.929013079667063,3.929013079667063
-14.579723473161593,165.28948943667055,161.34536684552083,-2.1755323563830267,177.8209957720181,164.31916141338638,0.6900981947236448,0.0,-0.7237157464358271,3.929013079667063,3.929013079667063
-0.600460517302567,153.65042882560624,164.741200640689,-14.579723473161593,165.28948943667055,161.34536684552083,0.6900981947236448,0.0,-0.7237157464358271,3.929013079667063,3.929013079667063
-14.579723473161593,165.28948943667055,161.34536684552083,-28.558986429020614,176.92855004773483,157.94953305035267,0.6900981947236448,0.0,-0.7237157464358271,3.929013079667063,3.929013079667063
-28.558986429020614,176.92855004773483,157.94953305035267,-16.15479531224205,189.4600563830824,160.92332761821822,0.6900981947236448,0.0,-0.7237157464358271,3.929013079667063,3.929013079667063
-16.15479531224205,189.4600563830824,160.92332761821822,-3.7506041954634863,201.99156271842995,163.89712218608378,0.6900981947236448,0.0,-0.7237157464358271,3.929013079667063,3.929013079667063
-2.1755323563830267,177.8209957720181,164.31916141338638,-16.15479531224205,189.4600563830824,160.92332761821822,0.6900981947236448,0.0,-0.7237157464358271,3.929013079667063,3.929013079667063
-16.15479531224205,189.4600563830824,160.92332761821822,-30.134058268101075,201.09911699414667,157.52749382305007,0.6900981947236448,0.0,-0.7237157464358271,3.929013079667063,3.929013079667063
-30.13405826810108,201.0991169941467,157.52749382305007,-17.729867151322512,213.63062332949428,160.5012883909156,0.6900981947236448,0.0,-0.7237157464358271,3.929013079667063,3.929013079667063
-17.729867151322512,213.63062332949428,160.5012883909156,-5.325676034543946,226.16212966484179,163.47508295878112,0.6900981947236448,0.0,-0.7237157464358271,3.929013079667063,3.929013079667063
-3.750604195463488,201.99156271842998,163.89712218608378,-17.729867151322512,213.63062332949428,160.5012883909156,0.6900981947236448,0.0,-0.7237157464358271,3.929013079667063,3.929013079667063
-17.729867151322512,213.63062332949428,160.5012883909156,-31.709130107181537,225.2696839405585,157.10545459574743,0.6900981947236448,0.0,-0.7237157464358271,3.929013079667063,3.929013079667063
-31.709130107181537,225.26968394055856,157.10545459574743,-19.30493899040297,237.80119027590612,160.07924916361299,0.6900981947236448,0.0,-0.7237157464358271,3.929013079667063,3.929013079667063
-19.30493899040297,237.80119027590612,160.07924916361299,-6.900747873624406,250.33269661125368,163.0530437314785,0.6900981947236448,0.0,-0.7237157464358271,3.929013079667063,3.929013079667063
-5.325676034543948,226.16212966484184,163.47508295878112,-19.30493899040297,237.80119027590612,160.07924916361299,0.6900981947236448,0.0,-0.7237157464358271,3.929013079667063,3.929013079667063
-19.30493899040297,237.80119027590612,160.07924916361299,-33.284201946261994,249.4402508869704,156.68341536844483,0.6900981947236448,0.0,-0.7237157464358271,3.929013079667063,3.929013079667063
-33.284201946261994,249.4402508869704,156.68341536844483,-20.880010829483428,261.97175722231805,159.65720993631038,0.6900981947236448,0.0,-0.7237157464358271,3.929013079667063,3.929013079667063
-20.880010829483428,261.97175722231805,159.65720993631038,-8.475819712704867,274.50326355766555,162.6310045041759,0.6900981947236448,0.0,-0.7237157464358271,3.929013079667063,3.929013079667063
-6.900747873624406,250.33269661125368,163.0530437314785,-20.880010829483428,261.97175722231805,159.65720993631038,0.6900981947236448,0.0,-0.7237157464358271,3.929013079667063,3.929013079667063
-20.880010829483428,261.97175722231805,159.65720993631038,-34.85927378534245,273.61081783338227,156.26137614114222,0.6900981947236448,0.0,-0.7237157464358271,3.929013079667063,3.929013079667063
-34.85927378534245,273.61081783338227,156.26137614114222,-22.45508266856389,286.1423241687299,159.23517070900778,0.6900981947236448,0.0,-0.7237157464358271,3.929013079667063,3.929013079667063
-22.45508266856389,286.1423241687299,159.23517070900778,-10.050891551785325,298.6738305040774,162.2089652768733,0.6900981947236448,0.0,-0.7237157464358271,3.929013079667063,3.929013079667063
-8.475819712704867,274.50326355766555,162.6310045041759,-22.45508266856389,286.1423241687299,159.23517070900778,0.6900981947236448,0.0,-0.7237157464358271,3.929013079667063,3.929013079667063
-22.45508266856389,286.1423241687299,159.23517070900778,-36.43434562442292,297.7813847797941,155.83933691383962,0.6900981947236448,0.0,-0.7237157464358271,3.929013079667063,3.929013079667063
-36.43434562442292,297.7813847797941,155.83933691383962,-24.030154507644347,310.3128911151417,158.81313148170514,0.6900981947236448,0.0,-0.7237157464358271,3.929013079667063,3.929013079667063
-24.030154507644347,310.3128911151417,158.81313148170514,-11.625963390865783,322.8443974504892,161.7869260495707,0.6900981947236448,0.0,-0.7237157464358271,3.929013079667063,3.929013079667063
-10.050891551785325,298.6738305040774,162.2089652768733,-24.030154507644347,310.3128911151417,158.81313148170514,0.6900981947236448,0.0,-0.7237157464358271,3.929013079667063,3.929013079667063
-24.030154507644347,310.3128911151417,158.81313148170514,-38.00941746350337,321.95195172620595,155.41729768653698,0.6900981947236448,0.0,-0.7237157464358271,3.929013079667063,3.929013079667063
-38.00941746350337,321.95195172620595,155.41729768653698,-25.605226346724805,334.48345806155356,158.39109225440254,0.6900981947236448,0.0,-0.7237157464358271,3.929013079667063,3.929013079667063
-25.605226346724805,334.48345806155356,158.39109225440254,-13.20103522994624,347.0149643969011,161.3648868222681,0.6900981947236448,0.0,-0.7237157464358271,3.929013079667063,3.929013079667063
-11.625963390865783,322.8443974504892,161.7869260495707,-25.605226346724805,334.48345806155356,158.39109225440254,0.6900981947236448,0.0,-0.7237157464358271,3.929013079667063,3.929013079667063
-25.605226346724805,334.48345806155356,158.39109225440254,-39.58448930258383,346.12251867261784,154.99525845923438,0.6900981947236448,0.0,-0.7237157464358271,3.929013079667063,3.929013079667063
-39.58448930258383,346.12251867261784,154.99525845923438,-27.180298185805263,358.6540250079654,157.96905302709993,0.6900981947236448,0.0,-0.7237157464358271,3.929013079667063,3.929013079667063
-27.180298185805263,358.6540250079654,157.96905302709993,-14.776107069026699,371.18553134331296,160.94284759496549,0.6900981947236448,0.0,-0.7237157464358271,3.929013079667063,3.929013079667063
-13.20103522994624,347.0149643969011,161.3648868222681,-27.180298185805263,358.6540250079654,157.96905302709993,0.6900981947236448,0.0,-0.7237157464358271,3.929013079667063,3.929013079667063
-27.180298185805263,358.6540250079654,157.96905302709993,-41.159561141664284,370.2930856190297,154.57321923193177,0.6900981947236448,0.0,-0.7237157464358271,3.929013079667063,3.929013079667063
-41.159561141664284,370.2930856190297,154.57321923193177,-28.75537002488572,382.82459195437724,157.54701379979733,0.6900981947236448,0.0,-0.7237157464358271,3.929013079667063,3.929013079667063
-28.75537002488572,382.82459195437724,157.54701379979733,-16.35117890810716,395.3560982897248,160.52080836766288,0.6900981947236448,0.0,-0.7237157464358271,3.929013079667063,3.929013079667063
-14.776107069026699,371.18553134331296,160.94284759496549,-28.75537002488572,382.82459195437724,157.54701379979733,0.6900981947236448,0.0,-0.7237157464358271,3.929013079667063,3.929013079667063
-28.75537002488572,382.82459195437724,157.54701379979733,-42.73463298074475,394.4636525654415,154.15118000462917,0.6900981947236448,0.0,-0.7237157464358271,3.929013079667063,3.929013079667063
-42.734632980744756,394.46365256544163,154.15118000462914,-30.33044186396619,406.9951589007892,157.1249745724947,0.6900981947236448,0.0,-0.7237157464358271,3.929013079667063,3.929013079667063
-30.33044186396619,406.9951589007892,157.1249745724947,-17.926250747187623,419.52666523613675,160.09876914036022,0.6900981947236448,0.0,-0.7237157464358271,3.929013079667063,3.929013079667063
-16.351178908107165,395.3560982897249,160.52080836766282,-30.33044186396619,406.9951589007892,157.1249745724947,0.6900981947236448,0.0,-0.7237157464358271,3.929013079667063,3.929013079667063
-30.33044186396619,406.9951589007892,157.1249745724947,-44.309704819825214,418.6342195118535,153.72914077732653,0.6900981947236448,0.0,-0.7237157464358271,3.929013079667063,3.929013079667063
-44.309704819825214,418.6342195118535,153.72914077732653,-31.905513703046648,431.16572584720103,156.7029353451921,0.6900981947236448,0.0,-0.7237157464358271,3.929013079667063,3.929013079667063
-31.905513703046648,431.16572584720103,156.7029353451921,-19.50132258626808,443.6972321825486,159.6767299130576,0.6900981947236448,0.0,-0.7237157464358271,3.929013079667063,3.929013079667063
-17.926250747187623,419.52666523613675,160.09876914036022,-31.905513703046648,431.16572584720103,156.7029353451921,0.6900981947236448,0.0,-0.7237157464358271,3.929013079667063,3.929013079667063
-31.905513703046648,431.16572584720103,156.7029353451921,-45.88477665890567,442.8047864582653,153.30710155002393,0.6900981947236448,0.0,-0.7237157464358271,3.929013079667063,3.929013079667063
-45.88477665890567,442.8047864582653,153.30710155002393,-33.48058554212711,455.33629279361287,156.28089611788948,0.6900981947236448,0.0,-0.7237157464358271,3.929013079667063,3.929013079667063
-33.48058554212711,455.33629279361287,156.28089611788948,-21.07639442534854,467.86779912896054,159.254690685755,0.6900981947236448,0.0,-0.7237157464358271,3.929013079667063,3.929013079667063
-19.50132258626808,443.6972321825486,159.6767299130576,-33.48058554212711,455.33629279361287,156.28089611788948,0.6900981947236448,0.0,-0.7237157464358271,3.929013079667063,3.929013079667063
-33.48058554212711,455.33629279361287,156.28089611788948,-47.45984849798613,466.9753534046772,152.88506232272132,0.6900981947236448,0.0,-0.7237157464358271,3.929013079667063,3.929013079667063
-47.45984849798613,466.9753534046772,152.88506232272132,-35.05565738120757,479.50685974002477,155.85885689058688,0.6900981947236448,0.0,-0.7237157464358271,3.929013079667063,3.929013079667063
-35.05565738120757,479.50685974002477,155.85885689058688,-22.651466264429004,492.0383660753723,158.8326514584524,0.6900981947236448,0.0,-0.7237157464358271,3.929013079667063,3.929013079667063
-21.07639442534854,467.86779912896054,159.254690685755,-35.05565738120757,479.50685974002477,155.85885689058688,0.6900981947236448,0.0,-0.7237157464358271,3.929013079667063,3.929013079667063
-35.05565738120757,479.50685974002477,155.85885689058688,-49.034920337066595,491.145920351089,152.46302309541872,0.6900981947236448,0.0,-0.7237157464358271,3.929013079667063,3.929013079667063
-49.034920337066595,491.145920351089,152.46302309541872,-36.63072922028803,503.67742668643666,155.43681766328424,0.6900981947236448,0.0,-0.7237157464358271,3.929013079667063,3.929013079667063
-36.63072922028803,503.67742668643666,155.43681766328424,-24.226538103509462,516.2089330217842,158.4106122311498,0.6900981947236448,0.0,-0.7237157464358271,3.929013079667063,3.929013079667063
-22.651466264429004,492.0383660753723,158.8326514584524,-36.63072922028803,503.67742668643666,155.43681766328424,0.6900981947236448,0.0,-0.7237157464358271,3.929013079667063,3.929013079667063
-36.63072922028803,503.67742668643666,155.43681766328424,-50.609992176147045,515.3164872975009,152.0409838681161,0.6900981947236448,0.0,-0.7237157464358271,3.929013079667063,3.929013079667063
-50.60999217614706,515.316487297501,152.0409838681161,-38.2058010593685,527.8479936328486,155.01477843598164,0.6900981947236448,0.0,-0.7237157464358271,3.929013079667063,3.929013079667063
-38.2058010593685,527.8479936328486,155.01477843598164,-25.801609942589927,540.3794999681961,157.9885730038472,0.6900981947236448,0.0,-0.7237157464358271,3.929013079667063,3.929013079667063
-24.22653810350947,516.2089330217843,158.4106122311498,-38.2058010593685,527.8479936328486,155.01477843598164,0.6900981947236448,0.0,-0.7237157464358271,3.929013079667063,3.929013079667063
-38.2058010593685,527.8479936328486,155.01477843598164,-52.18506401522751,539.4870542439128,151.61894464081348,0.6900981947236448,0.0,-0.7237157464358271,3.929013079667063,3.929013079667063
-52.18506401522751,539.4870542439128,151.61894464081348,-39.780872898448955,552.0185605792603,154.59273920867903,0.6900981947236448,0.0,-0.7237157464358271,3.929013079667063,3.929013079667063
-39.780872898448955,552.0185605792603,154.59273920867903,-27.376681781670392,564.550066914608,157.5665337765446,0.6900981947236448,0.0,-0.7237157464358271,3.929013079667063,3.929013079667063
-25.801609942589927,540.3794999681961,157.9885730038472,-39.780872898448955,552.0185605792603,154.59273920867903,0.6900981947236448,0.0,-0.7237157464358271,3.929013079667063,3.929013079667063
-39.780872898448955,552.0185605792603,154.59273920867903,-53.760135854307975,563.6576211903247,151.19690541351088,0.6900981947236448,0.0,-0.7237157464358271,3.929013079667063,3.929013079667063
-53.760135854307975,563.6576211903247,151.19690541351088,-41.35594473752941,576.1891275256722,154.17069998137643,0.6900981947236448,0.0,-0.7237157464358271,3.929013079667063,3.929013079667063
-41.35594473752941,576.1891275256722,154.17069998137643,-28.95175362075085,588.7206338610198,157.14449454924193,0.6900981947236448,0.0,-0.7237157464358271,3.929013079667063,3.929013079667063
-27.376681781670392,564.550066914608,157.5665337765446,-41.35594473752941,576.1891275256722,154.17069998137643,0.6900981947236448,0.0,-0.7237157464358271,3.929013079667063,3.929013079667063
-41.35594473752941,576.1891275256722,154.17069998137643,-55.33520769338844,587.8281881367365,150.77486618620824,0.6900981947236448,0.0,-0.7237157464358271,3.929013079667063,3.929013079667063
-55.33520769338844,587.8281881367365,150.77486618620824,-42.93101657660987,600.359694472084,153.7486607540738,0.6900981947236448,0.0,-0.7237157464358271,3.929013079667063,3.929013079667063
-42.93101657660987,600.359694472084,153.7486607540738,-30.526825459831308,612.8912008074317,156.72245532193932,0.6900981947236448,0.0,-0.7237157464358271,3.929013079667063,3.929013079667063
-28.95175362075085,588.7206338610198,157.14449454924193,-42.93101657660987,600.359694472084,153.7486607540738,0.6900981947236448,0.0,-0.7237157464358271,3.929013079667063,3.929013079667063
-42.93101657660987,600.359694472084,153.7486607540738,-56.91027953246889,611.9987550831484,150.35282695890564,0.6900981947236448,0.0,-0.7237157464358271,3.929013079667063,3.929013079667063
-56.91027953246889,611.9987550831484,150.35282695890564,-44.50608841569033,624.5302614184959,153.3266215267712,0.6900981947236448,0.0,-0.7237157464358271,3.929013079667063,3.929013079667063
-44.50608841569033,624.5302614184959,153.3266215267712,-32.101897298911766,637.0617677538435,156.30041609463672,0.6900981947236448,0.0,-0.7237157464358271,3.929013079667063,3.929013079667063
-30.526825459831308,612.8912008074317,156.72245532193932,-44.50608841569033,624.5302614184959,153.3266215267712,0.6900981947236448,0.0,-0.7237157464358271,3.929013079667063,3.929013079667063
-44.50608841569033,624.5302614184959,153.3266215267712,-58.485351371549356,636.1693220295601,149.93078773160303,0.6900981947236448,0.0,-0.7237157464358271,3.929013079667063,3.929013079667063
-58.485351371549356,636.1693220295602,149.93078773160303,-46.08116025477079,648.7008283649079,152.9045822994686,0.6900981947236448,0.0,-0.7237157464358271,3.929013079667063,3.929013079667063
-46.08116025477079,648.7008283649079,152.9045822994686,-33.67696913799223,661.2323347002555,155.8783768673341,0.6900981947236448,0.0,-0.7237157464358271,3.929013079667063,3.929013079667063
-32.10189729891177,637.0617677538436,156.30041609463672,-46.08116025477079,648.7008283649079,152.9045822994686,0.6900981947236448,0.0,-0.7237157464358271,3.929013079667063,3.929013079667063
-46.08116025477079,648.7008283649079,152.9045822994686,-60.06042321062982,660.3398889759721,149.50874850430043,0.6900981947236448,0.0,-0.7237157464358271,3.929013079667063,3.929013079667063
-60.06042321062982,660.3398889759721,149.50874850430043,-47.65623209385126,672.8713953113197,152.48254307216598,0.6900981947236448,0.0,-0.7237157464358271,3.929013079667063,3.929013079667063
-47.65623209385126,672.8713953113197,152.48254307216598,-35.25204097707269,685.4029016466673,155.4563376400315,0.6900981947236448,0.0,-0.7237157464358271,3.929013079667063,3.929013079667063
-33.67696913799223,661.2323347002555,155.8783768673341,-47.65623209385126,672.8713953113197,152.48254307216598,0.6900981947236448,0.0,-0.7237157464358271,3.929013079667063,3.929013079667063
-47.65623209385126,672.8713953113197,152.48254307216598,-61.63549504971027,684.5104559223839,149.0867092769978,0.6900981947236448,0.0,-0.7237157464358271,3.929013079667063,3.929013079667063
-61.63549504971027,684.5104559223839,149.0867092769978,-49.231303932931716,697.0419622577316,152.06050384486335,0.6900981947236448,0.0,-0.7237157464358271,3.929013079667063,3.929013079667063
-49.231303932931716,697.0419622577316,152.06050384486335,-36.82711281615315,709.5734685930792,155.0342984127289,0.6900981947236448,0.0,-0.7237157464358271,3.929013079667063,3.929013079667063
-35.25204097707269,685.4029016466673,155.4563376400315,-49.231303932931716,697.0419622577316,152.06050384486335,0.6900981947236448,0.0,-0.7237157464358271,3.929013079667063,3.929013079667063
-49.231303932931716,697.0419622577316,152.06050384486335,-63.21056688879074,708.6810228687958,148.6646700496952,0.6900981947236448,0.0,-0.7237157464358271,3.929013079667063,3.929013079667063
-63.21056688879074,708.6810228687958,148.6646700496952,-50.806375772012174,721.2125292041434,151.63846461756074,0.6900981947236448,0.0,-0.7237157464358271,3.929013079667063,3.929013079667063
-50.806375772012174,721.2125292041434,151.63846461756074,-38.402184655233604,733.7440355394909,154.6122591854263,0.6900981947236448,0.0,-0.7237157464358271,3.929013079667063,3.929013079667063
-36.82711281615315,709.5734685930792,155.0342984127289,-50.806375772012174,721.2125292041434,151.63846461756074,0.6900981947236448,0.0,-0.7237157464358271,3.929013079667063,3.929013079667063
-50.806375772012174,721.2125292041434,151.63846461756074,-64.78563872787119,732.8515898152076,148.24263082239258,0.6900981947236448,0.0,-0.7237157464358271,3.929013079667063,3.929013079667063
-64.78563872787119,732.8515898152076,148.24263082239258,-52.38144761109263,745.3830961505553,151.21642539025814,0.6900981947236448,0.0,-0.7237157464358271,3.929013079667063,3.929013079667063
-52.38144761109263,745.3830961505553,151.21642539025814,-39.97725649431406,757.9146024859028,154.1902199581237,0.6900981947236448,0.0,-0.7237157464358271,3.929013079667063,3.929013079667063
-38.402184655233604,733.7440355394909,154.6122591854263,-52.38144761109263,745.3830961505553,151.21642539025814,0.6900981947236448,0.0,-0.7237157464358271,3.929013079667063,3.929013079667063
-52.38144761109263,745.3830961505553,151.21642539025814,-66.36071056695165,757.0221567616195,147.82059159508998,0.6900981947236448,0.0,-0.7237157464358271,3.929013079667063,3.929013079667063
-66.36071056695165,757.0221567616196,147.82059159508998,-53.9565194501731,769.5536630969672,150.79438616295553,0.6900981947236448,0.0,-0.7237157464358271,3.929013079667063,3.929013079667063
-53.9565194501731,769.5536630969672,150.79438616295553,-41.552328333394534,782.0851694323148,153.76818073082103,0.6900981947236448,0.0,-0.7237157464358271,3.929013079667063,3.929013079667063
-39.97725649431407,757.914602485903,154.1902199581237,-53.9565194501731,769.5536630969672,150.79438616295553,0.6900981947236448,0.0,-0.7237157464358271,3.929013079667063,3.929013079667063
-53.9565194501731,769.5536630969672,150.79438616295553,-67.93578240603212,781.1927237080315,147.39855236778735,0.6900981947236448,0.0,-0.7237157464358271,3.929013079667063,3.929013079667063
-67.93578240603212,781.1927237080315,147.39855236778735,-55.531591289253555,793.7242300433791,150.3723469356529,0.6900981947236448,0.0,-0.7237157464358271,3.929013079667063,3.929013079667063
-55.531591289253555,793.7242300433791,150.3723469356529,-43.12740017247499,806.2557363787266,153.34614150351842,0.6900981947236448,0.0,-0.7237157464358271,3.929013079667063,3.929013079667063
-41.552328333394534,782.0851694323148,153.76818073082103,-55.531591289253555,793.7242300433791,150.3723469356529,0.6900981947236448,0.0,-0.7237157464358271,3.929013079667063,3.929013079667063
-55.531591289253555,793.7242300433791,150.3723469356529,-69.51085424511258,805.3632906544433,146.97651314048474,0.6900981947236448,0.0,-0.7237157464358271,3.929013079667063,3.929013079667063
-69.51085424511258,805.3632906544433,146.97651314048474,-57.10666312833401,817.8947969897908,149.9503077083503,0.6900981947236448,0.0,-0.7237157464358271,3.929013079667063,3.929013079667063
-57.10666312833401,817.8947969897908,149.9503077083503,-44.70247201155545,830.4263033251385,152.92410227621582,0.6900981947236448,0.0,-0.7237157464358271,3.929013079667063,3.929013079667063
-43.12740017247499,806.2557363787266,153.34614150351842,-57.10666312833401,817.8947969897908,149.9503077083503,0.6900981947236448,0.0,-0.7237157464358271,3.929013079667063,3.929013079667063
-57.10666312833401,817.8947969897908,149.9503077083503,-71.08592608419303,829.5338576008552,146.55447391318214,0.6900981947236448,0.0,-0.7237157464358271,3.929013079667063,3.929013079667063
-71.08592608419303,829.5338576008552,146.55447391318214,-58.68173496741447,842.0653639362027,149.5282684810477,0.6900981947236448,0.0,-0.7237157464358271,3.929013079667063,3.929013079667063
-58.68173496741447,842.0653639362027,149.5282684810477,-46.27754385063591,854.5968702715503,152.50206304891321,0.6900981947236448,0.0,-0.7237157464358271,3.929013079667063,3.929013079667063
-44.70247201155545,830.4263033251385,152.92410227621582,-58.68173496741447,842.0653639362027,149.5282684810477,0.6900981947236448,0.0,-0.7237157464358271,3.929013079667063,3.929013079667063
-58.68173496741447,842.0653639362027,149.5282684810477,-72.6609979232735,853.704424547267,146.13243468587953,0.6900981947236448,0.0,-0.7237157464358271,3.929013079667063,3.929013079667063
-72.6609979232735,853.704424547267,146.13243468587953,-60.25680680649493,866.2359308826145,149.10622925374506,0.6900981947236448,0.0,-0.7237157464358271,3.929013079667063,3.929013079667063
-60.25680680649493,866.2359308826145,149.10622925374506,-47.852615689716366,878.7674372179622,152.0800238216106,0.6900981947236448,0.0,-0.7237157464358271,3.929013079667063,3.929013079667063
-46.27754385063591,854.5968702715503,152.50206304891321,-60.25680680649493,866.2359308826145,149.10622925374506,0.6900981947236448,0.0,-0.7237157464358271,3.929013079667063,3.929013079667063
-60.25680680649493,866.2359308826145,149.10622925374506,-74.23606976235395,877.8749914936789,145.7103954585769,0.6900981947236448,0.0,-0.7237157464358271,3.929013079667063,3.929013079667063
-74.23606976235396,877.874991493679,145.7103954585769,-61.8318786455754,890.4064978290265,148.68419002644245,0.6900981947236448,0.0,-0.7237157464358271,3.929013079667063,3.929013079667063
-61.8318786455754,890.4064978290265,148.68419002644245,-49.42768752879683,902.9380041643741,151.657984594308,0.6900981947236448,0.0,-0.7237157464358271,3.929013079667063,3.929013079667063
-47.85261568971637,878.7674372179623,152.0800238216106,-61.8318786455754,890.4064978290265,148.68419002644245,0.6900981947236448,0.0,-0.7237157464358271,3.929013079667063,3.929013079667063
-61.8318786455754,890.4064978290265,148.68419002644245,-75.81114160143441,902.0455584400908,145.2883562312743,0.6900981947236448,0.0,-0.7237157464358271,3.929013079667063,3.929013079667063
-75.81114160143441,902.0455584400908,145.2883562312743,-63.40695048465586,914.5770647754384,148.26215079913985,0.6900981947236448,0.0,-0.7237157464358271,3.929013079667063,3.929013079667063
-63.40695048465586,914.5770647754384,148.26215079913985,-51.00275936787729,927.108571110786,151.2359453670054,0.6900981947236448,0.0,-0.7237157464358271,3.929013079667063,3.929013079667063
-49.42768752879683,902.9380041643741,151.657984594308,-63.40695048465586,914.5770647754384,148.26215079913985,0.6900981947236448,0.0,-0.7237157464358271,3.929013079667063,3.929013079667063
-63.40695048465586,914.5770647754384,148.26215079913985,-77.38621344051488,926.2161253865027,144.8663170039717,0.6900981947236448,0.0,-0.7237157464358271,3.929013079667063,3.929013079667063
-77.38621344051488,926.2161253865027,144.8663170039717,-64.98202232373632,938.7476317218502,147.84011157183724,0.6900981947236448,0.0,-0.7237157464358271,3.929013079667063,3.929013079667063
-64.98202232373632,938.7476317218502,147.84011157183724,-52.57783120695775,951.2791380571978,150.8139061397028,0.6900981947236448,0.0,-0.7237157464358271,3.929013079667063,3.929013079667063
-51.00275936787729,927.108571110786,151.2359453670054,-64.98202232373632,938.7476317218502,147.84011157183724,0.6900981947236448,0.0,-0.7237157464358271,3.929013079667063,3.929013079667063
-64.98202232373632,938.7476317218502,147.84011157183724,-78.96128527959533,950.3866923329144,144.44427777666908,0.6900981947236448,0.0,-0.7237157464358271,3.929013079667063,3.929013079667063
-78.96128527959533,950.3866923329144,144.44427777666908,-66.55709416281677,962.9181986682621,147.41807234453464,0.6900981947236448,0.0,-0.7237157464358271,3.929013079667063,3.929013079667063
-66.55709416281677,962.9181986682621,147.41807234453464,-54.152903046038205,975.4497050036097,150.39186691240013,0.6900981947236448,0.0,-0.7237157464358271,3.929013079667063,3.929013079667063
-52.57783120695775,951.2791380571978,150.8139061397028,-66.55709416281677,962.9181986682621,147.41807234453464,0.6900981947236448,0.0,-0.7237157464358271,3.929013079667063,3.929013079667063
-66.55709416281677,962.9181986682621,147.41807234453464,-80.5363571186758,974.5572592793263,144.02223854936645,0.6900981947236448,0.0,-0.7237157464358271,3.929013079667063,3.929013079667063
-80.5363571186758,974.5572592793263,144.02223854936645,-68.13216600189722,987.088765614674,146.996033117232,0.6900981947236448,0.0,-0.7237157464358271,3.929013079667063,3.929013079667063
-68.13216600189722,987.088765614674,146.996033117232,-55.72797488511866,999.6202719500216,149.96982768509753,0.6900981947236448,0.0,-0.7237157464358271,3.929013079667063,3.929013079667063
-54.152903046038205,975.4497050036097,150.39186691240013,-68.13216600189722,987.088765614674,146.996033117232,0.6900981947236448,0.0,-0.7237157464358271,3.929013079667063,3.929013079667063
-68.13216600189722,987.088765614674,146.996033117232,-82.11142895775625,998.7278262257382,143.60019932206384,0.6900981947236448,0.0,-0.7237157464358271,3.929013079667063,3.929013079667063
-82.11142895775625,998.7278262257382,143.60019932206384,-69.70723784097768,1011.259332561086,146.5739938899294,0.6900981947236448,0.0,-0.7237157464358271,3.929013079667063,3.929013079667063
-69.70723784097768,1011.259332561086,146.5739938899294,-57.30304672419913,1023.7908388964336,149.54778845779492,0.6900981947236448,0.0,-0.7237157464358271,3.929013079667063,3.929013079667063
-55.72797488511866,999.6202719500216,149.96982768509753,-69.70723784097768,1011.259332561086,146.5739938899294,0.6900981947236448,0.0,-0.7237157464358271,3.929013079667063,3.929013079667063
-69.70723784097768,1011.259332561086,146.5739938899294,-83.68650079683671,1022.8983931721502,143.17816009476124,0.6900981947236448,0.0,-0.7237157464358271,3.929013079667063,3.929013079667063
-83.68650079683671,1022.8983931721502,143.17816009476124,-71.28230968005815,1035.4298995074978,146.1519546626268,0.6900981947236448,0.0,-0.7237157464358271,3.929013079667063,3.929013079667063
-71.28230968005815,1035.4298995074978,146.1519546626268,-58.87811856327958,1047.9614058428454,149.12574923049232,0.6900981947236448,0.0,-0.7237157464358271,3.929013079667063,3.929013079667063
-57.30304672419913,1023.7908388964336,149.54778845779492,-71.28230968005815,1035.4298995074978,146.1519546626268,0.6900981947236448,0.0,-0.7237157464358271,3.929013079667063,3.929013079667063
-71.28230968005815,1035.4298995074978,146.1519546626268,-85.26157263591716,1047.068960118562,142.75612086745863,0.6900981947236448,0.0,-0.7237157464358271,3.929013079667063,3.929013079667063
-85.26157263591716,1047.068960118562,142.75612086745863,-72.8573815191386,1059.6004664539096,145.72991543532416,0.6900981947236448,0.0,-0.7237157464358271,3.929013079667063,3.929013079667063
-72.8573815191386,1059.6004664539096,145.72991543532416,-60.45319040236004,1072.1319727892571,148.7037100031897,0.6900981947236448,0.0,-0.7237157464358271,3.929013079667063,3.929013079667063
-58.87811856327958,1047.9614058428454,149.12574923049232,-72.8573815191386,1059.6004664539096,145.72991543532416,0.6900981947236448,0.0,-0.7237157464358271,3.929013079667063,3.929013079667063
-72.8573815191386,1059.6004664539096,145.72991543532416,-86.83664447499763,1071.2395270649738,142.334081640156,0.6900981947236448,0.0,-0.7237157464358271,3.929013079667063,3.929013079667063
-86.83664447499763,1071.2395270649738,142.334081640156,-74.43245335821906,1083.7710334003214,145.30787620802155,0.6900981947236448,0.0,-0.7237157464358271,3.929013079667063,3.929013079667063
-74.43245335821906,1083.7710334003214,145.30787620802155,-62.028262241440494,1096.302539735669,148.2816707758871,0.6900981947236448,0.0,-0.7237157464358271,3.929013079667063,3.929013079667063
-60.45319040236004,1072.1319727892571,148.7037100031897,-74.43245335821906,1083.7710334003214,145.30787620802155,0.6900981947236448,0.0,-0.7237157464358271,3.929013079667063,3.929013079667063
-74.43245335821906,1083.7710334003214,145.30787620802155,-88.41171631407808,1095.4100940113856,141.9120424128534,0.6900981947236448,0.0,-0.7237157464358271,3.929013079667063,3.929013079667063
-88.41171631407808,1095.4100940113856,141.9120424128534,-76.00752519729951,1107.9416003467331,144.88583698071895,0.6900981947236448,0.0,-0.7237157464358271,3.929013079667063,3.929013079667063
-76.00752519729951,1107.9416003467331,144.88583698071895,-63.60333408052096,1120.473106682081,147.8596315485845,0.6900981947236448,0.0,-0.7237157464358271,3.929013079667063,3.929013079667063
-62.028262241440494,1096.302539735669,148.2816707758871,-76.00752519729951,1107.9416003467331,144.88583698071895,0.6900981947236448,0.0,-0.7237157464358271,3.929013079667063,3.929013079667063
-76.00752519729951,1107.9416003467331,144.88583698071895,-89.98678815315854,1119.5806609577976,141.4900031855508,0.6900981947236448,0.0,-0.7237157464358271,3.929013079667063,3.929013079667063
-89.98678815315854,1119.5806609577976,141.4900031855508,-77.58259703637998,1132.1121672931451,144.46379775341634,0.6900981947236448,0.0,-0.7237157464358271,3.929013079667063,3.929013079667063
-77.58259703637998,1132.1121672931451,144.46379775341634,-65.17840591960142,1144.6436736284927,147.4375923212819,0.6900981947236448,0.0,-0.7237157464358271,3.929013079667063,3.929013079667063
-63.60333408052096,1120.473106682081,147.8596315485845,-77.58259703637998,1132.1121672931451,144.46379775341634,0.6900981947236448,0.0,-0.7237157464358271,3.929013079667063,3.929013079667063
-77.58259703637998,1132.1121672931451,144.46379775341634,-91.56185999223901,1143.7512279042094,141.06796395824819,0.6900981947236448,0.0,-0.7237157464358271,3.929013079667063,3.929013079667063
9.258752093553696e-15,0.0,151.20689655172413,-14.476178329195342,24.170566946411846,158.2333146293334,0.0,0.0,1.0,3.929013079667063,3.929013079667063
11.32603465103444,24.170566946411846,143.33640001950965,-3.150143678160909,48.34113389282371,150.36281809711892,0.0,0.0,1.0,3.929013079667063,3.929013079667063
-3.150143678160909,48.34113389282371,150.36281809711892,-17.62632200735626,72.51170083923554,157.38923617472815,0.0,0.0,1.0,3.929013079667063,3.929013079667063
-14.476178329195342,24.170566946411846,158.2333146293334,-3.150143678160909,48.34113389282371,150.36281809711892,0.0,0.0,1.0,3.929013079667063,3.929013079667063
-3.150143678160909,48.34113389282371,150.36281809711892,8.175890972873521,72.51170083923554,142.49232156490442,0.0,0.0,1.0,3.929013079667063,3.929013079667063
8.175890972873521,72.51170083923554,142.49232156490442,-6.300287356321828,96.68226778564741,149.51873964251368,0.0,0.0,1.0,3.929013079667063,3.929013079667063
-6.300287356321828,96.68226778564741,149.51873964251368,-20.77646568551718,120.85283473205928,156.54515772012294,0.0,0.0,1.0,3.929013079667063,3.929013079667063
-17.62632200735626,72.51170083923554,157.38923617472815,-6.300287356321828,96.68226778564741,149.51873964251368,0.0,0.0,1.0,3.929013079667063,3.929013079667063
-6.300287356321828,96.68226778564741,149.51873964251368,5.025747294712604,120.85283473205928,141.6482431102992,0.0,0.0,1.0,3.929013079667063,3.929013079667063
5.025747294712604,120.85283473205928,141.6482431102992,-9.450431034482747,145.02340167847112,148.67466118790847,0.0,0.0,1.0,3.929013079667063,3.929013079667063
-9.450431034482747,145.02340167847112,148.67466118790847,-23.926609363678097,169.19396862488298,155.7010792655177,0.0,0.0,1.0,3.929013079667063,3.929013079667063
-20.77646568551718,120.85283473205928,156.54515772012294,-9.450431034482747,145.02340167847112,148.67466118790847,0.0,0.0,1.0,3.929013079667063,3.929013079667063
-9.450431034482747,145.02340167847112,148.67466118790847,1.8756036165516843,169.19396862488298,140.80416465569397,0.0,0.0,1.0,3.929013079667063,3.929013079667063
1.875603616551686,169.19396862488296,140.80416465569397,-12.600574712643665,193.36453557129482,147.83058273330323,0.0,0.0,1.0,3.929013079667063,3.929013079667063
-12.600574712643665,193.36453557129482,147.83058273330323,-27.076753041839016,217.5351025177067,154.8570008109125,0.0,0.0,1.0,3.929013079667063,3.929013079667063
-23.926609363678097,169.19396862488296,155.7010792655177,-12.600574712643665,193.36453557129482,147.83058273330323,0.0,0.0,1.0,3.929013079667063,3.929013079667063
-12.600574712643665,193.36453557129482,147.83058273330323,-1.2745400616092333,217.5351025177067,139.96008620108876,0.0,0.0,1.0,3.929013079667063,3.929013079667063
-1.274540061609235,217.5351025177067,139.96008620108876,-15.750718390804584,241.70566946411853,146.98650427869802,0.0,0.0,1.0,3.929013079667063,3.929013079667063
-15.750718390804584,241.70566946411853,146.98650427869802,-30.22689671999993,265.8762364105304,154.01292235630726,0.0,0.0,1.0,3.929013079667063,3.929013079667063
-27.07675304183902,217.5351025177067,154.8570008109125,-15.750718390804584,241.70566946411853,146.98650427869802,0.0,0.0,1.0,3.929013079667063,3.929013079667063
-15.750718390804584,241.70566946411853,146.98650427869802,-4.424683739770149,265.8762364105304,139.11600774648352,0.0,0.0,1.0,3.929013079667063,3.929013079667063
-4.424683739770149,265.8762364105304,139.11600774648352,-18.900862068965502,290.04680335694223,146.14242582409278,0.0,0.0,1.0,3.929013079667063,3.929013079667063
-18.900862068965502,290.04680335694223,146.14242582409278,-33.37704039816085,314.2173703033541,153.16884390170205,0.0,0.0,1.0,3.929013079667063,3.929013079667063
-30.22689671999993,265.8762364105304,154.01292235630726,-18.900862068965502,290.04680335694223,146.14242582409278,0.0,0.0,1.0,3.929013079667063,3.929013079667063
-18.900862068965502,290.04680335694223,146.14242582409278,-7.574827417931068,314.2173703033541,138.2719292918783,0.0,0.0,1.0,3.929013079667063,3.929013079667063
-7.574827417931068,314.2173703033541,138.2719292918783,-22.051005747126418,338.3879372497659,145.29834736948757,0.0,0.0,1.0,3.929013079667063,3.929013079667063
-22.051005747126418,338.3879372497659,145.29834736948757,-36.52718407632177,362.55850419617775,152.3247654470968,0.0,0.0,1.0,3.929013079667063,3.929013079667063
-33.37704039816085,314.2173703033541,153.16884390170205,-22.051005747126418,338.3879372497659,145.29834736948757,0.0,0.0,1.0,3.929013079667063,3.929013079667063
-22.051005747126418,338.3879372497659,145.29834736948757,-10.724971096091984,362.55850419617775,137.42785083727307,0.0,0.0,1.0,3.929013079667063,3.929013079667063
-10.724971096091988,362.5585041961778,137.42785083727307,-25.201149425287337,386.72907114258965,144.45426891488233,0.0,0.0,1.0,3.929013079667063,3.929013079667063
-25.201149425287337,386.72907114258965,144.45426891488233,-39.67732775448269,410.8996380890015,151.4806869924916,0.0,0.0,1.0,3.929013079667063,3.929013079667063
-36.527184076321774,362.5585041961778,152.3247654470968,-25.201149425287337,386.72907114258965,144.45426891488233,0.0,0.0,1.0,3.929013079667063,3.929013079667063
-25.201149425287337,386.72907114258965,144.45426891488233,-13.875114774252907,410.8996380890015,136.58377238266786,0.0,0.0,1.0,3.929013079667063,3.929013079667063
-13.875114774252907,410.8996380890015,136.58377238266786,-28.351293103448256,435.0702050354134,143.61019046027712,0.0,0.0,1.0,3.929013079667063,3.929013079667063
-28.351293103448256,435.0702050354134,143.61019046027712,-42.827471432643605,459.2407719818252,150.63660853788636,0.0,0.0,1.0,3.929013079667063,3.929013079667063
-39.67732775448269,410.8996380890015,151.4806869924916,-28.351293103448256,435.0702050354134,143.61019046027712,0.0,0.0,1.0,3.929013079667063,3.929013079667063
-28.351293103448256,435.0702050354134,143.61019046027712,-17.025258452413823,459.2407719818252,135.73969392806262,0.0,0.0,1.0,3.929013079667063,3.929013079667063
-17.025258452413823,459.2407719818252,135.73969392806262,-31.501436781609172,483.4113389282371,142.76611200567189,0.0,0.0,1.0,3.929013079667063,3.929013079667063
-31.501436781609172,483.4113389282371,142.76611200567189,-45.97761511080453,507.5819058746489,149.79253008328115,0.0,0.0,1.0,3.929013079667063,3.929013079667063
-42.827471432643605,459.2407719818252,150.63660853788636,-31.501436781609172,483.4113389282371,142.76611200567189,0.0,0.0,1.0,3.929013079667063,3.929013079667063
-31.501436781609172,483.4113389282371,142.76611200567189,-20.175402130574746,507.5819058746489,134.8956154734574,0.0,0.0,1.0,3.929013079667063,3.929013079667063
-20.175402130574746,507.581905874649,134.8956154734574,-34.651580459770095,531.7524728210608,141.92203355106665,0.0,0.0,1.0,3.929013079667063,3.929013079667063
-34.651580459770095,531.7524728210608,141.92203355106665,-49.127758788965444,555.9230397674726,148.9484516286759,0.0,0.0,1.0,3.929013079667063,3.929013079667063
-45.97761511080453,507.581905874649,149.79253008328115,-34.651580459770095,531.7524728210608,141.92203355106665,0.0,0.0,1.0,3.929013079667063,3.929013079667063
-34.651580459770095,531.7524728210608,141.92203355106665,-23.32554580873566,555.9230397674726,134.05153701885217,0.0,0.0,1.0,3.929013079667063,3.929013079667063
-23.32554580873566,555.9230397674726,134.05153701885217,-37.80172413793102,580.0936067138845,141.07795509646144,0.0,0.0,1.0,3.929013079667063,3.929013079667063
-37.80172413793102,580.0936067138845,141.07795509646144,-52.27790246712637,604.2641736602964,148.1043731740707,0.0,0.0,1.0,3.929013079667063,3.929013079667063
-49.127758788965444,555.9230397674726,148.9484516286759,-37.80172413793102,580.0936067138845,141.07795509646144,0.0,0.0,1.0,3.929013079667063,3.929013079667063
-37.80172413793102,580.0936067138845,141.07795509646144,-26.475689486896584,604.2641736602964,133.20745856424696,0.0,0.0,1.0,3.929013079667063,3.929013079667063
-26.475689486896584,604.2641736602964,133.20745856424696,-40.951867816091934,628.4347406067081,140.23387664185623,0.0,0.0,1.0,3.929013079667063,3.929013079667063
-40.951867816091934,628.4347406067081,140.23387664185623,-55.42804614528728,652.60530755312,147.26029471946546,0.0,0.0,1.0,3.929013079667063,3.929013079667063
-52.27790246712637,604.2641736602964,148.1043731740707,-40.951867816091934,628.4347406067081,140.23387664185623,0.0,0.0,1.0,3.929013079667063,3.929013079667063
-40.951867816091934,628.4347406067081,140.23387664185623,-29.6258331650575,652.60530755312,132.36338010964172,0.0,0.0,1.0,3.929013079667063,3.929013079667063
-29.6258331650575,652.60530755312,132.36338010964172,-44.10201149425285,676.7758744995318,139.389798187251,0.0,0.0,1.0,3.929013079667063,3.929013079667063
-44.10201149425285,676.7758744995318,139.389798187251,-58.5781898234482,700.9464414459437,146.41621626486025,0.0,0.0,1.0,3.929013079667063,3.929013079667063
-55.42804614528728,652.60530755312,147.26029471946546,-44.10201149425285,676.7758744995318,139.389798187251,0.0,0.0,1.0,3.929013079667063,3.929013079667063
-44.10201149425285,676.7758744995318,139.389798187251,-32.775976843218416,700.9464414459437,131.51930165503651,0.0,0.0,1.0,3.929013079667063,3.929013079667063
-32.77597684321842,700.9464414459438,131.51930165503651,-47.25215517241377,725.1170083923556,138.54571973264575,0.0,0.0,1.0,3.929013079667063,3.929013079667063
-47.25215517241377,725.1170083923556,138.54571973264575,-61.72833350160912,749.2875753387675,145.57213781025501,0.0,0.0,1.0,3.929013079667063,3.929013079667063
-58.578189823448206,700.9464414459438,146.41621626486025,-47.25215517241377,725.1170083923556,138.54571973264575,0.0,0.0,1.0,3.929013079667063,3.929013079667063
-47.25215517241377,725.1170083923556,138.54571973264575,-35.92612052137934,749.2875753387675,130.67522320043128,0.0,0.0,1.0,3.929013079667063,3.929013079667063
-35.92612052137934,749.2875753387675,130.67522320043128,-50.40229885057469,773.4581422851793,137.70164127804054,0.0,0.0,1.0,3.929013079667063,3.929013079667063
-50.40229885057469,773.4581422851793,137.70164127804054,-64.87847717977004,797.6287092315912,144.7280593556498,0.0,0.0,1.0,3.929013079667063,3.929013079667063
-61.72833350160912,749.2875753387675,145.57213781025501,-50.40229885057469,773.4581422851793,137.70164127804054,0.0,0.0,1.0,3.929013079667063,3.929013079667063
-50.40229885057469,773.4581422851793,137.70164127804054,-39.076264199540255,797.6287092315912,129.83114474582607,0.0,0.0,1.0,3.929013079667063,3.929013079667063
-39.076264199540255,797.6287092315912,129.83114474582607,-53.55244252873561,821.799276178003,136.85756282343533,0.0,0.0,1.0,3.929013079667063,3.929013079667063
-53.55244252873561,821.799276178003,136.85756282343533,-68.02862085793096,845.9698431244149,143.88398090104457,0.0,0.0,1.0,3.929013079667063,3.929013079667063
-64.87847717977004,797.6287092315912,144.7280593556498,-53.55244252873561,821.799276178003,136.85756282343533,0.0,0.0,1.0,3.929013079667063,3.929013079667063
-53.55244252873561,821.799276178003,136.85756282343533,-42.22640787770118,845.9698431244149,128.98706629122083,0.0,0.0,1.0,3.929013079667063,3.929013079667063
-42.22640787770118,845.9698431244149,128.98706629122083,-56.70258620689653,870.1404100708268,136.0134843688301,0.0,0.0,1.0,3.929013079667063,3.929013079667063
-56.70258620689653,870.1404100708268,136.0134843688301,-71.17876453609188,894.3109770172385,143.03990244643936,0.0,0.0,1.0,3.929013079667063,3.929013079667063
-68.02862085793096,845.9698431244149,143.88398090104457,-56.70258620689653,870.1404100708268,136.0134843688301,0.0,0.0,1.0,3.929013079667063,3.929013079667063
-56.70258620689653,870.1404100708268,136.0134843688301,-45.37655155586209,894.3109770172385,128.14298783661562,0.0,0.0,1.0,3.929013079667063,3.929013079667063
-45.37655155586209,894.3109770172385,128.14298783661562,-59.85272988505744,918.4815439636504,135.16940591422485,0.0,0.0,1.0,3.929013079667063,3.929013079667063
-59.85272988505744,918.4815439636504,135.16940591422485,-74.32890821425279,942.6521109100622,142.19582399183412,0.0,0.0,1.0,3.929013079667063,3.929013079667063
-71.17876453609188,894.3109770172385,143.03990244643936,-59.85272988505744,918.4815439636504,135.16940591422485,0.0,0.0,1.0,3.929013079667063,3.929013079667063
-59.85272988505744,918.4815439636504,135.16940591422485,-48.52669523402301,942.6521109100622,127.2989093820104,0.0,0.0,1.0,3.929013079667063,3.929013079667063
-48.526695234023016,942.6521109100623,127.2989093820104,-63.002873563218365,966.8226778564742,134.32532745961964,0.0,0.0,1.0,3.929013079667063,3.929013079667063
-63.002873563218365,966.8226778564742,134.32532745961964,-77.47905189241371,990.993244802886,141.3517455372289,0.0,0.0,1.0,3.929013079667063,3.929013079667063
-74.3289082142528,942.6521109100623,142.19582399183412,-63.002873563218365,966.8226778564742,134.32532745961964,0.0,0.0,1.0,3.929013079667063,3.929013079667063
-63.002873563218365,966.8226778564742,134.32532745961964,-51.67683891218393,990.993244802886,126.45483092740518,0.0,0.0,1.0,3.929013079667063,3.929013079667063
-51.67683891218393,990.993244802886,126.45483092740518,-66.15301724137927,1015.163811749298,133.48124900501443,0.0,0.0,1.0,3.929013079667063,3.929013079667063
-66.15301724137927,1015.163811749298,133.48124900501443,-80.62919557057464,1039.3343786957098,140.50766708262367,0.0,0.0,1.0,3.929013079667063,3.929013079667063
-77.47905189241371,990.993244802886,141.3517455372289,-66.15301724137927,1015.163811749298,133.48124900501443,0.0,0.0,1.0,3.929013079667063,3.929013079667063
-66.15301724137927,1015.163811749298,133.48124900501443,-54.82698259034485,1039.3343786957098,125.61075247279994,0.0,0.0,1.0,3.929013079667063,3.929013079667063
-54.82698259034485,1039.3343786957098,125.61075247279994,-69.30316091954019,1063.5049456421216,132.6371705504092,0.0,0.0,1.0,3.929013079667063,3.929013079667063
-69.30316091954019,1063.5049456421216,132.6371705504092,-83.77933924873554,1087.6755125885334,139.66358862801846,0.0,0.0,1.0,3.929013079667063,3.929013079667063
-80.62919557057464,1039.3343786957098,140.50766708262367,-69.30316091954019,1063.5049456421216,132.6371705504092,0.0,0.0,1.0,3.929013079667063,3.929013079667063
-69.30316091954019,1063.5049456421216,132.6371705504092,-57.977126268505764,1087.6755125885334,124.76667401819473,0.0,0.0,1.0,3.929013079667063,3.929013079667063
-57.977126268505764,1087.6755125885334,124.76667401819473,-72.4533045977011,1111.8460795349451,131.79309209580396,0.0,0.0,1.0,3.929013079667063,3.929013079667063
-72.4533045977011,1111.8460795349451,131.79309209580396,-86.92948292689647,1136.0166464813572,138.81951017341322,0.0,0.0,1.0,3.929013079667063,3.929013079667063
-83.77933924873554,1087.6755125885334,139.66358862801846,-72.4533045977011,1111.8460795349451,131.79309209580396,0.0,0.0,1.0,3.929013079667063,3.929013079667063
-72.4533045977011,1111.8460795349451,131.79309209580396,-61.12726994666668,1136.0166464813572,123.9225955635895,0.0,0.0,1.0,3.929013079667063,3.929013079667063
-75.60344827586204,1160.187213427769,130.94901364119875,-86.92948292689647,1136.0166464813572,138.81951017341322,0.0,0.0,1.0,3.929013079667063,3.929013079667063
8.175890972873521,72.51170083923554,142.49232156490442,11.800222061204543,80.24628226208736,139.9737626745958,0.0,0.0,1.0,3.929013079667063,3.929013079667063
-17.62632200735626,72.51170083923554,157.38923617472815,-22.258699072698775,80.24628226208736,159.63768995956312,0.0,0.0,1.0,3.929013079667063,3.929013079667063
5.025747294712604,120.85283473205928,141.6482431102992,8.650078383043624,128.5874161549111,139.12968421999057,0.0,0.0,1.0,3.929013079667063,3.929013079667063
-20.77646568551718,120.85283473205928,156.54515772012294,-25.408842750859694,128.5874161549111,158.79361150495788,0.0,0.0,1.0,3.929013079667063,3.929013079667063
1.8756036165516843,169.19396862488298,140.80416465569397,5.4999347048827065,176.92855004773477,138.28560576538536,0.0,0.0,1.0,3.929013079667063,3.929013079667063
-23.926609363678097,169.19396862488298,155.7010792655177,-28.558986429020614,176.92855004773477,157.94953305035267,0.0,0.0,1.0,3.929013079667063,3.929013079667063
-1.2745400616092333,217.5351025177067,139.96008620108876,2.349791026721787,225.26968394055845,137.44152731078012,0.0,0.0,1.0,3.929013079667063,3.929013079667063
-27.076753041839016,217.5351025177067,154.8570008109125,-31.70913010718153,225.26968394055845,157.10545459574743,0.0,0.0,1.0,3.929013079667063,3.929013079667063
-4.424683739770149,265.8762364105304,139.11600774648352,-0.8003526514391268,273.61081783338216,136.5974488561749,0.0,0.0,1.0,3.929013079667063,3.929013079667063
-30.22689671999993,265.8762364105304,154.01292235630726,-34.859273785342445,273.61081783338216,156.26137614114222,0.0,0.0,1.0,3.929013079667063,3.929013079667063
-7.574827417931068,314.2173703033541,138.2719292918783,-3.950496329600046,321.95195172620583,135.75337040156967,0.0,0.0,1.0,3.929013079667063,3.929013079667063
-33.37704039816085,314.2173703033541,153.16884390170205,-38.00941746350337,321.95195172620583,155.41729768653698,0.0,0.0,1.0,3.929013079667063,3.929013079667063
-10.724971096091984,362.55850419617775,137.42785083727307,-7.100640007760962,370.29308561902957,134.90929194696446,0.0,0.0,1.0,3.929013079667063,3.929013079667063
-36.52718407632177,362.55850419617775,152.3247654470968,-41.159561141664284,370.29308561902957,154.57321923193177,0.0,0.0,1.0,3.929013079667063,3.929013079667063
-13.875114774252907,410.8996380890015,136.58377238266786,-10.250783685921888,418.63421951185336,134.06521349235922,0.0,0.0,1.0,3.929013079667063,3.929013079667063
-39.67732775448269,410.8996380890015,151.4806869924916,-44.30970481982521,418.63421951185336,153.72914077732653,0.0,0.0,1.0,3.929013079667063,3.929013079667063
-17.025258452413823,459.2407719818252,135.73969392806262,-13.400927364082804,466.9753534046771,133.221135037754,0.0,0.0,1.0,3.929013079667063,3.929013079667063
-42.827471432643605,459.2407719818252,150.63660853788636,-47.45984849798612,466.9753534046771,152.88506232272132,0.0,0.0,1.0,3.929013079667063,3.929013079667063
-20.175402130574746,507.5819058746489,134.8956154734574,-16.551071042243723,515.3164872975008,132.37705658314877,0.0,0.0,1.0,3.929013079667063,3.929013079667063
-45.97761511080453,507.5819058746489,149.79253008328115,-50.609992176147045,515.3164872975008,152.0409838681161,0.0,0.0,1.0,3.929013079667063,3.929013079667063
-23.32554580873566,555.9230397674726,134.05153701885217,-19.70121472040464,563.6576211903244,131.53297812854356,0.0,0.0,1.0,3.929013079667063,3.929013079667063
-49.127758788965444,555.9230397674726,148.9484516286759,-53.76013585430796,563.6576211903244,151.19690541351088,0.0,0.0,1.0,3.929013079667063,3.929013079667063
-26.475689486896584,604.2641736602964,133.20745856424696,-22.851358398565562,611.9987550831481,130.68889967393832,0.0,0.0,1.0,3.929013079667063,3.929013079667063
-52.27790246712637,604.2641736602964,148.1043731740707,-56.91027953246888,611.9987550831481,150.35282695890564,0.0,0.0,1.0,3.929013079667063,3.929013079667063
-29.6258331650575,652.60530755312,132.36338010964172,-26.001502076726478,660.3398889759718,129.8448212193331,0.0,0.0,1.0,3.929013079667063,3.929013079667063
-55.42804614528728,652.60530755312,147.26029471946546,-60.06042321062979,660.3398889759718,149.50874850430043,0.0,0.0,1.0,3.929013079667063,3.929013079667063
-32.775976843218416,700.9464414459437,131.51930165503651,-29.151645754887394,708.6810228687955,129.00074276472787,0.0,0.0,1.0,3.929013079667063,3.929013079667063
-58.5781898234482,700.9464414459437,146.41621626486025,-63.21056688879071,708.6810228687955,148.6646700496952,0.0,0.0,1.0,3.929013079667063,3.929013079667063
-35.92612052137934,749.2875753387675,130.67522320043128,-32.30178943304831,757.0221567616193,128.15666431012266,0.0,0.0,1.0,3.929013079667063,3.929013079667063
-61.72833350160912,749.2875753387675,145.57213781025501,-66.36071056695164,757.0221567616193,147.82059159508998,0.0,0.0,1.0,3.929013079667063,3.929013079667063
-39.076264199540255,797.6287092315912,129.83114474582607,-35.45193311120924,805.363290654443,127.31258585551743,0.0,0.0,1.0,3.929013079667063,3.929013079667063
-64.87847717977004,797.6287092315912,144.7280593556498,-69.51085424511255,805.363290654443,146.97651314048474,0.0,0.0,1.0,3.929013079667063,3.929013079667063
-42.22640787770118,845.9698431244149,128.98706629122083,-38.60207678937016,853.7044245472666,126.46850740091222,0.0,0.0,1.0,3.929013079667063,3.929013079667063
-68.02862085793096,845.9698431244149,143.88398090104457,-72.66099792327347,853.7044245472666,146.13243468587953,0.0,0.0,1.0,3.929013079667063,3.929013079667063
-45.37655155586209,894.3109770172385,128.14298783661562,-41.752220467531075,902.0455584400903,125.62442894630698,0.0,0.0,1.0,3.929013079667063,3.929013079667063
-71.17876453609188,894.3109770172385,143.03990244643936,-75.81114160143439,902.0455584400903,145.2883562312743,0.0,0.0,1.0,3.929013079667063,3.929013079667063
-48.52669523402301,942.6521109100622,127.2989093820104,-44.90236414569199,950.386692332914,124.78035049170177,0.0,0.0,1.0,3.929013079667063,3.929013079667063
-74.32890821425279,942.6521109100622,142.19582399183412,-78.9612852795953,950.386692332914,144.44427777666908,0.0,0.0,1.0,3.929013079667063,3.929013079667063
-51.67683891218393,990.993244802886,126.45483092740518,-48.052507823852906,998.7278262257378,123.93627203709653,0.0,0.0,1.0,3.929013079667063,3.929013079667063
-77.47905189241371,990.993244802886,141.3517455372289,-82.11142895775622,998.7278262257378,143.60019932206384,0.0,0.0,1.0,3.929013079667063,3.929013079667063
-54.82698259034485,1039.3343786957098,125.61075247279994,-51.20265150201382,1047.0689601185616,123.09219358249132,0.0,0.0,1.0,3.929013079667063,3.929013079667063
-80.62919557057464,1039.3343786957098,140.50766708262367,-85.26157263591713,1047.0689601185616,142.75612086745863,0.0,0.0,1.0,3.929013079667063,3.929013079667063
-57.977126268505764,1087.6755125885334,124.76667401819473,-54.35279518017474,1095.4100940113851,122.24811512788608,0.0,0.0,1.0,3.929013079667063,3.929013079667063
-83.77933924873554,1087.6755125885334,139.66358862801846,-88.41171631407805,1095.4100940113851,141.9120424128534,0.0,0.0,1.0,3.929013079667063,3.929013079667063
-61.12726994666668,1136.0166464813572,123.9225955635895,-57.50293885833565,1143.751227904209,121.40403667328087,0.0,0.0,1.0,3.929013079667063,3.929013079667063
-86.92948292689647,1136.0166464813572,138.81951017341322,-91.56185999223896,1143.751227904209,141.06796395824819,0.0,0.0,1.0,3.929013079667063,3.929013079667063
-75.60344827586204,1160.187213427769,130.94901364119875,-61.12726994666668,1136.0166464813572,123.9225955635895,0.0,0.0,1.0,3.929013079667063,3.929013079667063
-159.46812607616903,0.0,92.06896551724144,-159.46812607616909,0.0,-92.06896551724132,0.0,0.0,1.0,3.929013079667063,3.929013079667063
-159.46812607616903,0.0,92.06896551724144,-187.98723851113934,0.0,108.53448275862077,0.0,0.0,1.0,3.929013079667063,3.929013079667063
-159.46812607616903,0.0,92.06896551724144,-130.94901364119872,0.0,75.60344827586212,0.0,0.0,1.0,3.929013079667063,3.929013079667063
-187.98723851113934,0.0,108.53448275862077,-187.9872385111394,0.0,-108.53448275862064,0.0,0.0,1.0,3.929013079667063,3.929013079667063
-130.94901364119872,0.0,75.60344827586212,-130.94901364119875,0.0,-75.60344827586202,0.0,0.0,1.0,3.929013079667063,3.929013079667063
-92.06896551724134,1160.187213427769,159.46812607616906,-184.13793103448276,1160.187213427769,2.255039278429954e-14,0.0,0.0,1.0,3.929013079667063,3.929013079667063
-92.06896551724134,1160.187213427769,159.46812607616906,-108.53448275862065,1160.187213427769,187.9872385111394,0.0,0.0,1.0,3.929013079667063,3.929013079667063
-92.06896551724134,1160.187213427769,159.46812607616906,-75.60344827586204,1160.187213427769,130.94901364119875,0.0,0.0,1.0,3.929013079667063,3.929013079667063
-108.53448275862065,1160.187213427769,187.9872385111394,-217.0689655172414,1160.187213427769,2.6583281381491687e-14,0.0,0.0,1.0,3.929013079667063,3.929013079667063
-75.60344827586204,1160.187213427769,130.94901364119875,-151.20689655172413,1160.187213427769,1.851750418710739e-14,0.0,0.0,1.0,3.929013079667063,3.929013079667063
-187.98723851113934,0.0,108.53448275862077,-171.53003965173488,24.170566946411853,110.18974850346491,0.0,0.0,1.0,3.929013079667063,3.929013079667063
-185.80228772794507,30.623241954086822,129.4381226245664,-175.2053789999132,43.349478634881166,120.90641095561278,-0.69347657033171,0.0,-0.7204791783257647,3.929013079667063,3.929013079667063
-175.2053789999132,43.349478634881166,120.90641095561278,-164.60847027188132,56.075715315675495,112.37469928665917,-0.69347657033171,0.0,-0.7204791783257647,3.929013079667063,3.929013079667063
-166.26373601672546,31.905148369263642,110.71943354181504,-175.2053789999132,43.349478634881166,120.90641095561278,-0.69347657033171,0.0,-0.7204791783257647,3.929013079667063,3.929013079667063
-175.2053789999132,43.349478634881166,120.90641095561278,-184.14702198310093,54.793808900498675,131.09338836941055,-0.69347657033171,0.0,-0.7204791783257647,3.929013079667063,3.929013079667063
-184.14702198310093,54.793808900498675,131.09338836941055,-173.55011325506905,67.52004558129302,122.56167670045693,-0.69347657033171,0.0,-0.7204791783257647,3.929013079667063,3.929013079667063
-173.55011325506905,67.52004558129302,122.56167670045693,-162.95320452703717,80.24628226208736,114.02996503150331,-0.69347657033171,0.0,-0.7204791783257647,3.929013079667063,3.929013079667063
-164.60847027188132,56.075715315675495,112.37469928665917,-173.55011325506905,67.52004558129302,122.56167670045693,-0.69347657033171,0.0,-0.7204791783257647,3.929013079667063,3.929013079667063
-173.55011325506905,67.52004558129302,122.56167670045693,-182.49175623825678,78.96437584691054,132.7486541142547,-0.69347657033171,0.0,-0.7204791783257647,3.929013079667063,3.929013079667063
-182.49175623825678,78.96437584691054,132.7486541142547,-171.89484751022493,91.69061252770487,124.21694244530107,-0.69347657033171,0.0,-0.7204791783257647,3.929013079667063,3.929013079667063
-171.89484751022493,91.69061252770487,124.21694244530107,-161.29793878219306,104.4168492084992,115.68523077634745,-0.69347657033171,0.0,-0.7204791783257647,3.929013079667063,3.929013079667063
-162.95320452703717,80.24628226208736,114.02996503150331,-171.89484751022493,91.69061252770487,124.21694244530107,-0.69347657033171,0.0,-0.7204791783257647,3.929013079667063,3.929013079667063
-171.89484751022493,91.69061252770487,124.21694244530107,-180.83649049341267,103.13494279332238,134.40391985909883,-0.69347657033171,0.0,-0.7204791783257647,3.929013079667063,3.929013079667063
-180.83649049341267,103.13494279332238,134.40391985909883,-170.2395817653808,115.86117947411674,125.8722081901452,-0.69347657033171,0.0,-0.7204791783257647,3.929013079667063,3.929013079667063
-170.2395817653808,115.86117947411674,125.8722081901452,-159.6426730373489,128.58741615491107,117.34049652119158,-0.69347657033171,0.0,-0.7204791783257647,3.929013079667063,3.929013079667063
-161.29793878219306,104.4168492084992,115.68523077634745,-170.2395817653808,115.86117947411674,125.8722081901452,-0.69347657033171,0.0,-0.7204791783257647,3.929013079667063,3.929013079667063
-170.2395817653808,115.86117947411674,125.8722081901452,-179.18122474856852,127.30550973973425,136.05918560394298,-0.69347657033171,0.0,-0.7204791783257647,3.929013079667063,3.929013079667063
-179.18122474856852,127.30550973973425,136.05918560394298,-168.58431602053665,140.03174642052858,127.52747393498935,-0.69347657033171,0.0,-0.7204791783257647,3.929013079667063,3.929013079667063
-168.58431602053665,140.03174642052858,127.52747393498935,-157.98740729250477,152.75798310132294,118.99576226603573,-0.69347657033171,0.0,-0.7204791783257647,3.929013079667063,3.929013079667063
-159.6426730373489,128.58741615491107,117.34049652119158,-168.58431602053665,140.03174642052858,127.52747393498935,-0.69347657033171,0.0,-0.7204791783257647,3.929013079667063,3.929013079667063
-168.58431602053665,140.03174642052858,127.52747393498935,-177.52595900372438,151.47607668614611,137.71445134878712,-0.69347657033171,0.0,-0.7204791783257647,3.929013079667063,3.929013079667063
-177.52595900372438,151.4760766861461,137.71445134878712,-166.9290502756925,164.20231336694044,129.18273967983347,-0.69347657033171,0.0,-0.7204791783257647,3.929013079667063,3.929013079667063
-166.9290502756925,164.20231336694044,129.18273967983347,-156.33214154766063,176.92855004773477,120.65102801087986,-0.69347657033171,0.0,-0.7204791783257647,3.929013079667063,3.929013079667063
-157.98740729250477,152.7579831013229,118.99576226603573,-166.9290502756925,164.20231336694044,129.18273967983347,-0.69347657033171,0.0,-0.7204791783257647,3.929013079667063,3.929013079667063
-166.9290502756925,164.20231336694044,129.18273967983347,-175.87069325888024,175.64664363255795,139.36971709363124,-0.69347657033171,0.0,-0.7204791783257647,3.929013079667063,3.929013079667063
-175.87069325888024,175.64664363255795,139.36971709363124,-165.27378453084836,188.3728803133523,130.83800542467762,-0.69347657033171,0.0,-0.7204791783257647,3.929013079667063,3.929013079667063
-165.27378453084836,188.3728803133523,130.83800542467762,-154.67687580281648,201.09911699414664,122.306293755724,-0.69347657033171,0.0,-0.7204791783257647,3.929013079667063,3.929013079667063
-156.33214154766063,176.92855004773477,120.65102801087986,-165.27378453084836,188.3728803133523,130.83800542467762,-0.69347657033171,0.0,-0.7204791783257647,3.929013079667063,3.929013079667063
-165.27378453084836,188.3728803133523,130.83800542467762,-174.2154275140361,199.81721057896982,141.02498283847538,-0.69347657033171,0.0,-0.7204791783257647,3.929013079667063,3.929013079667063
-174.2154275140361,199.8172105789698,141.02498283847538,-163.61851878600422,212.54344725976412,132.49327116952176,-0.69347657033171,0.0,-0.7204791783257647,3.929013079667063,3.929013079667063
-163.61851878600422,212.54344725976412,132.49327116952176,-153.02161005797234,225.2696839405585,123.96155950056814,-0.69347657033171,0.0,-0.7204791783257647,3.929013079667063,3.929013079667063
-154.67687580281648,201.0991169941466,122.306293755724,-163.61851878600422,212.54344725976412,132.49327116952176,-0.69347657033171,0.0,-0.7204791783257647,3.929013079667063,3.929013079667063
-163.61851878600422,212.54344725976412,132.49327116952176,-172.56016176919195,223.9877775253817,142.68024858331952,-0.69347657033171,0.0,-0.7204791783257647,3.929013079667063,3.929013079667063
-172.56016176919195,223.9877775253817,142.68024858331952,-161.96325304116007,236.71401420617596,134.1485369143659,-0.69347657033171,0.0,-0.7204791783257647,3.929013079667063,3.929013079667063
-161.96325304116007,236.71401420617596,134.1485369143659,-151.3663443131282,249.4402508869704,125.61682524541229,-0.69347657033171,0.0,-0.7204791783257647,3.929013079667063,3.929013079667063
-153.02161005797234,225.2696839405585,123.96155950056814,-161.96325304116007,236.71401420617596,134.1485369143659,-0.69347657033171,0.0,-0.7204791783257647,3.929013079667063,3.929013079667063
-161.96325304116007,236.71401420617596,134.1485369143659,-170.9048960243478,248.15834447179358,144.33551432816367,-0.69347657033171,0.0,-0.7204791783257647,3.929013079667063,3.929013079667063
-170.9048960243478,248.15834447179358,144.33551432816367,-160.30798729631596,260.8845811525879,135.80380265921002,-0.69347657033171,0.0,-0.7204791783257647,3.929013079667063,3.929013079667063
-160.30798729631596,260.8845811525879,135.80380265921002,-149.71107856828405,273.61081783338227,127.27209099025642,-0.69347657033171,0.0,-0.7204791783257647,3.929013079667063,3.929013079667063
-151.3663443131282,249.4402508869704,125.61682524541229,-160.30798729631596,260.8845811525879,135.80380265921002,-0.69347657033171,0.0,-0.7204791783257647,3.929013079667063,3.929013079667063
-160.30798729631596,260.8845811525879,135.80380265921002,-169.24963027950366,272.3289114182055,145.99078007300778,-0.69347657033171,0.0,-0.7204791783257647,3.929013079667063,3.929013079667063
-169.2496302795037,272.3289114182054,145.99078007300778,-158.6527215514718,285.05514809899967,137.45906840405416,-0.69347657033171,0.0,-0.7204791783257647,3.929013079667063,3.929013079667063
-158.6527215514718,285.05514809899967,137.45906840405416,-148.05581282343994,297.78138477979405,128.92735673510055,-0.69347657033171,0.0,-0.7204791783257647,3.929013079667063,3.929013079667063
-149.71107856828408,273.61081783338216,127.27209099025642,-158.6527215514718,285.05514809899967,137.45906840405416,-0.69347657033171,0.0,-0.7204791783257647,3.929013079667063,3.929013079667063
-158.6527215514718,285.05514809899967,137.45906840405416,-167.59436453465955,296.4994783646173,147.64604581785193,-0.69347657033171,0.0,-0.7204791783257647,3.929013079667063,3.929013079667063
-167.59436453465955,296.4994783646173,147.64604581785193,-156.99745580662767,309.2257150454117,139.1143341488983,-0.69347657033171,0.0,-0.7204791783257647,3.929013079667063,3.929013079667063
-156.99745580662767,309.2257150454117,139.1143341488983,-146.4005470785958,321.95195172620583,130.5826224799447,-0.69347657033171,0.0,-0.7204791783257647,3.929013079667063,3.929013079667063
-148.05581282343994,297.78138477979405,128.92735673510055,-156.99745580662767,309.2257150454117,139.1143341488983,-0.69347657033171,0.0,-0.7204791783257647,3.929013079667063,3.929013079667063
-156.99745580662767,309.2257150454117,139.1143341488983,-165.9390987898154,320.67004531102907,149.30131156269607,-0.69347657033171,0.0,-0.7204791783257647,3.929013079667063,3.929013079667063
-165.9390987898154,320.6700453110292,149.30131156269607,-155.34219006178353,333.39628199182346,140.76959989374245,-0.69347657033171,0.0,-0.7204791783257647,3.929013079667063,3.929013079667063
-155.34219006178353,333.39628199182346,140.76959989374245,-144.74528133375165,346.12251867261784,132.23788822478883,-0.69347657033171,0.0,-0.7204791783257647,3.929013079667063,3.929013079667063
-146.4005470785958,321.95195172620595,130.5826224799447,-155.34219006178353,333.39628199182346,140.76959989374245,-0.69347657033171,0.0,-0.7204791783257647,3.929013079667063,3.929013079667063
-155.34219006178353,333.39628199182346,140.76959989374245,-164.28383304497126,344.8406122574411,150.95657730754021,-0.69347657033171,0.0,-0.7204791783257647,3.929013079667063,3.929013079667063
-164.28383304497126,344.8406122574411,150.95657730754021,-153.68692431693938,357.56684893823535,142.4248656385866,-0.69347657033171,0.0,-0.7204791783257647,3.929013079667063,3.929013079667063
-153.68692431693938,357.56684893823535,142.4248656385866,-143.0900155889075,370.2930856190296,133.89315396963298,-0.69347657033171,0.0,-0.7204791783257647,3.929013079667063,3.929013079667063
-144.74528133375165,346.12251867261784,132.23788822478883,-153.68692431693938,357.56684893823535,142.4248656385866,-0.69347657033171,0.0,-0.7204791783257647,3.929013079667063,3.929013079667063
-153.68692431693938,357.56684893823535,142.4248656385866,-162.62856730012712,369.01117920385286,152.61184305238436,-0.69347657033171,0.0,-0.7204791783257647,3.929013079667063,3.929013079667063
-162.62856730012712,369.01117920385286,152.61184305238436,-152.03165857209524,381.73741588464713,144.08013138343074,-0.69347657033171,0.0,-0.7204791783257647,3.929013079667063,3.929013079667063
-152.03165857209524,381.73741588464713,144.08013138343074,-141.4347498440634,394.4636525654414,135.5484197144771,-0.69347657033171,0.0,-0.7204791783257647,3.929013079667063,3.929013079667063
-143.0900155889075,370.2930856190296,133.89315396963298,-152.03165857209524,381.73741588464713,144.08013138343074,-0.69347657033171,0.0,-0.7204791783257647,3.929013079667063,3.929013079667063
-152.03165857209524,381.73741588464713,144.08013138343074,-160.973301555283,393.18174615026464,154.26710879722847,-0.69347657033171,0.0,-0.7204791783257647,3.929013079667063,3.929013079667063
-160.97330155528297,393.18174615026476,154.2671087972285,-150.3763928272511,405.90798283105903,145.73539712827485,-0.69347657033171,0.0,-0.7204791783257647,3.929013079667063,3.929013079667063
-150.3763928272511,405.90798283105903,145.73539712827485,-139.77948409921925,418.6342195118533,137.20368545932124,-0.69347657033171,0.0,-0.7204791783257647,3.929013079667063,3.929013079667063
-141.43474984406336,394.4636525654415,135.54841971447712,-150.3763928272511,405.90798283105903,145.73539712827485,-0.69347657033171,0.0,-0.7204791783257647,3.929013079667063,3.929013079667063
-150.3763928272511,405.90798283105903,145.73539712827485,-159.31803581043886,417.35231309667654,155.92237454207262,-0.69347657033171,0.0,-0.7204791783257647,3.929013079667063,3.929013079667063
-159.31803581043886,417.35231309667654,155.92237454207262,-148.72112708240695,430.0785497774709,147.390662873119,-0.69347657033171,0.0,-0.7204791783257647,3.929013079667063,3.929013079667063
-148.72112708240695,430.0785497774709,147.390662873119,-138.1242183543751,442.8047864582652,138.85895120416538,-0.69347657033171,0.0,-0.7204791783257647,3.929013079667063,3.929013079667063
-139.77948409921925,418.6342195118533,137.20368545932124,-148.72112708240695,430.0785497774709,147.390662873119,-0.69347657033171,0.0,-0.7204791783257647,3.929013079667063,3.929013079667063
-148.72112708240695,430.0785497774709,147.390662873119,-157.6627700655947,441.52288004308843,157.57764028691676,-0.69347657033171,0.0,-0.7204791783257647,3.929013079667063,3.929013079667063
-157.6627700655947,441.52288004308855,157.57764028691676,-147.06586133756284,454.2491167238827,149.04592861796314,-0.69347657033171,0.0,-0.7204791783257647,3.929013079667063,3.929013079667063
-147.06586133756284,454.2491167238827,149.04592861796314,-136.46895260953096,466.9753534046771,140.51421694900952,-0.69347657033171,0.0,-0.7204791783257647,3.929013079667063,3.929013079667063
-138.1242183543751,442.8047864582653,138.85895120416538,-147.06586133756284,454.2491167238827,149.04592861796314,-0.69347657033171,0.0,-0.7204791783257647,3.929013079667063,3.929013079667063
-147.06586133756284,454.2491167238827,149.04592861796314,-156.00750432075057,465.6934469895002,159.2329060317609,-0.69347657033171,0.0,-0.7204791783257647,3.929013079667063,3.929013079667063
-156.00750432075057,465.6934469895002,159.2329060317609,-145.4105955927187,478.4196836702946,150.70119436280729,-0.69347657033171,0.0,-0.7204791783257647,3.929013079667063,3.929013079667063
-145.4105955927187,478.4196836702946,150.70119436280729,-134.81368686468682,491.1459203510889,142.16948269385367,-0.69347657033171,0.0,-0.7204791783257647,3.929013079667063,3.929013079667063
-136.46895260953096,466.9753534046771,140.51421694900952,-145.4105955927187,478.4196836702946,150.70119436280729,-0.69347657033171,0.0,-0.7204791783257647,3.929013079667063,3.929013079667063
-145.4105955927187,478.4196836702946,150.70119436280729,-154.35223857590643,489.864013935912,160.88817177660505,-0.69347657033171,0.0,-0.7204791783257647,3.929013079667063,3.929013079667063
-154.35223857590643,489.864013935912,160.88817177660505,-143.75532984787455,502.5902506167065,152.35646010765143,-0.69347657033171,0.0,-0.7204791783257647,3.929013079667063,3.929013079667063
-143.75532984787455,502.5902506167065,152.35646010765143,-133.15842111984267,515.3164872975008,143.82474843869778,-0.69347657033171,0.0,-0.7204791783257647,3.929013079667063,3.929013079667063
-134.81368686468682,491.1459203510889,142.16948269385367,-143.75532984787455,502.5902506167065,152.35646010765143,-0.69347657033171,0.0,-0.7204791783257647,3.929013079667063,3.929013079667063
-143.75532984787455,502.5902506167065,152.35646010765143,-152.69697283106228,514.0345808823239,162.54343752144916,-0.69347657033171,0.0,-0.7204791783257647,3.929013079667063,3.929013079667063
-152.69697283106228,514.034580882324,162.5434375214492,-142.1000641030304,526.7608175631183,154.01172585249557,-0.69347657033171,0.0,-0.7204791783257647,3.929013079667063,3.929013079667063
-142.1000641030304,526.7608175631183,154.01172585249557,-131.50315537499853,539.4870542439127,145.48001418354193,-0.69347657033171,0.0,-0.7204791783257647,3.929013079667063,3.929013079667063
-133.15842111984267,515.3164872975009,143.8247484386978,-142.1000641030304,526.7608175631183,154.01172585249557,-0.69347657033171,0.0,-0.7204791783257647,3.929013079667063,3.929013079667063
-142.1000641030304,526.7608175631183,154.01172585249557,-151.04170708621814,538.2051478287358,164.1987032662933,-0.69347657033171,0.0,-0.7204791783257647,3.929013079667063,3.929013079667063
-151.04170708621814,538.2051478287358,164.1987032662933,-140.44479835818626,550.9313845095302,155.66699159733972,-0.69347657033171,0.0,-0.7204791783257647,3.929013079667063,3.929013079667063
-140.44479835818626,550.9313845095302,155.66699159733972,-129.84788963015438,563.6576211903244,147.13527992838607,-0.69347657033171,0.0,-0.7204791783257647,3.929013079667063,3.929013079667063
-131.50315537499853,539.4870542439127,145.48001418354193,-140.44479835818626,550.9313845095302,155.66699159733972,-0.69347657033171,0.0,-0.7204791783257647,3.929013079667063,3.929013079667063
-140.44479835818626,550.9313845095302,155.66699159733972,-149.386441341374,562.3757147751476,165.85396901113745,-0.69347657033171,0.0,-0.7204791783257647,3.929013079667063,3.929013079667063
-149.386441341374,562.3757147751476,165.85396901113745,-138.78953261334215,575.1019514559421,157.32225734218383,-0.69347657033171,0.0,-0.7204791783257647,3.929013079667063,3.929013079667063
-138.78953261334215,575.1019514559421,157.32225734218383,-128.19262388531024,587.8281881367363,148.7905456732302,-0.69347657033171,0.0,-0.7204791783257647,3.929013079667063,3.929013079667063
-129.84788963015438,563.6576211903244,147.13527992838607,-138.78953261334215,575.1019514559421,157.32225734218383,-0.69347657033171,0.0,-0.7204791783257647,3.929013079667063,3.929013079667063
-138.78953261334215,575.1019514559421,157.32225734218383,-147.73117559652985,586.5462817215595,167.5092347559816,-0.69347657033171,0.0,-0.7204791783257647,3.929013079667063,3.929013079667063
-147.73117559652988,586.5462817215594,167.5092347559816,-137.134266868498,599.2725184023539,158.97752308702798,-0.69347657033171,0.0,-0.7204791783257647,3.929013079667063,3.929013079667063
-137.134266868498,599.2725184023539,158.97752308702798,-126.53735814046613,611.9987550831482,150.44581141807436,-0.69347657033171,0.0,-0.7204791783257647,3.929013079667063,3.929013079667063
-128.19262388531027,587.8281881367362,148.7905456732302,-137.134266868498,599.2725184023539,158.97752308702798,-0.69347657033171,0.0,-0.7204791783257647,3.929013079667063,3.929013079667063
-137.134266868498,599.2725184023539,158.97752308702798,-146.07590985168574,610.7168486679714,169.16450050082574,-0.69347657033171,0.0,-0.7204791783257647,3.929013079667063,3.929013079667063
-146.07590985168574,610.7168486679714,169.16450050082574,-135.47900112365386,623.4430853487657,160.63278883187212,-0.69347657033171,0.0,-0.7204791783257647,3.929013079667063,3.929013079667063
-135.47900112365386,623.4430853487657,160.63278883187212,-124.88209239562198,636.1693220295601,152.1010771629185,-0.69347657033171,0.0,-0.7204791783257647,3.929013079667063,3.929013079667063
-126.53735814046613,611.9987550831482,150.44581141807436,-135.47900112365386,623.4430853487657,160.63278883187212,-0.69347657033171,0.0,-0.7204791783257647,3.929013079667063,3.929013079667063
-135.47900112365386,623.4430853487657,160.63278883187212,-144.4206441068416,634.8874156143833,170.81976624566988,-0.69347657033171,0.0,-0.7204791783257647,3.929013079667063,3.929013079667063
-144.4206441068416,634.8874156143831,170.81976624566988,-133.82373537880972,647.6136522951775,162.28805457671623,-0.69347657033171,0.0,-0.7204791783257647,3.929013079667063,3.929013079667063
-133.82373537880972,647.6136522951775,162.28805457671623,-123.22682665077784,660.3398889759719,153.75634290776264,-0.69347657033171,0.0,-0.7204791783257647,3.929013079667063,3.929013079667063
-124.88209239562198,636.16932202956,152.1010771629185,-133.82373537880972,647.6136522951775,162.28805457671623,-0.69347657033171,0.0,-0.7204791783257647,3.929013079667063,3.929013079667063
-133.82373537880972,647.6136522951775,162.28805457671623,-142.76537836199745,659.057982560795,172.47503199051403,-0.69347657033171,0.0,-0.7204791783257647,3.929013079667063,3.929013079667063
-142.76537836199745,659.057982560795,172.47503199051403,-132.16846963396557,671.7842192415895,163.94332032156038,-0.69347657033171,0.0,-0.7204791783257647,3.929013079667063,3.929013079667063
-132.16846963396557,671.7842192415895,163.94332032156038,-121.5715609059337,684.5104559223838,155.4116086526068,-0.69347657033171,0.0,-0.7204791783257647,3.929013079667063,3.929013079667063
-123.22682665077784,660.3398889759719,153.75634290776264,-132.16846963396557,671.7842192415895,163.94332032156038,-0.69347657033171,0.0,-0.7204791783257647,3.929013079667063,3.929013079667063
-132.16846963396557,671.7842192415895,163.94332032156038,-141.1101126171533,683.2285495072069,174.13029773535817,-0.69347657033171,0.0,-0.7204791783257647,3.929013079667063,3.929013079667063
-141.1101126171533,683.2285495072068,174.13029773535814,-130.51320388912143,695.9547861880013,165.59858606640452,-0.69347657033171,0.0,-0.7204791783257647,3.929013079667063,3.929013079667063
-130.51320388912143,695.9547861880013,165.59858606640452,-119.91629516108955,708.6810228687957,157.0668743974509,-0.69347657033171,0.0,-0.7204791783257647,3.929013079667063,3.929013079667063
-121.5715609059337,684.5104559223837,155.41160865260676,-130.51320388912143,695.9547861880013,165.59858606640452,-0.69347657033171,0.0,-0.7204791783257647,3.929013079667063,3.929013079667063
-130.51320388912143,695.9547861880013,165.59858606640452,-139.45484687230916,707.3991164536188,175.78556348020228,-0.69347657033171,0.0,-0.7204791783257647,3.929013079667063,3.929013079667063
-139.4548468723092,707.3991164536187,175.78556348020228,-128.85793814427728,720.1253531344131,167.25385181124867,-0.69347657033171,0.0,-0.7204791783257647,3.929013079667063,3.929013079667063
-128.85793814427728,720.1253531344131,167.25385181124867,-118.26102941624544,732.8515898152075,158.72214014229505,-0.69347657033171,0.0,-0.7204791783257647,3.929013079667063,3.929013079667063
-119.91629516108958,708.6810228687956,157.0668743974509,-128.85793814427728,720.1253531344131,167.25385181124867,-0.69347657033171,0.0,-0.7204791783257647,3.929013079667063,3.929013079667063
-128.85793814427728,720.1253531344131,167.25385181124867,-137.79958112746505,731.5696834000306,177.44082922504643,-0.69347657033171,0.0,-0.7204791783257647,3.929013079667063,3.929013079667063
-137.79958112746505,731.5696834000306,177.44082922504643,-127.20267239943314,744.295920080825,168.9091175560928,-0.69347657033171,0.0,-0.7204791783257647,3.929013079667063,3.929013079667063
-127.20267239943314,744.295920080825,168.9091175560928,-116.60576367140129,757.0221567616194,160.3774058871392,-0.69347657033171,0.0,-0.7204791783257647,3.929013079667063,3.929013079667063
-118.26102941624544,732.8515898152075,158.72214014229505,-127.20267239943314,744.295920080825,168.9091175560928,-0.69347657033171,0.0,-0.7204791783257647,3.929013079667063,3.929013079667063
-127.20267239943314,744.295920080825,168.9091175560928,-136.1443153826209,755.7402503464425,179.09609496989057,-0.69347657033171,0.0,-0.7204791783257647,3.929013079667063,3.929013079667063
-136.1443153826209,755.7402503464424,179.09609496989054,-125.54740665458903,768.4664870272369,170.56438330093695,-0.69347657033171,0.0,-0.7204791783257647,3.929013079667063,3.929013079667063
-125.54740665458903,768.4664870272369,170.56438330093695,-114.95049792655715,781.1927237080312,162.0326716319833,-0.69347657033171,0.0,-0.7204791783257647,3.929013079667063,3.929013079667063
-116.60576367140129,757.0221567616193,160.37740588713916,-125.54740665458903,768.4664870272369,170.56438330093695,-0.69347657033171,0.0,-0.7204791783257647,3.929013079667063,3.929013079667063
-125.54740665458903,768.4664870272369,170.56438330093695,-134.48904963777676,779.9108172928543,180.7513607147347,-0.69347657033171,0.0,-0.7204791783257647,3.929013079667063,3.929013079667063
-134.48904963777676,779.9108172928543,180.7513607147347,-123.89214090974488,792.6370539736488,172.2196490457811,-0.69347657033171,0.0,-0.7204791783257647,3.929013079667063,3.929013079667063
-123.89214090974488,792.6370539736488,172.2196490457811,-113.295232181713,805.3632906544432,163.68793737682745,-0.69347657033171,0.0,-0.7204791783257647,3.929013079667063,3.929013079667063
-114.95049792655715,781.1927237080312,162.0326716319833,-123.89214090974488,792.6370539736488,172.2196490457811,-0.69347657033171,0.0,-0.7204791783257647,3.929013079667063,3.929013079667063
-123.89214090974488,792.6370539736488,172.2196490457811,-132.83378389293262,804.0813842392663,182.40662645957883,-0.69347657033171,0.0,-0.7204791783257647,3.929013079667063,3.929013079667063
-132.83378389293262,804.0813842392662,182.40662645957883,-122.23687516490074,816.8076209200606,173.8749147906252,-0.69347657033171,0.0,-0.7204791783257647,3.929013079667063,3.929013079667063
-122.23687516490074,816.8076209200606,173.8749147906252,-111.63996643686886,829.533857600855,165.3432031216716,-0.69347657033171,0.0,-0.7204791783257647,3.929013079667063,3.929013079667063
-113.295232181713,805.3632906544431,163.68793737682745,-122.23687516490074,816.8076209200606,173.8749147906252,-0.69347657033171,0.0,-0.7204791783257647,3.929013079667063,3.929013079667063
-122.23687516490074,816.8076209200606,173.8749147906252,-131.17851814808847,828.2519511856781,184.06189220442297,-0.69347657033171,0.0,-0.7204791783257647,3.929013079667063,3.929013079667063
-131.17851814808847,828.251951185678,184.06189220442297,-120.5816094200566,840.9781878664724,175.53018053546936,-0.69347657033171,0.0,-0.7204791783257647,3.929013079667063,3.929013079667063
-120.5816094200566,840.9781878664724,175.53018053546936,-109.98470069202472,853.7044245472667,166.99846886651574,-0.69347657033171,0.0,-0.7204791783257647,3.929013079667063,3.929013079667063
-111.63996643686886,829.5338576008548,165.3432031216716,-120.5816094200566,840.9781878664724,175.53018053546936,-0.69347657033171,0.0,-0.7204791783257647,3.929013079667063,3.929013079667063
-120.5816094200566,840.9781878664724,175.53018053546936,-129.52325240324433,852.4225181320899,185.71715794926712,-0.69347657033171,0.0,-0.7204791783257647,3.929013079667063,3.929013079667063
-129.52325240324433,852.4225181320899,185.71715794926712,-118.92634367521245,865.1487548128844,177.1854462803135,-0.69347657033171,0.0,-0.7204791783257647,3.929013079667063,3.929013079667063
-118.92634367521245,865.1487548128844,177.1854462803135,-108.32943494718057,877.8749914936786,168.65373461135988,-0.69347657033171,0.0,-0.7204791783257647,3.929013079667063,3.929013079667063
-109.98470069202472,853.7044245472667,166.99846886651574,-118.92634367521245,865.1487548128844,177.1854462803135,-0.69347657033171,0.0,-0.7204791783257647,3.929013079667063,3.929013079667063
-118.92634367521245,865.1487548128844,177.1854462803135,-127.86798665840017,876.5930850785018,187.37242369411126,-0.69347657033171,0.0,-0.7204791783257647,3.929013079667063,3.929013079667063
-127.86798665840018,876.5930850785016,187.37242369411126,-117.2710779303683,889.3193217592961,178.84071202515761,-0.69347657033171,0.0,-0.7204791783257647,3.929013079667063,3.929013079667063
-117.2710779303683,889.3193217592961,178.84071202515761,-106.67416920233643,902.0455584400905,170.30900035620402,-0.69347657033171,0.0,-0.7204791783257647,3.929013079667063,3.929013079667063
-108.32943494718057,877.8749914936785,168.65373461135988,-117.2710779303683,889.3193217592961,178.84071202515761,-0.69347657033171,0.0,-0.7204791783257647,3.929013079667063,3.929013079667063
-117.2710779303683,889.3193217592961,178.84071202515761,-126.21272091355604,900.7636520249137,189.0276894389554,-0.69347657033171,0.0,-0.7204791783257647,3.929013079667063,3.929013079667063
-126.21272091355604,900.7636520249137,189.0276894389554,-115.61581218552416,913.489888705708,180.49597777000176,-0.69347657033171,0.0,-0.7204791783257647,3.929013079667063,3.929013079667063
-115.61581218552416,913.489888705708,180.49597777000176,-105.01890345749229,926.2161253865024,171.96426610104817,-0.69347657033171,0.0,-0.7204791783257647,3.929013079667063,3.929013079667063
-106.67416920233643,902.0455584400905,170.30900035620402,-115.61581218552416,913.489888705708,180.49597777000176,-0.69347657033171,0.0,-0.7204791783257647,3.929013079667063,3.929013079667063
-115.61581218552416,913.489888705708,180.49597777000176,-124.5574551687119,924.9342189713255,190.68295518379955,-0.69347657033171,0.0,-0.7204791783257647,3.929013079667063,3.929013079667063
-124.55745516871191,924.9342189713254,190.68295518379952,-113.96054644068005,937.6604556521198,182.1512435148459,-0.69347657033171,0.0,-0.7204791783257647,3.929013079667063,3.929013079667063
-113.96054644068005,937.6604556521198,182.1512435148459,-103.36363771264817,950.3866923329142,173.6195318458923,-0.69347657033171,0.0,-0.7204791783257647,3.929013079667063,3.929013079667063
-105.01890345749231,926.2161253865023,171.96426610104814,-113.96054644068005,937.6604556521198,182.1512435148459,-0.69347657033171,0.0,-0.7204791783257647,3.929013079667063,3.929013079667063
-113.96054644068005,937.6604556521198,182.1512435148459,-122.90218942386777,949.1047859177373,192.3382209286437,-0.69347657033171,0.0,-0.7204791783257647,3.929013079667063,3.929013079667063
-122.90218942386777,949.1047859177372,192.33822092864366,-112.3052806958359,961.8310225985317,183.80650925969005,-0.69347657033171,0.0,-0.7204791783257647,3.929013079667063,3.929013079667063
-112.3052806958359,961.8310225985317,183.80650925969005,-101.70837196780403,974.557259279326,175.27479759073643,-0.69347657033171,0.0,-0.7204791783257647,3.929013079667063,3.929013079667063
-103.36363771264817,950.3866923329141,173.61953184589228,-112.3052806958359,961.8310225985317,183.80650925969005,-0.69347657033171,0.0,-0.7204791783257647,3.929013079667063,3.929013079667063
-112.3052806958359,961.8310225985317,183.80650925969005,-121.24692367902362,973.2753528641491,193.9934866734878,-0.69347657033171,0.0,-0.7204791783257647,3.929013079667063,3.929013079667063
-121.24692367902362,973.2753528641491,193.9934866734878,-110.65001495099176,986.0015895449436,185.4617750045342,-0.69347657033171,0.0,-0.7204791783257647,3.929013079667063,3.929013079667063
-110.65001495099176,986.0015895449436,185.4617750045342,-100.05310622295988,998.7278262257379,176.93006333558057,-0.69347657033171,0.0,-0.7204791783257647,3.929013079667063,3.929013079667063
-101.70837196780403,974.557259279326,175.27479759073643,-110.65001495099176,986.0015895449436,185.4617750045342,-0.69347657033171,0.0,-0.7204791783257647,3.929013079667063,3.929013079667063
-110.65001495099176,986.0015895449436,185.4617750045342,-119.59165793417948,997.4459198105611,195.64875241833195,-0.69347657033171,0.0,-0.7204791783257647,3.929013079667063,3.929013079667063
-119.5916579341795,997.4459198105611,195.64875241833192,-108.99474920614762,1010.1721564913554,187.11704074937833,-0.69347657033171,0.0,-0.7204791783257647,3.929013079667063,3.929013079667063
-108.99474920614762,1010.1721564913554,187.11704074937833,-98.39784047811574,1022.8983931721497,178.58532908042469,-0.69347657033171,0.0,-0.7204791783257647,3.929013079667063,3.929013079667063
-100.05310622295988,998.7278262257379,176.93006333558054,-108.99474920614762,1010.1721564913554,187.11704074937833,-0.69347657033171,0.0,-0.7204791783257647,3.929013079667063,3.929013079667063
-108.99474920614762,1010.1721564913554,187.11704074937833,-117.93639218933535,1021.6164867569729,197.30401816317607,-0.69347657033171,0.0,-0.7204791783257647,3.929013079667063,3.929013079667063
-117.93639218933535,1021.6164867569729,197.30401816317607,-107.33948346130347,1034.3427234377673,188.77230649422248,-0.69347657033171,0.0,-0.7204791783257647,3.929013079667063,3.929013079667063
-107.33948346130347,1034.3427234377673,188.77230649422248,-96.7425747332716,1047.0689601185616,180.24059482526883,-0.69347657033171,0.0,-0.7204791783257647,3.929013079667063,3.929013079667063
-98.39784047811574,1022.8983931721497,178.58532908042469,-107.33948346130347,1034.3427234377673,188.77230649422248,-0.69347657033171,0.0,-0.7204791783257647,3.929013079667063,3.929013079667063
-107.33948346130347,1034.3427234377673,188.77230649422248,-116.2811264444912,1045.7870537033848,198.9592839080202,-0.69347657033171,0.0,-0.7204791783257647,3.929013079667063,3.929013079667063
-116.2811264444912,1045.7870537033848,198.9592839080202,-105.68421771645933,1058.513290384179,190.42757223906662,-0.69347657033171,0.0,-0.7204791783257647,3.929013079667063,3.929013079667063
-105.68421771645933,1058.513290384179,190.42757223906662,-95.08730898842748,1071.2395270649733,181.89586057011297,-0.69347657033171,0.0,-0.7204791783257647,3.929013079667063,3.929013079667063
-96.7425747332716,1047.0689601185616,180.24059482526883,-105.68421771645933,1058.513290384179,190.42757223906662,-0.69347657033171,0.0,-0.7204791783257647,3.929013079667063,3.929013079667063
-105.68421771645933,1058.513290384179,190.42757223906662,-114.62586069964708,1069.9576206497966,200.61454965286435,-0.69347657033171,0.0,-0.7204791783257647,3.929013079667063,3.929013079667063
-114.62586069964708,1069.9576206497966,200.61454965286435,-104.02895197161521,1082.6838573305909,192.08283798391074,-0.69347657033171,0.0,-0.7204791783257647,3.929013079667063,3.929013079667063
-104.02895197161521,1082.6838573305909,192.08283798391074,-93.43204324358334,1095.4100940113851,183.55112631495712,-0.69347657033171,0.0,-0.7204791783257647,3.929013079667063,3.929013079667063
-95.08730898842748,1071.2395270649733,181.89586057011297,-104.02895197161521,1082.6838573305909,192.08283798391074,-0.69347657033171,0.0,-0.7204791783257647,3.929013079667063,3.929013079667063
-104.02895197161521,1082.6838573305909,192.08283798391074,-112.97059495480293,1094.1281875962084,202.2698153977085,-0.69347657033171,0.0,-0.7204791783257647,3.929013079667063,3.929013079667063
-112.97059495480293,1094.1281875962084,202.2698153977085,-102.37368622677107,1106.8544242770029,193.73810372875485,-0.69347657033171,0.0,-0.7204791783257647,3.929013079667063,3.929013079667063
-102.37368622677107,1106.8544242770029,193.73810372875485,-91.7767774987392,1119.5806609577971,185.20639205980126,-0.69347657033171,0.0,-0.7204791783257647,3.929013079667063,3.929013079667063
-93.43204324358334,1095.4100940113851,183.55112631495712,-102.37368622677107,1106.8544242770029,193.73810372875485,-0.69347657033171,0.0,-0.7204791783257647,3.929013079667063,3.929013079667063
-102.37368622677107,1106.8544242770029,193.73810372875485,-111.31532920995879,1118.2987545426204,203.92508114255264,-0.69347657033171,0.0,-0.7204791783257647,3.929013079667063,3.929013079667063
-111.31532920995879,1118.2987545426204,203.92508114255264,-100.71842048192693,1131.0249912234146,195.393369473599,-0.69347657033171,0.0,-0.7204791783257647,3.929013079667063,3.929013079667063
-100.71842048192693,1131.0249912234146,195.393369473599,-90.12151175389505,1143.7512279042091,186.8616578046454,-0.69347657033171,0.0,-0.7204791783257647,3.929013079667063,3.929013079667063
-91.7767774987392,1119.5806609577971,185.20639205980126,-100.71842048192693,1131.0249912234146,195.393369473599,-0.69347657033171,0.0,-0.7204791783257647,3.929013079667063,3.929013079667063
-100.71842048192693,1131.0249912234146,195.393369473599,-109.66006346511465,1142.4693214890324,205.5803468873968,-0.69347657033171,0.0,-0.7204791783257647,3.929013079667063,3.929013079667063
-205.34083943916468,31.905148369263642,110.71943354181504,-194.7439307111328,43.349478634881166,120.90641095561278,0.69347657033171,0.0,-0.7204791783257647,3.929013079667063,3.929013079667063
-194.7439307111328,43.349478634881166,120.90641095561278,-184.14702198310093,54.793808900498675,131.09338836941055,0.69347657033171,0.0,-0.7204791783257647,3.929013079667063,3.929013079667063
-185.80228772794507,30.623241954086822,129.4381226245664,-194.7439307111328,43.349478634881166,120.90641095561278,0.69347657033171,0.0,-0.7204791783257647,3.929013079667063,3.929013079667063
-194.7439307111328,43.349478634881166,120.90641095561278,-203.68557369432054,56.075715315675495,112.37469928665917,0.69347657033171,0.0,-0.7204791783257647,3.929013079667063,3.929013079667063
-203.68557369432054,56.075715315675495,112.37469928665917,-193.08866496628866,67.52004558129302,122.56167670045693,0.69347657033171,0.0,-0.7204791783257647,3.929013079667063,3.929013079667063
-193.08866496628866,67.52004558129302,122.56167670045693,-182.49175623825678,78.96437584691054,132.7486541142547,0.69347657033171,0.0,-0.7204791783257647,3.929013079667063,3.929013079667063
-184.14702198310093,54.793808900498675,131.09338836941055,-193.08866496628866,67.52004558129302,122.56167670045693,0.69347657033171,0.0,-0.7204791783257647,3.929013079667063,3.929013079667063
-193.08866496628866,67.52004558129302,122.56167670045693,-202.0303079494764,80.24628226208736,114.02996503150331,0.69347657033171,0.0,-0.7204791783257647,3.929013079667063,3.929013079667063
-202.0303079494764,80.24628226208736,114.02996503150331,-191.43339922144455,91.69061252770487,124.21694244530107,0.69347657033171,0.0,-0.7204791783257647,3.929013079667063,3.929013079667063
-191.43339922144455,91.69061252770487,124.21694244530107,-180.83649049341267,103.13494279332238,134.40391985909883,0.69347657033171,0.0,-0.7204791783257647,3.929013079667063,3.929013079667063
-182.49175623825678,78.96437584691054,132.7486541142547,-191.43339922144455,91.69061252770487,124.21694244530107,0.69347657033171,0.0,-0.7204791783257647,3.929013079667063,3.929013079667063
-191.43339922144455,91.69061252770487,124.21694244530107,-200.37504220463228,104.4168492084992,115.68523077634745,0.69347657033171,0.0,-0.7204791783257647,3.929013079667063,3.929013079667063
-200.37504220463228,104.4168492084992,115.68523077634745,-189.7781334766004,115.86117947411674,125.8722081901452,0.69347657033171,0.0,-0.7204791783257647,3.929013079667063,3.929013079667063
-189.7781334766004,115.86117947411674,125.8722081901452,-179.18122474856852,127.30550973973425,136.05918560394298,0.69347657033171,0.0,-0.7204791783257647,3.929013079667063,3.929013079667063
-180.83649049341267,103.13494279332238,134.40391985909883,-189.7781334766004,115.86117947411674,125.8722081901452,0.69347657033171,0.0,-0.7204791783257647,3.929013079667063,3.929013079667063
-189.7781334766004,115.86117947411674,125.8722081901452,-198.71977645978814,128.58741615491107,117.34049652119158,0.69347657033171,0.0,-0.7204791783257647,3.929013079667063,3.929013079667063
-198.71977645978814,128.58741615491107,117.34049652119158,-188.12286773175626,140.03174642052858,127.52747393498935,0.69347657033171,0.0,-0.7204791783257647,3.929013079667063,3.929013079667063
-188.12286773175626,140.03174642052858,127.52747393498935,-177.52595900372438,151.47607668614611,137.71445134878712,0.69347657033171,0.0,-0.7204791783257647,3.929013079667063,3.929013079667063
-179.18122474856852,127.30550973973425,136.05918560394298,-188.12286773175626,140.03174642052858,127.52747393498935,0.69347657033171,0.0,-0.7204791783257647,3.929013079667063,3.929013079667063
-188.12286773175626,140.03174642052858,127.52747393498935,-197.064510714944,152.75798310132294,118.99576226603573,0.69347657033171,0.0,-0.7204791783257647,3.929013079667063,3.929013079667063
-197.064510714944,152.7579831013229,118.99576226603573,-186.46760198691211,164.20231336694044,129.18273967983347,0.69347657033171,0.0,-0.7204791783257647,3.929013079667063,3.929013079667063
-186.46760198691211,164.20231336694044,129.18273967983347,-175.87069325888024,175.64664363255795,139.36971709363124,0.69347657033171,0.0,-0.7204791783257647,3.929013079667063,3.929013079667063
-177.52595900372438,151.4760766861461,137.71445134878712,-186.46760198691211,164.20231336694044,129.18273967983347,0.69347657033171,0.0,-0.7204791783257647,3.929013079667063,3.929013079667063
-186.46760198691211,164.20231336694044,129.18273967983347,-195.40924497009985,176.92855004773477,120.65102801087986,0.69347657033171,0.0,-0.7204791783257647,3.929013079667063,3.929013079667063
-195.40924497009985,176.92855004773477,120.65102801087986,-184.81233624206797,188.3728803133523,130.83800542467762,0.69347657033171,0.0,-0.7204791783257647,3.929013079667063,3.929013079667063
-184.81233624206797,188.3728803133523,130.83800542467762,-174.2154275140361,199.81721057896982,141.02498283847538,0.69347657033171,0.0,-0.7204791783257647,3.929013079667063,3.929013079667063
-175.87069325888024,175.64664363255795,139.36971709363124,-184.81233624206797,188.3728803133523,130.83800542467762,0.69347657033171,0.0,-0.7204791783257647,3.929013079667063,3.929013079667063
-184.81233624206797,188.3728803133523,130.83800542467762,-193.7539792252557,201.09911699414664,122.306293755724,0.69347657033171,0.0,-0.7204791783257647,3.929013079667063,3.929013079667063
-193.7539792252557,201.0991169941466,122.306293755724,-183.15707049722383,212.54344725976412,132.49327116952176,0.69347657033171,0.0,-0.7204791783257647,3.929013079667063,3.929013079667063
-183.15707049722383,212.54344725976412,132.49327116952176,-172.56016176919195,223.9877775253817,142.68024858331952,0.69347657033171,0.0,-0.7204791783257647,3.929013079667063,3.929013079667063
-174.2154275140361,199.8172105789698,141.02498283847538,-183.15707049722383,212.54344725976412,132.49327116952176,0.69347657033171,0.0,-0.7204791783257647,3.929013079667063,3.929013079667063
-183.15707049722383,212.54344725976412,132.49327116952176,-192.09871348041156,225.2696839405585,123.96155950056814,0.69347657033171,0.0,-0.7204791783257647,3.929013079667063,3.929013079667063
-192.09871348041156,225.2696839405585,123.96155950056814,-181.50180475237968,236.71401420617596,134.1485369143659,0.69347657033171,0.0,-0.7204791783257647,3.929013079667063,3.929013079667063
-181.50180475237968,236.71401420617596,134.1485369143659,-170.9048960243478,248.15834447179358,144.33551432816367,0.69347657033171,0.0,-0.7204791783257647,3.929013079667063,3.929013079667063
-172.56016176919195,223.9877775253817,142.68024858331952,-181.50180475237968,236.71401420617596,134.1485369143659,0.69347657033171,0.0,-0.7204791783257647,3.929013079667063,3.929013079667063
-181.50180475237968,236.71401420617596,134.1485369143659,-190.44344773556742,249.4402508869704,125.61682524541229,0.69347657033171,0.0,-0.7204791783257647,3.929013079667063,3.929013079667063
-190.44344773556742,249.4402508869704,125.61682524541229,-179.84653900753557,260.8845811525879,135.80380265921005,0.69347657033171,0.0,-0.7204791783257647,3.929013079667063,3.929013079667063
-179.84653900753557,260.8845811525879,135.80380265921005,-169.24963027950366,272.3289114182055,145.99078007300778,0.69347657033171,0.0,-0.7204791783257647,3.929013079667063,3.929013079667063
-170.9048960243478,248.15834447179358,144.33551432816367,-179.84653900753557,260.8845811525879,135.80380265921005,0.69347657033171,0.0,-0.7204791783257647,3.929013079667063,3.929013079667063
-179.84653900753557,260.8845811525879,135.80380265921005,-188.78818199072327,273.61081783338227,127.27209099025642,0.69347657033171,0.0,-0.7204791783257647,3.929013079667063,3.929013079667063
-188.7881819907233,273.61081783338216,127.27209099025642,-178.19127326269142,285.05514809899967,137.45906840405416,0.69347657033171,0.0,-0.7204791783257647,3.929013079667063,3.929013079667063
-178.19127326269142,285.05514809899967,137.45906840405416,-167.59436453465955,296.4994783646173,147.64604581785193,0.69347657033171,0.0,-0.7204791783257647,3.929013079667063,3.929013079667063
-169.2496302795037,272.3289114182054,145.99078007300778,-178.19127326269142,285.05514809899967,137.45906840405416,0.69347657033171,0.0,-0.7204791783257647,3.929013079667063,3.929013079667063
-178.19127326269142,285.05514809899967,137.45906840405416,-187.13291624587916,297.78138477979405,128.92735673510055,0.69347657033171,0.0,-0.7204791783257647,3.929013079667063,3.929013079667063
-187.13291624587916,297.78138477979405,128.92735673510055,-176.53600751784728,309.2257150454117,139.1143341488983,0.69347657033171,0.0,-0.7204791783257647,3.929013079667063,3.929013079667063
-176.53600751784728,309.2257150454117,139.1143341488983,-165.9390987898154,320.67004531102907,149.30131156269607,0.69347657033171,0.0,-0.7204791783257647,3.929013079667063,3.929013079667063
-167.59436453465955,296.4994783646173,147.64604581785193,-176.53600751784728,309.2257150454117,139.1143341488983,0.69347657033171,0.0,-0.7204791783257647,3.929013079667063,3.929013079667063
-176.53600751784728,309.2257150454117,139.1143341488983,-185.47765050103501,321.95195172620583,130.5826224799447,0.69347657033171,0.0,-0.7204791783257647,3.929013079667063,3.929013079667063
-185.47765050103501,321.95195172620595,130.5826224799447,-174.88074177300314,333.39628199182346,140.76959989374245,0.69347657033171,0.0,-0.7204791783257647,3.929013079667063,3.929013079667063
-174.88074177300314,333.39628199182346,140.76959989374245,-164.28383304497126,344.8406122574411,150.95657730754021,0.69347657033171,0.0,-0.7204791783257647,3.929013079667063,3.929013079667063
-165.9390987898154,320.6700453110292,149.30131156269607,-174.88074177300314,333.39628199182346,140.76959989374245,0.69347657033171,0.0,-0.7204791783257647,3.929013079667063,3.929013079667063
-174.88074177300314,333.39628199182346,140.76959989374245,-183.82238475619087,346.12251867261784,132.23788822478883,0.69347657033171,0.0,-0.7204791783257647,3.929013079667063,3.929013079667063
-183.82238475619087,346.12251867261784,132.23788822478883,-173.225476028159,357.56684893823535,142.4248656385866,0.69347657033171,0.0,-0.7204791783257647,3.929013079667063,3.929013079667063
-173.225476028159,357.56684893823535,142.4248656385866,-162.62856730012712,369.01117920385286,152.61184305238436,0.69347657033171,0.0,-0.7204791783257647,3.929013079667063,3.929013079667063
-164.28383304497126,344.8406122574411,150.95657730754021,-173.225476028159,357.56684893823535,142.4248656385866,0.69347657033171,0.0,-0.7204791783257647,3.929013079667063,3.929013079667063
-173.225476028159,357.56684893823535,142.4248656385866,-182.16711901134673,370.2930856190296,133.89315396963298,0.69347657033171,0.0,-0.7204791783257647,3.929013079667063,3.929013079667063
-182.16711901134673,370.2930856190296,133.89315396963298,-171.57021028331485,381.73741588464713,144.08013138343074,0.69347657033171,0.0,-0.7204791783257647,3.929013079667063,3.929013079667063
-171.57021028331485,381.73741588464713,144.08013138343074,-160.973301555283,393.18174615026464,154.26710879722847,0.69347657033171,0.0,-0.7204791783257647,3.929013079667063,3.929013079667063
-162.62856730012712,369.01117920385286,152.61184305238436,-171.57021028331485,381.73741588464713,144.08013138343074,0.69347657033171,0.0,-0.7204791783257647,3.929013079667063,3.929013079667063
-171.57021028331485,381.73741588464713,144.08013138343074,-180.5118532665026,394.4636525654414,135.5484197144771,0.69347657033171,0.0,-0.7204791783257647,3.929013079667063,3.929013079667063
-180.51185326650258,394.4636525654415,135.54841971447712,-169.9149445384707,405.90798283105903,145.73539712827485,0.69347657033171,0.0,-0.7204791783257647,3.929013079667063,3.929013079667063
-169.9149445384707,405.90798283105903,145.73539712827485,-159.31803581043886,417.35231309667654,155.92237454207262,0.69347657033171,0.0,-0.7204791783257647,3.929013079667063,3.929013079667063
-160.97330155528297,393.18174615026476,154.2671087972285,-169.9149445384707,405.90798283105903,145.73539712827485,0.69347657033171,0.0,-0.7204791783257647,3.929013079667063,3.929013079667063
-169.9149445384707,405.90798283105903,145.73539712827485,-178.85658752165847,418.6342195118533,137.20368545932124,0.69347657033171,0.0,-0.7204791783257647,3.929013079667063,3.929013079667063
-178.85658752165847,418.6342195118533,137.20368545932124,-168.25967879362656,430.0785497774709,147.390662873119,0.69347657033171,0.0,-0.7204791783257647,3.929013079667063,3.929013079667063
-168.25967879362656,430.0785497774709,147.390662873119,-157.6627700655947,441.52288004308843,157.57764028691676,0.69347657033171,0.0,-0.7204791783257647,3.929013079667063,3.929013079667063
-159.31803581043886,417.35231309667654,155.92237454207262,-168.25967879362656,430.0785497774709,147.390662873119,0.69347657033171,0.0,-0.7204791783257647,3.929013079667063,3.929013079667063
-168.25967879362656,430.0785497774709,147.390662873119,-177.20132177681432,442.8047864582652,138.85895120416538,0.69347657033171,0.0,-0.7204791783257647,3.929013079667063,3.929013079667063
-177.20132177681432,442.8047864582653,138.85895120416538,-166.60441304878245,454.2491167238827,149.04592861796314,0.69347657033171,0.0,-0.7204791783257647,3.929013079667063,3.929013079667063
-166.60441304878245,454.2491167238827,149.04592861796314,-156.00750432075057,465.6934469895002,159.2329060317609,0.69347657033171,0.0,-0.7204791783257647,3.929013079667063,3.929013079667063
-157.6627700655947,441.52288004308855,157.57764028691676,-166.60441304878245,454.2491167238827,149.04592861796314,0.69347657033171,0.0,-0.7204791783257647,3.929013079667063,3.929013079667063
-166.60441304878245,454.2491167238827,149.04592861796314,-175.54605603197018,466.9753534046771,140.51421694900952,0.69347657033171,0.0,-0.7204791783257647,3.929013079667063,3.929013079667063
-175.54605603197018,466.9753534046771,140.51421694900952,-164.9491473039383,478.4196836702946,150.70119436280729,0.69347657033171,0.0,-0.7204791783257647,3.929013079667063,3.929013079667063
-164.9491473039383,478.4196836702946,150.70119436280729,-154.35223857590643,489.864013935912,160.88817177660505,0.69347657033171,0.0,-0.7204791783257647,3.929013079667063,3.929013079667063
-156.00750432075057,465.6934469895002,159.2329060317609,-164.9491473039383,478.4196836702946,150.70119436280729,0.69347657033171,0.0,-0.7204791783257647,3.929013079667063,3.929013079667063
-164.9491473039383,478.4196836702946,150.70119436280729,-173.89079028712604,491.1459203510889,142.16948269385367,0.69347657033171,0.0,-0.7204791783257647,3.929013079667063,3.929013079667063
-173.89079028712604,491.1459203510889,142.16948269385367,-163.29388155909416,502.5902506167065,152.35646010765143,0.69347657033171,0.0,-0.7204791783257647,3.929013079667063,3.929013079667063
-163.29388155909416,502.5902506167065,152.35646010765143,-152.69697283106228,514.0345808823239,162.54343752144916,0.69347657033171,0.0,-0.7204791783257647,3.929013079667063,3.929013079667063
-154.35223857590643,489.864013935912,160.88817177660505,-163.29388155909416,502.5902506167065,152.35646010765143,0.69347657033171,0.0,-0.7204791783257647,3.929013079667063,3.929013079667063
-163.29388155909416,502.5902506167065,152.35646010765143,-172.2355245422819,515.3164872975008,143.82474843869778,0.69347657033171,0.0,-0.7204791783257647,3.929013079667063,3.929013079667063
-172.2355245422819,515.3164872975009,143.8247484386978,-161.63861581425002,526.7608175631183,154.01172585249557,0.69347657033171,0.0,-0.7204791783257647,3.929013079667063,3.929013079667063
-161.63861581425002,526.7608175631183,154.01172585249557,-151.04170708621814,538.2051478287358,164.1987032662933,0.69347657033171,0.0,-0.7204791783257647,3.929013079667063,3.929013079667063
-152.69697283106228,514.034580882324,162.5434375214492,-161.63861581425002,526.7608175631183,154.01172585249557,0.69347657033171,0.0,-0.7204791783257647,3.929013079667063,3.929013079667063
-161.63861581425002,526.7608175631183,154.01172585249557,-170.58025879743775,539.4870542439127,145.48001418354193,0.69347657033171,0.0,-0.7204791783257647,3.929013079667063,3.929013079667063
-170.58025879743775,539.4870542439127,145.48001418354193,-159.98335006940587,550.9313845095302,155.66699159733972,0.69347657033171,0.0,-0.7204791783257647,3.929013079667063,3.929013079667063
-159.98335006940587,550.9313845095302,155.66699159733972,-149.386441341374,562.3757147751476,165.85396901113745,0.69347657033171,0.0,-0.7204791783257647,3.929013079667063,3.929013079667063
-151.04170708621814,538.2051478287358,164.1987032662933,-159.98335006940587,550.9313845095302,155.66699159733972,0.69347657033171,0.0,-0.7204791783257647,3.929013079667063,3.929013079667063
-159.98335006940587,550.9313845095302,155.66699159733972,-168.9249930525936,563.6576211903244,147.13527992838607,0.69347657033171,0.0,-0.7204791783257647,3.929013079667063,3.929013079667063
-168.9249930525936,563.6576211903244,147.13527992838607,-158.32808432456176,575.1019514559421,157.32225734218383,0.69347657033171,0.0,-0.7204791783257647,3.929013079667063,3.929013079667063
-158.32808432456176,575.1019514559421,157.32225734218383,-147.73117559652985,586.5462817215595,167.5092347559816,0.69347657033171,0.0,-0.7204791783257647,3.929013079667063,3.929013079667063
-149.386441341374,562.3757147751476,165.85396901113745,-158.32808432456176,575.1019514559421,157.32225734218383,0.69347657033171,0.0,-0.7204791783257647,3.929013079667063,3.929013079667063
-158.32808432456176,575.1019514559421,157.32225734218383,-167.26972730774946,587.8281881367363,148.7905456732302,0.69347657033171,0.0,-0.7204791783257647,3.929013079667063,3.929013079667063
-167.2697273077495,587.8281881367362,148.7905456732302,-156.6728185797176,599.2725184023539,158.97752308702798,0.69347657033171,0.0,-0.7204791783257647,3.929013079667063,3.929013079667063
-156.6728185797176,599.2725184023539,158.97752308702798,-146.07590985168574,610.7168486679714,169.16450050082574,0.69347657033171,0.0,-0.7204791783257647,3.929013079667063,3.929013079667063
-147.73117559652988,586.5462817215594,167.5092347559816,-156.6728185797176,599.2725184023539,158.97752308702798,0.69347657033171,0.0,-0.7204791783257647,3.929013079667063,3.929013079667063
-156.6728185797176,599.2725184023539,158.97752308702798,-165.61446156290535,611.9987550831482,150.44581141807436,0.69347657033171,0.0,-0.7204791783257647,3.929013079667063,3.929013079667063
-165.61446156290535,611.9987550831482,150.44581141807436,-155.01755283487347,623.4430853487657,160.63278883187212,0.69347657033171,0.0,-0.7204791783257647,3.929013079667063,3.929013079667063
-155.01755283487347,623.4430853487657,160.63278883187212,-144.4206441068416,634.8874156143833,170.81976624566988,0.69347657033171,0.0,-0.7204791783257647,3.929013079667063,3.929013079667063
-146.07590985168574,610.7168486679714,169.16450050082574,-155.01755283487347,623.4430853487657,160.63278883187212,0.69347657033171,0.0,-0.7204791783257647,3.929013079667063,3.929013079667063
-155.01755283487347,623.4430853487657,160.63278883187212,-163.9591958180612,636.1693220295601,152.1010771629185,0.69347657033171,0.0,-0.7204791783257647,3.929013079667063,3.929013079667063
-163.9591958180612,636.16932202956,152.1010771629185,-153.36228709002933,647.6136522951775,162.28805457671623,0.69347657033171,0.0,-0.7204791783257647,3.929013079667063,3.929013079667063
-153.36228709002933,647.6136522951775,162.28805457671623,-142.76537836199745,659.057982560795,172.47503199051403,0.69347657033171,0.0,-0.7204791783257647,3.929013079667063,3.929013079667063
-144.4206441068416,634.8874156143831,170.81976624566988,-153.36228709002933,647.6136522951775,162.28805457671623,0.69347657033171,0.0,-0.7204791783257647,3.929013079667063,3.929013079667063
-153.36228709002933,647.6136522951775,162.28805457671623,-162.30393007321706,660.3398889759719,153.75634290776264,0.69347657033171,0.0,-0.7204791783257647,3.929013079667063,3.929013079667063
-162.30393007321706,660.3398889759719,153.75634290776264,-151.70702134518518,671.7842192415895,163.94332032156038,0.69347657033171,0.0,-0.7204791783257647,3.929013079667063,3.929013079667063
-151.70702134518518,671.7842192415895,163.94332032156038,-141.1101126171533,683.2285495072069,174.13029773535817,0.69347657033171,0.0,-0.7204791783257647,3.929013079667063,3.929013079667063
-142.76537836199745,659.057982560795,172.47503199051403,-151.70702134518518,671.7842192415895,163.94332032156038,0.69347657033171,0.0,-0.7204791783257647,3.929013079667063,3.929013079667063
-151.70702134518518,671.7842192415895,163.94332032156038,-160.64866432837292,684.5104559223838,155.4116086526068,0.69347657033171,0.0,-0.7204791783257647,3.929013079667063,3.929013079667063
-160.64866432837292,684.5104559223837,155.41160865260676,-150.05175560034104,695.9547861880013,165.59858606640452,0.69347657033171,0.0,-0.7204791783257647,3.929013079667063,3.929013079667063
-150.05175560034104,695.9547861880013,165.59858606640452,-139.45484687230916,707.3991164536188,175.78556348020228,0.69347657033171,0.0,-0.7204791783257647,3.929013079667063,3.929013079667063
-141.1101126171533,683.2285495072068,174.13029773535814,-150.05175560034104,695.9547861880013,165.59858606640452,0.69347657033171,0.0,-0.7204791783257647,3.929013079667063,3.929013079667063
-150.05175560034104,695.9547861880013,165.59858606640452,-158.99339858352877,708.6810228687957,157.0668743974509,0.69347657033171,0.0,-0.7204791783257647,3.929013079667063,3.929013079667063
-158.9933985835288,708.6810228687956,157.0668743974509,-148.3964898554969,720.1253531344131,167.25385181124867,0.69347657033171,0.0,-0.7204791783257647,3.929013079667063,3.929013079667063
-148.3964898554969,720.1253531344131,167.25385181124867,-137.79958112746505,731.5696834000306,177.44082922504643,0.69347657033171,0.0,-0.7204791783257647,3.929013079667063,3.929013079667063
-139.4548468723092,707.3991164536187,175.78556348020228,-148.3964898554969,720.1253531344131,167.25385181124867,0.69347657033171,0.0,-0.7204791783257647,3.929013079667063,3.929013079667063
-148.3964898554969,720.1253531344131,167.25385181124867,-157.33813283868466,732.8515898152075,158.72214014229505,0.69347657033171,0.0,-0.7204791783257647,3.929013079667063,3.929013079667063
-157.33813283868466,732.8515898152075,158.72214014229505,-146.74122411065275,744.295920080825,168.9091175560928,0.69347657033171,0.0,-0.7204791783257647,3.929013079667063,3.929013079667063
-146.74122411065275,744.295920080825,168.9091175560928,-136.1443153826209,755.7402503464425,179.09609496989057,0.69347657033171,0.0,-0.7204791783257647,3.929013079667063,3.929013079667063
-137.79958112746505,731.5696834000306,177.44082922504643,-146.74122411065275,744.295920080825,168.9091175560928,0.69347657033171,0.0,-0.7204791783257647,3.929013079667063,3.929013079667063
-146.74122411065275,744.295920080825,168.9091175560928,-155.6828670938405,757.0221567616194,160.3774058871392,0.69347657033171,0.0,-0.7204791783257647,3.929013079667063,3.929013079667063
-155.6828670938405,757.0221567616193,160.37740588713916,-145.08595836580864,768.4664870272369,170.56438330093695,0.69347657033171,0.0,-0.7204791783257647,3.929013079667063,3.929013079667063
-145.08595836580864,768.4664870272369,170.56438330093695,-134.48904963777676,779.9108172928543,180.7513607147347,0.69347657033171,0.0,-0.7204791783257647,3.929013079667063,3.929013079667063
-136.1443153826209,755.7402503464424,179.09609496989054,-145.08595836580864,768.4664870272369,170.56438330093695,0.69347657033171,0.0,-0.7204791783257647,3.929013079667063,3.929013079667063
-145.08595836580864,768.4664870272369,170.56438330093695,-154.02760134899637,781.1927237080312,162.0326716319833,0.69347657033171,0.0,-0.7204791783257647,3.929013079667063,3.929013079667063
-154.02760134899637,781.1927237080312,162.0326716319833,-143.4306926209645,792.6370539736488,172.2196490457811,0.69347657033171,0.0,-0.7204791783257647,3.929013079667063,3.929013079667063
-143.4306926209645,792.6370539736488,172.2196490457811,-132.83378389293262,804.0813842392663,182.40662645957883,0.69347657033171,0.0,-0.7204791783257647,3.929013079667063,3.929013079667063
-134.48904963777676,779.9108172928543,180.7513607147347,-143.4306926209645,792.6370539736488,172.2196490457811,0.69347657033171,0.0,-0.7204791783257647,3.929013079667063,3.929013079667063
-143.4306926209645,792.6370539736488,172.2196490457811,-152.37233560415223,805.3632906544432,163.68793737682745,0.69347657033171,0.0,-0.7204791783257647,3.929013079667063,3.929013079667063
-152.37233560415223,805.3632906544431,163.68793737682745,-141.77542687612035,816.8076209200606,173.8749147906252,0.69347657033171,0.0,-0.7204791783257647,3.929013079667063,3.929013079667063
-141.77542687612035,816.8076209200606,173.8749147906252,-131.17851814808847,828.2519511856781,184.06189220442297,0.69347657033171,0.0,-0.7204791783257647,3.929013079667063,3.929013079667063
-132.83378389293262,804.0813842392662,182.40662645957883,-141.77542687612035,816.8076209200606,173.8749147906252,0.69347657033171,0.0,-0.7204791783257647,3.929013079667063,3.929013079667063
-141.77542687612035,816.8076209200606,173.8749147906252,-150.71706985930808,829.533857600855,165.3432031216716,0.69347657033171,0.0,-0.7204791783257647,3.929013079667063,3.929013079667063
-150.71706985930808,829.5338576008548,165.3432031216716,-140.1201611312762,840.9781878664724,175.53018053546936,0.69347657033171,0.0,-0.7204791783257647,3.929013079667063,3.929013079667063
-140.1201611312762,840.9781878664724,175.53018053546936,-129.52325240324433,852.4225181320899,185.71715794926712,0.69347657033171,0.0,-0.7204791783257647,3.929013079667063,3.929013079667063
-131.17851814808847,828.251951185678,184.06189220442297,-140.1201611312762,840.9781878664724,175.53018053546936,0.69347657033171,0.0,-0.7204791783257647,3.929013079667063,3.929013079667063
-140.1201611312762,840.9781878664724,175.53018053546936,-149.06180411446394,853.7044245472667,166.99846886651574,0.69347657033171,0.0,-0.7204791783257647,3.929013079667063,3.929013079667063
-149.06180411446394,853.7044245472667,166.99846886651574,-138.46489538643206,865.1487548128844,177.1854462803135,0.69347657033171,0.0,-0.7204791783257647,3.929013079667063,3.929013079667063
-138.46489538643206,865.1487548128844,177.1854462803135,-127.86798665840018,876.5930850785018,187.37242369411126,0.69347657033171,0.0,-0.7204791783257647,3.929013079667063,3.929013079667063
-129.52325240324433,852.4225181320899,185.71715794926712,-138.46489538643206,865.1487548128844,177.1854462803135,0.69347657033171,0.0,-0.7204791783257647,3.929013079667063,3.929013079667063
-138.46489538643206,865.1487548128844,177.1854462803135,-147.4065383696198,877.8749914936786,168.65373461135988,0.69347657033171,0.0,-0.7204791783257647,3.929013079667063,3.929013079667063
-147.40653836961982,877.8749914936785,168.65373461135988,-136.80962964158795,889.3193217592961,178.84071202515761,0.69347657033171,0.0,-0.7204791783257647,3.929013079667063,3.929013079667063
-136.80962964158795,889.3193217592961,178.84071202515761,-126.21272091355605,900.7636520249137,189.0276894389554,0.69347657033171,0.0,-0.7204791783257647,3.929013079667063,3.929013079667063
-127.8679866584002,876.5930850785016,187.37242369411126,-136.80962964158795,889.3193217592961,178.84071202515761,0.69347657033171,0.0,-0.7204791783257647,3.929013079667063,3.929013079667063
-136.80962964158795,889.3193217592961,178.84071202515761,-145.75127262477568,902.0455584400905,170.30900035620402,0.69347657033171,0.0,-0.7204791783257647,3.929013079667063,3.929013079667063
-145.75127262477568,902.0455584400905,170.30900035620402,-135.1543638967438,913.489888705708,180.49597777000176,0.69347657033171,0.0,-0.7204791783257647,3.929013079667063,3.929013079667063
-135.1543638967438,913.489888705708,180.49597777000176,-124.55745516871191,924.9342189713255,190.68295518379955,0.69347657033171,0.0,-0.7204791783257647,3.929013079667063,3.929013079667063
-126.21272091355605,900.7636520249137,189.0276894389554,-135.1543638967438,913.489888705708,180.49597777000176,0.69347657033171,0.0,-0.7204791783257647,3.929013079667063,3.929013079667063
-135.1543638967438,913.489888705708,180.49597777000176,-144.09600687993154,926.2161253865024,171.96426610104817,0.69347657033171,0.0,-0.7204791783257647,3.929013079667063,3.929013079667063
-144.09600687993154,926.2161253865023,171.96426610104814,-133.49909815189966,937.6604556521198,182.1512435148459,0.69347657033171,0.0,-0.7204791783257647,3.929013079667063,3.929013079667063
-133.49909815189966,937.6604556521198,182.1512435148459,-122.90218942386778,949.1047859177373,192.3382209286437,0.69347657033171,0.0,-0.7204791783257647,3.929013079667063,3.929013079667063
-124.55745516871193,924.9342189713254,190.68295518379952,-133.49909815189966,937.6604556521198,182.1512435148459,0.69347657033171,0.0,-0.7204791783257647,3.929013079667063,3.929013079667063
-133.49909815189966,937.6604556521198,182.1512435148459,-142.4407411350874,950.3866923329142,173.6195318458923,0.69347657033171,0.0,-0.7204791783257647,3.929013079667063,3.929013079667063
-142.4407411350874,950.3866923329141,173.61953184589228,-131.84383240705552,961.8310225985317,183.80650925969005,0.69347657033171,0.0,-0.7204791783257647,3.929013079667063,3.929013079667063
-131.84383240705552,961.8310225985317,183.80650925969005,-121.24692367902364,973.2753528641491,193.9934866734878,0.69347657033171,0.0,-0.7204791783257647,3.929013079667063,3.929013079667063
-122.90218942386778,949.1047859177372,192.33822092864366,-131.84383240705552,961.8310225985317,183.80650925969005,0.69347657033171,0.0,-0.7204791783257647,3.929013079667063,3.929013079667063
-131.84383240705552,961.8310225985317,183.80650925969005,-140.78547539024325,974.557259279326,175.27479759073643,0.69347657033171,0.0,-0.7204791783257647,3.929013079667063,3.929013079667063
-140.78547539024325,974.557259279326,175.27479759073643,-130.18856666221137,986.0015895449436,185.4617750045342,0.69347657033171,0.0,-0.7204791783257647,3.929013079667063,3.929013079667063
-130.18856666221137,986.0015895449436,185.4617750045342,-119.5916579341795,997.4459198105611,195.64875241833195,0.69347657033171,0.0,-0.7204791783257647,3.929013079667063,3.929013079667063
-121.24692367902364,973.2753528641491,193.9934866734878,-130.18856666221137,986.0015895449436,185.4617750045342,0.69347657033171,0.0,-0.7204791783257647,3.929013079667063,3.929013079667063
-130.18856666221137,986.0015895449436,185.4617750045342,-139.1302096453991,998.7278262257379,176.93006333558057,0.69347657033171,0.0,-0.7204791783257647,3.929013079667063,3.929013079667063
-139.13020964539913,998.7278262257379,176.93006333558054,-128.53330091736726,1010.1721564913554,187.11704074937833,0.69347657033171,0.0,-0.7204791783257647,3.929013079667063,3.929013079667063
-128.53330091736726,1010.1721564913554,187.11704074937833,-117.93639218933536,1021.6164867569729,197.30401816317607,0.69347657033171,0.0,-0.7204791783257647,3.929013079667063,3.929013079667063
-119.59165793417951,997.4459198105611,195.64875241833192,-128.53330091736726,1010.1721564913554,187.11704074937833,0.69347657033171,0.0,-0.7204791783257647,3.929013079667063,3.929013079667063
-128.53330091736726,1010.1721564913554,187.11704074937833,-137.474943900555,1022.8983931721497,178.58532908042469,0.69347657033171,0.0,-0.7204791783257647,3.929013079667063,3.929013079667063
-137.474943900555,1022.8983931721497,178.58532908042469,-126.8780351725231,1034.3427234377673,188.77230649422248,0.69347657033171,0.0,-0.7204791783257647,3.929013079667063,3.929013079667063
-126.8780351725231,1034.3427234377673,188.77230649422248,-116.28112644449122,1045.7870537033848,198.9592839080202,0.69347657033171,0.0,-0.7204791783257647,3.929013079667063,3.929013079667063
-117.93639218933536,1021.6164867569729,197.30401816317607,-126.8780351725231,1034.3427234377673,188.77230649422248,0.69347657033171,0.0,-0.7204791783257647,3.929013079667063,3.929013079667063
-126.8780351725231,1034.3427234377673,188.77230649422248,-135.81967815571085,1047.0689601185616,180.24059482526883,0.69347657033171,0.0,-0.7204791783257647,3.929013079667063,3.929013079667063
-135.81967815571085,1047.0689601185616,180.24059482526883,-125.22276942767895,1058.513290384179,190.42757223906662,0.69347657033171,0.0,-0.7204791783257647,3.929013079667063,3.929013079667063
-125.22276942767895,1058.513290384179,190.42757223906662,-114.62586069964709,1069.9576206497966,200.61454965286435,0.69347657033171,0.0,-0.7204791783257647,3.929013079667063,3.929013079667063
-116.28112644449122,1045.7870537033848,198.9592839080202,-125.22276942767895,1058.513290384179,190.42757223906662,0.69347657033171,0.0,-0.7204791783257647,3.929013079667063,3.929013079667063
-125.22276942767895,1058.513290384179,190.42757223906662,-134.1644124108667,1071.2395270649733,181.89586057011297,0.69347657033171,0.0,-0.7204791783257647,3.929013079667063,3.929013079667063
-134.1644124108667,1071.2395270649733,181.89586057011297,-123.56750368283483,1082.6838573305909,192.08283798391074,0.69347657033171,0.0,-0.7204791783257647,3.929013079667063,3.929013079667063
-123.56750368283483,1082.6838573305909,192.08283798391074,-112.97059495480295,1094.1281875962084,202.2698153977085,0.69347657033171,0.0,-0.7204791783257647,3.929013079667063,3.929013079667063
-114.62586069964709,1069.9576206497966,200.61454965286435,-123.56750368283483,1082.6838573305909,192.08283798391074,0.69347657033171,0.0,-0.7204791783257647,3.929013079667063,3.929013079667063
-123.56750368283483,1082.6838573305909,192.08283798391074,-132.50914666602256,1095.4100940113851,183.55112631495712,0.69347657033171,0.0,-0.7204791783257647,3.929013079667063,3.929013079667063
-132.50914666602256,1095.4100940113851,183.55112631495712,-121.91223793799068,1106.8544242770029,193.73810372875485,0.69347657033171,0.0,-0.7204791783257647,3.929013079667063,3.929013079667063
-121.91223793799068,1106.8544242770029,193.73810372875485,-111.3153292099588,1118.2987545426204,203.92508114255264,0.69347657033171,0.0,-0.7204791783257647,3.929013079667063,3.929013079667063
-112.97059495480295,1094.1281875962084,202.2698153977085,-121.91223793799068,1106.8544242770029,193.73810372875485,0.69347657033171,0.0,-0.7204791783257647,3.929013079667063,3.929013079667063
-121.91223793799068,1106.8544242770029,193.73810372875485,-130.85388092117842,1119.5806609577971,185.20639205980126,0.69347657033171,0.0,-0.7204791783257647,3.929013079667063,3.929013079667063
-130.85388092117842,1119.5806609577971,185.20639205980126,-120.25697219314654,1131.0249912234146,195.393369473599,0.69347657033171,0.0,-0.7204791783257647,3.929013079667063,3.929013079667063
-120.25697219314654,1131.0249912234146,195.393369473599,-109.66006346511466,1142.4693214890324,205.5803468873968,0.69347657033171,0.0,-0.7204791783257647,3.929013079667063,3.929013079667063
-111.3153292099588,1118.2987545426204,203.92508114255264,-120.25697219314654,1131.0249912234146,195.393369473599,0.69347657033171,0.0,-0.7204791783257647,3.929013079667063,3.929013079667063
-120.25697219314654,1131.0249912234146,195.393369473599,-129.19861517633427,1143.7512279042091,186.8616578046454,0.69347657033171,0.0,-0.7204791783257647,3.929013079667063,3.929013079667063
-187.98723851113934,0.0,108.53448275862077,-201.1339058808555,24.170566946411853,110.18974850346491,0.0,0.0,1.0,3.929013079667063,3.929013079667063
-171.53003965173488,24.170566946411853,110.18974850346491,-184.67670702145105,48.341133892823706,111.84501424830904,0.0,0.0,1.0,3.929013079667063,3.929013079667063
-184.67670702145105,48.341133892823706,111.84501424830904,-197.82337439116722,72.51170083923556,113.50027999315319,0.0,0.0,1.0,3.929013079667063,3.929013079667063
-201.1339058808555,24.170566946411853,110.18974850346491,-184.67670702145105,48.341133892823706,111.84501424830904,0.0,0.0,1.0,3.929013079667063,3.929013079667063
-184.67670702145105,48.341133892823706,111.84501424830904,-168.2195081620466,72.51170083923556,113.50027999315319,0.0,0.0,1.0,3.929013079667063,3.929013079667063
-168.2195081620466,72.51170083923556,113.50027999315319,-181.3661755317628,96.68226778564741,115.15554573799731,0.0,0.0,1.0,3.929013079667063,3.929013079667063
-181.3661755317628,96.68226778564741,115.15554573799731,-194.51284290147896,120.85283473205928,116.81081148284146,0.0,0.0,1.0,3.929013079667063,3.929013079667063
-197.82337439116722,72.51170083923556,113.50027999315319,-181.3661755317628,96.68226778564741,115.15554573799731,0.0,0.0,1.0,3.929013079667063,3.929013079667063
-181.3661755317628,96.68226778564741,115.15554573799731,-164.90897667235834,120.85283473205928,116.81081148284146,0.0,0.0,1.0,3.929013079667063,3.929013079667063
-164.90897667235834,120.85283473205928,116.81081148284146,-178.0556440420745,145.02340167847112,118.4660772276856,0.0,0.0,1.0,3.929013079667063,3.929013079667063
-178.0556440420745,145.02340167847112,118.4660772276856,-191.20231141179067,169.19396862488296,120.12134297252973,0.0,0.0,1.0,3.929013079667063,3.929013079667063
-194.51284290147896,120.85283473205928,116.81081148284146,-178.0556440420745,145.02340167847112,118.4660772276856,0.0,0.0,1.0,3.929013079667063,3.929013079667063
-178.0556440420745,145.02340167847112,118.4660772276856,-161.59844518267005,169.19396862488296,120.12134297252973,0.0,0.0,1.0,3.929013079667063,3.929013079667063
-161.59844518267005,169.19396862488296,120.12134297252973,-174.74511255238622,193.36453557129482,121.77660871737388,0.0,0.0,1.0,3.929013079667063,3.929013079667063
-174.74511255238622,193.36453557129482,121.77660871737388,-187.8917799221024,217.53510251770663,123.431874462218,0.0,0.0,1.0,3.929013079667063,3.929013079667063
-191.20231141179067,169.19396862488296,120.12134297252973,-174.74511255238622,193.36453557129482,121.77660871737388,0.0,0.0,1.0,3.929013079667063,3.929013079667063
-174.74511255238622,193.36453557129482,121.77660871737388,-158.28791369298176,217.53510251770663,123.431874462218,0.0,0.0,1.0,3.929013079667063,3.929013079667063
-158.28791369298176,217.53510251770663,123.431874462218,-171.43458106269796,241.70566946411853,125.08714020706215,0.0,0.0,1.0,3.929013079667063,3.929013079667063
-171.43458106269796,241.70566946411853,125.08714020706215,-184.58124843241413,265.8762364105303,126.74240595190628,0.0,0.0,1.0,3.929013079667063,3.929013079667063
-187.8917799221024,217.53510251770663,123.431874462218,-171.43458106269796,241.70566946411853,125.08714020706215,0.0,0.0,1.0,3.929013079667063,3.929013079667063
-171.43458106269796,241.70566946411853,125.08714020706215,-154.9773822032935,265.8762364105303,126.74240595190628,0.0,0.0,1.0,3.929013079667063,3.929013079667063
-154.9773822032935,265.8762364105303,126.74240595190628,-168.12404957300967,290.0468033569422,128.39767169675042,0.0,0.0,1.0,3.929013079667063,3.929013079667063
-168.12404957300967,290.0468033569422,128.39767169675042,-181.27071694272584,314.2173703033541,130.05293744159457,0.0,0.0,1.0,3.929013079667063,3.929013079667063
-184.58124843241413,265.8762364105303,126.74240595190628,-168.12404957300967,290.0468033569422,128.39767169675042,0.0,0.0,1.0,3.929013079667063,3.929013079667063
-168.12404957300967,290.0468033569422,128.39767169675042,-151.6668507136052,314.2173703033541,130.05293744159457,0.0,0.0,1.0,3.929013079667063,3.929013079667063
-151.6668507136052,314.2173703033541,130.05293744159457,-164.81351808332138,338.38793724976586,131.7082031864387,0.0,0.0,1.0,3.929013079667063,3.929013079667063
-164.81351808332138,338.38793724976586,131.7082031864387,-177.96018545303755,362.55850419617775,133.36346893128285,0.0,0.0,1.0,3.929013079667063,3.929013079667063
-181.27071694272584,314.2173703033541,130.05293744159457,-164.81351808332138,338.38793724976586,131.7082031864387,0.0,0.0,1.0,3.929013079667063,3.929013079667063
-164.81351808332138,338.38793724976586,131.7082031864387,-148.35631922391693,362.55850419617775,133.36346893128285,0.0,0.0,1.0,3.929013079667063,3.929013079667063
-148.35631922391696,362.55850419617764,133.36346893128282,-161.50298659363312,386.72907114258965,135.01873467612697,0.0,0.0,1.0,3.929013079667063,3.929013079667063
-161.50298659363312,386.72907114258965,135.01873467612697,-174.6496539633493,410.8996380890014,136.6740004209711,0.0,0.0,1.0,3.929013079667063,3.929013079667063
-177.96018545303758,362.55850419617764,133.36346893128282,-161.50298659363312,386.72907114258965,135.01873467612697,0.0,0.0,1.0,3.929013079667063,3.929013079667063
-161.50298659363312,386.72907114258965,135.01873467612697,-145.04578773422867,410.8996380890014,136.6740004209711,0.0,0.0,1.0,3.929013079667063,3.929013079667063
-145.04578773422867,410.8996380890014,136.6740004209711,-158.19245510394484,435.0702050354133,138.32926616581526,0.0,0.0,1.0,3.929013079667063,3.929013079667063
-158.19245510394484,435.0702050354133,138.32926616581526,-171.339122473661,459.2407719818251,139.9845319106594,0.0,0.0,1.0,3.929013079667063,3.929013079667063
-174.6496539633493,410.8996380890014,136.6740004209711,-158.19245510394484,435.0702050354133,138.32926616581526,0.0,0.0,1.0,3.929013079667063,3.929013079667063
-158.19245510394484,435.0702050354133,138.32926616581526,-141.73525624454038,459.2407719818251,139.9845319106594,0.0,0.0,1.0,3.929013079667063,3.929013079667063
-141.73525624454038,459.2407719818251,139.9845319106594,-154.88192361425655,483.4113389282371,141.63979765550354,0.0,0.0,1.0,3.929013079667063,3.929013079667063
-154.88192361425655,483.4113389282371,141.63979765550354,-168.02859098397272,507.5819058746489,143.29506340034766,0.0,0.0,1.0,3.929013079667063,3.929013079667063
-171.339122473661,459.2407719818251,139.9845319106594,-154.88192361425655,483.4113389282371,141.63979765550354,0.0,0.0,1.0,3.929013079667063,3.929013079667063
-154.88192361425655,483.4113389282371,141.63979765550354,-138.4247247548521,507.5819058746489,143.29506340034766,0.0,0.0,1.0,3.929013079667063,3.929013079667063
-138.4247247548521,507.5819058746489,143.29506340034766,-151.57139212456826,531.7524728210607,144.9503291451918,0.0,0.0,1.0,3.929013079667063,3.929013079667063
-151.57139212456826,531.7524728210607,144.9503291451918,-164.71805949428443,555.9230397674727,146.60559489003595,0.0,0.0,1.0,3.929013079667063,3.929013079667063
-168.02859098397272,507.5819058746489,143.29506340034766,-151.57139212456826,531.7524728210607,144.9503291451918,0.0,0.0,1.0,3.929013079667063,3.929013079667063
-151.57139212456826,531.7524728210607,144.9503291451918,-135.1141932651638,555.9230397674727,146.60559489003595,0.0,0.0,1.0,3.929013079667063,3.929013079667063
-135.11419326516383,555.9230397674726,146.60559489003595,-148.26086063488,580.0936067138845,148.2608606348801,0.0,0.0,1.0,3.929013079667063,3.929013079667063
-148.26086063488,580.0936067138845,148.2608606348801,-161.40752800459617,604.2641736602963,149.91612637972423,0.0,0.0,1.0,3.929013079667063,3.929013079667063
-164.71805949428446,555.9230397674726,146.60559489003595,-148.26086063488,580.0936067138845,148.2608606348801,0.0,0.0,1.0,3.929013079667063,3.929013079667063
-148.26086063488,580.0936067138845,148.2608606348801,-131.80366177547555,604.2641736602963,149.91612637972423,0.0,0.0,1.0,3.929013079667063,3.929013079667063
-131.80366177547555,604.2641736602964,149.91612637972423,-144.95032914519172,628.4347406067081,151.57139212456838,0.0,0.0,1.0,3.929013079667063,3.929013079667063
-144.95032914519172,628.4347406067081,151.57139212456838,-158.0969965149079,652.60530755312,153.2266578694125,0.0,0.0,1.0,3.929013079667063,3.929013079667063
-161.40752800459617,604.2641736602964,149.91612637972423,-144.95032914519172,628.4347406067081,151.57139212456838,0.0,0.0,1.0,3.929013079667063,3.929013079667063
-144.95032914519172,628.4347406067081,151.57139212456838,-128.49313028578726,652.60530755312,153.2266578694125,0.0,0.0,1.0,3.929013079667063,3.929013079667063
-128.49313028578726,652.6053075531202,153.22665786941252,-141.63979765550343,676.7758744995319,154.88192361425664,0.0,0.0,1.0,3.929013079667063,3.929013079667063
-141.63979765550343,676.7758744995319,154.88192361425664,-154.78646502521963,700.9464414459437,156.53718935910078,0.0,0.0,1.0,3.929013079667063,3.929013079667063
-158.0969965149079,652.6053075531202,153.22665786941252,-141.63979765550343,676.7758744995319,154.88192361425664,0.0,0.0,1.0,3.929013079667063,3.929013079667063
-141.63979765550343,676.7758744995319,154.88192361425664,-125.182598796099,700.9464414459437,156.53718935910078,0.0,0.0,1.0,3.929013079667063,3.929013079667063
-125.182598796099,700.9464414459437,156.53718935910078,-138.32926616581517,725.1170083923555,158.1924551039449,0.0,0.0,1.0,3.929013079667063,3.929013079667063
-138.32926616581517,725.1170083923555,158.1924551039449,-151.47593353553134,749.2875753387674,159.84772084878904,0.0,0.0,1.0,3.929013079667063,3.929013079667063
-154.78646502521963,700.9464414459437,156.53718935910078,-138.32926616581517,725.1170083923555,158.1924551039449,0.0,0.0,1.0,3.929013079667063,3.929013079667063
-138.32926616581517,725.1170083923555,158.1924551039449,-121.87206730641071,749.2875753387674,159.84772084878904,0.0,0.0,1.0,3.929013079667063,3.929013079667063
-121.87206730641071,749.2875753387675,159.84772084878904,-135.01873467612688,773.4581422851793,161.50298659363318,0.0,0.0,1.0,3.929013079667063,3.929013079667063
-135.01873467612688,773.4581422851793,161.50298659363318,-148.16540204584305,797.6287092315911,163.15825233847733,0.0,0.0,1.0,3.929013079667063,3.929013079667063
-151.47593353553134,749.2875753387675,159.84772084878904,-135.01873467612688,773.4581422851793,161.50298659363318,0.0,0.0,1.0,3.929013079667063,3.929013079667063
-135.01873467612688,773.4581422851793,161.50298659363318,-118.56153581672243,797.6287092315911,163.15825233847733,0.0,0.0,1.0,3.929013079667063,3.929013079667063
-118.56153581672243,797.6287092315912,163.15825233847733,-131.7082031864386,821.799276178003,164.81351808332147,0.0,0.0,1.0,3.929013079667063,3.929013079667063
-131.7082031864386,821.799276178003,164.81351808332147,-144.8548705561548,845.9698431244149,166.4687838281656,0.0,0.0,1.0,3.929013079667063,3.929013079667063
-148.16540204584305,797.6287092315912,163.15825233847733,-131.7082031864386,821.799276178003,164.81351808332147,0.0,0.0,1.0,3.929013079667063,3.929013079667063
-131.7082031864386,821.799276178003,164.81351808332147,-115.25100432703417,845.9698431244149,166.4687838281656,0.0,0.0,1.0,3.929013079667063,3.929013079667063
-115.25100432703414,845.969843124415,166.4687838281656,-128.39767169675034,870.1404100708268,168.12404957300976,0.0,0.0,1.0,3.929013079667063,3.929013079667063
-128.39767169675034,870.1404100708268,168.12404957300976,-141.5443390664665,894.3109770172385,169.77931531785387,0.0,0.0,1.0,3.929013079667063,3.929013079667063
-144.85487055615476,845.969843124415,166.4687838281656,-128.39767169675034,870.1404100708268,168.12404957300976,0.0,0.0,1.0,3.929013079667063,3.929013079667063
-128.39767169675034,870.1404100708268,168.12404957300976,-111.94047283734588,894.3109770172385,169.77931531785387,0.0,0.0,1.0,3.929013079667063,3.929013079667063
-111.94047283734588,894.3109770172387,169.7793153178539,-125.08714020706205,918.4815439636504,171.43458106269802,0.0,0.0,1.0,3.929013079667063,3.929013079667063
-125.08714020706205,918.4815439636504,171.43458106269802,-138.23380757677822,942.6521109100623,173.08984680754216,0.0,0.0,1.0,3.929013079667063,3.929013079667063
-141.5443390664665,894.3109770172387,169.7793153178539,-125.08714020706205,918.4815439636504,171.43458106269802,0.0,0.0,1.0,3.929013079667063,3.929013079667063
-125.08714020706205,918.4815439636504,171.43458106269802,-108.62994134765759,942.6521109100623,173.08984680754216,0.0,0.0,1.0,3.929013079667063,3.929013079667063
-108.62994134765759,942.6521109100623,173.08984680754216,-121.77660871737378,966.8226778564741,174.74511255238627,0.0,0.0,1.0,3.929013079667063,3.929013079667063
-121.77660871737378,966.8226778564741,174.74511255238627,-134.92327608708996,990.9932448028859,176.40037829723042,0.0,0.0,1.0,3.929013079667063,3.929013079667063
-138.23380757677822,942.6521109100623,173.08984680754216,-121.77660871737378,966.8226778564741,174.74511255238627,0.0,0.0,1.0,3.929013079667063,3.929013079667063
-121.77660871737378,966.8226778564741,174.74511255238627,-105.31940985796932,990.9932448028859,176.40037829723042,0.0,0.0,1.0,3.929013079667063,3.929013079667063
-105.31940985796932,990.9932448028859,176.40037829723042,-118.46607722768549,1015.1638117492977,178.05564404207456,0.0,0.0,1.0,3.929013079667063,3.929013079667063
-118.46607722768549,1015.1638117492977,178.05564404207456,-131.61274459740167,1039.3343786957096,179.7109097869187,0.0,0.0,1.0,3.929013079667063,3.929013079667063
-134.92327608708996,990.9932448028859,176.40037829723042,-118.46607722768549,1015.1638117492977,178.05564404207456,0.0,0.0,1.0,3.929013079667063,3.929013079667063
-118.46607722768549,1015.1638117492977,178.05564404207456,-102.00887836828105,1039.3343786957096,179.7109097869187,0.0,0.0,1.0,3.929013079667063,3.929013079667063
-102.00887836828103,1039.3343786957098,179.7109097869187,-115.15554573799722,1063.5049456421214,181.36617553176285,0.0,0.0,1.0,3.929013079667063,3.929013079667063
-115.15554573799722,1063.5049456421214,181.36617553176285,-128.30221310771338,1087.6755125885334,183.021441276607,0.0,0.0,1.0,3.929013079667063,3.929013079667063
-131.61274459740167,1039.3343786957098,179.7109097869187,-115.15554573799722,1063.5049456421214,181.36617553176285,0.0,0.0,1.0,3.929013079667063,3.929013079667063
-115.15554573799722,1063.5049456421214,181.36617553176285,-98.69834687859276,1087.6755125885334,183.021441276607,0.0,0.0,1.0,3.929013079667063,3.929013079667063
-98.69834687859277,1087.6755125885331,183.02144127660696,-111.84501424830894,1111.8460795349451,184.6767070214511,0.0,0.0,1.0,3.929013079667063,3.929013079667063
-111.84501424830894,1111.8460795349451,184.6767070214511,-124.99168161802511,1136.016646481357,186.33197276629525,0.0,0.0,1.0,3.929013079667063,3.929013079667063
-128.3022131077134,1087.6755125885331,183.02144127660696,-111.84501424830894,1111.8460795349451,184.6767070214511,0.0,0.0,1.0,3.929013079667063,3.929013079667063
-111.84501424830894,1111.8460795349451,184.6767070214511,-95.38781538890449,1136.016646481357,186.33197276629525,0.0,0.0,1.0,3.929013079667063,3.929013079667063
-108.53448275862065,1160.187213427769,187.9872385111394,-124.99168161802511,1136.016646481357,186.33197276629525,0.0,0.0,1.0,3.929013079667063,3.929013079667063
-168.2195081620466,72.51170083923556,113.50027999315319,-162.95320452703717,80.24628226208736,114.02996503150331,0.0,0.0,1.0,3.929013079667063,3.929013079667063
-197.82337439116722,72.51170083923556,113.50027999315319,-202.0303079494764,80.24628226208736,114.02996503150331,0.0,0.0,1.0,3.929013079667063,3.929013079667063
-164.90897667235834,120.85283473205928,116.81081148284146,-159.6426730373489,128.58741615491107,117.34049652119158,0.0,0.0,1.0,3.929013079667063,3.929013079667063
-194.51284290147896,120.85283473205928,116.81081148284146,-198.71977645978814,128.58741615491107,117.34049652119158,0.0,0.0,1.0,3.929013079667063,3.929013079667063
-161.59844518267005,169.19396862488296,120.12134297252973,-156.33214154766063,176.92855004773477,120.65102801087986,0.0,0.0,1.0,3.929013079667063,3.929013079667063
-191.20231141179067,169.19396862488296,120.12134297252973,-195.40924497009985,176.92855004773477,120.65102801087986,0.0,0.0,1.0,3.929013079667063,3.929013079667063
-158.28791369298176,217.53510251770663,123.431874462218,-153.02161005797234,225.26968394055845,123.96155950056814,0.0,0.0,1.0,3.929013079667063,3.929013079667063
-187.8917799221024,217.53510251770663,123.431874462218,-192.09871348041156,225.26968394055845,123.96155950056814,0.0,0.0,1.0,3.929013079667063,3.929013079667063
-154.9773822032935,265.8762364105303,126.74240595190628,-149.71107856828408,273.61081783338216,127.27209099025642,0.0,0.0,1.0,3.929013079667063,3.929013079667063
-184.58124843241413,265.8762364105303,126.74240595190628,-188.7881819907233,273.61081783338216,127.27209099025642,0.0,0.0,1.0,3.929013079667063,3.929013079667063
-151.6668507136052,314.2173703033541,130.05293744159457,-146.4005470785958,321.95195172620583,130.5826224799447,0.0,0.0,1.0,3.929013079667063,3.929013079667063
-181.27071694272584,314.2173703033541,130.05293744159457,-185.47765050103501,321.95195172620583,130.5826224799447,0.0,0.0,1.0,3.929013079667063,3.929013079667063
-148.35631922391693,362.55850419617775,133.36346893128285,-143.0900155889075,370.2930856190296,133.89315396963298,0.0,0.0,1.0,3.929013079667063,3.929013079667063
-177.96018545303755,362.55850419617775,133.36346893128285,-182.16711901134673,370.2930856190296,133.89315396963298,0.0,0.0,1.0,3.929013079667063,3.929013079667063
-145.04578773422867,410.8996380890014,136.6740004209711,-139.77948409921925,418.6342195118532,137.20368545932124,0.0,0.0,1.0,3.929013079667063,3.929013079667063
-174.6496539633493,410.8996380890014,136.6740004209711,-178.85658752165847,418.6342195118532,137.20368545932124,0.0,0.0,1.0,3.929013079667063,3.929013079667063
-141.73525624454038,459.2407719818251,139.9845319106594,-136.46895260953096,466.975353404677,140.51421694900952,0.0,0.0,1.0,3.929013079667063,3.929013079667063
-171.339122473661,459.2407719818251,139.9845319106594,-175.54605603197018,466.975353404677,140.51421694900952,0.0,0.0,1.0,3.929013079667063,3.929013079667063
-138.4247247548521,507.5819058746489,143.29506340034766,-133.15842111984267,515.3164872975008,143.82474843869778,0.0,0.0,1.0,3.929013079667063,3.929013079667063
-168.02859098397272,507.5819058746489,143.29506340034766,-172.2355245422819,515.3164872975008,143.82474843869778,0.0,0.0,1.0,3.929013079667063,3.929013079667063
-135.1141932651638,555.9230397674727,146.60559489003595,-129.84788963015438,563.6576211903244,147.13527992838607,0.0,0.0,1.0,3.929013079667063,3.929013079667063
-164.71805949428443,555.9230397674727,146.60559489003595,-168.9249930525936,563.6576211903244,147.13527992838607,0.0,0.0,1.0,3.929013079667063,3.929013079667063
-131.80366177547555,604.2641736602963,149.91612637972423,-126.53735814046613,611.9987550831481,150.44581141807436,0.0,0.0,1.0,3.929013079667063,3.929013079667063
-161.40752800459617,604.2641736602963,149.91612637972423,-165.61446156290535,611.9987550831481,150.44581141807436,0.0,0.0,1.0,3.929013079667063,3.929013079667063
-128.49313028578726,652.60530755312,153.2266578694125,-123.22682665077784,660.3398889759718,153.75634290776262,0.0,0.0,1.0,3.929013079667063,3.929013079667063
-158.0969965149079,652.60530755312,153.2266578694125,-162.30393007321706,660.3398889759718,153.75634290776262,0.0,0.0,1.0,3.929013079667063,3.929013079667063
-125.182598796099,700.9464414459437,156.53718935910078,-119.91629516108958,708.6810228687956,157.0668743974509,0.0,0.0,1.0,3.929013079667063,3.929013079667063
-154.78646502521963,700.9464414459437,156.53718935910078,-158.9933985835288,708.6810228687956,157.0668743974509,0.0,0.0,1.0,3.929013079667063,3.929013079667063
-121.87206730641071,749.2875753387674,159.84772084878904,-116.60576367140129,757.0221567616192,160.37740588713916,0.0,0.0,1.0,3.929013079667063,3.929013079667063
-151.47593353553134,749.2875753387674,159.84772084878904,-155.6828670938405,757.0221567616192,160.37740588713916,0.0,0.0,1.0,3.929013079667063,3.929013079667063
-118.56153581672243,797.6287092315911,163.15825233847733,-113.295232181713,805.363290654443,163.68793737682745,0.0,0.0,1.0,3.929013079667063,3.929013079667063
-148.16540204584305,797.6287092315911,163.15825233847733,-152.37233560415223,805.363290654443,163.68793737682745,0.0,0.0,1.0,3.929013079667063,3.929013079667063
-115.25100432703417,845.9698431244149,166.4687838281656,-109.98470069202472,853.7044245472666,166.99846886651574,0.0,0.0,1.0,3.929013079667063,3.929013079667063
-144.8548705561548,845.9698431244149,166.4687838281656,-149.06180411446394,853.7044245472666,166.99846886651574,0.0,0.0,1.0,3.929013079667063,3.929013079667063
-111.94047283734588,894.3109770172385,169.77931531785387,-106.67416920233646,902.0455584400904,170.309000356204,0.0,0.0,1.0,3.929013079667063,3.929013079667063
-141.5443390664665,894.3109770172385,169.77931531785387,-145.75127262477568,902.0455584400904,170.309000356204,0.0,0.0,1.0,3.929013079667063,3.929013079667063
-108.62994134765759,942.6521109100623,173.08984680754216,-103.36363771264817,950.3866923329141,173.61953184589228,0.0,0.0,1.0,3.929013079667063,3.929013079667063
-138.23380757677822,942.6521109100623,173.08984680754216,-142.4407411350874,950.3866923329141,173.61953184589228,0.0,0.0,1.0,3.929013079667063,3.929013079667063
-105.31940985796932,990.9932448028859,176.40037829723042,-100.05310622295988,998.7278262257377,176.93006333558054,0.0,0.0,1.0,3.929013079667063,3.929013079667063
-134.92327608708996,990.9932448028859,176.40037829723042,-139.13020964539913,998.7278262257377,176.93006333558054,0.0,0.0,1.0,3.929013079667063,3.929013079667063
-102.00887836828105,1039.3343786957096,179.7109097869187,-96.74257473327162,1047.0689601185613,180.24059482526883,0.0,0.0,1.0,3.929013079667063,3.929013079667063
-131.61274459740167,1039.3343786957096,179.7109097869187,-135.81967815571085,1047.0689601185613,180.24059482526883,0.0,0.0,1.0,3.929013079667063,3.929013079667063
-98.69834687859276,1087.6755125885334,183.021441276607,-93.43204324358334,1095.4100940113851,183.55112631495712,0.0,0.0,1.0,3.929013079667063,3.929013079667063
-128.30221310771338,1087.6755125885334,183.021441276607,-132.50914666602256,1095.4100940113851,183.55112631495712,0.0,0.0,1.0,3.929013079667063,3.929013079667063
-95.38781538890449,1136.016646481357,186.33197276629525,-90.12151175389505,1143.751227904209,186.86165780464538,0.0,0.0,1.0,3.929013079667063,3.929013079667063
-124.99168161802511,1136.016646481357,186.33197276629525,-129.1986151763343,1143.751227904209,186.86165780464538,0.0,0.0,1.0,3.929013079667063,3.929013079667063
-108.53448275862065,1160.187213427769,187.9872385111394,-95.38781538890449,1136.016646481357,186.33197276629525,0.0,0.0,1.0,3.929013079667063,3.929013079667063
-130.94901364119872,0.0,75.60344827586212,-118.46994637838642,24.170566946411846,81.47683374169351,0.0,0.0,1.0,3.929013079667063,3.929013079667063
-140.8600989269241,32.79759409354693,89.72594545379327,-127.8793915042566,44.43665470461121,85.75359535273618,-0.6900981947236448,0.0,-0.7237157464358271,3.929013079667063,3.929013079667063
-127.8793915042566,44.43665470461121,85.75359535273618,-114.89868408158912,56.0757153156755,81.78124525167911,-0.6900981947236448,0.0,-0.7237157464358271,3.929013079667063,3.929013079667063
-114.47664485428652,31.905148369263635,83.35631709075957,-127.8793915042566,44.43665470461121,85.75359535273618,-0.6900981947236448,0.0,-0.7237157464358271,3.929013079667063,3.929013079667063
-127.8793915042566,44.43665470461121,85.75359535273618,-141.28213815422671,56.968161039958794,88.15087361471281,-0.6900981947236448,0.0,-0.7237157464358271,3.929013079667063,3.929013079667063
-141.28213815422671,56.968161039958794,88.15087361471281,-128.3014307315592,68.60722165102305,84.17852351365572,-0.6900981947236448,0.0,-0.7237157464358271,3.929013079667063,3.929013079667063
-128.3014307315592,68.60722165102305,84.17852351365572,-115.32072330889173,80.24628226208736,80.20617341259864,-0.6900981947236448,0.0,-0.7237157464358271,3.929013079667063,3.929013079667063
-114.89868408158912,56.0757153156755,81.78124525167911,-128.3014307315592,68.60722165102305,84.17852351365572,-0.6900981947236448,0.0,-0.7237157464358271,3.929013079667063,3.929013079667063
-128.3014307315592,68.60722165102305,84.17852351365572,-141.70417738152932,81.13872798637064,86.57580177563234,-0.6900981947236448,0.0,-0.7237157464358271,3.929013079667063,3.929013079667063
-141.70417738152932,81.13872798637064,86.57580177563234,-128.7234699588618,92.77778859743492,82.60345167457525,-0.6900981947236448,0.0,-0.7237157464358271,3.929013079667063,3.929013079667063
-128.7234699588618,92.77778859743492,82.60345167457525,-115.74276253619436,104.41684920849923,78.63110157351818,-0.6900981947236448,0.0,-0.7237157464358271,3.929013079667063,3.929013079667063
-115.32072330889173,80.24628226208736,80.20617341259864,-128.7234699588618,92.77778859743492,82.60345167457525,-0.6900981947236448,0.0,-0.7237157464358271,3.929013079667063,3.929013079667063
-128.7234699588618,92.77778859743492,82.60345167457525,-142.12621660883195,105.3092949327825,85.00072993655188,-0.6900981947236448,0.0,-0.7237157464358271,3.929013079667063,3.929013079667063
-142.12621660883195,105.30929493278248,85.00072993655189,-129.14550918616445,116.94835554384679,81.0283798354948,-0.6900981947236448,0.0,-0.7237157464358271,3.929013079667063,3.929013079667063
-129.14550918616445,116.94835554384679,81.0283798354948,-116.16480176349697,128.5874161549111,77.05602973443773,-0.6900981947236448,0.0,-0.7237157464358271,3.929013079667063,3.929013079667063
-115.74276253619436,104.4168492084992,78.6311015735182,-129.14550918616445,116.94835554384679,81.0283798354948,-0.6900981947236448,0.0,-0.7237157464358271,3.929013079667063,3.929013079667063
-129.14550918616445,116.94835554384679,81.0283798354948,-142.54825583613456,129.47986187919437,83.42565809747143,-0.6900981947236448,0.0,-0.7237157464358271,3.929013079667063,3.929013079667063
-142.54825583613456,129.47986187919437,83.42565809747143,-129.56754841346705,141.11892249025868,79.45330799641434,-0.6900981947236448,0.0,-0.7237157464358271,3.929013079667063,3.929013079667063
-129.56754841346705,141.11892249025868,79.45330799641434,-116.58684099079957,152.75798310132296,75.48095789535726,-0.6900981947236448,0.0,-0.7237157464358271,3.929013079667063,3.929013079667063
-116.16480176349697,128.5874161549111,77.05602973443773,-129.56754841346705,141.11892249025868,79.45330799641434,-0.6900981947236448,0.0,-0.7237157464358271,3.929013079667063,3.929013079667063
-129.56754841346705,141.11892249025868,79.45330799641434,-142.97029506343716,153.65042882560624,81.85058625839096,-0.6900981947236448,0.0,-0.7237157464358271,3.929013079667063,3.929013079667063
-142.97029506343716,153.65042882560624,81.85058625839096,-129.98958764076966,165.28948943667055,77.87823615733387,-0.6900981947236448,0.0,-0.7237157464358271,3.929013079667063,3.929013079667063
-129.98958764076966,165.28948943667055,77.87823615733387,-117.00888021810218,176.92855004773483,73.9058860562768,-0.6900981947236448,0.0,-0.7237157464358271,3.929013079667063,3.929013079667063
-116.58684099079957,152.75798310132296,75.48095789535726,-129.98958764076966,165.28948943667055,77.87823615733387,-0.6900981947236448,0.0,-0.7237157464358271,3.929013079667063,3.929013079667063
-129.98958764076966,165.28948943667055,77.87823615733387,-143.39233429073977,177.8209957720181,80.2755144193105,-0.6900981947236448,0.0,-0.7237157464358271,3.929013079667063,3.929013079667063
-143.39233429073977,177.8209957720181,80.2755144193105,-130.4116268680723,189.4600563830824,76.30316431825342,-0.6900981947236448,0.0,-0.7237157464358271,3.929013079667063,3.929013079667063
-130.4116268680723,189.4600563830824,76.30316431825342,-117.43091944540481,201.09911699414667,72.33081421719633,-0.6900981947236448,0.0,-0.7237157464358271,3.929013079667063,3.929013079667063
-117.00888021810218,176.92855004773483,73.9058860562768,-130.4116268680723,189.4600563830824,76.30316431825342,-0.6900981947236448,0.0,-0.7237157464358271,3.929013079667063,3.929013079667063
-130.4116268680723,189.4600563830824,76.30316431825342,-143.8143735180424,201.99156271842995,78.70044258023003,-0.6900981947236448,0.0,-0.7237157464358271,3.929013079667063,3.929013079667063
-143.8143735180424,201.99156271842998,78.70044258023003,-130.8336660953749,213.63062332949428,74.72809247917296,-0.6900981947236448,0.0,-0.7237157464358271,3.929013079667063,3.929013079667063
-130.8336660953749,213.63062332949428,74.72809247917296,-117.85295867270742,225.2696839405585,70.75574237811588,-0.6900981947236448,0.0,-0.7237157464358271,3.929013079667063,3.929013079667063
-117.43091944540481,201.0991169941467,72.33081421719633,-130.8336660953749,213.63062332949428,74.72809247917296,-0.6900981947236448,0.0,-0.7237157464358271,3.929013079667063,3.929013079667063
-130.8336660953749,213.63062332949428,74.72809247917296,-144.236412745345,226.16212966484179,77.12537074114958,-0.6900981947236448,0.0,-0.7237157464358271,3.929013079667063,3.929013079667063
-144.236412745345,226.16212966484184,77.12537074114958,-131.2557053226775,237.80119027590612,73.15302064009249,-0.6900981947236448,0.0,-0.7237157464358271,3.929013079667063,3.929013079667063
-131.2557053226775,237.80119027590612,73.15302064009249,-118.27499790001002,249.4402508869704,69.18067053903542,-0.6900981947236448,0.0,-0.7237157464358271,3.929013079667063,3.929013079667063
-117.85295867270742,225.26968394055856,70.75574237811588,-131.2557053226775,237.80119027590612,73.15302064009249,-0.6900981947236448,0.0,-0.7237157464358271,3.929013079667063,3.929013079667063
-131.2557053226775,237.80119027590612,73.15302064009249,-144.6584519726476,250.33269661125368,75.55029890206912,-0.6900981947236448,0.0,-0.7237157464358271,3.929013079667063,3.929013079667063
-144.6584519726476,250.33269661125368,75.55029890206912,-131.6777445499801,261.97175722231805,71.57794880101203,-0.6900981947236448,0.0,-0.7237157464358271,3.929013079667063,3.929013079667063
-131.6777445499801,261.97175722231805,71.57794880101203,-118.69703712731263,273.61081783338227,67.60559869995495,-0.6900981947236448,0.0,-0.7237157464358271,3.929013079667063,3.929013079667063
-118.27499790001002,249.4402508869704,69.18067053903542,-131.6777445499801,261.97175722231805,71.57794880101203,-0.6900981947236448,0.0,-0.7237157464358271,3.929013079667063,3.929013079667063
-131.6777445499801,261.97175722231805,71.57794880101203,-145.08049119995022,274.50326355766555,73.97522706298865,-0.6900981947236448,0.0,-0.7237157464358271,3.929013079667063,3.929013079667063
-145.08049119995022,274.50326355766555,73.97522706298865,-132.09978377728274,286.1423241687299,70.00287696193158,-0.6900981947236448,0.0,-0.7237157464358271,3.929013079667063,3.929013079667063
-132.09978377728274,286.1423241687299,70.00287696193158,-119.11907635461526,297.7813847797941,66.0305268608745,-0.6900981947236448,0.0,-0.7237157464358271,3.929013079667063,3.929013079667063
-118.69703712731263,273.61081783338227,67.60559869995495,-132.09978377728274,286.1423241687299,70.00287696193158,-0.6900981947236448,0.0,-0.7237157464358271,3.929013079667063,3.929013079667063
-132.09978377728274,286.1423241687299,70.00287696193158,-145.50253042725285,298.6738305040774,72.4001552239082,-0.6900981947236448,0.0,-0.7237157464358271,3.929013079667063,3.929013079667063
-145.50253042725285,298.6738305040774,72.4001552239082,-132.52182300458534,310.3128911151417,68.42780512285111,-0.6900981947236448,0.0,-0.7237157464358271,3.929013079667063,3.929013079667063
-132.52182300458534,310.3128911151417,68.42780512285111,-119.54111558191786,321.95195172620595,64.45545502179404,-0.6900981947236448,0.0,-0.7237157464358271,3.929013079667063,3.929013079667063
-119.11907635461526,297.7813847797941,66.0305268608745,-132.52182300458534,310.3128911151417,68.42780512285111,-0.6900981947236448,0.0,-0.7237157464358271,3.929013079667063,3.929013079667063
-132.52182300458534,310.3128911151417,68.42780512285111,-145.92456965455546,322.8443974504892,70.82508338482774,-0.6900981947236448,0.0,-0.7237157464358271,3.929013079667063,3.929013079667063
-145.92456965455546,322.8443974504892,70.82508338482774,-132.94386223188795,334.48345806155356,66.85273328377065,-0.6900981947236448,0.0,-0.7237157464358271,3.929013079667063,3.929013079667063
-132.94386223188795,334.48345806155356,66.85273328377065,-119.96315480922047,346.12251867261784,62.880383182713565,-0.6900981947236448,0.0,-0.7237157464358271,3.929013079667063,3.929013079667063
-119.54111558191786,321.95195172620595,64.45545502179404,-132.94386223188795,334.48345806155356,66.85273328377065,-0.6900981947236448,0.0,-0.7237157464358271,3.929013079667063,3.929013079667063
-132.94386223188795,334.48345806155356,66.85273328377065,-146.34660888185806,347.0149643969011,69.25001154574727,-0.6900981947236448,0.0,-0.7237157464358271,3.929013079667063,3.929013079667063
-146.34660888185806,347.0149643969011,69.25001154574727,-133.36590145919055,358.6540250079654,65.2776614446902,-0.6900981947236448,0.0,-0.7237157464358271,3.929013079667063,3.929013079667063
-133.36590145919055,358.6540250079654,65.2776614446902,-120.3851940365231,370.2930856190297,61.305311343633115,-0.6900981947236448,0.0,-0.7237157464358271,3.929013079667063,3.929013079667063
-119.96315480922047,346.12251867261784,62.880383182713565,-133.36590145919055,358.6540250079654,65.2776614446902,-0.6900981947236448,0.0,-0.7237157464358271,3.929013079667063,3.929013079667063
-133.36590145919055,358.6540250079654,65.2776614446902,-146.7686481091607,371.18553134331296,67.67493970666682,-0.6900981947236448,0.0,-0.7237157464358271,3.929013079667063,3.929013079667063
-146.7686481091607,371.18553134331296,67.67493970666682,-133.7879406864932,382.82459195437724,63.70258960560974,-0.6900981947236448,0.0,-0.7237157464358271,3.929013079667063,3.929013079667063
-133.7879406864932,382.82459195437724,63.70258960560974,-120.80723326382571,394.4636525654415,59.73023950455265,-0.6900981947236448,0.0,-0.7237157464358271,3.929013079667063,3.929013079667063
-120.3851940365231,370.2930856190297,61.305311343633115,-133.7879406864932,382.82459195437724,63.70258960560974,-0.6900981947236448,0.0,-0.7237157464358271,3.929013079667063,3.929013079667063
-133.7879406864932,382.82459195437724,63.70258960560974,-147.1906873364633,395.3560982897248,66.09986786758635,-0.6900981947236448,0.0,-0.7237157464358271,3.929013079667063,3.929013079667063
-147.1906873364633,395.3560982897249,66.09986786758634,-134.2099799137958,406.9951589007892,62.12751776652927,-0.6900981947236448,0.0,-0.7237157464358271,3.929013079667063,3.929013079667063
-134.2099799137958,406.9951589007892,62.12751776652927,-121.22927249112831,418.6342195118535,58.155167665472185,-0.6900981947236448,0.0,-0.7237157464358271,3.929013079667063,3.929013079667063
-120.80723326382571,394.46365256544163,59.73023950455264,-134.2099799137958,406.9951589007892,62.12751776652927,-0.6900981947236448,0.0,-0.7237157464358271,3.929013079667063,3.929013079667063
-134.2099799137958,406.9951589007892,62.12751776652927,-147.6127265637659,419.52666523613675,64.52479602850589,-0.6900981947236448,0.0,-0.7237157464358271,3.929013079667063,3.929013079667063
-147.6127265637659,419.52666523613675,64.52479602850589,-134.6320191410984,431.16572584720103,60.55244592744881,-0.6900981947236448,0.0,-0.7237157464358271,3.929013079667063,3.929013079667063
-134.6320191410984,431.16572584720103,60.55244592744881,-121.65131171843092,442.8047864582653,56.58009582639172,-0.6900981947236448,0.0,-0.7237157464358271,3.929013079667063,3.929013079667063
-121.22927249112831,418.6342195118535,58.155167665472185,-134.6320191410984,431.16572584720103,60.55244592744881,-0.6900981947236448,0.0,-0.7237157464358271,3.929013079667063,3.929013079667063
-134.6320191410984,431.16572584720103,60.55244592744881,-148.0347657910685,443.6972321825486,62.949724189425424,-0.6900981947236448,0.0,-0.7237157464358271,3.929013079667063,3.929013079667063
-148.0347657910685,443.6972321825486,62.949724189425424,-135.05405836840103,455.33629279361287,58.97737408836835,-0.6900981947236448,0.0,-0.7237157464358271,3.929013079667063,3.929013079667063
-135.05405836840103,455.33629279361287,58.97737408836835,-122.07335094573355,466.9753534046772,55.00502398731126,-0.6900981947236448,0.0,-0.7237157464358271,3.929013079667063,3.929013079667063
-121.65131171843092,442.8047864582653,56.58009582639172,-135.05405836840103,455.33629279361287,58.97737408836835,-0.6900981947236448,0.0,-0.7237157464358271,3.929013079667063,3.929013079667063
-135.05405836840103,455.33629279361287,58.97737408836835,-148.45680501837114,467.86779912896054,61.37465235034497,-0.6900981947236448,0.0,-0.7237157464358271,3.929013079667063,3.929013079667063
-148.45680501837114,467.86779912896054,61.37465235034497,-135.47609759570364,479.50685974002477,57.40230224928789,-0.6900981947236448,0.0,-0.7237157464358271,3.929013079667063,3.929013079667063
-135.47609759570364,479.50685974002477,57.40230224928789,-122.49539017303616,491.145920351089,53.429952148230804,-0.6900981947236448,0.0,-0.7237157464358271,3.929013079667063,3.929013079667063
-122.07335094573355,466.9753534046772,55.00502398731126,-135.47609759570364,479.50685974002477,57.40230224928789,-0.6900981947236448,0.0,-0.7237157464358271,3.929013079667063,3.929013079667063
-135.47609759570364,479.50685974002477,57.40230224928789,-148.87884424567375,492.0383660753723,59.79958051126451,-0.6900981947236448,0.0,-0.7237157464358271,3.929013079667063,3.929013079667063
-148.87884424567375,492.0383660753723,59.79958051126451,-135.89813682300624,503.67742668643666,55.82723041020743,-0.6900981947236448,0.0,-0.7237157464358271,3.929013079667063,3.929013079667063
-135.89813682300624,503.67742668643666,55.82723041020743,-122.91742940033876,515.3164872975009,51.854880309150346,-0.6900981947236448,0.0,-0.7237157464358271,3.929013079667063,3.929013079667063
-122.49539017303616,491.145920351089,53.429952148230804,-135.89813682300624,503.67742668643666,55.82723041020743,-0.6900981947236448,0.0,-0.7237157464358271,3.929013079667063,3.929013079667063
-135.89813682300624,503.67742668643666,55.82723041020743,-149.30088347297635,516.2089330217842,58.22450867218405,-0.6900981947236448,0.0,-0.7237157464358271,3.929013079667063,3.929013079667063
-149.30088347297635,516.2089330217843,58.224508672184044,-136.32017605030885,527.8479936328486,54.25215857112696,-0.6900981947236448,0.0,-0.7237157464358271,3.929013079667063,3.929013079667063
-136.32017605030885,527.8479936328486,54.25215857112696,-123.33946862764137,539.4870542439128,50.279808470069874,-0.6900981947236448,0.0,-0.7237157464358271,3.929013079667063,3.929013079667063
-122.91742940033876,515.316487297501,51.85488030915034,-136.32017605030885,527.8479936328486,54.25215857112696,-0.6900981947236448,0.0,-0.7237157464358271,3.929013079667063,3.929013079667063
-136.32017605030885,527.8479936328486,54.25215857112696,-149.72292270027896,540.3794999681961,56.64943683310358,-0.6900981947236448,0.0,-0.7237157464358271,3.929013079667063,3.929013079667063
-149.72292270027896,540.3794999681961,56.64943683310358,-136.74221527761148,552.0185605792603,52.677086732046504,-0.6900981947236448,0.0,-0.7237157464358271,3.929013079667063,3.929013079667063
-136.74221527761148,552.0185605792603,52.677086732046504,-123.761507854944,563.6576211903247,48.704736630989416,-0.6900981947236448,0.0,-0.7237157464358271,3.929013079667063,3.929013079667063
-123.33946862764137,539.4870542439128,50.279808470069874,-136.74221527761148,552.0185605792603,52.677086732046504,-0.6900981947236448,0.0,-0.7237157464358271,3.929013079667063,3.929013079667063
-136.74221527761148,552.0185605792603,52.677086732046504,-150.1449619275816,564.550066914608,55.07436499402312,-0.6900981947236448,0.0,-0.7237157464358271,3.929013079667063,3.929013079667063
-150.1449619275816,564.550066914608,55.07436499402312,-137.16425450491408,576.1891275256722,51.10201489296604,-0.6900981947236448,0.0,-0.7237157464358271,3.929013079667063,3.929013079667063
-137.16425450491408,576.1891275256722,51.10201489296604,-124.1835470822466,587.8281881367365,47.12966479190896,-0.6900981947236448,0.0,-0.7237157464358271,3.929013079667063,3.929013079667063
-123.761507854944,563.6576211903247,48.704736630989416,-137.16425450491408,576.1891275256722,51.10201489296604,-0.6900981947236448,0.0,-0.7237157464358271,3.929013079667063,3.929013079667063
-137.16425450491408,576.1891275256722,51.10201489296604,-150.5670011548842,588.7206338610198,53.49929315494266,-0.6900981947236448,0.0,-0.7237157464358271,3.929013079667063,3.929013079667063
-150.5670011548842,588.7206338610198,53.49929315494266,-137.5862937322167,600.359694472084,49.52694305388558,-0.6900981947236448,0.0,-0.7237157464358271,3.929013079667063,3.929013079667063
-137.5862937322167,600.359694472084,49.52694305388558,-124.60558630954921,611.9987550831484,45.55459295282849,-0.6900981947236448,0.0,-0.7237157464358271,3.929013079667063,3.929013079667063
-124.1835470822466,587.8281881367365,47.12966479190896,-137.5862937322167,600.359694472084,49.52694305388558,-0.6900981947236448,0.0,-0.7237157464358271,3.929013079667063,3.929013079667063
-137.5862937322167,600.359694472084,49.52694305388558,-150.9890403821868,612.8912008074317,51.9242213158622,-0.6900981947236448,0.0,-0.7237157464358271,3.929013079667063,3.929013079667063
-150.9890403821868,612.8912008074317,51.9242213158622,-138.0083329595193,624.5302614184959,47.951871214805124,-0.6900981947236448,0.0,-0.7237157464358271,3.929013079667063,3.929013079667063
-138.0083329595193,624.5302614184959,47.951871214805124,-125.02762553685184,636.1693220295601,43.979521113748035,-0.6900981947236448,0.0,-0.7237157464358271,3.929013079667063,3.929013079667063
-124.60558630954921,611.9987550831484,45.55459295282849,-138.0083329595193,624.5302614184959,47.951871214805124,-0.6900981947236448,0.0,-0.7237157464358271,3.929013079667063,3.929013079667063
-138.0083329595193,624.5302614184959,47.951871214805124,-151.41107960948943,637.0617677538435,50.34914947678174,-0.6900981947236448,0.0,-0.7237157464358271,3.929013079667063,3.929013079667063
-151.41107960948943,637.0617677538436,50.34914947678173,-138.43037218682193,648.7008283649079,46.37679937572465,-0.6900981947236448,0.0,-0.7237157464358271,3.929013079667063,3.929013079667063
-138.43037218682193,648.7008283649079,46.37679937572465,-125.44966476415445,660.3398889759721,42.40444927466757,-0.6900981947236448,0.0,-0.7237157464358271,3.929013079667063,3.929013079667063
-125.02762553685184,636.1693220295602,43.97952111374803,-138.43037218682193,648.7008283649079,46.37679937572465,-0.6900981947236448,0.0,-0.7237157464358271,3.929013079667063,3.929013079667063
-138.43037218682193,648.7008283649079,46.37679937572465,-151.83311883679204,661.2323347002555,48.774077637701275,-0.6900981947236448,0.0,-0.7237157464358271,3.929013079667063,3.929013079667063
-151.83311883679204,661.2323347002555,48.774077637701275,-138.85241141412453,672.8713953113197,44.801727536644194,-0.6900981947236448,0.0,-0.7237157464358271,3.929013079667063,3.929013079667063
-138.85241141412453,672.8713953113197,44.801727536644194,-125.87170399145705,684.5104559223839,40.82937743558711,-0.6900981947236448,0.0,-0.7237157464358271,3.929013079667063,3.929013079667063
-125.44966476415445,660.3398889759721,42.40444927466757,-138.85241141412453,672.8713953113197,44.801727536644194,-0.6900981947236448,0.0,-0.7237157464358271,3.929013079667063,3.929013079667063
-138.85241141412453,672.8713953113197,44.801727536644194,-152.25515806409464,685.4029016466673,47.19900579862082,-0.6900981947236448,0.0,-0.7237157464358271,3.929013079667063,3.929013079667063
-152.25515806409464,685.4029016466673,47.19900579862082,-139.27445064142714,697.0419622577316,43.226655697563736,-0.6900981947236448,0.0,-0.7237157464358271,3.929013079667063,3.929013079667063
-139.27445064142714,697.0419622577316,43.226655697563736,-126.29374321875966,708.6810228687958,39.25430559650665,-0.6900981947236448,0.0,-0.7237157464358271,3.929013079667063,3.929013079667063
-125.87170399145705,684.5104559223839,40.82937743558711,-139.27445064142714,697.0419622577316,43.226655697563736,-0.6900981947236448,0.0,-0.7237157464358271,3.929013079667063,3.929013079667063
-139.27445064142714,697.0419622577316,43.226655697563736,-152.67719729139725,709.5734685930792,45.62393395954035,-0.6900981947236448,0.0,-0.7237157464358271,3.929013079667063,3.929013079667063
-152.67719729139725,709.5734685930792,45.62393395954035,-139.69648986872977,721.2125292041434,41.65158385848328,-0.6900981947236448,0.0,-0.7237157464358271,3.929013079667063,3.929013079667063
-139.69648986872977,721.2125292041434,41.65158385848328,-126.71578244606229,732.8515898152076,37.67923375742619,-0.6900981947236448,0.0,-0.7237157464358271,3.929013079667063,3.929013079667063
-126.29374321875966,708.6810228687958,39.25430559650665,-139.69648986872977,721.2125292041434,41.65158385848328,-0.6900981947236448,0.0,-0.7237157464358271,3.929013079667063,3.929013079667063
-139.69648986872977,721.2125292041434,41.65158385848328,-153.09923651869988,733.7440355394909,44.048862120459894,-0.6900981947236448,0.0,-0.7237157464358271,3.929013079667063,3.929013079667063
-153.09923651869988,733.7440355394909,44.048862120459894,-140.11852909603238,745.3830961505553,40.07651201940281,-0.6900981947236448,0.0,-0.7237157464358271,3.929013079667063,3.929013079667063
-140.11852909603238,745.3830961505553,40.07651201940281,-127.1378216733649,757.0221567616195,36.10416191834573,-0.6900981947236448,0.0,-0.7237157464358271,3.929013079667063,3.929013079667063
-126.71578244606229,732.8515898152076,37.67923375742619,-140.11852909603238,745.3830961505553,40.07651201940281,-0.6900981947236448,0.0,-0.7237157464358271,3.929013079667063,3.929013079667063
-140.11852909603238,745.3830961505553,40.07651201940281,-153.5212757460025,757.9146024859028,42.473790281379436,-0.6900981947236448,0.0,-0.7237157464358271,3.929013079667063,3.929013079667063
-153.5212757460025,757.914602485903,42.47379028137943,-140.54056832333498,769.5536630969672,38.50144018032235,-0.6900981947236448,0.0,-0.7237157464358271,3.929013079667063,3.929013079667063
-140.54056832333498,769.5536630969672,38.50144018032235,-127.5598609006675,781.1927237080315,34.52909007926526,-0.6900981947236448,0.0,-0.7237157464358271,3.929013079667063,3.929013079667063
-127.1378216733649,757.0221567616196,36.104161918345724,-140.54056832333498,769.5536630969672,38.50144018032235,-0.6900981947236448,0.0,-0.7237157464358271,3.929013079667063,3.929013079667063
-140.54056832333498,769.5536630969672,38.50144018032235,-153.9433149733051,782.0851694323148,40.898718442298964,-0.6900981947236448,0.0,-0.7237157464358271,3.929013079667063,3.929013079667063
-153.9433149733051,782.0851694323148,40.898718442298964,-140.96260755063759,793.7242300433791,36.92636834124189,-0.6900981947236448,0.0,-0.7237157464358271,3.929013079667063,3.929013079667063
-140.96260755063759,793.7242300433791,36.92636834124189,-127.98190012797014,805.3632906544433,32.9540182401848,-0.6900981947236448,0.0,-0.7237157464358271,3.929013079667063,3.929013079667063
-127.5598609006675,781.1927237080315,34.52909007926526,-140.96260755063759,793.7242300433791,36.92636834124189,-0.6900981947236448,0.0,-0.7237157464358271,3.929013079667063,3.929013079667063
-140.96260755063759,793.7242300433791,36.92636834124189,-154.36535420060773,806.2557363787266,39.323646603218506,-0.6900981947236448,0.0,-0.7237157464358271,3.929013079667063,3.929013079667063
-154.36535420060773,806.2557363787266,39.323646603218506,-141.38464677794022,817.8947969897908,35.351296502161425,-0.6900981947236448,0.0,-0.7237157464358271,3.929013079667063,3.929013079667063
-141.38464677794022,817.8947969897908,35.351296502161425,-128.40393935527274,829.5338576008552,31.378946401104344,-0.6900981947236448,0.0,-0.7237157464358271,3.929013079667063,3.929013079667063
-127.98190012797014,805.3632906544433,32.9540182401848,-141.38464677794022,817.8947969897908,35.351296502161425,-0.6900981947236448,0.0,-0.7237157464358271,3.929013079667063,3.929013079667063
-141.38464677794022,817.8947969897908,35.351296502161425,-154.78739342791033,830.4263033251385,37.74857476413805,-0.6900981947236448,0.0,-0.7237157464358271,3.929013079667063,3.929013079667063
-154.78739342791033,830.4263033251385,37.74857476413805,-141.80668600524282,842.0653639362027,33.77622466308097,-0.6900981947236448,0.0,-0.7237157464358271,3.929013079667063,3.929013079667063
-141.80668600524282,842.0653639362027,33.77622466308097,-128.82597858257535,853.704424547267,29.80387456202388,-0.6900981947236448,0.0,-0.7237157464358271,3.929013079667063,3.929013079667063
-128.40393935527274,829.5338576008552,31.378946401104344,-141.80668600524282,842.0653639362027,33.77622466308097,-0.6900981947236448,0.0,-0.7237157464358271,3.929013079667063,3.929013079667063
-141.80668600524282,842.0653639362027,33.77622466308097,-155.20943265521294,854.5968702715503,36.17350292505758,-0.6900981947236448,0.0,-0.7237157464358271,3.929013079667063,3.929013079667063
-155.20943265521294,854.5968702715503,36.17350292505758,-142.22872523254543,866.2359308826145,32.20115282400051,-0.6900981947236448,0.0,-0.7237157464358271,3.929013079667063,3.929013079667063
-142.22872523254543,866.2359308826145,32.20115282400051,-129.24801780987795,877.8749914936789,28.22880272294342,-0.6900981947236448,0.0,-0.7237157464358271,3.929013079667063,3.929013079667063
-128.82597858257535,853.704424547267,29.80387456202388,-142.22872523254543,866.2359308826145,32.20115282400051,-0.6900981947236448,0.0,-0.7237157464358271,3.929013079667063,3.929013079667063
-142.22872523254543,866.2359308826145,32.20115282400051,-155.63147188251554,878.7674372179622,34.598431085977126,-0.6900981947236448,0.0,-0.7237157464358271,3.929013079667063,3.929013079667063
-155.63147188251554,878.7674372179623,34.59843108597712,-142.65076445984806,890.4064978290265,30.626080984920037,-0.6900981947236448,0.0,-0.7237157464358271,3.929013079667063,3.929013079667063
-142.65076445984806,890.4064978290265,30.626080984920037,-129.67005703718058,902.0455584400908,26.653730883862956,-0.6900981947236448,0.0,-0.7237157464358271,3.929013079667063,3.929013079667063
-129.24801780987795,877.874991493679,28.228802722943414,-142.65076445984806,890.4064978290265,30.626080984920037,-0.6900981947236448,0.0,-0.7237157464358271,3.929013079667063,3.929013079667063
-142.65076445984806,890.4064978290265,30.626080984920037,-156.05351110981817,902.9380041643741,33.02335924689666,-0.6900981947236448,0.0,-0.7237157464358271,3.929013079667063,3.929013079667063
-156.05351110981817,902.9380041643741,33.02335924689666,-143.07280368715067,914.5770647754384,29.05100914583958,-0.6900981947236448,0.0,-0.7237157464358271,3.929013079667063,3.929013079667063
-143.07280368715067,914.5770647754384,29.05100914583958,-130.0920962644832,926.2161253865027,25.078659044782498,-0.6900981947236448,0.0,-0.7237157464358271,3.929013079667063,3.929013079667063
-129.67005703718058,902.0455584400908,26.653730883862956,-143.07280368715067,914.5770647754384,29.05100914583958,-0.6900981947236448,0.0,-0.7237157464358271,3.929013079667063,3.929013079667063
-143.07280368715067,914.5770647754384,29.05100914583958,-156.47555033712078,927.108571110786,31.448287407816203,-0.6900981947236448,0.0,-0.7237157464358271,3.929013079667063,3.929013079667063
-156.47555033712078,927.108571110786,31.448287407816203,-143.49484291445327,938.7476317218502,27.47593730675912,-0.6900981947236448,0.0,-0.7237157464358271,3.929013079667063,3.929013079667063
-143.49484291445327,938.7476317218502,27.47593730675912,-130.5141354917858,950.3866923329144,23.503587205702033,-0.6900981947236448,0.0,-0.7237157464358271,3.929013079667063,3.929013079667063
-130.0920962644832,926.2161253865027,25.078659044782498,-143.49484291445327,938.7476317218502,27.47593730675912,-0.6900981947236448,0.0,-0.7237157464358271,3.929013079667063,3.929013079667063
-143.49484291445327,938.7476317218502,27.47593730675912,-156.89758956442338,951.2791380571978,29.873215568735738,-0.6900981947236448,0.0,-0.7237157464358271,3.929013079667063,3.929013079667063
-156.89758956442338,951.2791380571978,29.873215568735738,-143.91688214175588,962.9181986682621,25.900865467678663,-0.6900981947236448,0.0,-0.7237157464358271,3.929013079667063,3.929013079667063
-143.91688214175588,962.9181986682621,25.900865467678663,-130.93617471908843,974.5572592793263,21.928515366621575,-0.6900981947236448,0.0,-0.7237157464358271,3.929013079667063,3.929013079667063
-130.5141354917858,950.3866923329144,23.503587205702033,-143.91688214175588,962.9181986682621,25.900865467678663,-0.6900981947236448,0.0,-0.7237157464358271,3.929013079667063,3.929013079667063
-143.91688214175588,962.9181986682621,25.900865467678663,-157.31962879172602,975.4497050036097,28.29814372965528,-0.6900981947236448,0.0,-0.7237157464358271,3.929013079667063,3.929013079667063
-157.31962879172602,975.4497050036097,28.29814372965528,-144.3389213690585,987.088765614674,24.3257936285982,-0.6900981947236448,0.0,-0.7237157464358271,3.929013079667063,3.929013079667063
-144.3389213690585,987.088765614674,24.3257936285982,-131.35821394639103,998.7278262257382,20.35344352754111,-0.6900981947236448,0.0,-0.7237157464358271,3.929013079667063,3.929013079667063
-130.93617471908843,974.5572592793263,21.928515366621575,-144.3389213690585,987.088765614674,24.3257936285982,-0.6900981947236448,0.0,-0.7237157464358271,3.929013079667063,3.929013079667063
-144.3389213690585,987.088765614674,24.3257936285982,-157.74166801902862,999.6202719500216,26.723071890574815,-0.6900981947236448,0.0,-0.7237157464358271,3.929013079667063,3.929013079667063
-157.74166801902862,999.6202719500216,26.723071890574815,-144.76096059636112,1011.259332561086,22.750721789517733,-0.6900981947236448,0.0,-0.7237157464358271,3.929013079667063,3.929013079667063
-144.76096059636112,1011.259332561086,22.750721789517733,-131.78025317369364,1022.8983931721502,18.778371688460645,-0.6900981947236448,0.0,-0.7237157464358271,3.929013079667063,3.929013079667063
-131.35821394639103,998.7278262257382,20.35344352754111,-144.76096059636112,1011.259332561086,22.750721789517733,-0.6900981947236448,0.0,-0.7237157464358271,3.929013079667063,3.929013079667063
-144.76096059636112,1011.259332561086,22.750721789517733,-158.16370724633123,1023.7908388964336,25.14800005149435,-0.6900981947236448,0.0,-0.7237157464358271,3.929013079667063,3.929013079667063
-158.16370724633123,1023.7908388964336,25.14800005149435,-145.18299982366372,1035.4298995074978,21.17564995043727,-0.6900981947236448,0.0,-0.7237157464358271,3.929013079667063,3.929013079667063
-145.18299982366372,1035.4298995074978,21.17564995043727,-132.20229240099624,1047.068960118562,17.203299849380194,-0.6900981947236448,0.0,-0.7237157464358271,3.929013079667063,3.929013079667063
-131.78025317369364,1022.8983931721502,18.778371688460645,-145.18299982366372,1035.4298995074978,21.17564995043727,-0.6900981947236448,0.0,-0.7237157464358271,3.929013079667063,3.929013079667063
-145.18299982366372,1035.4298995074978,21.17564995043727,-158.58574647363383,1047.9614058428454,23.5729282124139,-0.6900981947236448,0.0,-0.7237157464358271,3.929013079667063,3.929013079667063
-158.58574647363383,1047.9614058428454,23.5729282124139,-145.60503905096635,1059.6004664539096,19.600578111356818,-0.6900981947236448,0.0,-0.7237157464358271,3.929013079667063,3.929013079667063
-145.60503905096635,1059.6004664539096,19.600578111356818,-132.62433162829888,1071.2395270649738,15.62822801029973,-0.6900981947236448,0.0,-0.7237157464358271,3.929013079667063,3.929013079667063
-132.20229240099624,1047.068960118562,17.203299849380194,-145.60503905096635,1059.6004664539096,19.600578111356818,-0.6900981947236448,0.0,-0.7237157464358271,3.929013079667063,3.929013079667063
-145.60503905096635,1059.6004664539096,19.600578111356818,-159.00778570093647,1072.1319727892571,21.997856373333434,-0.6900981947236448,0.0,-0.7237157464358271,3.929013079667063,3.929013079667063
-159.00778570093647,1072.1319727892571,21.997856373333434,-146.02707827826896,1083.7710334003214,18.025506272276353,-0.6900981947236448,0.0,-0.7237157464358271,3.929013079667063,3.929013079667063
-146.02707827826896,1083.7710334003214,18.025506272276353,-133.04637085560148,1095.4100940113856,14.053156171219266,-0.6900981947236448,0.0,-0.7237157464358271,3.929013079667063,3.929013079667063
-132.62433162829888,1071.2395270649738,15.62822801029973,-146.02707827826896,1083.7710334003214,18.025506272276353,-0.6900981947236448,0.0,-0.7237157464358271,3.929013079667063,3.929013079667063
-146.02707827826896,1083.7710334003214,18.025506272276353,-159.42982492823907,1096.302539735669,20.42278453425297,-0.6900981947236448,0.0,-0.7237157464358271,3.929013079667063,3.929013079667063
-159.42982492823907,1096.302539735669,20.42278453425297,-146.44911750557156,1107.9416003467331,16.450434433195888,-0.6900981947236448,0.0,-0.7237157464358271,3.929013079667063,3.929013079667063
-146.44911750557156,1107.9416003467331,16.450434433195888,-133.4684100829041,1119.5806609577976,12.478084332138815,-0.6900981947236448,0.0,-0.7237157464358271,3.929013079667063,3.929013079667063
-133.04637085560148,1095.4100940113856,14.053156171219266,-146.44911750557156,1107.9416003467331,16.450434433195888,-0.6900981947236448,0.0,-0.7237157464358271,3.929013079667063,3.929013079667063
-146.44911750557156,1107.9416003467331,16.450434433195888,-159.85186415554168,1120.473106682081,18.84771269517252,-0.6900981947236448,0.0,-0.7237157464358271,3.929013079667063,3.929013079667063
-159.85186415554168,1120.473106682081,18.84771269517252,-146.87115673287417,1132.1121672931451,14.875362594115435,-0.6900981947236448,0.0,-0.7237157464358271,3.929013079667063,3.929013079667063
-146.87115673287417,1132.1121672931451,14.875362594115435,-133.8904493102067,1143.7512279042094,10.90301249305835,-0.6900981947236448,0.0,-0.7237157464358271,3.929013079667063,3.929013079667063
-133.4684100829041,1119.5806609577976,12.478084332138815,-146.87115673287417,1132.1121672931451,14.875362594115435,-0.6900981947236448,0.0,-0.7237157464358271,3.929013079667063,3.929013079667063
-146.87115673287417,1132.1121672931451,14.875362594115435,-160.27390338284428,1144.6436736284927,17.272640856092053,-0.6900981947236448,0.0,-0.7237157464358271,3.929013079667063,3.929013079667063
-148.53556598818983,31.905148369263635,63.69238980579227,-144.9088520712083,44.43665470461121,75.92163171025254,0.6900981947236448,0.0,-0.7237157464358271,3.929013079667063,3.929013079667063
-144.9088520712083,44.43665470461121,75.92163171025254,-141.28213815422671,56.968161039958794,88.15087361471281,0.6900981947236448,0.0,-0.7237157464358271,3.929013079667063,3.929013079667063
-140.8600989269241,32.79759409354693,89.72594545379327,-144.9088520712083,44.43665470461121,75.92163171025254,0.6900981947236448,0.0,-0.7237157464358271,3.929013079667063,3.929013079667063
-144.9088520712083,44.43665470461121,75.92163171025254,-148.95760521549244,56.0757153156755,62.1173179667118,0.6900981947236448,0.0,-0.7237157464358271,3.929013079667063,3.929013079667063
-148.95760521549244,56.0757153156755,62.1173179667118,-145.3308912985109,68.60722165102305,74.34655987117208,0.6900981947236448,0.0,-0.7237157464358271,3.929013079667063,3.929013079667063
-145.3308912985109,68.60722165102305,74.34655987117208,-141.70417738152932,81.13872798637064,86.57580177563234,0.6900981947236448,0.0,-0.7237157464358271,3.929013079667063,3.929013079667063
-141.28213815422671,56.968161039958794,88.15087361471281,-145.3308912985109,68.60722165102305,74.34655987117208,0.6900981947236448,0.0,-0.7237157464358271,3.929013079667063,3.929013079667063
-145.3308912985109,68.60722165102305,74.34655987117208,-149.37964444279504,80.24628226208736,60.54224612763134,0.6900981947236448,0.0,-0.7237157464358271,3.929013079667063,3.929013079667063
-149.37964444279504,80.24628226208736,60.54224612763134,-145.7529305258135,92.77778859743492,72.77148803209161,0.6900981947236448,0.0,-0.7237157464358271,3.929013079667063,3.929013079667063
-145.7529305258135,92.77778859743492,72.77148803209161,-142.12621660883195,105.3092949327825,85.00072993655188,0.6900981947236448,0.0,-0.7237157464358271,3.929013079667063,3.929013079667063
-141.70417738152932,81.13872798637064,86.57580177563234,-145.7529305258135,92.77778859743492,72.77148803209161,0.6900981947236448,0.0,-0.7237157464358271,3.929013079667063,3.929013079667063
-145.7529305258135,92.77778859743492,72.77148803209161,-149.80168367009767,104.41684920849923,58.96717428855087,0.6900981947236448,0.0,-0.7237157464358271,3.929013079667063,3.929013079667063
-149.80168367009767,104.4168492084992,58.967174288550886,-146.1749697531161,116.94835554384679,71.19641619301116,0.6900981947236448,0.0,-0.7237157464358271,3.929013079667063,3.929013079667063
-146.1749697531161,116.94835554384679,71.19641619301116,-142.54825583613456,129.47986187919437,83.42565809747143,0.6900981947236448,0.0,-0.7237157464358271,3.929013079667063,3.929013079667063
-142.12621660883195,105.30929493278248,85.00072993655189,-146.1749697531161,116.94835554384679,71.19641619301116,0.6900981947236448,0.0,-0.7237157464358271,3.929013079667063,3.929013079667063
-146.1749697531161,116.94835554384679,71.19641619301116,-150.22372289740028,128.5874161549111,57.39210244947042,0.6900981947236448,0.0,-0.7237157464358271,3.929013079667063,3.929013079667063
-150.22372289740028,128.5874161549111,57.39210244947042,-146.5970089804187,141.11892249025868,69.6213443539307,0.6900981947236448,0.0,-0.7237157464358271,3.929013079667063,3.929013079667063
-146.5970089804187,141.11892249025868,69.6213443539307,-142.97029506343716,153.65042882560624,81.85058625839096,0.6900981947236448,0.0,-0.7237157464358271,3.929013079667063,3.929013079667063
-142.54825583613456,129.47986187919437,83.42565809747143,-146.5970089804187,141.11892249025868,69.6213443539307,0.6900981947236448,0.0,-0.7237157464358271,3.929013079667063,3.929013079667063
-146.5970089804187,141.11892249025868,69.6213443539307,-150.64576212470288,152.75798310132296,55.817030610389956,0.6900981947236448,0.0,-0.7237157464358271,3.929013079667063,3.929013079667063
-150.64576212470288,152.75798310132296,55.817030610389956,-147.0190482077213,165.28948943667055,68.04627251485023,0.6900981947236448,0.0,-0.7237157464358271,3.929013079667063,3.929013079667063
-147.0190482077213,165.28948943667055,68.04627251485023,-143.39233429073977,177.8209957720181,80.2755144193105,0.6900981947236448,0.0,-0.7237157464358271,3.929013079667063,3.929013079667063
-142.97029506343716,153.65042882560624,81.85058625839096,-147.0190482077213,165.28948943667055,68.04627251485023,0.6900981947236448,0.0,-0.7237157464358271,3.929013079667063,3.929013079667063
-147.0190482077213,165.28948943667055,68.04627251485023,-151.0678013520055,176.92855004773483,54.24195877130949,0.6900981947236448,0.0,-0.7237157464358271,3.929013079667063,3.929013079667063
-151.0678013520055,176.92855004773483,54.24195877130949,-147.44108743502397,189.4600563830824,66.47120067576977,0.6900981947236448,0.0,-0.7237157464358271,3.929013079667063,3.929013079667063
-147.44108743502397,189.4600563830824,66.47120067576977,-143.8143735180424,201.99156271842995,78.70044258023003,0.6900981947236448,0.0,-0.7237157464358271,3.929013079667063,3.929013079667063
-143.39233429073977,177.8209957720181,80.2755144193105,-147.44108743502397,189.4600563830824,66.47120067576977,0.6900981947236448,0.0,-0.7237157464358271,3.929013079667063,3.929013079667063
-147.44108743502397,189.4600563830824,66.47120067576977,-151.48984057930812,201.09911699414667,52.66688693222903,0.6900981947236448,0.0,-0.7237157464358271,3.929013079667063,3.929013079667063
-151.48984057930812,201.0991169941467,52.66688693222903,-147.86312666232658,213.63062332949428,64.8961288366893,0.6900981947236448,0.0,-0.7237157464358271,3.929013079667063,3.929013079667063
-147.86312666232658,213.63062332949428,64.8961288366893,-144.236412745345,226.16212966484179,77.12537074114958,0.6900981947236448,0.0,-0.7237157464358271,3.929013079667063,3.929013079667063
-143.8143735180424,201.99156271842998,78.70044258023003,-147.86312666232658,213.63062332949428,64.8961288366893,0.6900981947236448,0.0,-0.7237157464358271,3.929013079667063,3.929013079667063
-147.86312666232658,213.63062332949428,64.8961288366893,-151.91187980661073,225.2696839405585,51.091815093148575,0.6900981947236448,0.0,-0.7237157464358271,3.929013079667063,3.929013079667063
-151.91187980661073,225.26968394055856,51.091815093148575,-148.28516588962918,237.80119027590612,63.32105699760884,0.6900981947236448,0.0,-0.7237157464358271,3.929013079667063,3.929013079667063
-148.28516588962918,237.80119027590612,63.32105699760884,-144.6584519726476,250.33269661125368,75.55029890206912,0.6900981947236448,0.0,-0.7237157464358271,3.929013079667063,3.929013079667063
-144.236412745345,226.16212966484184,77.12537074114958,-148.28516588962918,237.80119027590612,63.32105699760884,0.6900981947236448,0.0,-0.7237157464358271,3.929013079667063,3.929013079667063
-148.28516588962918,237.80119027590612,63.32105699760884,-152.33391903391333,249.4402508869704,49.51674325406811,0.6900981947236448,0.0,-0.7237157464358271,3.929013079667063,3.929013079667063
-152.33391903391333,249.4402508869704,49.51674325406811,-148.7072051169318,261.97175722231805,61.74598515852838,0.6900981947236448,0.0,-0.7237157464358271,3.929013079667063,3.929013079667063
-148.7072051169318,261.97175722231805,61.74598515852838,-145.08049119995022,274.50326355766555,73.97522706298865,0.6900981947236448,0.0,-0.7237157464358271,3.929013079667063,3.929013079667063
-144.6584519726476,250.33269661125368,75.55029890206912,-148.7072051169318,261.97175722231805,61.74598515852838,0.6900981947236448,0.0,-0.7237157464358271,3.929013079667063,3.929013079667063
-148.7072051169318,261.97175722231805,61.74598515852838,-152.75595826121594,273.61081783338227,47.941671414987646,0.6900981947236448,0.0,-0.7237157464358271,3.929013079667063,3.929013079667063
-152.75595826121594,273.61081783338227,47.941671414987646,-149.1292443442344,286.1423241687299,60.17091331944792,0.6900981947236448,0.0,-0.7237157464358271,3.929013079667063,3.929013079667063
-149.1292443442344,286.1423241687299,60.17091331944792,-145.50253042725285,298.6738305040774,72.4001552239082,0.6900981947236448,0.0,-0.7237157464358271,3.929013079667063,3.929013079667063
-145.08049119995022,274.50326355766555,73.97522706298865,-149.1292443442344,286.1423241687299,60.17091331944792,0.6900981947236448,0.0,-0.7237157464358271,3.929013079667063,3.929013079667063
-149.1292443442344,286.1423241687299,60.17091331944792,-153.17799748851857,297.7813847797941,46.366599575907195,0.6900981947236448,0.0,-0.7237157464358271,3.929013079667063,3.929013079667063
-153.17799748851857,297.7813847797941,46.366599575907195,-149.551283571537,310.3128911151417,58.59584148036746,0.6900981947236448,0.0,-0.7237157464358271,3.929013079667063,3.929013079667063
-149.551283571537,310.3128911151417,58.59584148036746,-145.92456965455546,322.8443974504892,70.82508338482774,0.6900981947236448,0.0,-0.7237157464358271,3.929013079667063,3.929013079667063
-145.50253042725285,298.6738305040774,72.4001552239082,-149.551283571537,310.3128911151417,58.59584148036746,0.6900981947236448,0.0,-0.7237157464358271,3.929013079667063,3.929013079667063
-149.551283571537,310.3128911151417,58.59584148036746,-153.60003671582118,321.95195172620595,44.79152773682673,0.6900981947236448,0.0,-0.7237157464358271,3.929013079667063,3.929013079667063
-153.60003671582118,321.95195172620595,44.79152773682673,-149.9733227988396,334.48345806155356,57.020769641286996,0.6900981947236448,0.0,-0.7237157464358271,3.929013079667063,3.929013079667063
-149.9733227988396,334.48345806155356,57.020769641286996,-146.34660888185806,347.0149643969011,69.25001154574727,0.6900981947236448,0.0,-0.7237157464358271,3.929013079667063,3.929013079667063
-145.92456965455546,322.8443974504892,70.82508338482774,-149.9733227988396,334.48345806155356,57.020769641286996,0.6900981947236448,0.0,-0.7237157464358271,3.929013079667063,3.929013079667063
-149.9733227988396,334.48345806155356,57.020769641286996,-154.02207594312378,346.12251867261784,43.216455897746265,0.6900981947236448,0.0,-0.7237157464358271,3.929013079667063,3.929013079667063
-154.02207594312378,346.12251867261784,43.216455897746265,-150.3953620261422,358.6540250079654,55.44569780220654,0.6900981947236448,0.0,-0.7237157464358271,3.929013079667063,3.929013079667063
-150.3953620261422,358.6540250079654,55.44569780220654,-146.7686481091607,371.18553134331296,67.67493970666682,0.6900981947236448,0.0,-0.7237157464358271,3.929013079667063,3.929013079667063
-146.34660888185806,347.0149643969011,69.25001154574727,-150.3953620261422,358.6540250079654,55.44569780220654,0.6900981947236448,0.0,-0.7237157464358271,3.929013079667063,3.929013079667063
-150.3953620261422,358.6540250079654,55.44569780220654,-154.44411517042641,370.2930856190297,41.641384058665814,0.6900981947236448,0.0,-0.7237157464358271,3.929013079667063,3.929013079667063
-154.44411517042641,370.2930856190297,41.641384058665814,-150.81740125344487,382.82459195437724,53.87062596312608,0.6900981947236448,0.0,-0.7237157464358271,3.929013079667063,3.929013079667063
-150.81740125344487,382.82459195437724,53.87062596312608,-147.1906873364633,395.3560982897248,66.09986786758635,0.6900981947236448,0.0,-0.7237157464358271,3.929013079667063,3.929013079667063
-146.7686481091607,371.18553134331296,67.67493970666682,-150.81740125344487,382.82459195437724,53.87062596312608,0.6900981947236448,0.0,-0.7237157464358271,3.929013079667063,3.929013079667063
-150.81740125344487,382.82459195437724,53.87062596312608,-154.86615439772902,394.4636525654415,40.06631221958535,0.6900981947236448,0.0,-0.7237157464358271,3.929013079667063,3.929013079667063
-154.86615439772902,394.46365256544163,40.06631221958534,-151.23944048074748,406.9951589007892,52.295554124045616,0.6900981947236448,0.0,-0.7237157464358271,3.929013079667063,3.929013079667063
-151.23944048074748,406.9951589007892,52.295554124045616,-147.6127265637659,419.52666523613675,64.52479602850589,0.6900981947236448,0.0,-0.7237157464358271,3.929013079667063,3.929013079667063
-147.1906873364633,395.3560982897249,66.09986786758634,-151.23944048074748,406.9951589007892,52.295554124045616,0.6900981947236448,0.0,-0.7237157464358271,3.929013079667063,3.929013079667063
-151.23944048074748,406.9951589007892,52.295554124045616,-155.28819362503162,418.6342195118535,38.491240380504884,0.6900981947236448,0.0,-0.7237157464358271,3.929013079667063,3.929013079667063
-155.28819362503162,418.6342195118535,38.491240380504884,-151.66147970805008,431.16572584720103,50.72048228496515,0.6900981947236448,0.0,-0.7237157464358271,3.929013079667063,3.929013079667063
-151.66147970805008,431.16572584720103,50.72048228496515,-148.0347657910685,443.6972321825486,62.949724189425424,0.6900981947236448,0.0,-0.7237157464358271,3.929013079667063,3.929013079667063
-147.6127265637659,419.52666523613675,64.52479602850589,-151.66147970805008,431.16572584720103,50.72048228496515,0.6900981947236448,0.0,-0.7237157464358271,3.929013079667063,3.929013079667063
-151.66147970805008,431.16572584720103,50.72048228496515,-155.71023285233423,442.8047864582653,36.91616854142442,0.6900981947236448,0.0,-0.7237157464358271,3.929013079667063,3.929013079667063
-155.71023285233423,442.8047864582653,36.91616854142442,-152.08351893535269,455.33629279361287,49.14541044588469,0.6900981947236448,0.0,-0.7237157464358271,3.929013079667063,3.929013079667063
-152.08351893535269,455.33629279361287,49.14541044588469,-148.45680501837114,467.86779912896054,61.37465235034497,0.6900981947236448,0.0,-0.7237157464358271,3.929013079667063,3.929013079667063
-148.0347657910685,443.6972321825486,62.949724189425424,-152.08351893535269,455.33629279361287,49.14541044588469,0.6900981947236448,0.0,-0.7237157464358271,3.929013079667063,3.929013079667063
-152.08351893535269,455.33629279361287,49.14541044588469,-156.13227207963686,466.9753534046772,35.34109670234396,0.6900981947236448,0.0,-0.7237157464358271,3.929013079667063,3.929013079667063
-156.13227207963686,466.9753534046772,35.34109670234396,-152.5055581626553,479.50685974002477,47.570338606804235,0.6900981947236448,0.0,-0.7237157464358271,3.929013079667063,3.929013079667063
-152.5055581626553,479.50685974002477,47.570338606804235,-148.87884424567375,492.0383660753723,59.79958051126451,0.6900981947236448,0.0,-0.7237157464358271,3.929013079667063,3.929013079667063
-148.45680501837114,467.86779912896054,61.37465235034497,-152.5055581626553,479.50685974002477,47.570338606804235,0.6900981947236448,0.0,-0.7237157464358271,3.929013079667063,3.929013079667063
-152.5055581626553,479.50685974002477,47.570338606804235,-156.55431130693947,491.145920351089,33.7660248632635,0.6900981947236448,0.0,-0.7237157464358271,3.929013079667063,3.929013079667063
-156.55431130693947,491.145920351089,33.7660248632635,-152.9275973899579,503.67742668643666,45.99526676772377,0.6900981947236448,0.0,-0.7237157464358271,3.929013079667063,3.929013079667063
-152.9275973899579,503.67742668643666,45.99526676772377,-149.30088347297635,516.2089330217842,58.22450867218405,0.6900981947236448,0.0,-0.7237157464358271,3.929013079667063,3.929013079667063
-148.87884424567375,492.0383660753723,59.79958051126451,-152.9275973899579,503.67742668643666,45.99526676772377,0.6900981947236448,0.0,-0.7237157464358271,3.929013079667063,3.929013079667063
-152.9275973899579,503.67742668643666,45.99526676772377,-156.97635053424207,515.3164872975009,32.190953024183045,0.6900981947236448,0.0,-0.7237157464358271,3.929013079667063,3.929013079667063
-156.97635053424207,515.316487297501,32.19095302418304,-153.3496366172605,527.8479936328486,44.420194928643305,0.6900981947236448,0.0,-0.7237157464358271,3.929013079667063,3.929013079667063
-153.3496366172605,527.8479936328486,44.420194928643305,-149.72292270027896,540.3794999681961,56.64943683310358,0.6900981947236448,0.0,-0.7237157464358271,3.929013079667063,3.929013079667063
-149.30088347297635,516.2089330217843,58.224508672184044,-153.3496366172605,527.8479936328486,44.420194928643305,0.6900981947236448,0.0,-0.7237157464358271,3.929013079667063,3.929013079667063
-153.3496366172605,527.8479936328486,44.420194928643305,-157.39838976154468,539.4870542439128,30.615881185102573,0.6900981947236448,0.0,-0.7237157464358271,3.929013079667063,3.929013079667063
-157.39838976154468,539.4870542439128,30.615881185102573,-153.77167584456316,552.0185605792603,42.84512308956285,0.6900981947236448,0.0,-0.7237157464358271,3.929013079667063,3.929013079667063
-153.77167584456316,552.0185605792603,42.84512308956285,-150.1449619275816,564.550066914608,55.07436499402312,0.6900981947236448,0.0,-0.7237157464358271,3.929013079667063,3.929013079667063
-149.72292270027896,540.3794999681961,56.64943683310358,-153.77167584456316,552.0185605792603,42.84512308956285,0.6900981947236448,0.0,-0.7237157464358271,3.929013079667063,3.929013079667063
-153.77167584456316,552.0185605792603,42.84512308956285,-157.8204289888473,563.6576211903247,29.040809346022115,0.6900981947236448,0.0,-0.7237157464358271,3.929013079667063,3.929013079667063
-157.8204289888473,563.6576211903247,29.040809346022115,-154.19371507186577,576.1891275256722,41.27005125048238,0.6900981947236448,0.0,-0.7237157464358271,3.929013079667063,3.929013079667063
-154.19371507186577,576.1891275256722,41.27005125048238,-150.5670011548842,588.7206338610198,53.49929315494266,0.6900981947236448,0.0,-0.7237157464358271,3.929013079667063,3.929013079667063
-150.1449619275816,564.550066914608,55.07436499402312,-154.19371507186577,576.1891275256722,41.27005125048238,0.6900981947236448,0.0,-0.7237157464358271,3.929013079667063,3.929013079667063
-154.19371507186577,576.1891275256722,41.27005125048238,-158.24246821614992,587.8281881367365,27.465737506941657,0.6900981947236448,0.0,-0.7237157464358271,3.929013079667063,3.929013079667063
-158.24246821614992,587.8281881367365,27.465737506941657,-154.61575429916837,600.359694472084,39.694979411401924,0.6900981947236448,0.0,-0.7237157464358271,3.929013079667063,3.929013079667063
-154.61575429916837,600.359694472084,39.694979411401924,-150.9890403821868,612.8912008074317,51.9242213158622,0.6900981947236448,0.0,-0.7237157464358271,3.929013079667063,3.929013079667063
-150.5670011548842,588.7206338610198,53.49929315494266,-154.61575429916837,600.359694472084,39.694979411401924,0.6900981947236448,0.0,-0.7237157464358271,3.929013079667063,3.929013079667063
-154.61575429916837,600.359694472084,39.694979411401924,-158.66450744345252,611.9987550831484,25.890665667861192,0.6900981947236448,0.0,-0.7237157464358271,3.929013079667063,3.929013079667063
-158.66450744345252,611.9987550831484,25.890665667861192,-155.03779352647098,624.5302614184959,38.119907572321466,0.6900981947236448,0.0,-0.7237157464358271,3.929013079667063,3.929013079667063
-155.03779352647098,624.5302614184959,38.119907572321466,-151.41107960948943,637.0617677538435,50.34914947678174,0.6900981947236448,0.0,-0.7237157464358271,3.929013079667063,3.929013079667063
-150.9890403821868,612.8912008074317,51.9242213158622,-155.03779352647098,624.5302614184959,38.119907572321466,0.6900981947236448,0.0,-0.7237157464358271,3.929013079667063,3.929013079667063
-155.03779352647098,624.5302614184959,38.119907572321466,-159.08654667075515,636.1693220295601,24.315593828780734,0.6900981947236448,0.0,-0.7237157464358271,3.929013079667063,3.929013079667063
-159.08654667075515,636.1693220295602,24.315593828780727,-155.45983275377358,648.7008283649079,36.544835733240994,0.6900981947236448,0.0,-0.7237157464358271,3.929013079667063,3.929013079667063
-155.45983275377358,648.7008283649079,36.544835733240994,-151.83311883679204,661.2323347002555,48.774077637701275,0.6900981947236448,0.0,-0.7237157464358271,3.929013079667063,3.929013079667063
-151.41107960948943,637.0617677538436,50.34914947678173,-155.45983275377358,648.7008283649079,36.544835733240994,0.6900981947236448,0.0,-0.7237157464358271,3.929013079667063,3.929013079667063
-155.45983275377358,648.7008283649079,36.544835733240994,-159.50858589805776,660.3398889759721,22.74052198970027,0.6900981947236448,0.0,-0.7237157464358271,3.929013079667063,3.929013079667063
-159.50858589805776,660.3398889759721,22.74052198970027,-155.8818719810762,672.8713953113197,34.969763894160536,0.6900981947236448,0.0,-0.7237157464358271,3.929013079667063,3.929013079667063
-155.8818719810762,672.8713953113197,34.969763894160536,-152.25515806409464,685.4029016466673,47.19900579862082,0.6900981947236448,0.0,-0.7237157464358271,3.929013079667063,3.929013079667063
-151.83311883679204,661.2323347002555,48.774077637701275,-155.8818719810762,672.8713953113197,34.969763894160536,0.6900981947236448,0.0,-0.7237157464358271,3.929013079667063,3.929013079667063
-155.8818719810762,672.8713953113197,34.969763894160536,-159.93062512536036,684.5104559223839,21.16545015061981,0.6900981947236448,0.0,-0.7237157464358271,3.929013079667063,3.929013079667063
-159.93062512536036,684.5104559223839,21.16545015061981,-156.3039112083788,697.0419622577316,33.39469205508008,0.6900981947236448,0.0,-0.7237157464358271,3.929013079667063,3.929013079667063
-156.3039112083788,697.0419622577316,33.39469205508008,-152.67719729139725,709.5734685930792,45.62393395954035,0.6900981947236448,0.0,-0.7237157464358271,3.929013079667063,3.929013079667063
-152.25515806409464,685.4029016466673,47.19900579862082,-156.3039112083788,697.0419622577316,33.39469205508008,0.6900981947236448,0.0,-0.7237157464358271,3.929013079667063,3.929013079667063
-156.3039112083788,697.0419622577316,33.39469205508008,-160.35266435266297,708.6810228687958,19.590378311539347,0.6900981947236448,0.0,-0.7237157464358271,3.929013079667063,3.929013079667063
-160.35266435266297,708.6810228687958,19.590378311539347,-156.72595043568145,721.2125292041434,31.81962021599962,0.6900981947236448,0.0,-0.7237157464358271,3.929013079667063,3.929013079667063
-156.72595043568145,721.2125292041434,31.81962021599962,-153.09923651869988,733.7440355394909,44.048862120459894,0.6900981947236448,0.0,-0.7237157464358271,3.929013079667063,3.929013079667063
-152.67719729139725,709.5734685930792,45.62393395954035,-156.72595043568145,721.2125292041434,31.81962021599962,0.6900981947236448,0.0,-0.7237157464358271,3.929013079667063,3.929013079667063
-156.72595043568145,721.2125292041434,31.81962021599962,-160.7747035799656,732.8515898152076,18.01530647245889,0.6900981947236448,0.0,-0.7237157464358271,3.929013079667063,3.929013079667063
-160.7747035799656,732.8515898152076,18.01530647245889,-157.14798966298406,745.3830961505553,30.244548376919155,0.6900981947236448,0.0,-0.7237157464358271,3.929013079667063,3.929013079667063
-157.14798966298406,745.3830961505553,30.244548376919155,-153.5212757460025,757.9146024859028,42.473790281379436,0.6900981947236448,0.0,-0.7237157464358271,3.929013079667063,3.929013079667063
-153.09923651869988,733.7440355394909,44.048862120459894,-157.14798966298406,745.3830961505553,30.244548376919155,0.6900981947236448,0.0,-0.7237157464358271,3.929013079667063,3.929013079667063
-157.14798966298406,745.3830961505553,30.244548376919155,-161.1967428072682,757.0221567616195,16.44023463337843,0.6900981947236448,0.0,-0.7237157464358271,3.929013079667063,3.929013079667063
-161.1967428072682,757.0221567616196,16.440234633378424,-157.57002889028666,769.5536630969672,28.66947653783869,0.6900981947236448,0.0,-0.7237157464358271,3.929013079667063,3.929013079667063
-157.57002889028666,769.5536630969672,28.66947653783869,-153.9433149733051,782.0851694323148,40.898718442298964,0.6900981947236448,0.0,-0.7237157464358271,3.929013079667063,3.929013079667063
-153.5212757460025,757.914602485903,42.47379028137943,-157.57002889028666,769.5536630969672,28.66947653783869,0.6900981947236448,0.0,-0.7237157464358271,3.929013079667063,3.929013079667063
-157.57002889028666,769.5536630969672,28.66947653783869,-161.6187820345708,781.1927237080315,14.865162794297957,0.6900981947236448,0.0,-0.7237157464358271,3.929013079667063,3.929013079667063
-161.6187820345708,781.1927237080315,14.865162794297957,-157.99206811758927,793.7242300433791,27.094404698758233,0.6900981947236448,0.0,-0.7237157464358271,3.929013079667063,3.929013079667063
-157.99206811758927,793.7242300433791,27.094404698758233,-154.36535420060773,806.2557363787266,39.323646603218506,0.6900981947236448,0.0,-0.7237157464358271,3.929013079667063,3.929013079667063
-153.9433149733051,782.0851694323148,40.898718442298964,-157.99206811758927,793.7242300433791,27.094404698758233,0.6900981947236448,0.0,-0.7237157464358271,3.929013079667063,3.929013079667063
-157.99206811758927,793.7242300433791,27.094404698758233,-162.04082126187345,805.3632906544433,13.290090955217499,0.6900981947236448,0.0,-0.7237157464358271,3.929013079667063,3.929013079667063
-162.04082126187345,805.3632906544433,13.290090955217499,-158.41410734489187,817.8947969897908,25.519332859677768,0.6900981947236448,0.0,-0.7237157464358271,3.929013079667063,3.929013079667063
-158.41410734489187,817.8947969897908,25.519332859677768,-154.78739342791033,830.4263033251385,37.74857476413805,0.6900981947236448,0.0,-0.7237157464358271,3.929013079667063,3.929013079667063
-154.36535420060773,806.2557363787266,39.323646603218506,-158.41410734489187,817.8947969897908,25.519332859677768,0.6900981947236448,0.0,-0.7237157464358271,3.929013079667063,3.929013079667063
-158.41410734489187,817.8947969897908,25.519332859677768,-162.46286048917605,829.5338576008552,11.715019116137041,0.6900981947236448,0.0,-0.7237157464358271,3.929013079667063,3.929013079667063
-162.46286048917605,829.5338576008552,11.715019116137041,-158.83614657219448,842.0653639362027,23.94426102059731,0.6900981947236448,0.0,-0.7237157464358271,3.929013079667063,3.929013079667063
-158.83614657219448,842.0653639362027,23.94426102059731,-155.20943265521294,854.5968702715503,36.17350292505758,0.6900981947236448,0.0,-0.7237157464358271,3.929013079667063,3.929013079667063
-154.78739342791033,830.4263033251385,37.74857476413805,-158.83614657219448,842.0653639362027,23.94426102059731,0.6900981947236448,0.0,-0.7237157464358271,3.929013079667063,3.929013079667063
-158.83614657219448,842.0653639362027,23.94426102059731,-162.88489971647866,853.704424547267,10.139947277056576,0.6900981947236448,0.0,-0.7237157464358271,3.929013079667063,3.929013079667063
-162.88489971647866,853.704424547267,10.139947277056576,-159.25818579949708,866.2359308826145,22.36918918151685,0.6900981947236448,0.0,-0.7237157464358271,3.929013079667063,3.929013079667063
-159.25818579949708,866.2359308826145,22.36918918151685,-155.63147188251554,878.7674372179622,34.598431085977126,0.6900981947236448,0.0,-0.7237157464358271,3.929013079667063,3.929013079667063
-155.20943265521294,854.5968702715503,36.17350292505758,-159.25818579949708,866.2359308826145,22.36918918151685,0.6900981947236448,0.0,-0.7237157464358271,3.929013079667063,3.929013079667063
-159.25818579949708,866.2359308826145,22.36918918151685,-163.30693894378126,877.8749914936789,8.564875437976118,0.6900981947236448,0.0,-0.7237157464358271,3.929013079667063,3.929013079667063
-163.30693894378126,877.874991493679,8.564875437976111,-159.68022502679975,890.4064978290265,20.79411734243638,0.6900981947236448,0.0,-0.7237157464358271,3.929013079667063,3.929013079667063
-159.68022502679975,890.4064978290265,20.79411734243638,-156.05351110981817,902.9380041643741,33.02335924689666,0.6900981947236448,0.0,-0.7237157464358271,3.929013079667063,3.929013079667063
-155.63147188251554,878.7674372179623,34.59843108597712,-159.68022502679975,890.4064978290265,20.79411734243638,0.6900981947236448,0.0,-0.7237157464358271,3.929013079667063,3.929013079667063
-159.68022502679975,890.4064978290265,20.79411734243638,-163.7289781710839,902.0455584400908,6.989803598895653,0.6900981947236448,0.0,-0.7237157464358271,3.929013079667063,3.929013079667063
-163.7289781710839,902.0455584400908,6.989803598895653,-160.10226425410235,914.5770647754384,19.21904550335592,0.6900981947236448,0.0,-0.7237157464358271,3.929013079667063,3.929013079667063
-160.10226425410235,914.5770647754384,19.21904550335592,-156.47555033712078,927.108571110786,31.448287407816203,0.6900981947236448,0.0,-0.7237157464358271,3.929013079667063,3.929013079667063
-156.05351110981817,902.9380041643741,33.02335924689666,-160.10226425410235,914.5770647754384,19.21904550335592,0.6900981947236448,0.0,-0.7237157464358271,3.929013079667063,3.929013079667063
-160.10226425410235,914.5770647754384,19.21904550335592,-164.1510173983865,926.2161253865027,5.414731759815195,0.6900981947236448,0.0,-0.7237157464358271,3.929013079667063,3.929013079667063
-164.1510173983865,926.2161253865027,5.414731759815195,-160.52430348140496,938.7476317218502,17.643973664275464,0.6900981947236448,0.0,-0.7237157464358271,3.929013079667063,3.929013079667063
-160.52430348140496,938.7476317218502,17.643973664275464,-156.89758956442338,951.2791380571978,29.873215568735738,0.6900981947236448,0.0,-0.7237157464358271,3.929013079667063,3.929013079667063
-156.47555033712078,927.108571110786,31.448287407816203,-160.52430348140496,938.7476317218502,17.643973664275464,0.6900981947236448,0.0,-0.7237157464358271,3.929013079667063,3.929013079667063
-160.52430348140496,938.7476317218502,17.643973664275464,-164.5730566256891,950.3866923329144,3.8396599207347304,0.6900981947236448,0.0,-0.7237157464358271,3.929013079667063,3.929013079667063
-164.5730566256891,950.3866923329144,3.8396599207347304,-160.94634270870756,962.9181986682621,16.068901825195006,0.6900981947236448,0.0,-0.7237157464358271,3.929013079667063,3.929013079667063
-160.94634270870756,962.9181986682621,16.068901825195006,-157.31962879172602,975.4497050036097,28.29814372965528,0.6900981947236448,0.0,-0.7237157464358271,3.929013079667063,3.929013079667063
-156.89758956442338,951.2791380571978,29.873215568735738,-160.94634270870756,962.9181986682621,16.068901825195006,0.6900981947236448,0.0,-0.7237157464358271,3.929013079667063,3.929013079667063
-160.94634270870756,962.9181986682621,16.068901825195006,-164.99509585299174,974.5572592793263,2.2645880816542725,0.6900981947236448,0.0,-0.7237157464358271,3.929013079667063,3.929013079667063
-164.99509585299174,974.5572592793263,2.2645880816542725,-161.36838193601017,987.088765614674,14.493829986114543,0.6900981947236448,0.0,-0.7237157464358271,3.929013079667063,3.929013079667063
-161.36838193601017,987.088765614674,14.493829986114543,-157.74166801902862,999.6202719500216,26.723071890574815,0.6900981947236448,0.0,-0.7237157464358271,3.929013079667063,3.929013079667063
-157.31962879172602,975.4497050036097,28.29814372965528,-161.36838193601017,987.088765614674,14.493829986114543,0.6900981947236448,0.0,-0.7237157464358271,3.929013079667063,3.929013079667063
-161.36838193601017,987.088765614674,14.493829986114543,-165.41713508029434,998.7278262257382,0.6895162425738075,0.6900981947236448,0.0,-0.7237157464358271,3.929013079667063,3.929013079667063
-165.41713508029434,998.7278262257382,0.6895162425738075,-161.79042116331277,1011.259332561086,12.918758147034078,0.6900981947236448,0.0,-0.7237157464358271,3.929013079667063,3.929013079667063
-161.79042116331277,1011.259332561086,12.918758147034078,-158.16370724633123,1023.7908388964336,25.14800005149435,0.6900981947236448,0.0,-0.7237157464358271,3.929013079667063,3.929013079667063
-157.74166801902862,999.6202719500216,26.723071890574815,-161.79042116331277,1011.259332561086,12.918758147034078,0.6900981947236448,0.0,-0.7237157464358271,3.929013079667063,3.929013079667063
-161.79042116331277,1011.259332561086,12.918758147034078,-165.83917430759695,1022.8983931721502,-0.8855555965066575,0.6900981947236448,0.0,-0.7237157464358271,3.929013079667063,3.929013079667063
-165.83917430759695,1022.8983931721502,-0.8855555965066575,-162.21246039061538,1035.4298995074978,11.343686307953613,0.6900981947236448,0.0,-0.7237157464358271,3.929013079667063,3.929013079667063
-162.21246039061538,1035.4298995074978,11.343686307953613,-158.58574647363383,1047.9614058428454,23.5729282124139,0.6900981947236448,0.0,-0.7237157464358271,3.929013079667063,3.929013079667063
-158.16370724633123,1023.7908388964336,25.14800005149435,-162.21246039061538,1035.4298995074978,11.343686307953613,0.6900981947236448,0.0,-0.7237157464358271,3.929013079667063,3.929013079667063
-162.21246039061538,1035.4298995074978,11.343686307953613,-166.26121353489955,1047.068960118562,-2.4606274355871083,0.6900981947236448,0.0,-0.7237157464358271,3.929013079667063,3.929013079667063
-166.26121353489955,1047.068960118562,-2.4606274355871083,-162.63449961791804,1059.6004664539096,9.768614468873162,0.6900981947236448,0.0,-0.7237157464358271,3.929013079667063,3.929013079667063
-162.63449961791804,1059.6004664539096,9.768614468873162,-159.00778570093647,1072.1319727892571,21.997856373333434,0.6900981947236448,0.0,-0.7237157464358271,3.929013079667063,3.929013079667063
-158.58574647363383,1047.9614058428454,23.5729282124139,-162.63449961791804,1059.6004664539096,9.768614468873162,0.6900981947236448,0.0,-0.7237157464358271,3.929013079667063,3.929013079667063
-162.63449961791804,1059.6004664539096,9.768614468873162,-166.6832527622022,1071.2395270649738,-4.035699274667573,0.6900981947236448,0.0,-0.7237157464358271,3.929013079667063,3.929013079667063
-166.6832527622022,1071.2395270649738,-4.035699274667573,-163.05653884522064,1083.7710334003214,8.193542629792697,0.6900981947236448,0.0,-0.7237157464358271,3.929013079667063,3.929013079667063
-163.05653884522064,1083.7710334003214,8.193542629792697,-159.42982492823907,1096.302539735669,20.42278453425297,0.6900981947236448,0.0,-0.7237157464358271,3.929013079667063,3.929013079667063
-159.00778570093647,1072.1319727892571,21.997856373333434,-163.05653884522064,1083.7710334003214,8.193542629792697,0.6900981947236448,0.0,-0.7237157464358271,3.929013079667063,3.929013079667063
-163.05653884522064,1083.7710334003214,8.193542629792697,-167.1052919895048,1095.4100940113856,-5.610771113748038,0.6900981947236448,0.0,-0.7237157464358271,3.929013079667063,3.929013079667063
-167.1052919895048,1095.4100940113856,-5.610771113748038,-163.47857807252325,1107.9416003467331,6.618470790712232,0.6900981947236448,0.0,-0.7237157464358271,3.929013079667063,3.929013079667063
-163.47857807252325,1107.9416003467331,6.618470790712232,-159.85186415554168,1120.473106682081,18.84771269517252,0.6900981947236448,0.0,-0.7237157464358271,3.929013079667063,3.929013079667063
-159.42982492823907,1096.302539735669,20.42278453425297,-163.47857807252325,1107.9416003467331,6.618470790712232,0.6900981947236448,0.0,-0.7237157464358271,3.929013079667063,3.929013079667063
-163.47857807252325,1107.9416003467331,6.618470790712232,-167.5273312168074,1119.5806609577976,-7.185842952828489,0.6900981947236448,0.0,-0.7237157464358271,3.929013079667063,3.929013079667063
-167.5273312168074,1119.5806609577976,-7.185842952828489,-163.90061729982585,1132.1121672931451,5.043398951631781,0.6900981947236448,0.0,-0.7237157464358271,3.929013079667063,3.929013079667063
-163.90061729982585,1132.1121672931451,5.043398951631781,-160.27390338284428,1144.6436736284927,17.272640856092053,0.6900981947236448,0.0,-0.7237157464358271,3.929013079667063,3.929013079667063
-159.85186415554168,1120.473106682081,18.84771269517252,-163.90061729982585,1132.1121672931451,5.043398951631781,0.6900981947236448,0.0,-0.7237157464358271,3.929013079667063,3.929013079667063
-163.90061729982585,1132.1121672931451,5.043398951631781,-167.94937044411,1143.7512279042094,-8.760914791908954,0.6900981947236448,0.0,-0.7237157464358271,3.929013079667063,3.929013079667063
-130.94901364119872,0.0,75.60344827586212,-144.27215935861622,24.170566946411846,66.5799191318698,0.0,0.0,1.0,3.929013079667063,3.929013079667063
-118.46994637838642,24.170566946411846,81.47683374169351,-131.79309209580396,48.34113389282371,72.4533045977012,0.0,0.0,1.0,3.929013079667063,3.929013079667063
-131.79309209580396,48.34113389282371,72.4533045977012,-145.11623781322146,72.51170083923554,63.429775453708885,0.0,0.0,1.0,3.929013079667063,3.929013079667063
-144.27215935861622,24.170566946411846,66.5799191318698,-131.79309209580396,48.34113389282371,72.4533045977012,0.0,0.0,1.0,3.929013079667063,3.929013079667063
-131.79309209580396,48.34113389282371,72.4533045977012,-119.31402483299166,72.51170083923554,78.3266900635326,0.0,0.0,1.0,3.929013079667063,3.929013079667063
-119.31402483299166,72.51170083923554,78.3266900635326,-132.63717055040917,96.68226778564741,69.30316091954028,0.0,0.0,1.0,3.929013079667063,3.929013079667063
-132.63717055040917,96.68226778564741,69.30316091954028,-145.96031626782667,120.85283473205928,60.27963177554797,0.0,0.0,1.0,3.929013079667063,3.929013079667063
-145.11623781322146,72.51170083923554,63.429775453708885,-132.63717055040917,96.68226778564741,69.30316091954028,0.0,0.0,1.0,3.929013079667063,3.929013079667063
-132.63717055040917,96.68226778564741,69.30316091954028,-120.15810328759687,120.85283473205928,75.17654638537168,0.0,0.0,1.0,3.929013079667063,3.929013079667063
-120.15810328759687,120.85283473205928,75.17654638537168,-133.4812490050144,145.02340167847112,66.15301724137936,0.0,0.0,1.0,3.929013079667063,3.929013079667063
-133.4812490050144,145.02340167847112,66.15301724137936,-146.8043947224319,169.19396862488298,57.12948809738704,0.0,0.0,1.0,3.929013079667063,3.929013079667063
-145.96031626782667,120.85283473205928,60.27963177554797,-133.4812490050144,145.02340167847112,66.15301724137936,0.0,0.0,1.0,3.929013079667063,3.929013079667063
-133.4812490050144,145.02340167847112,66.15301724137936,-121.00218174220211,169.19396862488298,72.02640270721075,0.0,0.0,1.0,3.929013079667063,3.929013079667063
-121.00218174220211,169.19396862488296,72.02640270721075,-134.32532745961961,193.36453557129482,63.00287356321844,0.0,0.0,1.0,3.929013079667063,3.929013079667063
-134.32532745961961,193.36453557129482,63.00287356321844,-147.64847317703712,217.5351025177067,53.97934441922612,0.0,0.0,1.0,3.929013079667063,3.929013079667063
-146.8043947224319,169.19396862488296,57.12948809738704,-134.32532745961961,193.36453557129482,63.00287356321844,0.0,0.0,1.0,3.929013079667063,3.929013079667063
-134.32532745961961,193.36453557129482,63.00287356321844,-121.84626019680732,217.5351025177067,68.87625902904983,0.0,0.0,1.0,3.929013079667063,3.929013079667063
-121.84626019680732,217.5351025177067,68.87625902904983,-135.16940591422485,241.70566946411853,59.852729885057514,0.0,0.0,1.0,3.929013079667063,3.929013079667063
-135.16940591422485,241.70566946411853,59.852729885057514,-148.49255163164236,265.8762364105304,50.8292007410652,0.0,0.0,1.0,3.929013079667063,3.929013079667063
-147.64847317703712,217.5351025177067,53.979344419226116,-135.16940591422485,241.70566946411853,59.852729885057514,0.0,0.0,1.0,3.929013079667063,3.929013079667063
-135.16940591422485,241.70566946411853,59.852729885057514,-122.69033865141256,265.8762364105304,65.72611535088892,0.0,0.0,1.0,3.929013079667063,3.929013079667063
-122.69033865141256,265.8762364105304,65.72611535088892,-136.01348436883006,290.04680335694223,56.7025862068966,0.0,0.0,1.0,3.929013079667063,3.929013079667063
-136.01348436883006,290.04680335694223,56.7025862068966,-149.33663008624757,314.2173703033541,47.67905706290428,0.0,0.0,1.0,3.929013079667063,3.929013079667063
-148.49255163164236,265.8762364105304,50.8292007410652,-136.01348436883006,290.04680335694223,56.7025862068966,0.0,0.0,1.0,3.929013079667063,3.929013079667063
-136.01348436883006,290.04680335694223,56.7025862068966,-123.53441710601777,314.2173703033541,62.57597167272799,0.0,0.0,1.0,3.929013079667063,3.929013079667063
-123.53441710601777,314.2173703033541,62.57597167272799,-136.8575628234353,338.3879372497659,53.552442528735675,0.0,0.0,1.0,3.929013079667063,3.929013079667063
-136.8575628234353,338.3879372497659,53.552442528735675,-150.1807085408528,362.55850419617775,44.52891338474336,0.0,0.0,1.0,3.929013079667063,3.929013079667063
-149.33663008624757,314.2173703033541,47.67905706290428,-136.8575628234353,338.3879372497659,53.552442528735675,0.0,0.0,1.0,3.929013079667063,3.929013079667063
-136.8575628234353,338.3879372497659,53.552442528735675,-124.37849556062301,362.55850419617775,59.42582799456707,0.0,0.0,1.0,3.929013079667063,3.929013079667063
-124.37849556062301,362.5585041961778,59.425827994567065,-137.7016412780405,386.72907114258965,50.40229885057475,0.0,0.0,1.0,3.929013079667063,3.929013079667063
-137.7016412780405,386.72907114258965,50.40229885057475,-151.02478699545804,410.8996380890015,41.37876970658243,0.0,0.0,1.0,3.929013079667063,3.929013079667063
-150.1807085408528,362.5585041961778,44.528913384743355,-137.7016412780405,386.72907114258965,50.40229885057475,0.0,0.0,1.0,3.929013079667063,3.929013079667063
-137.7016412780405,386.72907114258965,50.40229885057475,-125.22257401522825,410.8996380890015,56.27568431640614,0.0,0.0,1.0,3.929013079667063,3.929013079667063
-125.22257401522825,410.8996380890015,56.27568431640614,-138.54571973264575,435.0702050354134,47.25215517241383,0.0,0.0,1.0,3.929013079667063,3.929013079667063
-138.54571973264575,435.0702050354134,47.25215517241383,-151.86886545006325,459.2407719818252,38.228626028421516,0.0,0.0,1.0,3.929013079667063,3.929013079667063
-151.02478699545804,410.8996380890015,41.37876970658243,-138.54571973264575,435.0702050354134,47.25215517241383,0.0,0.0,1.0,3.929013079667063,3.929013079667063
-138.54571973264575,435.0702050354134,47.25215517241383,-126.06665246983346,459.2407719818252,53.125540638245226,0.0,0.0,1.0,3.929013079667063,3.929013079667063
-126.06665246983346,459.2407719818252,53.125540638245226,-139.38979818725096,483.4113389282371,44.102011494252906,0.0,0.0,1.0,3.929013079667063,3.929013079667063
-139.38979818725096,483.4113389282371,44.102011494252906,-152.7129439046685,507.5819058746489,35.07848235026059,0.0,0.0,1.0,3.929013079667063,3.929013079667063
-151.86886545006325,459.2407719818252,38.228626028421516,-139.38979818725096,483.4113389282371,44.102011494252906,0.0,0.0,1.0,3.929013079667063,3.929013079667063
-139.38979818725096,483.4113389282371,44.102011494252906,-126.9107309244387,507.5819058746489,49.9753969600843,0.0,0.0,1.0,3.929013079667063,3.929013079667063
-126.9107309244387,507.581905874649,49.9753969600843,-140.2338766418562,531.7524728210608,40.95186781609199,0.0,0.0,1.0,3.929013079667063,3.929013079667063
-140.2338766418562,531.7524728210608,40.95186781609199,-153.5570223592737,555.9230397674726,31.92833867209967,0.0,0.0,1.0,3.929013079667063,3.929013079667063
-152.7129439046685,507.581905874649,35.07848235026059,-140.2338766418562,531.7524728210608,40.95186781609199,0.0,0.0,1.0,3.929013079667063,3.929013079667063
-140.2338766418562,531.7524728210608,40.95186781609199,-127.7548093790439,555.9230397674726,46.82525328192338,0.0,0.0,1.0,3.929013079667063,3.929013079667063
-127.7548093790439,555.9230397674726,46.82525328192338,-141.0779550964614,580.0936067138845,37.80172413793107,0.0,0.0,1.0,3.929013079667063,3.929013079667063
-141.0779550964614,580.0936067138845,37.80172413793107,-154.40110081387894,604.2641736602964,28.778194993938754,0.0,0.0,1.0,3.929013079667063,3.929013079667063
-153.5570223592737,555.9230397674726,31.92833867209967,-141.0779550964614,580.0936067138845,37.80172413793107,0.0,0.0,1.0,3.929013079667063,3.929013079667063
-141.0779550964614,580.0936067138845,37.80172413793107,-128.59888783364914,604.2641736602964,43.675109603762465,0.0,0.0,1.0,3.929013079667063,3.929013079667063
-128.59888783364914,604.2641736602964,43.675109603762465,-141.92203355106665,628.4347406067081,34.651580459770145,0.0,0.0,1.0,3.929013079667063,3.929013079667063
-141.92203355106665,628.4347406067081,34.651580459770145,-155.24517926848415,652.60530755312,25.62805131577783,0.0,0.0,1.0,3.929013079667063,3.929013079667063
-154.40110081387894,604.2641736602964,28.778194993938754,-141.92203355106665,628.4347406067081,34.651580459770145,0.0,0.0,1.0,3.929013079667063,3.929013079667063
-141.92203355106665,628.4347406067081,34.651580459770145,-129.44296628825435,652.60530755312,40.52496592560154,0.0,0.0,1.0,3.929013079667063,3.929013079667063
-129.44296628825435,652.60530755312,40.52496592560154,-142.76611200567186,676.7758744995318,31.50143678160923,0.0,0.0,1.0,3.929013079667063,3.929013079667063
-142.76611200567186,676.7758744995318,31.50143678160923,-156.0892577230894,700.9464414459437,22.47790763761691,0.0,0.0,1.0,3.929013079667063,3.929013079667063
-155.24517926848415,652.60530755312,25.62805131577783,-142.76611200567186,676.7758744995318,31.50143678160923,0.0,0.0,1.0,3.929013079667063,3.929013079667063
-142.76611200567186,676.7758744995318,31.50143678160923,-130.2870447428596,700.9464414459437,37.37482224744062,0.0,0.0,1.0,3.929013079667063,3.929013079667063
-130.2870447428596,700.9464414459438,37.37482224744061,-143.6101904602771,725.1170083923556,28.3512931034483,0.0,0.0,1.0,3.929013079667063,3.929013079667063
-143.6101904602771,725.1170083923556,28.3512931034483,-156.9333361776946,749.2875753387675,19.327763959455986,0.0,0.0,1.0,3.929013079667063,3.929013079667063
-156.0892577230894,700.9464414459438,22.4779076376169,-143.6101904602771,725.1170083923556,28.3512931034483,0.0,0.0,1.0,3.929013079667063,3.929013079667063
-143.6101904602771,725.1170083923556,28.3512931034483,-131.1311231974648,749.2875753387675,34.224678569279696,0.0,0.0,1.0,3.929013079667063,3.929013079667063
-131.1311231974648,749.2875753387675,34.224678569279696,-144.45426891488233,773.4581422851793,25.201149425287383,0.0,0.0,1.0,3.929013079667063,3.929013079667063
-144.45426891488233,773.4581422851793,25.201149425287383,-157.77741463229984,797.6287092315912,16.177620281295063,0.0,0.0,1.0,3.929013079667063,3.929013079667063
-156.9333361776946,749.2875753387675,19.327763959455986,-144.45426891488233,773.4581422851793,25.201149425287383,0.0,0.0,1.0,3.929013079667063,3.929013079667063
-144.45426891488233,773.4581422851793,25.201149425287383,-131.97520165207004,797.6287092315912,31.074534891118773,0.0,0.0,1.0,3.929013079667063,3.929013079667063
-131.97520165207004,797.6287092315912,31.074534891118773,-145.29834736948754,821.799276178003,22.05100574712646,0.0,0.0,1.0,3.929013079667063,3.929013079667063
-145.29834736948754,821.799276178003,22.05100574712646,-158.62149308690505,845.9698431244149,13.027476603134145,0.0,0.0,1.0,3.929013079667063,3.929013079667063
-157.77741463229984,797.6287092315912,16.177620281295063,-145.29834736948754,821.799276178003,22.05100574712646,0.0,0.0,1.0,3.929013079667063,3.929013079667063
-145.29834736948754,821.799276178003,22.05100574712646,-132.81928010667525,845.9698431244149,27.924391212957858,0.0,0.0,1.0,3.929013079667063,3.929013079667063
-132.81928010667525,845.9698431244149,27.924391212957858,-146.14242582409278,870.1404100708268,18.900862068965537,0.0,0.0,1.0,3.929013079667063,3.929013079667063
-146.14242582409278,870.1404100708268,18.900862068965537,-159.4655715415103,894.3109770172385,9.877332924973222,0.0,0.0,1.0,3.929013079667063,3.929013079667063
-158.62149308690505,845.9698431244149,13.027476603134145,-146.14242582409278,870.1404100708268,18.900862068965537,0.0,0.0,1.0,3.929013079667063,3.929013079667063
-146.14242582409278,870.1404100708268,18.900862068965537,-133.6633585612805,894.3109770172385,24.774247534796935,0.0,0.0,1.0,3.929013079667063,3.929013079667063
-133.6633585612805,894.3109770172385,24.774247534796935,-146.986504278698,918.4815439636504,15.750718390804622,0.0,0.0,1.0,3.929013079667063,3.929013079667063
-146.986504278698,918.4815439636504,15.750718390804622,-160.30964999611552,942.6521109100622,6.727189246812307,0.0,0.0,1.0,3.929013079667063,3.929013079667063
-159.4655715415103,894.3109770172385,9.877332924973222,-146.986504278698,918.4815439636504,15.750718390804622,0.0,0.0,1.0,3.929013079667063,3.929013079667063
-146.986504278698,918.4815439636504,15.750718390804622,-134.50743701588573,942.6521109100622,21.62410385663602,0.0,0.0,1.0,3.929013079667063,3.929013079667063
-134.50743701588573,942.6521109100623,21.62410385663601,-147.83058273330323,966.8226778564742,12.600574712643692,0.0,0.0,1.0,3.929013079667063,3.929013079667063
-147.83058273330323,966.8226778564742,12.600574712643692,-161.15372845072073,990.993244802886,3.5770455686513696,0.0,0.0,1.0,3.929013079667063,3.929013079667063
-160.30964999611552,942.6521109100623,6.7271892468123,-147.83058273330323,966.8226778564742,12.600574712643692,0.0,0.0,1.0,3.929013079667063,3.929013079667063
-147.83058273330323,966.8226778564742,12.600574712643692,-135.35151547049094,990.993244802886,18.47396017847508,0.0,0.0,1.0,3.929013079667063,3.929013079667063
-135.35151547049094,990.993244802886,18.47396017847508,-148.67466118790844,1015.163811749298,9.450431034482776,0.0,0.0,1.0,3.929013079667063,3.929013079667063
-148.67466118790844,1015.163811749298,9.450431034482776,-161.99780690532597,1039.3343786957098,0.4269018904904538,0.0,0.0,1.0,3.929013079667063,3.929013079667063
-161.15372845072073,990.993244802886,3.5770455686513696,-148.67466118790844,1015.163811749298,9.450431034482776,0.0,0.0,1.0,3.929013079667063,3.929013079667063
-148.67466118790844,1015.163811749298,9.450431034482776,-136.19559392509618,1039.3343786957098,15.323816500314168,0.0,0.0,1.0,3.929013079667063,3.929013079667063
-136.19559392509618,1039.3343786957098,15.323816500314168,-149.51873964251368,1063.5049456421216,6.30028735632186,0.0,0.0,1.0,3.929013079667063,3.929013079667063
-149.51873964251368,1063.5049456421216,6.30028735632186,-162.84188535993118,1087.6755125885334,-2.723241787670462,0.0,0.0,1.0,3.929013079667063,3.929013079667063
-161.99780690532597,1039.3343786957098,0.4269018904904538,-149.51873964251368,1063.5049456421216,6.30028735632186,0.0,0.0,1.0,3.929013079667063,3.929013079667063
-149.51873964251368,1063.5049456421216,6.30028735632186,-137.0396723797014,1087.6755125885334,12.173672822153252,0.0,0.0,1.0,3.929013079667063,3.929013079667063
-137.0396723797014,1087.6755125885334,12.173672822153252,-150.3628180971189,1111.8460795349451,3.15014367816093,0.0,0.0,1.0,3.929013079667063,3.929013079667063
-150.3628180971189,1111.8460795349451,3.15014367816093,-163.68596381453642,1136.0166464813572,-5.873385465831378,0.0,0.0,1.0,3.929013079667063,3.929013079667063
-162.84188535993118,1087.6755125885334,-2.723241787670462,-150.3628180971189,1111.8460795349451,3.15014367816093,0.0,0.0,1.0,3.929013079667063,3.929013079667063
-150.3628180971189,1111.8460795349451,3.15014367816093,-137.88375083430662,1136.0166464813572,9.023529143992336,0.0,0.0,1.0,3.929013079667063,3.929013079667063
-151.20689655172413,1160.187213427769,1.4210854715202004e-14,-163.68596381453642,1136.0166464813572,-5.873385465831378,0.0,0.0,1.0,3.929013079667063,3.929013079667063
-119.31402483299166,72.51170083923554,78.3266900635326,-115.32072330889173,80.24628226208736,80.20617341259864,0.0,0.0,1.0,3.929013079667063,3.929013079667063
-145.11623781322146,72.51170083923554,63.429775453708885,-149.37964444279504,80.24628226208736,60.54224612763134,0.0,0.0,1.0,3.929013079667063,3.929013079667063
-120.15810328759687,120.85283473205928,75.17654638537168,-116.16480176349697,128.5874161549111,77.05602973443773,0.0,0.0,1.0,3.929013079667063,3.929013079667063
-145.96031626782667,120.85283473205928,60.27963177554797,-150.22372289740028,128.5874161549111,57.39210244947042,0.0,0.0,1.0,3.929013079667063,3.929013079667063
-121.00218174220211,169.19396862488298,72.02640270721075,-117.00888021810218,176.92855004773477,73.90588605627681,0.0,0.0,1.0,3.929013079667063,3.929013079667063
-146.8043947224319,169.19396862488298,57.12948809738704,-151.0678013520055,176.92855004773477,54.241958771309505,0.0,0.0,1.0,3.929013079667063,3.929013079667063
-121.84626019680732,217.5351025177067,68.87625902904983,-117.85295867270742,225.26968394055845,70.75574237811588,0.0,0.0,1.0,3.929013079667063,3.929013079667063
-147.64847317703712,217.5351025177067,53.97934441922612,-151.91187980661073,225.26968394055845,51.091815093148575,0.0,0.0,1.0,3.929013079667063,3.929013079667063
-122.69033865141256,265.8762364105304,65.72611535088892,-118.69703712731263,273.61081783338216,67.60559869995497,0.0,0.0,1.0,3.929013079667063,3.929013079667063
-148.49255163164236,265.8762364105304,50.8292007410652,-152.75595826121594,273.61081783338216,47.94167141498766,0.0,0.0,1.0,3.929013079667063,3.929013079667063
-123.53441710601777,314.2173703033541,62.57597167272799,-119.54111558191786,321.95195172620583,64.45545502179404,0.0,0.0,1.0,3.929013079667063,3.929013079667063
-149.33663008624757,314.2173703033541,47.67905706290428,-153.60003671582118,321.95195172620583,44.79152773682674,0.0,0.0,1.0,3.929013079667063,3.929013079667063
-124.37849556062301,362.55850419617775,59.42582799456707,-120.38519403652307,370.29308561902957,61.305311343633115,0.0,0.0,1.0,3.929013079667063,3.929013079667063
-150.1807085408528,362.55850419617775,44.52891338474336,-154.4441151704264,370.29308561902957,41.641384058665814,0.0,0.0,1.0,3.929013079667063,3.929013079667063
-125.22257401522825,410.8996380890015,56.27568431640614,-121.22927249112831,418.63421951185336,58.15516766547219,0.0,0.0,1.0,3.929013079667063,3.929013079667063
-151.02478699545804,410.8996380890015,41.37876970658243,-155.28819362503162,418.63421951185336,38.49124038050489,0.0,0.0,1.0,3.929013079667063,3.929013079667063
-126.06665246983346,459.2407719818252,53.125540638245226,-122.07335094573355,466.9753534046771,55.00502398731127,0.0,0.0,1.0,3.929013079667063,3.929013079667063
-151.86886545006325,459.2407719818252,38.228626028421516,-156.13227207963686,466.9753534046771,35.34109670234397,0.0,0.0,1.0,3.929013079667063,3.929013079667063
-126.9107309244387,507.5819058746489,49.9753969600843,-122.91742940033876,515.3164872975008,51.85488030915035,0.0,0.0,1.0,3.929013079667063,3.929013079667063
-152.7129439046685,507.5819058746489,35.07848235026059,-156.97635053424207,515.3164872975008,32.19095302418305,0.0,0.0,1.0,3.929013079667063,3.929013079667063
-127.7548093790439,555.9230397674726,46.82525328192338,-123.761507854944,563.6576211903244,48.70473663098943,0.0,0.0,1.0,3.929013079667063,3.929013079667063
-153.5570223592737,555.9230397674726,31.92833867209967,-157.8204289888473,563.6576211903244,29.04080934602213,0.0,0.0,1.0,3.929013079667063,3.929013079667063
-128.59888783364914,604.2641736602964,43.675109603762465,-124.60558630954921,611.9987550831481,45.554592952828514,0.0,0.0,1.0,3.929013079667063,3.929013079667063
-154.40110081387894,604.2641736602964,28.778194993938754,-158.66450744345252,611.9987550831481,25.890665667861214,0.0,0.0,1.0,3.929013079667063,3.929013079667063
-129.44296628825435,652.60530755312,40.52496592560154,-125.44966476415445,660.3398889759718,42.40444927466759,0.0,0.0,1.0,3.929013079667063,3.929013079667063
-155.24517926848415,652.60530755312,25.62805131577783,-159.50858589805776,660.3398889759718,22.74052198970029,0.0,0.0,1.0,3.929013079667063,3.929013079667063
-130.2870447428596,700.9464414459437,37.37482224744062,-126.29374321875966,708.6810228687955,39.25430559650667,0.0,0.0,1.0,3.929013079667063,3.929013079667063
-156.0892577230894,700.9464414459437,22.47790763761691,-160.35266435266297,708.6810228687955,19.590378311539368,0.0,0.0,1.0,3.929013079667063,3.929013079667063
-131.1311231974648,749.2875753387675,34.224678569279696,-127.1378216733649,757.0221567616193,36.104161918345746,0.0,0.0,1.0,3.929013079667063,3.929013079667063
-156.9333361776946,749.2875753387675,19.327763959455986,-161.1967428072682,757.0221567616193,16.440234633378445,0.0,0.0,1.0,3.929013079667063,3.929013079667063
-131.97520165207004,797.6287092315912,31.074534891118773,-127.9819001279701,805.363290654443,32.95401824018482,0.0,0.0,1.0,3.929013079667063,3.929013079667063
-157.77741463229984,797.6287092315912,16.177620281295063,-162.04082126187342,805.363290654443,13.29009095521752,0.0,0.0,1.0,3.929013079667063,3.929013079667063
-132.81928010667525,845.9698431244149,27.924391212957858,-128.82597858257535,853.7044245472666,29.803874562023907,0.0,0.0,1.0,3.929013079667063,3.929013079667063
-158.62149308690505,845.9698431244149,13.027476603134145,-162.88489971647866,853.7044245472666,10.139947277056605,0.0,0.0,1.0,3.929013079667063,3.929013079667063
-133.6633585612805,894.3109770172385,24.774247534796935,-129.67005703718056,902.0455584400903,26.653730883862984,0.0,0.0,1.0,3.929013079667063,3.929013079667063
-159.4655715415103,894.3109770172385,9.877332924973222,-163.72897817108387,902.0455584400903,6.989803598895682,0.0,0.0,1.0,3.929013079667063,3.929013079667063
-134.50743701588573,942.6521109100622,21.62410385663602,-130.5141354917858,950.386692332914,23.50358720570206,0.0,0.0,1.0,3.929013079667063,3.929013079667063
-160.30964999611552,942.6521109100622,6.727189246812307,-164.5730566256891,950.386692332914,3.839659920734759,0.0,0.0,1.0,3.929013079667063,3.929013079667063
-135.35151547049094,990.993244802886,18.47396017847508,-131.35821394639103,998.7278262257378,20.35344352754114,0.0,0.0,1.0,3.929013079667063,3.929013079667063
-161.15372845072073,990.993244802886,3.5770455686513696,-165.41713508029434,998.7278262257378,0.6895162425738359,0.0,0.0,1.0,3.929013079667063,3.929013079667063
-136.19559392509618,1039.3343786957098,15.323816500314168,-132.20229240099624,1047.0689601185616,17.203299849380222,0.0,0.0,1.0,3.929013079667063,3.929013079667063
-161.99780690532597,1039.3343786957098,0.4269018904904538,-166.26121353489955,1047.0689601185616,-2.46062743558708,0.0,0.0,1.0,3.929013079667063,3.929013079667063
-137.0396723797014,1087.6755125885334,12.173672822153252,-133.04637085560148,1095.4100940113851,14.053156171219294,0.0,0.0,1.0,3.929013079667063,3.929013079667063
-162.84188535993118,1087.6755125885334,-2.723241787670462,-167.1052919895048,1095.4100940113851,-5.61077111374801,0.0,0.0,1.0,3.929013079667063,3.929013079667063
-137.88375083430662,1136.0166464813572,9.023529143992336,-133.8904493102067,1143.751227904209,10.903012493058378,0.0,0.0,1.0,3.929013079667063,3.929013079667063
-163.68596381453642,1136.0166464813572,-5.873385465831378,-167.94937044411,1143.751227904209,-8.760914791908926,0.0,0.0,1.0,3.929013079667063,3.929013079667063
-151.20689655172413,1160.187213427769,1.4210854715202004e-14,-137.88375083430662,1136.0166464813572,9.023529143992336,0.0,0.0,1.0,3.929013079667063,3.929013079667063
-159.46812607616909,0.0,-92.06896551724132,-3.382558917644931e-14,0.0,-184.13793103448276,0.0,0.0,1.0,3.929013079667063,3.929013079667063
-159.46812607616909,0.0,-92.06896551724132,-187.9872385111394,0.0,-108.53448275862064,0.0,0.0,1.0,3.929013079667063,3.929013079667063
-159.46812607616909,0.0,-92.06896551724132,-130.94901364119875,0.0,-75.60344827586202,0.0,0.0,1.0,3.929013079667063,3.929013079667063
-187.9872385111394,0.0,-108.53448275862064,-3.987492207223753e-14,0.0,-217.0689655172414,0.0,0.0,1.0,3.929013079667063,3.929013079667063
-130.94901364119875,0.0,-75.60344827586202,-2.7776256280661086e-14,0.0,-151.20689655172413,0.0,0.0,1.0,3.929013079667063,3.929013079667063
-184.13793103448276,1160.187213427769,2.255039278429954e-14,-92.06896551724147,1160.187213427769,-159.468126076169,0.0,0.0,1.0,3.929013079667063,3.929013079667063
-184.13793103448276,1160.187213427769,2.255039278429954e-14,-217.0689655172414,1160.187213427769,2.6583281381491687e-14,0.0,0.0,1.0,3.929013079667063,3.929013079667063
-184.13793103448276,1160.187213427769,2.255039278429954e-14,-151.20689655172413,1160.187213427769,1.851750418710739e-14,0.0,0.0,1.0,3.929013079667063,3.929013079667063
-217.0689655172414,1160.187213427769,2.6583281381491687e-14,-108.5344827586208,1160.187213427769,-187.9872385111393,0.0,0.0,1.0,3.929013079667063,3.929013079667063
-151.20689655172413,1160.187213427769,1.851750418710739e-14,-75.60344827586214,1160.187213427769,-130.9490136411987,0.0,0.0,1.0,3.929013079667063,3.929013079667063
-187.9872385111394,0.0,-108.53448275862064,-181.19214126648637,24.170566946411853,-93.45449759882203,0.0,0.0,1.0,3.929013079667063,3.929013079667063
-204.9978462750123,30.623241954086822,-96.19043994138286,-192.31071286791843,43.349478634881166,-91.27910361579904,-0.69347657033171,0.0,-0.7204791783257647,3.929013079667063,3.929013079667063
-192.31071286791843,43.349478634881166,-91.27910361579904,-179.62357946082452,56.075715315675495,-86.3677672902152,-0.69347657033171,0.0,-0.7204791783257647,3.929013079667063,3.929013079667063
-179.01771014819738,31.905148369263642,-88.62890234768646,-192.31071286791843,43.349478634881166,-91.27910361579904,-0.69347657033171,0.0,-0.7204791783257647,3.929013079667063,3.929013079667063
-192.31071286791843,43.349478634881166,-91.27910361579904,-205.60371558763944,54.793808900498675,-93.92930488391161,-0.69347657033171,0.0,-0.7204791783257647,3.929013079667063,3.929013079667063
-205.60371558763944,54.793808900498675,-93.92930488391161,-192.91658218054556,67.52004558129302,-89.01796855832778,-0.69347657033171,0.0,-0.7204791783257647,3.929013079667063,3.929013079667063
-192.91658218054556,67.52004558129302,-89.01796855832778,-180.22944877345165,80.24628226208736,-84.10663223274393,-0.69347657033171,0.0,-0.7204791783257647,3.929013079667063,3.929013079667063
-179.62357946082452,56.075715315675495,-86.3677672902152,-192.91658218054556,67.52004558129302,-89.01796855832778,-0.69347657033171,0.0,-0.7204791783257647,3.929013079667063,3.929013079667063
-192.91658218054556,67.52004558129302,-89.01796855832778,-206.20958490026658,78.96437584691054,-91.66816982644033,-0.69347657033171,0.0,-0.7204791783257647,3.929013079667063,3.929013079667063
-206.20958490026658,78.96437584691054,-91.66816982644033,-193.5224514931727,91.69061252770487,-86.75683350085652,-0.69347657033171,0.0,-0.7204791783257647,3.929013079667063,3.929013079667063
-193.5224514931727,91.69061252770487,-86.75683350085652,-180.83531808607876,104.4168492084992,-81.84549717527267,-0.69347657033171,0.0,-0.7204791783257647,3.929013079667063,3.929013079667063
-180.22944877345165,80.24628226208736,-84.10663223274393,-193.5224514931727,91.69061252770487,-86.75683350085652,-0.69347657033171,0.0,-0.7204791783257647,3.929013079667063,3.929013079667063
-193.5224514931727,91.69061252770487,-86.75683350085652,-206.81545421289368,103.13494279332238,-89.40703476896908,-0.69347657033171,0.0,-0.7204791783257647,3.929013079667063,3.929013079667063
-206.81545421289368,103.13494279332238,-89.40703476896908,-194.1283208057998,115.86117947411674,-84.49569844338525,-0.69347657033171,0.0,-0.7204791783257647,3.929013079667063,3.929013079667063
-194.1283208057998,115.86117947411674,-84.49569844338525,-181.4411873987059,128.58741615491107,-79.5843621178014,-0.69347657033171,0.0,-0.7204791783257647,3.929013079667063,3.929013079667063
-180.83531808607876,104.4168492084992,-81.84549717527267,-194.1283208057998,115.86117947411674,-84.49569844338525,-0.69347657033171,0.0,-0.7204791783257647,3.929013079667063,3.929013079667063
-194.1283208057998,115.86117947411674,-84.49569844338525,-207.42132352552082,127.30550973973425,-87.1458997114978,-0.69347657033171,0.0,-0.7204791783257647,3.929013079667063,3.929013079667063
-207.42132352552082,127.30550973973425,-87.1458997114978,-194.73419011842694,140.03174642052858,-82.23456338591399,-0.69347657033171,0.0,-0.7204791783257647,3.929013079667063,3.929013079667063
-194.73419011842694,140.03174642052858,-82.23456338591399,-182.04705671133303,152.75798310132294,-77.32322706033014,-0.69347657033171,0.0,-0.7204791783257647,3.929013079667063,3.929013079667063
-181.4411873987059,128.58741615491107,-79.5843621178014,-194.73419011842694,140.03174642052858,-82.23456338591399,-0.69347657033171,0.0,-0.7204791783257647,3.929013079667063,3.929013079667063
-194.73419011842694,140.03174642052858,-82.23456338591399,-208.02719283814795,151.47607668614611,-84.88476465402655,-0.69347657033171,0.0,-0.7204791783257647,3.929013079667063,3.929013079667063
-208.02719283814795,151.4760766861461,-84.88476465402655,-195.34005943105407,164.20231336694044,-79.97342832844272,-0.69347657033171,0.0,-0.7204791783257647,3.929013079667063,3.929013079667063
-195.34005943105407,164.20231336694044,-79.97342832844272,-182.65292602396013,176.92855004773477,-75.06209200285889,-0.69347657033171,0.0,-0.7204791783257647,3.929013079667063,3.929013079667063
-182.04705671133303,152.7579831013229,-77.32322706033014,-195.34005943105407,164.20231336694044,-79.97342832844272,-0.69347657033171,0.0,-0.7204791783257647,3.929013079667063,3.929013079667063
-195.34005943105407,164.20231336694044,-79.97342832844272,-208.63306215077506,175.64664363255795,-82.6236295965553,-0.69347657033171,0.0,-0.7204791783257647,3.929013079667063,3.929013079667063
-208.63306215077506,175.64664363255795,-82.6236295965553,-195.94592874368118,188.3728803133523,-77.71229327097146,-0.69347657033171,0.0,-0.7204791783257647,3.929013079667063,3.929013079667063
-195.94592874368118,188.3728803133523,-77.71229327097146,-183.25879533658727,201.09911699414664,-72.80095694538761,-0.69347657033171,0.0,-0.7204791783257647,3.929013079667063,3.929013079667063
-182.65292602396013,176.92855004773477,-75.06209200285889,-195.94592874368118,188.3728803133523,-77.71229327097146,-0.69347657033171,0.0,-0.7204791783257647,3.929013079667063,3.929013079667063
-195.94592874368118,188.3728803133523,-77.71229327097146,-209.2389314634022,199.81721057896982,-80.36249453908403,-0.69347657033171,0.0,-0.7204791783257647,3.929013079667063,3.929013079667063
-209.2389314634022,199.8172105789698,-80.36249453908403,-196.55179805630831,212.54344725976412,-75.4511582135002,-0.69347657033171,0.0,-0.7204791783257647,3.929013079667063,3.929013079667063
-196.55179805630831,212.54344725976412,-75.4511582135002,-183.8646646492144,225.2696839405585,-70.53982188791635,-0.69347657033171,0.0,-0.7204791783257647,3.929013079667063,3.929013079667063
-183.25879533658727,201.0991169941466,-72.80095694538761,-196.55179805630831,212.54344725976412,-75.4511582135002,-0.69347657033171,0.0,-0.7204791783257647,3.929013079667063,3.929013079667063
-196.55179805630831,212.54344725976412,-75.4511582135002,-209.84480077602933,223.9877775253817,-78.10135948161275,-0.69347657033171,0.0,-0.7204791783257647,3.929013079667063,3.929013079667063
-209.84480077602933,223.9877775253817,-78.10135948161275,-197.15766736893545,236.71401420617596,-73.19002315602893,-0.69347657033171,0.0,-0.7204791783257647,3.929013079667063,3.929013079667063
-197.15766736893545,236.71401420617596,-73.19002315602893,-184.4705339618415,249.4402508869704,-68.27868683044508,-0.69347657033171,0.0,-0.7204791783257647,3.929013079667063,3.929013079667063
-183.8646646492144,225.2696839405585,-70.53982188791635,-197.15766736893545,236.71401420617596,-73.19002315602893,-0.69347657033171,0.0,-0.7204791783257647,3.929013079667063,3.929013079667063
-197.15766736893545,236.71401420617596,-73.19002315602893,-210.45067008865644,248.15834447179358,-75.8402244241415,-0.69347657033171,0.0,-0.7204791783257647,3.929013079667063,3.929013079667063
-210.45067008865644,248.15834447179358,-75.8402244241415,-197.76353668156256,260.8845811525879,-70.92888809855766,-0.69347657033171,0.0,-0.7204791783257647,3.929013079667063,3.929013079667063
-197.76353668156256,260.8845811525879,-70.92888809855766,-185.07640327446865,273.61081783338227,-66.01755177297382,-0.69347657033171,0.0,-0.7204791783257647,3.929013079667063,3.929013079667063
-184.4705339618415,249.4402508869704,-68.27868683044508,-197.76353668156256,260.8845811525879,-70.92888809855766,-0.69347657033171,0.0,-0.7204791783257647,3.929013079667063,3.929013079667063
-197.76353668156256,260.8845811525879,-70.92888809855766,-211.05653940128357,272.3289114182055,-73.57908936667022,-0.69347657033171,0.0,-0.7204791783257647,3.929013079667063,3.929013079667063
-211.05653940128357,272.3289114182054,-73.57908936667025,-198.3694059941897,285.05514809899967,-68.6677530410864,-0.69347657033171,0.0,-0.7204791783257647,3.929013079667063,3.929013079667063
-198.3694059941897,285.05514809899967,-68.6677530410864,-185.68227258709578,297.78138477979405,-63.75641671550255,-0.69347657033171,0.0,-0.7204791783257647,3.929013079667063,3.929013079667063
-185.07640327446865,273.61081783338216,-66.01755177297383,-198.3694059941897,285.05514809899967,-68.6677530410864,-0.69347657033171,0.0,-0.7204791783257647,3.929013079667063,3.929013079667063
-198.3694059941897,285.05514809899967,-68.6677530410864,-211.6624087139107,296.4994783646173,-71.31795430919897,-0.69347657033171,0.0,-0.7204791783257647,3.929013079667063,3.929013079667063
-211.6624087139107,296.4994783646173,-71.31795430919897,-198.9752753068168,309.2257150454117,-66.40661798361512,-0.69347657033171,0.0,-0.7204791783257647,3.929013079667063,3.929013079667063
-198.9752753068168,309.2257150454117,-66.40661798361512,-186.2881418997229,321.95195172620583,-61.4952816580313,-0.69347657033171,0.0,-0.7204791783257647,3.929013079667063,3.929013079667063
-185.68227258709578,297.78138477979405,-63.75641671550255,-198.9752753068168,309.2257150454117,-66.40661798361512,-0.69347657033171,0.0,-0.7204791783257647,3.929013079667063,3.929013079667063
-198.9752753068168,309.2257150454117,-66.40661798361512,-212.2682780265378,320.67004531102907,-69.05681925172772,-0.69347657033171,0.0,-0.7204791783257647,3.929013079667063,3.929013079667063
-212.2682780265378,320.6700453110292,-69.05681925172769,-199.58114461944393,333.39628199182346,-64.14548292614387,-0.69347657033171,0.0,-0.7204791783257647,3.929013079667063,3.929013079667063
-199.58114461944393,333.39628199182346,-64.14548292614387,-186.89401121235002,346.12251867261784,-59.234146600560024,-0.69347657033171,0.0,-0.7204791783257647,3.929013079667063,3.929013079667063
-186.2881418997229,321.95195172620595,-61.49528165803129,-199.58114461944393,333.39628199182346,-64.14548292614387,-0.69347657033171,0.0,-0.7204791783257647,3.929013079667063,3.929013079667063
-199.58114461944393,333.39628199182346,-64.14548292614387,-212.87414733916495,344.8406122574411,-66.79568419425644,-0.69347657033171,0.0,-0.7204791783257647,3.929013079667063,3.929013079667063
-212.87414733916495,344.8406122574411,-66.79568419425644,-200.18701393207107,357.56684893823535,-61.88434786867259,-0.69347657033171,0.0,-0.7204791783257647,3.929013079667063,3.929013079667063
-200.18701393207107,357.56684893823535,-61.88434786867259,-187.49988052497716,370.2930856190296,-56.973011543088774,-0.69347657033171,0.0,-0.7204791783257647,3.929013079667063,3.929013079667063
-186.89401121235002,346.12251867261784,-59.234146600560024,-200.18701393207107,357.56684893823535,-61.88434786867259,-0.69347657033171,0.0,-0.7204791783257647,3.929013079667063,3.929013079667063
-200.18701393207107,357.56684893823535,-61.88434786867259,-213.48001665179208,369.01117920385286,-64.53454913678519,-0.69347657033171,0.0,-0.7204791783257647,3.929013079667063,3.929013079667063
-213.48001665179208,369.01117920385286,-64.53454913678519,-200.79288324469817,381.73741588464713,-59.62321281120134,-0.69347657033171,0.0,-0.7204791783257647,3.929013079667063,3.929013079667063
-200.79288324469817,381.73741588464713,-59.62321281120134,-188.10574983760426,394.4636525654414,-54.71187648561751,-0.69347657033171,0.0,-0.7204791783257647,3.929013079667063,3.929013079667063
-187.49988052497716,370.2930856190296,-56.973011543088774,-200.79288324469817,381.73741588464713,-59.62321281120134,-0.69347657033171,0.0,-0.7204791783257647,3.929013079667063,3.929013079667063
-200.79288324469817,381.73741588464713,-59.62321281120134,-214.0858859644192,393.18174615026464,-62.273414079313916,-0.69347657033171,0.0,-0.7204791783257647,3.929013079667063,3.929013079667063
-214.0858859644192,393.18174615026476,-62.2734140793139,-201.3987525573253,405.90798283105903,-57.36207775373008,-0.69347657033171,0.0,-0.7204791783257647,3.929013079667063,3.929013079667063
-201.3987525573253,405.90798283105903,-57.36207775373008,-188.7116191502314,418.6342195118533,-52.450741428146245,-0.69347657033171,0.0,-0.7204791783257647,3.929013079667063,3.929013079667063
-188.10574983760426,394.4636525654415,-54.711876485617495,-201.3987525573253,405.90798283105903,-57.36207775373008,-0.69347657033171,0.0,-0.7204791783257647,3.929013079667063,3.929013079667063
-201.3987525573253,405.90798283105903,-57.36207775373008,-214.69175527704633,417.35231309667654,-60.01227902184265,-0.69347657033171,0.0,-0.7204791783257647,3.929013079667063,3.929013079667063
-214.69175527704633,417.35231309667654,-60.01227902184265,-202.00462186995244,430.0785497774709,-55.10094269625881,-0.69347657033171,0.0,-0.7204791783257647,3.929013079667063,3.929013079667063
-202.00462186995244,430.0785497774709,-55.10094269625881,-189.31748846285853,442.8047864582652,-50.189606370674966,-0.69347657033171,0.0,-0.7204791783257647,3.929013079667063,3.929013079667063
-188.7116191502314,418.6342195118533,-52.450741428146245,-202.00462186995244,430.0785497774709,-55.10094269625881,-0.69347657033171,0.0,-0.7204791783257647,3.929013079667063,3.929013079667063
-202.00462186995244,430.0785497774709,-55.10094269625881,-215.29762458967346,441.52288004308843,-57.75114396437137,-0.69347657033171,0.0,-0.7204791783257647,3.929013079667063,3.929013079667063
-215.29762458967346,441.52288004308855,-57.75114396437137,-202.61049118257955,454.2491167238827,-52.83980763878755,-0.69347657033171,0.0,-0.7204791783257647,3.929013079667063,3.929013079667063
-202.61049118257955,454.2491167238827,-52.83980763878755,-189.92335777548564,466.9753534046771,-47.928471313203715,-0.69347657033171,0.0,-0.7204791783257647,3.929013079667063,3.929013079667063
-189.31748846285853,442.8047864582653,-50.189606370674966,-202.61049118257955,454.2491167238827,-52.83980763878755,-0.69347657033171,0.0,-0.7204791783257647,3.929013079667063,3.929013079667063
-202.61049118257955,454.2491167238827,-52.83980763878755,-215.90349390230057,465.6934469895002,-55.49000890690012,-0.69347657033171,0.0,-0.7204791783257647,3.929013079667063,3.929013079667063
-215.90349390230057,465.6934469895002,-55.49000890690012,-203.2163604952067,478.4196836702946,-50.578672581316276,-0.69347657033171,0.0,-0.7204791783257647,3.929013079667063,3.929013079667063
-203.2163604952067,478.4196836702946,-50.578672581316276,-190.52922708811278,491.1459203510889,-45.667336255732444,-0.69347657033171,0.0,-0.7204791783257647,3.929013079667063,3.929013079667063
-189.92335777548564,466.9753534046771,-47.928471313203715,-203.2163604952067,478.4196836702946,-50.578672581316276,-0.69347657033171,0.0,-0.7204791783257647,3.929013079667063,3.929013079667063
-203.2163604952067,478.4196836702946,-50.578672581316276,-216.5093632149277,489.864013935912,-53.22887384942885,-0.69347657033171,0.0,-0.7204791783257647,3.929013079667063,3.929013079667063
-216.5093632149277,489.864013935912,-53.22887384942885,-203.82222980783382,502.5902506167065,-48.31753752384502,-0.69347657033171,0.0,-0.7204791783257647,3.929013079667063,3.929013079667063
-203.82222980783382,502.5902506167065,-48.31753752384502,-191.13509640073988,515.3164872975008,-43.406201198261186,-0.69347657033171,0.0,-0.7204791783257647,3.929013079667063,3.929013079667063
-190.52922708811278,491.1459203510889,-45.667336255732444,-203.82222980783382,502.5902506167065,-48.31753752384502,-0.69347657033171,0.0,-0.7204791783257647,3.929013079667063,3.929013079667063
-203.82222980783382,502.5902506167065,-48.31753752384502,-217.1152325275548,514.0345808823239,-50.96773879195759,-0.69347657033171,0.0,-0.7204791783257647,3.929013079667063,3.929013079667063
-217.1152325275548,514.034580882324,-50.96773879195758,-204.42809912046093,526.7608175631183,-46.056402466373754,-0.69347657033171,0.0,-0.7204791783257647,3.929013079667063,3.929013079667063
-204.42809912046093,526.7608175631183,-46.056402466373754,-191.74096571336702,539.4870542439127,-41.145066140789915,-0.69347657033171,0.0,-0.7204791783257647,3.929013079667063,3.929013079667063
-191.13509640073988,515.3164872975009,-43.40620119826117,-204.42809912046093,526.7608175631183,-46.056402466373754,-0.69347657033171,0.0,-0.7204791783257647,3.929013079667063,3.929013079667063
-204.42809912046093,526.7608175631183,-46.056402466373754,-217.72110184018194,538.2051478287358,-48.70660373448632,-0.69347657033171,0.0,-0.7204791783257647,3.929013079667063,3.929013079667063
-217.72110184018194,538.2051478287358,-48.70660373448632,-205.03396843308806,550.9313845095302,-43.79526740890249,-0.69347657033171,0.0,-0.7204791783257647,3.929013079667063,3.929013079667063
-205.03396843308806,550.9313845095302,-43.79526740890249,-192.34683502599415,563.6576211903244,-38.88393108331866,-0.69347657033171,0.0,-0.7204791783257647,3.929013079667063,3.929013079667063
-191.74096571336702,539.4870542439127,-41.145066140789915,-205.03396843308806,550.9313845095302,-43.79526740890249,-0.69347657033171,0.0,-0.7204791783257647,3.929013079667063,3.929013079667063
-205.03396843308806,550.9313845095302,-43.79526740890249,-218.32697115280908,562.3757147751476,-46.445468677015064,-0.69347657033171,0.0,-0.7204791783257647,3.929013079667063,3.929013079667063
-218.32697115280908,562.3757147751476,-46.445468677015064,-205.6398377457152,575.1019514559421,-41.534132351431225,-0.69347657033171,0.0,-0.7204791783257647,3.929013079667063,3.929013079667063
-205.6398377457152,575.1019514559421,-41.534132351431225,-192.95270433862126,587.8281881367363,-36.622796025847386,-0.69347657033171,0.0,-0.7204791783257647,3.929013079667063,3.929013079667063
-192.34683502599415,563.6576211903244,-38.88393108331866,-205.6398377457152,575.1019514559421,-41.534132351431225,-0.69347657033171,0.0,-0.7204791783257647,3.929013079667063,3.929013079667063
-205.6398377457152,575.1019514559421,-41.534132351431225,-218.9328404654362,586.5462817215595,-44.18433361954379,-0.69347657033171,0.0,-0.7204791783257647,3.929013079667063,3.929013079667063
-218.9328404654362,586.5462817215594,-44.1843336195438,-206.2457070583423,599.2725184023539,-39.27299729395997,-0.69347657033171,0.0,-0.7204791783257647,3.929013079667063,3.929013079667063
-206.2457070583423,599.2725184023539,-39.27299729395997,-193.5585736512484,611.9987550831482,-34.36166096837612,-0.69347657033171,0.0,-0.7204791783257647,3.929013079667063,3.929013079667063
-192.95270433862126,587.8281881367362,-36.62279602584739,-206.2457070583423,599.2725184023539,-39.27299729395997,-0.69347657033171,0.0,-0.7204791783257647,3.929013079667063,3.929013079667063
-206.2457070583423,599.2725184023539,-39.27299729395997,-219.53870977806332,610.7168486679714,-41.92319856207253,-0.69347657033171,0.0,-0.7204791783257647,3.929013079667063,3.929013079667063
-219.53870977806332,610.7168486679714,-41.92319856207253,-206.85157637096944,623.4430853487657,-37.011862236488696,-0.69347657033171,0.0,-0.7204791783257647,3.929013079667063,3.929013079667063
-206.85157637096944,623.4430853487657,-37.011862236488696,-194.16444296387553,636.1693220295601,-32.10052591090486,-0.69347657033171,0.0,-0.7204791783257647,3.929013079667063,3.929013079667063
-193.5585736512484,611.9987550831482,-34.36166096837612,-206.85157637096944,623.4430853487657,-37.011862236488696,-0.69347657033171,0.0,-0.7204791783257647,3.929013079667063,3.929013079667063
-206.85157637096944,623.4430853487657,-37.011862236488696,-220.14457909069046,634.8874156143833,-39.662063504601264,-0.69347657033171,0.0,-0.7204791783257647,3.929013079667063,3.929013079667063
-220.14457909069046,634.8874156143831,-39.66206350460127,-207.45744568359657,647.6136522951775,-34.75072717901744,-0.69347657033171,0.0,-0.7204791783257647,3.929013079667063,3.929013079667063
-207.45744568359657,647.6136522951775,-34.75072717901744,-194.77031227650264,660.3398889759719,-29.839390853433592,-0.69347657033171,0.0,-0.7204791783257647,3.929013079667063,3.929013079667063
-194.16444296387553,636.16932202956,-32.100525910904864,-207.45744568359657,647.6136522951775,-34.75072717901744,-0.69347657033171,0.0,-0.7204791783257647,3.929013079667063,3.929013079667063
-207.45744568359657,647.6136522951775,-34.75072717901744,-220.75044840331756,659.057982560795,-37.40092844713,-0.69347657033171,0.0,-0.7204791783257647,3.929013079667063,3.929013079667063
-220.75044840331756,659.057982560795,-37.40092844713,-208.06331499622368,671.7842192415895,-32.48959212154617,-0.69347657033171,0.0,-0.7204791783257647,3.929013079667063,3.929013079667063
-208.06331499622368,671.7842192415895,-32.48959212154617,-195.37618158912977,684.5104559223838,-27.57825579596232,-0.69347657033171,0.0,-0.7204791783257647,3.929013079667063,3.929013079667063
-194.77031227650264,660.3398889759719,-29.839390853433592,-208.06331499622368,671.7842192415895,-32.48959212154617,-0.69347657033171,0.0,-0.7204791783257647,3.929013079667063,3.929013079667063
-208.06331499622368,671.7842192415895,-32.48959212154617,-221.3563177159447,683.2285495072069,-35.13979338965873,-0.69347657033171,0.0,-0.7204791783257647,3.929013079667063,3.929013079667063
-221.3563177159447,683.2285495072068,-35.13979338965874,-208.66918430885082,695.9547861880013,-30.228457064074902,-0.69347657033171,0.0,-0.7204791783257647,3.929013079667063,3.929013079667063
-208.66918430885082,695.9547861880013,-30.228457064074902,-195.9820509017569,708.6810228687957,-25.317120738491056,-0.69347657033171,0.0,-0.7204791783257647,3.929013079667063,3.929013079667063
-195.37618158912977,684.5104559223837,-27.578255795962335,-208.66918430885082,695.9547861880013,-30.228457064074902,-0.69347657033171,0.0,-0.7204791783257647,3.929013079667063,3.929013079667063
-208.66918430885082,695.9547861880013,-30.228457064074902,-221.96218702857183,707.3991164536188,-32.87865833218746,-0.69347657033171,0.0,-0.7204791783257647,3.929013079667063,3.929013079667063
-221.96218702857183,707.3991164536187,-32.87865833218748,-209.27505362147792,720.1253531344131,-27.967322006603638,-0.69347657033171,0.0,-0.7204791783257647,3.929013079667063,3.929013079667063
-209.27505362147792,720.1253531344131,-27.967322006603638,-196.587920214384,732.8515898152075,-23.055985681019806,-0.69347657033171,0.0,-0.7204791783257647,3.929013079667063,3.929013079667063
-195.9820509017569,708.6810228687956,-25.31712073849107,-209.27505362147792,720.1253531344131,-27.967322006603638,-0.69347657033171,0.0,-0.7204791783257647,3.929013079667063,3.929013079667063
-209.27505362147792,720.1253531344131,-27.967322006603638,-222.56805634119894,731.5696834000306,-30.617523274716213,-0.69347657033171,0.0,-0.7204791783257647,3.929013079667063,3.929013079667063
-222.56805634119894,731.5696834000306,-30.617523274716213,-209.88092293410506,744.295920080825,-25.706186949132373,-0.69347657033171,0.0,-0.7204791783257647,3.929013079667063,3.929013079667063
-209.88092293410506,744.295920080825,-25.706186949132373,-197.19378952701115,757.0221567616194,-20.794850623548527,-0.69347657033171,0.0,-0.7204791783257647,3.929013079667063,3.929013079667063
-196.587920214384,732.8515898152075,-23.055985681019806,-209.88092293410506,744.295920080825,-25.706186949132373,-0.69347657033171,0.0,-0.7204791783257647,3.929013079667063,3.929013079667063
-209.88092293410506,744.295920080825,-25.706186949132373,-223.17392565382607,755.7402503464425,-28.356388217244934,-0.69347657033171,0.0,-0.7204791783257647,3.929013079667063,3.929013079667063
-223.17392565382607,755.7402503464424,-28.356388217244948,-210.4867922467322,768.4664870272369,-23.44505189166111,-0.69347657033171,0.0,-0.7204791783257647,3.929013079667063,3.929013079667063
-210.4867922467322,768.4664870272369,-23.44505189166111,-197.79965883963828,781.1927237080312,-18.533715566077277,-0.69347657033171,0.0,-0.7204791783257647,3.929013079667063,3.929013079667063
-197.19378952701115,757.0221567616193,-20.79485062354854,-210.4867922467322,768.4664870272369,-23.44505189166111,-0.69347657033171,0.0,-0.7204791783257647,3.929013079667063,3.929013079667063
-210.4867922467322,768.4664870272369,-23.44505189166111,-223.7797949664532,779.9108172928543,-26.095253159773684,-0.69347657033171,0.0,-0.7204791783257647,3.929013079667063,3.929013079667063
-223.7797949664532,779.9108172928543,-26.095253159773684,-211.0926615593593,792.6370539736488,-21.183916834189844,-0.69347657033171,0.0,-0.7204791783257647,3.929013079667063,3.929013079667063
-211.0926615593593,792.6370539736488,-21.183916834189844,-198.4055281522654,805.3632906544432,-16.272580508605998,-0.69347657033171,0.0,-0.7204791783257647,3.929013079667063,3.929013079667063
-197.79965883963828,781.1927237080312,-18.533715566077277,-211.0926615593593,792.6370539736488,-21.183916834189844,-0.69347657033171,0.0,-0.7204791783257647,3.929013079667063,3.929013079667063
-211.0926615593593,792.6370539736488,-21.183916834189844,-224.38566427908032,804.0813842392663,-23.834118102302405,-0.69347657033171,0.0,-0.7204791783257647,3.929013079667063,3.929013079667063
-224.38566427908032,804.0813842392662,-23.83411810230242,-211.69853087198643,816.8076209200606,-18.92278177671858,-0.69347657033171,0.0,-0.7204791783257647,3.929013079667063,3.929013079667063
-211.69853087198643,816.8076209200606,-18.92278177671858,-199.01139746489253,829.533857600855,-14.011445451134747,-0.69347657033171,0.0,-0.7204791783257647,3.929013079667063,3.929013079667063
-198.4055281522654,805.3632906544431,-16.272580508606012,-211.69853087198643,816.8076209200606,-18.92278177671858,-0.69347657033171,0.0,-0.7204791783257647,3.929013079667063,3.929013079667063
-211.69853087198643,816.8076209200606,-18.92278177671858,-224.99153359170745,828.2519511856781,-21.572983044831155,-0.69347657033171,0.0,-0.7204791783257647,3.929013079667063,3.929013079667063
-224.99153359170745,828.251951185678,-21.572983044831155,-212.30440018461357,840.9781878664724,-16.66164671924733,-0.69347657033171,0.0,-0.7204791783257647,3.929013079667063,3.929013079667063
-212.30440018461357,840.9781878664724,-16.66164671924733,-199.61726677751966,853.7044245472667,-11.750310393663483,-0.69347657033171,0.0,-0.7204791783257647,3.929013079667063,3.929013079667063
-199.01139746489253,829.5338576008548,-14.011445451134747,-212.30440018461357,840.9781878664724,-16.66164671924733,-0.69347657033171,0.0,-0.7204791783257647,3.929013079667063,3.929013079667063
-212.30440018461357,840.9781878664724,-16.66164671924733,-225.5974029043346,852.4225181320899,-19.31184798735989,-0.69347657033171,0.0,-0.7204791783257647,3.929013079667063,3.929013079667063
-225.5974029043346,852.4225181320899,-19.31184798735989,-212.91026949724068,865.1487548128844,-14.400511661776049,-0.69347657033171,0.0,-0.7204791783257647,3.929013079667063,3.929013079667063
-212.91026949724068,865.1487548128844,-14.400511661776049,-200.22313609014677,877.8749914936786,-9.489175336192204,-0.69347657033171,0.0,-0.7204791783257647,3.929013079667063,3.929013079667063
-199.61726677751966,853.7044245472667,-11.750310393663483,-212.91026949724068,865.1487548128844,-14.400511661776049,-0.69347657033171,0.0,-0.7204791783257647,3.929013079667063,3.929013079667063
-212.91026949724068,865.1487548128844,-14.400511661776049,-226.2032722169617,876.5930850785018,-17.05071292988861,-0.69347657033171,0.0,-0.7204791783257647,3.929013079667063,3.929013079667063
-226.2032722169617,876.5930850785016,-17.050712929888626,-213.5161388098678,889.3193217592961,-12.139376604304784,-0.69347657033171,0.0,-0.7204791783257647,3.929013079667063,3.929013079667063
-213.5161388098678,889.3193217592961,-12.139376604304784,-200.8290054027739,902.0455584400905,-7.228040278720954,-0.69347657033171,0.0,-0.7204791783257647,3.929013079667063,3.929013079667063
-200.22313609014677,877.8749914936785,-9.489175336192218,-213.5161388098678,889.3193217592961,-12.139376604304784,-0.69347657033171,0.0,-0.7204791783257647,3.929013079667063,3.929013079667063
-213.5161388098678,889.3193217592961,-12.139376604304784,-226.80914152958883,900.7636520249137,-14.789577872417361,-0.69347657033171,0.0,-0.7204791783257647,3.929013079667063,3.929013079667063
-226.80914152958883,900.7636520249137,-14.789577872417361,-214.12200812249495,913.489888705708,-9.87824154683352,-0.69347657033171,0.0,-0.7204791783257647,3.929013079667063,3.929013079667063
-214.12200812249495,913.489888705708,-9.87824154683352,-201.434874715401,926.2161253865024,-4.966905221249675,-0.69347657033171,0.0,-0.7204791783257647,3.929013079667063,3.929013079667063
-200.8290054027739,902.0455584400905,-7.228040278720954,-214.12200812249495,913.489888705708,-9.87824154683352,-0.69347657033171,0.0,-0.7204791783257647,3.929013079667063,3.929013079667063
-214.12200812249495,913.489888705708,-9.87824154683352,-227.41501084221593,924.9342189713255,-12.528442814946082,-0.69347657033171,0.0,-0.7204791783257647,3.929013079667063,3.929013079667063
-227.41501084221593,924.9342189713254,-12.528442814946096,-214.72787743512205,937.6604556521198,-7.617106489362255,-0.69347657033171,0.0,-0.7204791783257647,3.929013079667063,3.929013079667063
-214.72787743512205,937.6604556521198,-7.617106489362255,-202.04074402802814,950.3866923329142,-2.705770163778425,-0.69347657033171,0.0,-0.7204791783257647,3.929013079667063,3.929013079667063
-201.434874715401,926.2161253865023,-4.966905221249689,-214.72787743512205,937.6604556521198,-7.617106489362255,-0.69347657033171,0.0,-0.7204791783257647,3.929013079667063,3.929013079667063
-214.72787743512205,937.6604556521198,-7.617106489362255,-228.02088015484307,949.1047859177373,-10.267307757474832,-0.69347657033171,0.0,-0.7204791783257647,3.929013079667063,3.929013079667063
-228.02088015484307,949.1047859177372,-10.267307757474832,-215.3337467477492,961.8310225985317,-5.355971431891005,-0.69347657033171,0.0,-0.7204791783257647,3.929013079667063,3.929013079667063
-215.3337467477492,961.8310225985317,-5.355971431891005,-202.64661334065528,974.557259279326,-0.4446351063071603,-0.69347657033171,0.0,-0.7204791783257647,3.929013079667063,3.929013079667063
-202.04074402802814,950.3866923329141,-2.705770163778425,-215.3337467477492,961.8310225985317,-5.355971431891005,-0.69347657033171,0.0,-0.7204791783257647,3.929013079667063,3.929013079667063
-215.3337467477492,961.8310225985317,-5.355971431891005,-228.6267494674702,973.2753528641491,-8.006172700003567,-0.69347657033171,0.0,-0.7204791783257647,3.929013079667063,3.929013079667063
-228.6267494674702,973.2753528641491,-8.006172700003567,-215.93961606037632,986.0015895449436,-3.0948363744197263,-0.69347657033171,0.0,-0.7204791783257647,3.929013079667063,3.929013079667063
-215.93961606037632,986.0015895449436,-3.0948363744197263,-203.2524826532824,998.7278262257379,1.8164999511641042,-0.69347657033171,0.0,-0.7204791783257647,3.929013079667063,3.929013079667063
-202.64661334065528,974.557259279326,-0.4446351063071603,-215.93961606037632,986.0015895449436,-3.0948363744197263,-0.69347657033171,0.0,-0.7204791783257647,3.929013079667063,3.929013079667063
-215.93961606037632,986.0015895449436,-3.0948363744197263,-229.23261878009734,997.4459198105611,-5.745037642532303,-0.69347657033171,0.0,-0.7204791783257647,3.929013079667063,3.929013079667063
-229.2326187800973,997.4459198105611,-5.745037642532303,-216.54548537300343,1010.1721564913554,-0.8337013169484759,-0.69347657033171,0.0,-0.7204791783257647,3.929013079667063,3.929013079667063
-216.54548537300343,1010.1721564913554,-0.8337013169484759,-203.85835196590952,1022.8983931721497,4.0776350086353546,-0.69347657033171,0.0,-0.7204791783257647,3.929013079667063,3.929013079667063
-203.25248265328239,998.7278262257379,1.8164999511641042,-216.54548537300343,1010.1721564913554,-0.8337013169484759,-0.69347657033171,0.0,-0.7204791783257647,3.929013079667063,3.929013079667063
-216.54548537300343,1010.1721564913554,-0.8337013169484759,-229.83848809272445,1021.6164867569729,-3.4839025850610525,-0.69347657033171,0.0,-0.7204791783257647,3.929013079667063,3.929013079667063
-229.83848809272445,1021.6164867569729,-3.4839025850610525,-217.15135468563057,1034.3427234377673,1.4274337405227886,-0.69347657033171,0.0,-0.7204791783257647,3.929013079667063,3.929013079667063
-217.15135468563057,1034.3427234377673,1.4274337405227886,-204.46422127853666,1047.0689601185616,6.338770066106633,-0.69347657033171,0.0,-0.7204791783257647,3.929013079667063,3.929013079667063
-203.85835196590952,1022.8983931721497,4.0776350086353546,-217.15135468563057,1034.3427234377673,1.4274337405227886,-0.69347657033171,0.0,-0.7204791783257647,3.929013079667063,3.929013079667063
-217.15135468563057,1034.3427234377673,1.4274337405227886,-230.44435740535158,1045.7870537033848,-1.2227675275897738,-0.69347657033171,0.0,-0.7204791783257647,3.929013079667063,3.929013079667063
-230.44435740535158,1045.7870537033848,-1.2227675275897738,-217.7572239982577,1058.513290384179,3.6885687979940673,-0.69347657033171,0.0,-0.7204791783257647,3.929013079667063,3.929013079667063
-217.7572239982577,1058.513290384179,3.6885687979940673,-205.07009059116376,1071.2395270649733,8.599905123577884,-0.69347657033171,0.0,-0.7204791783257647,3.929013079667063,3.929013079667063
-204.46422127853666,1047.0689601185616,6.338770066106633,-217.7572239982577,1058.513290384179,3.6885687979940673,-0.69347657033171,0.0,-0.7204791783257647,3.929013079667063,3.929013079667063
-217.7572239982577,1058.513290384179,3.6885687979940673,-231.0502267179787,1069.9576206497966,1.0383675298814765,-0.69347657033171,0.0,-0.7204791783257647,3.929013079667063,3.929013079667063
-231.0502267179787,1069.9576206497966,1.0383675298814765,-218.3630933108848,1082.6838573305909,5.9497038554653034,-0.69347657033171,0.0,-0.7204791783257647,3.929013079667063,3.929013079667063
-218.3630933108848,1082.6838573305909,5.9497038554653034,-205.6759599037909,1095.4100940113851,10.861040181049148,-0.69347657033171,0.0,-0.7204791783257647,3.929013079667063,3.929013079667063
-205.07009059116376,1071.2395270649733,8.599905123577884,-218.3630933108848,1082.6838573305909,5.9497038554653034,-0.69347657033171,0.0,-0.7204791783257647,3.929013079667063,3.929013079667063
-218.3630933108848,1082.6838573305909,5.9497038554653034,-231.65609603060582,1094.1281875962084,3.299502587352741,-0.69347657033171,0.0,-0.7204791783257647,3.929013079667063,3.929013079667063
-231.65609603060582,1094.1281875962084,3.299502587352741,-218.96896262351194,1106.8544242770029,8.210838912936582,-0.69347657033171,0.0,-0.7204791783257647,3.929013079667063,3.929013079667063
-218.96896262351194,1106.8544242770029,8.210838912936582,-206.28182921641803,1119.5806609577971,13.122175238520427,-0.69347657033171,0.0,-0.7204791783257647,3.929013079667063,3.929013079667063
-205.6759599037909,1095.4100940113851,10.861040181049148,-218.96896262351194,1106.8544242770029,8.210838912936582,-0.69347657033171,0.0,-0.7204791783257647,3.929013079667063,3.929013079667063
-218.96896262351194,1106.8544242770029,8.210838912936582,-232.26196534323296,1118.2987545426204,5.56063764482402,-0.69347657033171,0.0,-0.7204791783257647,3.929013079667063,3.929013079667063
-232.26196534323296,1118.2987545426204,5.56063764482402,-219.57483193613905,1131.0249912234146,10.471973970407847,-0.69347657033171,0.0,-0.7204791783257647,3.929013079667063,3.929013079667063
-219.57483193613905,1131.0249912234146,10.471973970407847,-206.88769852904514,1143.7512279042091,15.383310295991691,-0.69347657033171,0.0,-0.7204791783257647,3.929013079667063,3.929013079667063
-206.28182921641803,1119.5806609577971,13.122175238520427,-219.57483193613905,1131.0249912234146,10.471973970407847,-0.69347657033171,0.0,-0.7204791783257647,3.929013079667063,3.929013079667063
-219.57483193613905,1131.0249912234146,10.471973970407847,-232.86783465586007,1142.4693214890324,7.821772702295284,-0.69347657033171,0.0,-0.7204791783257647,3.929013079667063,3.929013079667063
-198.556261859417,31.905148369263642,-122.47066661783067,-202.07998872352823,43.349478634881166,-108.19998575087115,0.69347657033171,0.0,-0.7204791783257647,3.929013079667063,3.929013079667063
-202.07998872352823,43.349478634881166,-108.19998575087115,-205.60371558763944,54.793808900498675,-93.92930488391161,0.69347657033171,0.0,-0.7204791783257647,3.929013079667063,3.929013079667063
-204.9978462750123,30.623241954086822,-96.19043994138288,-202.07998872352823,43.349478634881166,-108.19998575087115,0.69347657033171,0.0,-0.7204791783257647,3.929013079667063,3.929013079667063
-202.07998872352823,43.349478634881166,-108.19998575087115,-199.16213117204413,56.075715315675495,-120.20953156035941,0.69347657033171,0.0,-0.7204791783257647,3.929013079667063,3.929013079667063
-199.16213117204413,56.075715315675495,-120.20953156035941,-202.68585803615537,67.52004558129302,-105.93885069339989,0.69347657033171,0.0,-0.7204791783257647,3.929013079667063,3.929013079667063
-202.68585803615537,67.52004558129302,-105.93885069339989,-206.20958490026658,78.96437584691054,-91.66816982644035,0.69347657033171,0.0,-0.7204791783257647,3.929013079667063,3.929013079667063
-205.60371558763944,54.793808900498675,-93.92930488391161,-202.68585803615537,67.52004558129302,-105.93885069339989,0.69347657033171,0.0,-0.7204791783257647,3.929013079667063,3.929013079667063
-202.68585803615537,67.52004558129302,-105.93885069339989,-199.76800048467126,80.24628226208736,-117.94839650288814,0.69347657033171,0.0,-0.7204791783257647,3.929013079667063,3.929013079667063
-199.76800048467126,80.24628226208736,-117.94839650288814,-203.2917273487825,91.69061252770487,-103.67771563592862,0.69347657033171,0.0,-0.7204791783257647,3.929013079667063,3.929013079667063
-203.2917273487825,91.69061252770487,-103.67771563592862,-206.8154542128937,103.13494279332238,-89.40703476896908,0.69347657033171,0.0,-0.7204791783257647,3.929013079667063,3.929013079667063
-206.20958490026658,78.96437584691054,-91.66816982644035,-203.2917273487825,91.69061252770487,-103.67771563592862,0.69347657033171,0.0,-0.7204791783257647,3.929013079667063,3.929013079667063
-203.2917273487825,91.69061252770487,-103.67771563592862,-200.37386979729837,104.4168492084992,-115.68726144541688,0.69347657033171,0.0,-0.7204791783257647,3.929013079667063,3.929013079667063
-200.37386979729837,104.4168492084992,-115.68726144541688,-203.8975966614096,115.86117947411674,-101.41658057845736,0.69347657033171,0.0,-0.7204791783257647,3.929013079667063,3.929013079667063
-203.8975966614096,115.86117947411674,-101.41658057845736,-207.42132352552085,127.30550973973425,-87.14589971149782,0.69347657033171,0.0,-0.7204791783257647,3.929013079667063,3.929013079667063
-206.8154542128937,103.13494279332238,-89.40703476896908,-203.8975966614096,115.86117947411674,-101.41658057845736,0.69347657033171,0.0,-0.7204791783257647,3.929013079667063,3.929013079667063
-203.8975966614096,115.86117947411674,-101.41658057845736,-200.9797391099255,128.58741615491107,-113.42612638794562,0.69347657033171,0.0,-0.7204791783257647,3.929013079667063,3.929013079667063
-200.9797391099255,128.58741615491107,-113.42612638794562,-204.50346597403674,140.03174642052858,-99.15544552098609,0.69347657033171,0.0,-0.7204791783257647,3.929013079667063,3.929013079667063
-204.50346597403674,140.03174642052858,-99.15544552098609,-208.02719283814798,151.47607668614611,-84.88476465402655,0.69347657033171,0.0,-0.7204791783257647,3.929013079667063,3.929013079667063
-207.42132352552085,127.30550973973425,-87.14589971149782,-204.50346597403674,140.03174642052858,-99.15544552098609,0.69347657033171,0.0,-0.7204791783257647,3.929013079667063,3.929013079667063
-204.50346597403674,140.03174642052858,-99.15544552098609,-201.58560842255264,152.75798310132294,-111.16499133047435,0.69347657033171,0.0,-0.7204791783257647,3.929013079667063,3.929013079667063
-201.58560842255264,152.7579831013229,-111.16499133047435,-205.10933528666388,164.20231336694044,-96.89431046351483,0.69347657033171,0.0,-0.7204791783257647,3.929013079667063,3.929013079667063
-205.10933528666388,164.20231336694044,-96.89431046351483,-208.63306215077506,175.64664363255795,-82.6236295965553,0.69347657033171,0.0,-0.7204791783257647,3.929013079667063,3.929013079667063
-208.02719283814798,151.4760766861461,-84.88476465402655,-205.10933528666388,164.20231336694044,-96.89431046351483,0.69347657033171,0.0,-0.7204791783257647,3.929013079667063,3.929013079667063
-205.10933528666388,164.20231336694044,-96.89431046351483,-202.19147773517975,176.92855004773477,-108.9038562730031,0.69347657033171,0.0,-0.7204791783257647,3.929013079667063,3.929013079667063
-202.19147773517975,176.92855004773477,-108.9038562730031,-205.71520459929098,188.3728803133523,-94.63317540604356,0.69347657033171,0.0,-0.7204791783257647,3.929013079667063,3.929013079667063
-205.71520459929098,188.3728803133523,-94.63317540604356,-209.2389314634022,199.81721057896982,-80.36249453908403,0.69347657033171,0.0,-0.7204791783257647,3.929013079667063,3.929013079667063
-208.63306215077506,175.64664363255795,-82.6236295965553,-205.71520459929098,188.3728803133523,-94.63317540604356,0.69347657033171,0.0,-0.7204791783257647,3.929013079667063,3.929013079667063
-205.71520459929098,188.3728803133523,-94.63317540604356,-202.79734704780688,201.09911699414664,-106.64272121553182,0.69347657033171,0.0,-0.7204791783257647,3.929013079667063,3.929013079667063
-202.79734704780688,201.0991169941466,-106.64272121553182,-206.32107391191812,212.54344725976412,-92.3720403485723,0.69347657033171,0.0,-0.7204791783257647,3.929013079667063,3.929013079667063
-206.32107391191812,212.54344725976412,-92.3720403485723,-209.84480077602933,223.9877775253817,-78.10135948161276,0.69347657033171,0.0,-0.7204791783257647,3.929013079667063,3.929013079667063
-209.2389314634022,199.8172105789698,-80.36249453908403,-206.32107391191812,212.54344725976412,-92.3720403485723,0.69347657033171,0.0,-0.7204791783257647,3.929013079667063,3.929013079667063
-206.32107391191812,212.54344725976412,-92.3720403485723,-203.40321636043402,225.2696839405585,-104.38158615806056,0.69347657033171,0.0,-0.7204791783257647,3.929013079667063,3.929013079667063
-203.40321636043402,225.2696839405585,-104.38158615806056,-206.92694322454525,236.71401420617596,-90.11090529110103,0.69347657033171,0.0,-0.7204791783257647,3.929013079667063,3.929013079667063
-206.92694322454525,236.71401420617596,-90.11090529110103,-210.45067008865647,248.15834447179358,-75.8402244241415,0.69347657033171,0.0,-0.7204791783257647,3.929013079667063,3.929013079667063
-209.84480077602933,223.9877775253817,-78.10135948161276,-206.92694322454525,236.71401420617596,-90.11090529110103,0.69347657033171,0.0,-0.7204791783257647,3.929013079667063,3.929013079667063
-206.92694322454525,236.71401420617596,-90.11090529110103,-204.00908567306112,249.4402508869704,-102.12045110058929,0.69347657033171,0.0,-0.7204791783257647,3.929013079667063,3.929013079667063
-204.00908567306112,249.4402508869704,-102.12045110058929,-207.53281253717236,260.8845811525879,-87.84977023362977,0.69347657033171,0.0,-0.7204791783257647,3.929013079667063,3.929013079667063
-207.53281253717236,260.8845811525879,-87.84977023362977,-211.0565394012836,272.3289114182055,-73.57908936667023,0.69347657033171,0.0,-0.7204791783257647,3.929013079667063,3.929013079667063
-210.45067008865647,248.15834447179358,-75.8402244241415,-207.53281253717236,260.8845811525879,-87.84977023362977,0.69347657033171,0.0,-0.7204791783257647,3.929013079667063,3.929013079667063
-207.53281253717236,260.8845811525879,-87.84977023362977,-204.61495498568826,273.61081783338227,-99.85931604311803,0.69347657033171,0.0,-0.7204791783257647,3.929013079667063,3.929013079667063
-204.61495498568826,273.61081783338216,-99.85931604311804,-208.1386818497995,285.05514809899967,-85.5886351761585,0.69347657033171,0.0,-0.7204791783257647,3.929013079667063,3.929013079667063
-208.1386818497995,285.05514809899967,-85.5886351761585,-211.66240871391074,296.4994783646173,-71.31795430919897,0.69347657033171,0.0,-0.7204791783257647,3.929013079667063,3.929013079667063
-211.0565394012836,272.3289114182054,-73.57908936667025,-208.1386818497995,285.05514809899967,-85.5886351761585,0.69347657033171,0.0,-0.7204791783257647,3.929013079667063,3.929013079667063
-208.1386818497995,285.05514809899967,-85.5886351761585,-205.2208242983154,297.78138477979405,-97.59818098564676,0.69347657033171,0.0,-0.7204791783257647,3.929013079667063,3.929013079667063
-205.2208242983154,297.78138477979405,-97.59818098564676,-208.7445511624266,309.2257150454117,-83.32750011868723,0.69347657033171,0.0,-0.7204791783257647,3.929013079667063,3.929013079667063
-208.7445511624266,309.2257150454117,-83.32750011868723,-212.2682780265378,320.67004531102907,-69.05681925172772,0.69347657033171,0.0,-0.7204791783257647,3.929013079667063,3.929013079667063
-211.66240871391074,296.4994783646173,-71.31795430919897,-208.7445511624266,309.2257150454117,-83.32750011868723,0.69347657033171,0.0,-0.7204791783257647,3.929013079667063,3.929013079667063
-208.7445511624266,309.2257150454117,-83.32750011868723,-205.8266936109425,321.95195172620583,-95.33704592817551,0.69347657033171,0.0,-0.7204791783257647,3.929013079667063,3.929013079667063
-205.8266936109425,321.95195172620595,-95.3370459281755,-209.35042047505374,333.39628199182346,-81.06636506121598,0.69347657033171,0.0,-0.7204791783257647,3.929013079667063,3.929013079667063
-209.35042047505374,333.39628199182346,-81.06636506121598,-212.87414733916495,344.8406122574411,-66.79568419425644,0.69347657033171,0.0,-0.7204791783257647,3.929013079667063,3.929013079667063
-212.2682780265378,320.6700453110292,-69.0568192517277,-209.35042047505374,333.39628199182346,-81.06636506121598,0.69347657033171,0.0,-0.7204791783257647,3.929013079667063,3.929013079667063
-209.35042047505374,333.39628199182346,-81.06636506121598,-206.43256292356963,346.12251867261784,-93.07591087070423,0.69347657033171,0.0,-0.7204791783257647,3.929013079667063,3.929013079667063
-206.43256292356963,346.12251867261784,-93.07591087070423,-209.95628978768087,357.56684893823535,-78.8052300037447,0.69347657033171,0.0,-0.7204791783257647,3.929013079667063,3.929013079667063
-209.95628978768087,357.56684893823535,-78.8052300037447,-213.48001665179208,369.01117920385286,-64.53454913678519,0.69347657033171,0.0,-0.7204791783257647,3.929013079667063,3.929013079667063
-212.87414733916495,344.8406122574411,-66.79568419425644,-209.95628978768087,357.56684893823535,-78.8052300037447,0.69347657033171,0.0,-0.7204791783257647,3.929013079667063,3.929013079667063
-209.95628978768087,357.56684893823535,-78.8052300037447,-207.03843223619677,370.2930856190296,-90.81477581323298,0.69347657033171,0.0,-0.7204791783257647,3.929013079667063,3.929013079667063
-207.03843223619677,370.2930856190296,-90.81477581323298,-210.56215910030798,381.73741588464713,-76.54409494627345,0.69347657033171,0.0,-0.7204791783257647,3.929013079667063,3.929013079667063
-210.56215910030798,381.73741588464713,-76.54409494627345,-214.08588596441922,393.18174615026464,-62.27341407931392,0.69347657033171,0.0,-0.7204791783257647,3.929013079667063,3.929013079667063
-213.48001665179208,369.01117920385286,-64.53454913678519,-210.56215910030798,381.73741588464713,-76.54409494627345,0.69347657033171,0.0,-0.7204791783257647,3.929013079667063,3.929013079667063
-210.56215910030798,381.73741588464713,-76.54409494627345,-207.64430154882388,394.4636525654414,-88.55364075576172,0.69347657033171,0.0,-0.7204791783257647,3.929013079667063,3.929013079667063
-207.64430154882388,394.4636525654415,-88.5536407557617,-211.16802841293512,405.90798283105903,-74.28295988880218,0.69347657033171,0.0,-0.7204791783257647,3.929013079667063,3.929013079667063
-211.16802841293512,405.90798283105903,-74.28295988880218,-214.69175527704635,417.35231309667654,-60.01227902184266,0.69347657033171,0.0,-0.7204791783257647,3.929013079667063,3.929013079667063
-214.08588596441922,393.18174615026476,-62.27341407931391,-211.16802841293512,405.90798283105903,-74.28295988880218,0.69347657033171,0.0,-0.7204791783257647,3.929013079667063,3.929013079667063
-211.16802841293512,405.90798283105903,-74.28295988880218,-208.250170861451,418.6342195118533,-86.29250569829046,0.69347657033171,0.0,-0.7204791783257647,3.929013079667063,3.929013079667063
-208.250170861451,418.6342195118533,-86.29250569829046,-211.77389772556225,430.0785497774709,-72.02182483133092,0.69347657033171,0.0,-0.7204791783257647,3.929013079667063,3.929013079667063
-211.77389772556225,430.0785497774709,-72.02182483133092,-215.2976245896735,441.52288004308843,-57.75114396437138,0.69347657033171,0.0,-0.7204791783257647,3.929013079667063,3.929013079667063
-214.69175527704635,417.35231309667654,-60.01227902184266,-211.77389772556225,430.0785497774709,-72.02182483133092,0.69347657033171,0.0,-0.7204791783257647,3.929013079667063,3.929013079667063
-211.77389772556225,430.0785497774709,-72.02182483133092,-208.85604017407815,442.8047864582652,-84.03137064081918,0.69347657033171,0.0,-0.7204791783257647,3.929013079667063,3.929013079667063
-208.85604017407815,442.8047864582653,-84.03137064081918,-212.37976703818936,454.2491167238827,-69.76068977385965,0.69347657033171,0.0,-0.7204791783257647,3.929013079667063,3.929013079667063
-212.37976703818936,454.2491167238827,-69.76068977385965,-215.90349390230057,465.6934469895002,-55.49000890690013,0.69347657033171,0.0,-0.7204791783257647,3.929013079667063,3.929013079667063
-215.2976245896735,441.52288004308855,-57.75114396437138,-212.37976703818936,454.2491167238827,-69.76068977385965,0.69347657033171,0.0,-0.7204791783257647,3.929013079667063,3.929013079667063
-212.37976703818936,454.2491167238827,-69.76068977385965,-209.46190948670525,466.9753534046771,-81.77023558334793,0.69347657033171,0.0,-0.7204791783257647,3.929013079667063,3.929013079667063
-209.46190948670525,466.9753534046771,-81.77023558334793,-212.9856363508165,478.4196836702946,-67.49955471638837,0.69347657033171,0.0,-0.7204791783257647,3.929013079667063,3.929013079667063
-212.9856363508165,478.4196836702946,-67.49955471638837,-216.5093632149277,489.864013935912,-53.22887384942886,0.69347657033171,0.0,-0.7204791783257647,3.929013079667063,3.929013079667063
-215.90349390230057,465.6934469895002,-55.49000890690013,-212.9856363508165,478.4196836702946,-67.49955471638837,0.69347657033171,0.0,-0.7204791783257647,3.929013079667063,3.929013079667063
-212.9856363508165,478.4196836702946,-67.49955471638837,-210.0677787993324,491.1459203510889,-79.50910052587665,0.69347657033171,0.0,-0.7204791783257647,3.929013079667063,3.929013079667063
-210.0677787993324,491.1459203510889,-79.50910052587665,-213.59150566344363,502.5902506167065,-65.23841965891712,0.69347657033171,0.0,-0.7204791783257647,3.929013079667063,3.929013079667063
-213.59150566344363,502.5902506167065,-65.23841965891712,-217.11523252755484,514.0345808823239,-50.9677387919576,0.69347657033171,0.0,-0.7204791783257647,3.929013079667063,3.929013079667063
-216.5093632149277,489.864013935912,-53.22887384942886,-213.59150566344363,502.5902506167065,-65.23841965891712,0.69347657033171,0.0,-0.7204791783257647,3.929013079667063,3.929013079667063
-213.59150566344363,502.5902506167065,-65.23841965891712,-210.6736481119595,515.3164872975008,-77.2479654684054,0.69347657033171,0.0,-0.7204791783257647,3.929013079667063,3.929013079667063
-210.6736481119595,515.3164872975009,-77.24796546840538,-214.19737497607073,526.7608175631183,-62.97728460144586,0.69347657033171,0.0,-0.7204791783257647,3.929013079667063,3.929013079667063
-214.19737497607073,526.7608175631183,-62.97728460144586,-217.72110184018197,538.2051478287358,-48.70660373448633,0.69347657033171,0.0,-0.7204791783257647,3.929013079667063,3.929013079667063
-217.11523252755484,514.034580882324,-50.967738791957586,-214.19737497607073,526.7608175631183,-62.97728460144586,0.69347657033171,0.0,-0.7204791783257647,3.929013079667063,3.929013079667063
-214.19737497607073,526.7608175631183,-62.97728460144586,-211.27951742458663,539.4870542439127,-74.98683041093412,0.69347657033171,0.0,-0.7204791783257647,3.929013079667063,3.929013079667063
-211.27951742458663,539.4870542439127,-74.98683041093412,-214.80324428869787,550.9313845095302,-60.716149543974595,0.69347657033171,0.0,-0.7204791783257647,3.929013079667063,3.929013079667063
-214.80324428869787,550.9313845095302,-60.716149543974595,-218.3269711528091,562.3757147751476,-46.44546867701507,0.69347657033171,0.0,-0.7204791783257647,3.929013079667063,3.929013079667063
-217.72110184018197,538.2051478287358,-48.70660373448633,-214.80324428869787,550.9313845095302,-60.716149543974595,0.69347657033171,0.0,-0.7204791783257647,3.929013079667063,3.929013079667063
-214.80324428869787,550.9313845095302,-60.716149543974595,-211.88538673721376,563.6576211903244,-72.72569535346287,0.69347657033171,0.0,-0.7204791783257647,3.929013079667063,3.929013079667063
-211.88538673721376,563.6576211903244,-72.72569535346287,-215.409113601325,575.1019514559421,-58.45501448650333,0.69347657033171,0.0,-0.7204791783257647,3.929013079667063,3.929013079667063
-215.409113601325,575.1019514559421,-58.45501448650333,-218.9328404654362,586.5462817215595,-44.1843336195438,0.69347657033171,0.0,-0.7204791783257647,3.929013079667063,3.929013079667063
-218.3269711528091,562.3757147751476,-46.44546867701507,-215.409113601325,575.1019514559421,-58.45501448650333,0.69347657033171,0.0,-0.7204791783257647,3.929013079667063,3.929013079667063
-215.409113601325,575.1019514559421,-58.45501448650333,-212.49125604984087,587.8281881367363,-70.46456029599159,0.69347657033171,0.0,-0.7204791783257647,3.929013079667063,3.929013079667063
-212.49125604984087,587.8281881367362,-70.4645602959916,-216.0149829139521,599.2725184023539,-56.19387942903207,0.69347657033171,0.0,-0.7204791783257647,3.929013079667063,3.929013079667063
-216.0149829139521,599.2725184023539,-56.19387942903207,-219.53870977806332,610.7168486679714,-41.923198562072535,0.69347657033171,0.0,-0.7204791783257647,3.929013079667063,3.929013079667063
-218.9328404654362,586.5462817215594,-44.18433361954381,-216.0149829139521,599.2725184023539,-56.19387942903207,0.69347657033171,0.0,-0.7204791783257647,3.929013079667063,3.929013079667063
-216.0149829139521,599.2725184023539,-56.19387942903207,-213.097125362468,611.9987550831482,-68.20342523852034,0.69347657033171,0.0,-0.7204791783257647,3.929013079667063,3.929013079667063
-213.097125362468,611.9987550831482,-68.20342523852034,-216.62085222657925,623.4430853487657,-53.9327443715608,0.69347657033171,0.0,-0.7204791783257647,3.929013079667063,3.929013079667063
-216.62085222657925,623.4430853487657,-53.9327443715608,-220.14457909069046,634.8874156143833,-39.66206350460127,0.69347657033171,0.0,-0.7204791783257647,3.929013079667063,3.929013079667063
-219.53870977806332,610.7168486679714,-41.923198562072535,-216.62085222657925,623.4430853487657,-53.9327443715608,0.69347657033171,0.0,-0.7204791783257647,3.929013079667063,3.929013079667063
-216.62085222657925,623.4430853487657,-53.9327443715608,-213.70299467509514,636.1693220295601,-65.94229018104906,0.69347657033171,0.0,-0.7204791783257647,3.929013079667063,3.929013079667063
-213.70299467509514,636.16932202956,-65.94229018104907,-217.22672153920638,647.6136522951775,-51.671609314089544,0.69347657033171,0.0,-0.7204791783257647,3.929013079667063,3.929013079667063
-217.22672153920638,647.6136522951775,-51.671609314089544,-220.7504484033176,659.057982560795,-37.400928447130006,0.69347657033171,0.0,-0.7204791783257647,3.929013079667063,3.929013079667063
-220.14457909069046,634.8874156143831,-39.66206350460128,-217.22672153920638,647.6136522951775,-51.671609314089544,0.69347657033171,0.0,-0.7204791783257647,3.929013079667063,3.929013079667063
-217.22672153920638,647.6136522951775,-51.671609314089544,-214.30886398772225,660.3398889759719,-63.6811551235778,0.69347657033171,0.0,-0.7204791783257647,3.929013079667063,3.929013079667063
-214.30886398772225,660.3398889759719,-63.6811551235778,-217.8325908518335,671.7842192415895,-49.41047425661827,0.69347657033171,0.0,-0.7204791783257647,3.929013079667063,3.929013079667063
-217.8325908518335,671.7842192415895,-49.41047425661827,-221.35631771594473,683.2285495072069,-35.139793389658735,0.69347657033171,0.0,-0.7204791783257647,3.929013079667063,3.929013079667063
-220.7504484033176,659.057982560795,-37.400928447130006,-217.8325908518335,671.7842192415895,-49.41047425661827,0.69347657033171,0.0,-0.7204791783257647,3.929013079667063,3.929013079667063
-217.8325908518335,671.7842192415895,-49.41047425661827,-214.91473330034938,684.5104559223838,-61.42002006610653,0.69347657033171,0.0,-0.7204791783257647,3.929013079667063,3.929013079667063
-214.91473330034938,684.5104559223837,-61.420020066106545,-218.43846016446062,695.9547861880013,-47.14933919914701,0.69347657033171,0.0,-0.7204791783257647,3.929013079667063,3.929013079667063
-218.43846016446062,695.9547861880013,-47.14933919914701,-221.96218702857186,707.3991164536188,-32.87865833218747,0.69347657033171,0.0,-0.7204791783257647,3.929013079667063,3.929013079667063
-221.35631771594473,683.2285495072068,-35.13979338965875,-218.43846016446062,695.9547861880013,-47.14933919914701,0.69347657033171,0.0,-0.7204791783257647,3.929013079667063,3.929013079667063
-218.43846016446062,695.9547861880013,-47.14933919914701,-215.52060261297652,708.6810228687957,-59.158885008635266,0.69347657033171,0.0,-0.7204791783257647,3.929013079667063,3.929013079667063
-215.52060261297652,708.6810228687956,-59.15888500863528,-219.04432947708773,720.1253531344131,-44.88820414167574,0.69347657033171,0.0,-0.7204791783257647,3.929013079667063,3.929013079667063
-219.04432947708773,720.1253531344131,-44.88820414167574,-222.56805634119894,731.5696834000306,-30.61752327471622,0.69347657033171,0.0,-0.7204791783257647,3.929013079667063,3.929013079667063
-221.96218702857186,707.3991164536187,-32.878658332187484,-219.04432947708773,720.1253531344131,-44.88820414167574,0.69347657033171,0.0,-0.7204791783257647,3.929013079667063,3.929013079667063
-219.04432947708773,720.1253531344131,-44.88820414167574,-216.12647192560362,732.8515898152075,-56.897749951164016,0.69347657033171,0.0,-0.7204791783257647,3.929013079667063,3.929013079667063
-216.12647192560362,732.8515898152075,-56.897749951164016,-219.65019878971486,744.295920080825,-42.62706908420448,0.69347657033171,0.0,-0.7204791783257647,3.929013079667063,3.929013079667063
-219.65019878971486,744.295920080825,-42.62706908420448,-223.17392565382607,755.7402503464425,-28.35638821724494,0.69347657033171,0.0,-0.7204791783257647,3.929013079667063,3.929013079667063
-222.56805634119894,731.5696834000306,-30.61752327471622,-219.65019878971486,744.295920080825,-42.62706908420448,0.69347657033171,0.0,-0.7204791783257647,3.929013079667063,3.929013079667063
-219.65019878971486,744.295920080825,-42.62706908420448,-216.73234123823076,757.0221567616194,-54.63661489369274,0.69347657033171,0.0,-0.7204791783257647,3.929013079667063,3.929013079667063
-216.73234123823076,757.0221567616193,-54.63661489369275,-220.256068102342,768.4664870272369,-40.365934026733214,0.69347657033171,0.0,-0.7204791783257647,3.929013079667063,3.929013079667063
-220.256068102342,768.4664870272369,-40.365934026733214,-223.7797949664532,779.9108172928543,-26.09525315977369,0.69347657033171,0.0,-0.7204791783257647,3.929013079667063,3.929013079667063
-223.17392565382607,755.7402503464424,-28.356388217244955,-220.256068102342,768.4664870272369,-40.365934026733214,0.69347657033171,0.0,-0.7204791783257647,3.929013079667063,3.929013079667063
-220.256068102342,768.4664870272369,-40.365934026733214,-217.3382105508579,781.1927237080312,-52.37547983622149,0.69347657033171,0.0,-0.7204791783257647,3.929013079667063,3.929013079667063
-217.3382105508579,781.1927237080312,-52.37547983622149,-220.8619374149691,792.6370539736488,-38.10479896926195,0.69347657033171,0.0,-0.7204791783257647,3.929013079667063,3.929013079667063
-220.8619374149691,792.6370539736488,-38.10479896926195,-224.38566427908034,804.0813842392663,-23.834118102302412,0.69347657033171,0.0,-0.7204791783257647,3.929013079667063,3.929013079667063
-223.7797949664532,779.9108172928543,-26.09525315977369,-220.8619374149691,792.6370539736488,-38.10479896926195,0.69347657033171,0.0,-0.7204791783257647,3.929013079667063,3.929013079667063
-220.8619374149691,792.6370539736488,-38.10479896926195,-217.944079863485,805.3632906544432,-50.11434477875021,0.69347657033171,0.0,-0.7204791783257647,3.929013079667063,3.929013079667063
-217.944079863485,805.3632906544431,-50.11434477875022,-221.46780672759624,816.8076209200606,-35.843663911790685,0.69347657033171,0.0,-0.7204791783257647,3.929013079667063,3.929013079667063
-221.46780672759624,816.8076209200606,-35.843663911790685,-224.99153359170748,828.2519511856781,-21.57298304483116,0.69347657033171,0.0,-0.7204791783257647,3.929013079667063,3.929013079667063
-224.38566427908034,804.0813842392662,-23.834118102302426,-221.46780672759624,816.8076209200606,-35.843663911790685,0.69347657033171,0.0,-0.7204791783257647,3.929013079667063,3.929013079667063
-221.46780672759624,816.8076209200606,-35.843663911790685,-218.54994917611214,829.533857600855,-47.85320972127896,0.69347657033171,0.0,-0.7204791783257647,3.929013079667063,3.929013079667063
-218.54994917611214,829.5338576008548,-47.85320972127896,-222.07367604022338,840.9781878664724,-33.582528854319435,0.69347657033171,0.0,-0.7204791783257647,3.929013079667063,3.929013079667063
-222.07367604022338,840.9781878664724,-33.582528854319435,-225.59740290433461,852.4225181320899,-19.311847987359897,0.69347657033171,0.0,-0.7204791783257647,3.929013079667063,3.929013079667063
-224.99153359170748,828.251951185678,-21.57298304483116,-222.07367604022338,840.9781878664724,-33.582528854319435,0.69347657033171,0.0,-0.7204791783257647,3.929013079667063,3.929013079667063
-222.07367604022338,840.9781878664724,-33.582528854319435,-219.15581848873927,853.7044245472667,-45.59207466380769,0.69347657033171,0.0,-0.7204791783257647,3.929013079667063,3.929013079667063
-219.15581848873927,853.7044245472667,-45.59207466380769,-222.67954535285048,865.1487548128844,-31.321393796848156,0.69347657033171,0.0,-0.7204791783257647,3.929013079667063,3.929013079667063
-222.67954535285048,865.1487548128844,-31.321393796848156,-226.2032722169617,876.5930850785018,-17.05071292988862,0.69347657033171,0.0,-0.7204791783257647,3.929013079667063,3.929013079667063
-225.59740290433461,852.4225181320899,-19.311847987359897,-222.67954535285048,865.1487548128844,-31.321393796848156,0.69347657033171,0.0,-0.7204791783257647,3.929013079667063,3.929013079667063
-222.67954535285048,865.1487548128844,-31.321393796848156,-219.76168780136638,877.8749914936786,-43.330939606336415,0.69347657033171,0.0,-0.7204791783257647,3.929013079667063,3.929013079667063
-219.76168780136638,877.8749914936785,-43.33093960633643,-223.28541466547762,889.3193217592961,-29.06025873937689,0.69347657033171,0.0,-0.7204791783257647,3.929013079667063,3.929013079667063
-223.28541466547762,889.3193217592961,-29.06025873937689,-226.80914152958883,900.7636520249137,-14.789577872417368,0.69347657033171,0.0,-0.7204791783257647,3.929013079667063,3.929013079667063
-226.2032722169617,876.5930850785016,-17.050712929888633,-223.28541466547762,889.3193217592961,-29.06025873937689,0.69347657033171,0.0,-0.7204791783257647,3.929013079667063,3.929013079667063
-223.28541466547762,889.3193217592961,-29.06025873937689,-220.3675571139935,902.0455584400905,-41.069804548865164,0.69347657033171,0.0,-0.7204791783257647,3.929013079667063,3.929013079667063
-220.3675571139935,902.0455584400905,-41.069804548865164,-223.89128397810475,913.489888705708,-26.799123681905627,0.69347657033171,0.0,-0.7204791783257647,3.929013079667063,3.929013079667063
-223.89128397810475,913.489888705708,-26.799123681905627,-227.41501084221596,924.9342189713255,-12.52844281494609,0.69347657033171,0.0,-0.7204791783257647,3.929013079667063,3.929013079667063
-226.80914152958883,900.7636520249137,-14.789577872417368,-223.89128397810475,913.489888705708,-26.799123681905627,0.69347657033171,0.0,-0.7204791783257647,3.929013079667063,3.929013079667063
-223.89128397810475,913.489888705708,-26.799123681905627,-220.97342642662062,926.2161253865024,-38.808669491393886,0.69347657033171,0.0,-0.7204791783257647,3.929013079667063,3.929013079667063
-220.97342642662062,926.2161253865023,-38.8086694913939,-224.49715329073186,937.6604556521198,-24.537988624434362,0.69347657033171,0.0,-0.7204791783257647,3.929013079667063,3.929013079667063
-224.49715329073186,937.6604556521198,-24.537988624434362,-228.0208801548431,949.1047859177373,-10.267307757474839,0.69347657033171,0.0,-0.7204791783257647,3.929013079667063,3.929013079667063
-227.41501084221596,924.9342189713254,-12.528442814946104,-224.49715329073186,937.6604556521198,-24.537988624434362,0.69347657033171,0.0,-0.7204791783257647,3.929013079667063,3.929013079667063
-224.49715329073186,937.6604556521198,-24.537988624434362,-221.57929573924775,950.3866923329142,-36.547534433922635,0.69347657033171,0.0,-0.7204791783257647,3.929013079667063,3.929013079667063
-221.57929573924775,950.3866923329141,-36.547534433922635,-225.103022603359,961.8310225985317,-22.276853566963112,0.69347657033171,0.0,-0.7204791783257647,3.929013079667063,3.929013079667063
-225.103022603359,961.8310225985317,-22.276853566963112,-228.62674946747023,973.2753528641491,-8.006172700003575,0.69347657033171,0.0,-0.7204791783257647,3.929013079667063,3.929013079667063
-228.0208801548431,949.1047859177372,-10.267307757474839,-225.103022603359,961.8310225985317,-22.276853566963112,0.69347657033171,0.0,-0.7204791783257647,3.929013079667063,3.929013079667063
-225.103022603359,961.8310225985317,-22.276853566963112,-222.1851650518749,974.557259279326,-34.28639937645137,0.69347657033171,0.0,-0.7204791783257647,3.929013079667063,3.929013079667063
-222.1851650518749,974.557259279326,-34.28639937645137,-225.70889191598613,986.0015895449436,-20.015718509491833,0.69347657033171,0.0,-0.7204791783257647,3.929013079667063,3.929013079667063
-225.70889191598613,986.0015895449436,-20.015718509491833,-229.23261878009737,997.4459198105611,-5.74503764253231,0.69347657033171,0.0,-0.7204791783257647,3.929013079667063,3.929013079667063
-228.62674946747023,973.2753528641491,-8.006172700003575,-225.70889191598613,986.0015895449436,-20.015718509491833,0.69347657033171,0.0,-0.7204791783257647,3.929013079667063,3.929013079667063
-225.70889191598613,986.0015895449436,-20.015718509491833,-222.79103436450202,998.7278262257379,-32.025264318980106,0.69347657033171,0.0,-0.7204791783257647,3.929013079667063,3.929013079667063
-222.791034364502,998.7278262257379,-32.025264318980106,-226.31476122861324,1010.1721564913554,-17.754583452020583,0.69347657033171,0.0,-0.7204791783257647,3.929013079667063,3.929013079667063
-226.31476122861324,1010.1721564913554,-17.754583452020583,-229.83848809272445,1021.6164867569729,-3.4839025850610597,0.69347657033171,0.0,-0.7204791783257647,3.929013079667063,3.929013079667063
-229.2326187800973,997.4459198105611,-5.74503764253231,-226.31476122861324,1010.1721564913554,-17.754583452020583,0.69347657033171,0.0,-0.7204791783257647,3.929013079667063,3.929013079667063
-226.31476122861324,1010.1721564913554,-17.754583452020583,-223.39690367712913,1022.8983931721497,-29.764129261508856,0.69347657033171,0.0,-0.7204791783257647,3.929013079667063,3.929013079667063
-223.39690367712913,1022.8983931721497,-29.764129261508856,-226.92063054124037,1034.3427234377673,-15.493448394549317,0.69347657033171,0.0,-0.7204791783257647,3.929013079667063,3.929013079667063
-226.92063054124037,1034.3427234377673,-15.493448394549317,-230.44435740535158,1045.7870537033848,-1.222767527589781,0.69347657033171,0.0,-0.7204791783257647,3.929013079667063,3.929013079667063
-229.83848809272445,1021.6164867569729,-3.4839025850610597,-226.92063054124037,1034.3427234377673,-15.493448394549317,0.69347657033171,0.0,-0.7204791783257647,3.929013079667063,3.929013079667063
-226.92063054124037,1034.3427234377673,-15.493448394549317,-224.00277298975627,1047.0689601185616,-27.502994204037577,0.69347657033171,0.0,-0.7204791783257647,3.929013079667063,3.929013079667063
-224.00277298975627,1047.0689601185616,-27.502994204037577,-227.5264998538675,1058.513290384179,-13.232313337078038,0.69347657033171,0.0,-0.7204791783257647,3.929013079667063,3.929013079667063
-227.5264998538675,1058.513290384179,-13.232313337078038,-231.05022671797872,1069.9576206497966,1.0383675298814694,0.69347657033171,0.0,-0.7204791783257647,3.929013079667063,3.929013079667063
-230.44435740535158,1045.7870537033848,-1.222767527589781,-227.5264998538675,1058.513290384179,-13.232313337078038,0.69347657033171,0.0,-0.7204791783257647,3.929013079667063,3.929013079667063
-227.5264998538675,1058.513290384179,-13.232313337078038,-224.60864230238337,1071.2395270649733,-25.241859146566327,0.69347657033171,0.0,-0.7204791783257647,3.929013079667063,3.929013079667063
-224.60864230238337,1071.2395270649733,-25.241859146566327,-228.1323691664946,1082.6838573305909,-10.971178279606802,0.69347657033171,0.0,-0.7204791783257647,3.929013079667063,3.929013079667063
-228.1323691664946,1082.6838573305909,-10.971178279606802,-231.65609603060585,1094.1281875962084,3.299502587352734,0.69347657033171,0.0,-0.7204791783257647,3.929013079667063,3.929013079667063
-231.05022671797872,1069.9576206497966,1.0383675298814694,-228.1323691664946,1082.6838573305909,-10.971178279606802,0.69347657033171,0.0,-0.7204791783257647,3.929013079667063,3.929013079667063
-228.1323691664946,1082.6838573305909,-10.971178279606802,-225.2145116150105,1095.4100940113851,-22.980724089095062,0.69347657033171,0.0,-0.7204791783257647,3.929013079667063,3.929013079667063
-225.2145116150105,1095.4100940113851,-22.980724089095062,-228.73823847912175,1106.8544242770029,-8.710043222135523,0.69347657033171,0.0,-0.7204791783257647,3.929013079667063,3.929013079667063
-228.73823847912175,1106.8544242770029,-8.710043222135523,-232.261965343233,1118.2987545426204,5.560637644824013,0.69347657033171,0.0,-0.7204791783257647,3.929013079667063,3.929013079667063
-231.65609603060585,1094.1281875962084,3.299502587352734,-228.73823847912175,1106.8544242770029,-8.710043222135523,0.69347657033171,0.0,-0.7204791783257647,3.929013079667063,3.929013079667063
-228.73823847912175,1106.8544242770029,-8.710043222135523,-225.82038092763764,1119.5806609577971,-20.719589031623784,0.69347657033171,0.0,-0.7204791783257647,3.929013079667063,3.929013079667063
-225.82038092763764,1119.5806609577971,-20.719589031623784,-229.34410779174885,1131.0249912234146,-6.4489081646642585,0.69347657033171,0.0,-0.7204791783257647,3.929013079667063,3.929013079667063
-229.34410779174885,1131.0249912234146,-6.4489081646642585,-232.86783465586007,1142.4693214890324,7.821772702295277,0.69347657033171,0.0,-0.7204791783257647,3.929013079667063,3.929013079667063
-232.261965343233,1118.2987545426204,5.560637644824013,-229.34410779174885,1131.0249912234146,-6.4489081646642585,0.69347657033171,0.0,-0.7204791783257647,3.929013079667063,3.929013079667063
-229.34410779174885,1131.0249912234146,-6.4489081646642585,-226.42625024026475,1143.7512279042091,-18.45845397415252,0.69347657033171,0.0,-0.7204791783257647,3.929013079667063,3.929013079667063
-187.9872385111394,0.0,-108.53448275862064,-195.9940743810467,24.170566946411853,-119.09219780347672,0.0,0.0,1.0,3.929013079667063,3.929013079667063
-181.19214126648637,24.170566946411853,-93.45449759882203,-189.19897713639364,48.341133892823706,-104.01221264367811,0.0,0.0,1.0,3.929013079667063,3.929013079667063
-189.19897713639364,48.341133892823706,-104.01221264367811,-197.20581300630093,72.51170083923556,-114.5699276885342,0.0,0.0,1.0,3.929013079667063,3.929013079667063
-195.9940743810467,24.170566946411853,-119.09219780347672,-189.19897713639364,48.341133892823706,-104.01221264367811,0.0,0.0,1.0,3.929013079667063,3.929013079667063
-189.19897713639364,48.341133892823706,-104.01221264367811,-182.40387989174062,72.51170083923556,-88.9322274838795,0.0,0.0,1.0,3.929013079667063,3.929013079667063
-182.40387989174062,72.51170083923556,-88.9322274838795,-190.4107157616479,96.68226778564741,-99.48994252873558,0.0,0.0,1.0,3.929013079667063,3.929013079667063
-190.4107157616479,96.68226778564741,-99.48994252873558,-198.41755163155517,120.85283473205928,-110.04765757359166,0.0,0.0,1.0,3.929013079667063,3.929013079667063
-197.20581300630093,72.51170083923556,-114.5699276885342,-190.4107157616479,96.68226778564741,-99.48994252873558,0.0,0.0,1.0,3.929013079667063,3.929013079667063
-190.4107157616479,96.68226778564741,-99.48994252873558,-183.61561851699486,120.85283473205928,-84.40995736893697,0.0,0.0,1.0,3.929013079667063,3.929013079667063
-183.61561851699486,120.85283473205928,-84.40995736893697,-191.62245438690215,145.02340167847112,-94.96767241379305,0.0,0.0,1.0,3.929013079667063,3.929013079667063
-191.62245438690215,145.02340167847112,-94.96767241379305,-199.6292902568094,169.19396862488296,-105.52538745864913,0.0,0.0,1.0,3.929013079667063,3.929013079667063
-198.41755163155517,120.85283473205928,-110.04765757359166,-191.62245438690215,145.02340167847112,-94.96767241379305,0.0,0.0,1.0,3.929013079667063,3.929013079667063
-191.62245438690215,145.02340167847112,-94.96767241379305,-184.8273571422491,169.19396862488296,-79.88768725399444,0.0,0.0,1.0,3.929013079667063,3.929013079667063
-184.8273571422491,169.19396862488296,-79.88768725399444,-192.8341930121564,193.36453557129482,-90.44540229885052,0.0,0.0,1.0,3.929013079667063,3.929013079667063
-192.8341930121564,193.36453557129482,-90.44540229885052,-200.84102888206368,217.53510251770663,-101.00311734370662,0.0,0.0,1.0,3.929013079667063,3.929013079667063
-199.6292902568094,169.19396862488296,-105.52538745864913,-192.8341930121564,193.36453557129482,-90.44540229885052,0.0,0.0,1.0,3.929013079667063,3.929013079667063
-192.8341930121564,193.36453557129482,-90.44540229885052,-186.03909576750337,217.53510251770663,-75.36541713905193,0.0,0.0,1.0,3.929013079667063,3.929013079667063
-186.03909576750337,217.53510251770663,-75.36541713905193,-194.04593163741063,241.70566946411853,-85.923132183908,0.0,0.0,1.0,3.929013079667063,3.929013079667063
-194.04593163741063,241.70566946411853,-85.923132183908,-202.05276750731792,265.8762364105303,-96.48084722876409,0.0,0.0,1.0,3.929013079667063,3.929013079667063
-200.84102888206368,217.53510251770663,-101.00311734370662,-194.04593163741063,241.70566946411853,-85.923132183908,0.0,0.0,1.0,3.929013079667063,3.929013079667063
-194.04593163741063,241.70566946411853,-85.923132183908,-187.2508343927576,265.8762364105303,-70.8431470241094,0.0,0.0,1.0,3.929013079667063,3.929013079667063
-187.2508343927576,265.8762364105303,-70.8431470241094,-195.2576702626649,290.0468033569422,-81.40086206896547,0.0,0.0,1.0,3.929013079667063,3.929013079667063
-195.2576702626649,290.0468033569422,-81.40086206896547,-203.26450613257217,314.2173703033541,-91.95857711382156,0.0,0.0,1.0,3.929013079667063,3.929013079667063
-202.05276750731792,265.8762364105303,-96.48084722876409,-195.2576702626649,290.0468033569422,-81.40086206896547,0.0,0.0,1.0,3.929013079667063,3.929013079667063
-195.2576702626649,290.0468033569422,-81.40086206896547,-188.46257301801185,314.2173703033541,-66.32087690916687,0.0,0.0,1.0,3.929013079667063,3.929013079667063
-188.46257301801185,314.2173703033541,-66.32087690916687,-196.46940888791914,338.38793724976586,-76.87859195402295,0.0,0.0,1.0,3.929013079667063,3.929013079667063
-196.46940888791914,338.38793724976586,-76.87859195402295,-204.47624475782644,362.55850419617775,-87.43630699887903,0.0,0.0,1.0,3.929013079667063,3.929013079667063
-203.26450613257217,314.2173703033541,-91.95857711382156,-196.46940888791914,338.38793724976586,-76.87859195402295,0.0,0.0,1.0,3.929013079667063,3.929013079667063
-196.46940888791914,338.38793724976586,-76.87859195402295,-189.67431164326612,362.55850419617775,-61.798606794224334,0.0,0.0,1.0,3.929013079667063,3.929013079667063
-189.67431164326612,362.55850419617764,-61.798606794224334,-197.68114751317339,386.72907114258965,-72.35632183908041,0.0,0.0,1.0,3.929013079667063,3.929013079667063
-197.68114751317339,386.72907114258965,-72.35632183908041,-205.68798338308068,410.8996380890014,-82.9140368839365,0.0,0.0,1.0,3.929013079667063,3.929013079667063
-204.47624475782644,362.55850419617764,-87.43630699887903,-197.68114751317339,386.72907114258965,-72.35632183908041,0.0,0.0,1.0,3.929013079667063,3.929013079667063
-197.68114751317339,386.72907114258965,-72.35632183908041,-190.88605026852036,410.8996380890014,-57.276336679281805,0.0,0.0,1.0,3.929013079667063,3.929013079667063
-190.88605026852036,410.8996380890014,-57.276336679281805,-198.89288613842766,435.0702050354133,-67.83405172413788,0.0,0.0,1.0,3.929013079667063,3.929013079667063
-198.89288613842766,435.0702050354133,-67.83405172413788,-206.89972200833492,459.2407719818251,-78.39176676899397,0.0,0.0,1.0,3.929013079667063,3.929013079667063
-205.68798338308068,410.8996380890014,-82.9140368839365,-198.89288613842766,435.0702050354133,-67.83405172413788,0.0,0.0,1.0,3.929013079667063,3.929013079667063
-198.89288613842766,435.0702050354133,-67.83405172413788,-192.0977888937746,459.2407719818251,-52.754066564339276,0.0,0.0,1.0,3.929013079667063,3.929013079667063
-192.0977888937746,459.2407719818251,-52.754066564339276,-200.1046247636819,483.4113389282371,-63.31178160919536,0.0,0.0,1.0,3.929013079667063,3.929013079667063
-200.1046247636819,483.4113389282371,-63.31178160919536,-208.1114606335892,507.5819058746489,-73.86949665405145,0.0,0.0,1.0,3.929013079667063,3.929013079667063
-206.89972200833492,459.2407719818251,-78.39176676899397,-200.1046247636819,483.4113389282371,-63.31178160919536,0.0,0.0,1.0,3.929013079667063,3.929013079667063
-200.1046247636819,483.4113389282371,-63.31178160919536,-193.30952751902888,507.5819058746489,-48.23179644939674,0.0,0.0,1.0,3.929013079667063,3.929013079667063
-193.30952751902888,507.5819058746489,-48.23179644939674,-201.31636338893614,531.7524728210607,-58.789511494252835,0.0,0.0,1.0,3.929013079667063,3.929013079667063
-201.31636338893614,531.7524728210607,-58.789511494252835,-209.32319925884343,555.9230397674727,-69.34722653910892,0.0,0.0,1.0,3.929013079667063,3.929013079667063
-208.1114606335892,507.5819058746489,-73.86949665405145,-201.31636338893614,531.7524728210607,-58.789511494252835,0.0,0.0,1.0,3.929013079667063,3.929013079667063
-201.31636338893614,531.7524728210607,-58.789511494252835,-194.52126614428312,555.9230397674727,-43.70952633445421,0.0,0.0,1.0,3.929013079667063,3.929013079667063
-194.52126614428312,555.9230397674726,-43.709526334454225,-202.52810201419038,580.0936067138845,-54.267241379310306,0.0,0.0,1.0,3.929013079667063,3.929013079667063
-202.52810201419038,580.0936067138845,-54.267241379310306,-210.53493788409767,604.2641736602963,-64.82495642416639,0.0,0.0,1.0,3.929013079667063,3.929013079667063
-209.32319925884343,555.9230397674726,-69.34722653910893,-202.52810201419038,580.0936067138845,-54.267241379310306,0.0,0.0,1.0,3.929013079667063,3.929013079667063
-202.52810201419038,580.0936067138845,-54.267241379310306,-195.73300476953736,604.2641736602963,-39.18725621951169,0.0,0.0,1.0,3.929013079667063,3.929013079667063
-195.73300476953736,604.2641736602964,-39.18725621951168,-203.73984063944465,628.4347406067081,-49.74497126436778,0.0,0.0,1.0,3.929013079667063,3.929013079667063
-203.73984063944465,628.4347406067081,-49.74497126436778,-211.74667650935191,652.60530755312,-60.302686309223866,0.0,0.0,1.0,3.929013079667063,3.929013079667063
-210.53493788409767,604.2641736602964,-64.82495642416639,-203.73984063944465,628.4347406067081,-49.74497126436778,0.0,0.0,1.0,3.929013079667063,3.929013079667063
-203.73984063944465,628.4347406067081,-49.74497126436778,-196.9447433947916,652.60530755312,-34.66498610456916,0.0,0.0,1.0,3.929013079667063,3.929013079667063
-196.94474339479163,652.6053075531202,-34.66498610456915,-204.9515792646989,676.7758744995319,-45.22270114942524,0.0,0.0,1.0,3.929013079667063,3.929013079667063
-204.9515792646989,676.7758744995319,-45.22270114942524,-212.95841513460618,700.9464414459437,-55.78041619428134,0.0,0.0,1.0,3.929013079667063,3.929013079667063
-211.74667650935194,652.6053075531202,-60.30268630922386,-204.9515792646989,676.7758744995319,-45.22270114942524,0.0,0.0,1.0,3.929013079667063,3.929013079667063
-204.9515792646989,676.7758744995319,-45.22270114942524,-198.15648202004587,700.9464414459437,-30.14271598962663,0.0,0.0,1.0,3.929013079667063,3.929013079667063
-198.15648202004587,700.9464414459437,-30.14271598962663,-206.16331788995313,725.1170083923555,-40.70043103448272,0.0,0.0,1.0,3.929013079667063,3.929013079667063
-206.16331788995313,725.1170083923555,-40.70043103448272,-214.17015375986043,749.2875753387674,-51.25814607933882,0.0,0.0,1.0,3.929013079667063,3.929013079667063
-212.95841513460618,700.9464414459437,-55.78041619428134,-206.16331788995313,725.1170083923555,-40.70043103448272,0.0,0.0,1.0,3.929013079667063,3.929013079667063
-206.16331788995313,725.1170083923555,-40.70043103448272,-199.3682206453001,749.2875753387674,-25.620445874684115,0.0,0.0,1.0,3.929013079667063,3.929013079667063
-199.3682206453001,749.2875753387675,-25.6204458746841,-207.3750565152074,773.4581422851793,-36.17816091954019,0.0,0.0,1.0,3.929013079667063,3.929013079667063
-207.3750565152074,773.4581422851793,-36.17816091954019,-215.38189238511467,797.6287092315911,-46.73587596439629,0.0,0.0,1.0,3.929013079667063,3.929013079667063
-214.17015375986043,749.2875753387675,-51.25814607933881,-207.3750565152074,773.4581422851793,-36.17816091954019,0.0,0.0,1.0,3.929013079667063,3.929013079667063
-207.3750565152074,773.4581422851793,-36.17816091954019,-200.57995927055435,797.6287092315911,-21.098175759741586,0.0,0.0,1.0,3.929013079667063,3.929013079667063
-200.57995927055435,797.6287092315912,-21.098175759741572,-208.58679514046165,821.799276178003,-31.65589080459766,0.0,0.0,1.0,3.929013079667063,3.929013079667063
-208.58679514046165,821.799276178003,-31.65589080459766,-216.5936310103689,845.9698431244149,-42.21360584945375,0.0,0.0,1.0,3.929013079667063,3.929013079667063
-215.38189238511467,797.6287092315912,-46.73587596439628,-208.58679514046165,821.799276178003,-31.65589080459766,0.0,0.0,1.0,3.929013079667063,3.929013079667063
-208.58679514046165,821.799276178003,-31.65589080459766,-201.7916978958086,845.9698431244149,-16.575905644799043,0.0,0.0,1.0,3.929013079667063,3.929013079667063
-201.79169789580862,845.969843124415,-16.575905644799043,-209.7985337657159,870.1404100708268,-27.13362068965513,0.0,0.0,1.0,3.929013079667063,3.929013079667063
-209.7985337657159,870.1404100708268,-27.13362068965513,-217.80536963562318,894.3109770172385,-37.69133573451122,0.0,0.0,1.0,3.929013079667063,3.929013079667063
-216.59363101036894,845.969843124415,-42.21360584945375,-209.7985337657159,870.1404100708268,-27.13362068965513,0.0,0.0,1.0,3.929013079667063,3.929013079667063
-209.7985337657159,870.1404100708268,-27.13362068965513,-203.00343652106287,894.3109770172385,-12.053635529856516,0.0,0.0,1.0,3.929013079667063,3.929013079667063
-203.00343652106287,894.3109770172387,-12.053635529856516,-211.01027239097016,918.4815439636504,-22.611350574712603,0.0,0.0,1.0,3.929013079667063,3.929013079667063
-211.01027239097016,918.4815439636504,-22.611350574712603,-219.01710826087742,942.6521109100623,-33.16906561956869,0.0,0.0,1.0,3.929013079667063,3.929013079667063
-217.80536963562318,894.3109770172387,-37.69133573451122,-211.01027239097016,918.4815439636504,-22.611350574712603,0.0,0.0,1.0,3.929013079667063,3.929013079667063
-211.01027239097016,918.4815439636504,-22.611350574712603,-204.2151751463171,942.6521109100623,-7.531365414913987,0.0,0.0,1.0,3.929013079667063,3.929013079667063
-204.2151751463171,942.6521109100623,-7.531365414913987,-212.2220110162244,966.8226778564741,-18.089080459770074,0.0,0.0,1.0,3.929013079667063,3.929013079667063
-212.2220110162244,966.8226778564741,-18.089080459770074,-220.22884688613166,990.9932448028859,-28.646795504626176,0.0,0.0,1.0,3.929013079667063,3.929013079667063
-219.01710826087742,942.6521109100623,-33.16906561956869,-212.2220110162244,966.8226778564741,-18.089080459770074,0.0,0.0,1.0,3.929013079667063,3.929013079667063
-212.2220110162244,966.8226778564741,-18.089080459770074,-205.42691377157135,990.9932448028859,-3.009095299971472,0.0,0.0,1.0,3.929013079667063,3.929013079667063
-205.42691377157135,990.9932448028859,-3.0090952999714577,-213.43374964147864,1015.1638117492977,-13.566810344827545,0.0,0.0,1.0,3.929013079667063,3.929013079667063
-213.43374964147864,1015.1638117492977,-13.566810344827545,-221.44058551138593,1039.3343786957096,-24.124525389683647,0.0,0.0,1.0,3.929013079667063,3.929013079667063
-220.22884688613166,990.9932448028859,-28.646795504626162,-213.43374964147864,1015.1638117492977,-13.566810344827545,0.0,0.0,1.0,3.929013079667063,3.929013079667063
-213.43374964147864,1015.1638117492977,-13.566810344827545,-206.63865239682562,1039.3343786957096,1.513174814971057,0.0,0.0,1.0,3.929013079667063,3.929013079667063
-206.63865239682562,1039.3343786957098,1.5131748149710713,-214.64548826673288,1063.5049456421214,-9.04454022988503,0.0,0.0,1.0,3.929013079667063,3.929013079667063
-214.64548826673288,1063.5049456421214,-9.04454022988503,-222.65232413664017,1087.6755125885334,-19.60225527474112,0.0,0.0,1.0,3.929013079667063,3.929013079667063
-221.44058551138593,1039.3343786957098,-24.124525389683633,-214.64548826673288,1063.5049456421214,-9.04454022988503,0.0,0.0,1.0,3.929013079667063,3.929013079667063
-214.64548826673288,1063.5049456421214,-9.04454022988503,-207.85039102207986,1087.6755125885334,6.035444929913586,0.0,0.0,1.0,3.929013079667063,3.929013079667063
-207.85039102207986,1087.6755125885331,6.035444929913572,-215.85722689198712,1111.8460795349451,-4.522270114942515,0.0,0.0,1.0,3.929013079667063,3.929013079667063
-215.85722689198712,1111.8460795349451,-4.522270114942515,-223.86406276189442,1136.016646481357,-15.079985159798587,0.0,0.0,1.0,3.929013079667063,3.929013079667063
-222.65232413664017,1087.6755125885331,-19.602255274741132,-215.85722689198712,1111.8460795349451,-4.522270114942515,0.0,0.0,1.0,3.929013079667063,3.929013079667063
-215.85722689198712,1111.8460795349451,-4.522270114942515,-209.0621296473341,1136.016646481357,10.557715044856115,0.0,0.0,1.0,3.929013079667063,3.929013079667063
-217.0689655172414,1160.187213427769,2.842170943040401e-14,-223.86406276189442,1136.016646481357,-15.079985159798587,0.0,0.0,1.0,3.929013079667063,3.929013079667063
-182.40387989174062,72.51170083923556,-88.9322274838795,-180.22944877345165,80.24628226208736,-84.10663223274393,0.0,0.0,1.0,3.929013079667063,3.929013079667063
-197.20581300630093,72.51170083923556,-114.5699276885342,-199.76800048467126,80.24628226208736,-117.94839650288814,0.0,0.0,1.0,3.929013079667063,3.929013079667063
-183.61561851699486,120.85283473205928,-84.40995736893697,-181.4411873987059,128.58741615491107,-79.5843621178014,0.0,0.0,1.0,3.929013079667063,3.929013079667063
-198.41755163155517,120.85283473205928,-110.04765757359166,-200.9797391099255,128.58741615491107,-113.42612638794562,0.0,0.0,1.0,3.929013079667063,3.929013079667063
-184.8273571422491,169.19396862488296,-79.88768725399444,-182.65292602396013,176.92855004773477,-75.06209200285889,0.0,0.0,1.0,3.929013079667063,3.929013079667063
-199.6292902568094,169.19396862488296,-105.52538745864913,-202.19147773517975,176.92855004773477,-108.9038562730031,0.0,0.0,1.0,3.929013079667063,3.929013079667063
-186.03909576750337,217.53510251770663,-75.36541713905193,-183.8646646492144,225.26968394055845,-70.53982188791636,0.0,0.0,1.0,3.929013079667063,3.929013079667063
-200.84102888206368,217.53510251770663,-101.00311734370662,-203.40321636043402,225.26968394055845,-104.38158615806057,0.0,0.0,1.0,3.929013079667063,3.929013079667063
-187.2508343927576,265.8762364105303,-70.8431470241094,-185.07640327446865,273.61081783338216,-66.01755177297383,0.0,0.0,1.0,3.929013079667063,3.929013079667063
-202.05276750731792,265.8762364105303,-96.48084722876409,-204.61495498568826,273.61081783338216,-99.85931604311804,0.0,0.0,1.0,3.929013079667063,3.929013079667063
-188.46257301801185,314.2173703033541,-66.32087690916687,-186.2881418997229,321.95195172620583,-61.4952816580313,0.0,0.0,1.0,3.929013079667063,3.929013079667063
-203.26450613257217,314.2173703033541,-91.95857711382156,-205.8266936109425,321.95195172620583,-95.33704592817551,0.0,0.0,1.0,3.929013079667063,3.929013079667063
-189.67431164326612,362.55850419617775,-61.798606794224334,-187.49988052497716,370.2930856190296,-56.973011543088774,0.0,0.0,1.0,3.929013079667063,3.929013079667063
-204.47624475782644,362.55850419617775,-87.43630699887903,-207.03843223619677,370.2930856190296,-90.81477581323298,0.0,0.0,1.0,3.929013079667063,3.929013079667063
-190.88605026852036,410.8996380890014,-57.276336679281805,-188.7116191502314,418.6342195118532,-52.450741428146245,0.0,0.0,1.0,3.929013079667063,3.929013079667063
-205.68798338308068,410.8996380890014,-82.9140368839365,-208.250170861451,418.6342195118532,-86.29250569829046,0.0,0.0,1.0,3.929013079667063,3.929013079667063
-192.0977888937746,459.2407719818251,-52.754066564339276,-189.92335777548564,466.975353404677,-47.928471313203715,0.0,0.0,1.0,3.929013079667063,3.929013079667063
-206.89972200833492,459.2407719818251,-78.39176676899397,-209.46190948670525,466.975353404677,-81.77023558334793,0.0,0.0,1.0,3.929013079667063,3.929013079667063
-193.30952751902888,507.5819058746489,-48.23179644939674,-191.13509640073988,515.3164872975008,-43.406201198261186,0.0,0.0,1.0,3.929013079667063,3.929013079667063
-208.1114606335892,507.5819058746489,-73.86949665405145,-210.6736481119595,515.3164872975008,-77.2479654684054,0.0,0.0,1.0,3.929013079667063,3.929013079667063
-194.52126614428312,555.9230397674727,-43.70952633445421,-192.34683502599415,563.6576211903244,-38.88393108331866,0.0,0.0,1.0,3.929013079667063,3.929013079667063
-209.32319925884343,555.9230397674727,-69.34722653910892,-211.88538673721376,563.6576211903244,-72.72569535346287,0.0,0.0,1.0,3.929013079667063,3.929013079667063
-195.73300476953736,604.2641736602963,-39.18725621951169,-193.5585736512484,611.9987550831481,-34.361660968376135,0.0,0.0,1.0,3.929013079667063,3.929013079667063
-210.53493788409767,604.2641736602963,-64.82495642416639,-213.097125362468,611.9987550831481,-68.20342523852034,0.0,0.0,1.0,3.929013079667063,3.929013079667063
-196.9447433947916,652.60530755312,-34.66498610456916,-194.77031227650264,660.3398889759718,-29.839390853433606,0.0,0.0,1.0,3.929013079667063,3.929013079667063
-211.74667650935191,652.60530755312,-60.302686309223866,-214.30886398772225,660.3398889759718,-63.68115512357782,0.0,0.0,1.0,3.929013079667063,3.929013079667063
-198.15648202004587,700.9464414459437,-30.14271598962663,-195.9820509017569,708.6810228687956,-25.31712073849107,0.0,0.0,1.0,3.929013079667063,3.929013079667063
-212.95841513460618,700.9464414459437,-55.78041619428134,-215.52060261297652,708.6810228687956,-59.15888500863528,0.0,0.0,1.0,3.929013079667063,3.929013079667063
-199.3682206453001,749.2875753387674,-25.620445874684115,-197.19378952701115,757.0221567616192,-20.794850623548555,0.0,0.0,1.0,3.929013079667063,3.929013079667063
-214.17015375986043,749.2875753387674,-51.25814607933882,-216.73234123823076,757.0221567616192,-54.636614893692766,0.0,0.0,1.0,3.929013079667063,3.929013079667063
-200.57995927055435,797.6287092315911,-21.098175759741586,-198.4055281522654,805.363290654443,-16.272580508606026,0.0,0.0,1.0,3.929013079667063,3.929013079667063
-215.38189238511467,797.6287092315911,-46.73587596439629,-217.944079863485,805.363290654443,-50.11434477875024,0.0,0.0,1.0,3.929013079667063,3.929013079667063
-201.7916978958086,845.9698431244149,-16.575905644799043,-199.61726677751963,853.7044245472666,-11.750310393663497,0.0,0.0,1.0,3.929013079667063,3.929013079667063
-216.5936310103689,845.9698431244149,-42.21360584945375,-219.15581848873924,853.7044245472666,-45.59207466380771,0.0,0.0,1.0,3.929013079667063,3.929013079667063
-203.00343652106287,894.3109770172385,-12.053635529856516,-200.8290054027739,902.0455584400904,-7.228040278720968,0.0,0.0,1.0,3.929013079667063,3.929013079667063
-217.80536963562318,894.3109770172385,-37.69133573451122,-220.3675571139935,902.0455584400904,-41.06980454886518,0.0,0.0,1.0,3.929013079667063,3.929013079667063
-204.2151751463171,942.6521109100623,-7.531365414913987,-202.04074402802814,950.3866923329141,-2.705770163778425,0.0,0.0,1.0,3.929013079667063,3.929013079667063
-219.01710826087742,942.6521109100623,-33.16906561956869,-221.57929573924775,950.3866923329141,-36.547534433922635,0.0,0.0,1.0,3.929013079667063,3.929013079667063
-205.42691377157135,990.9932448028859,-3.009095299971472,-203.25248265328239,998.7278262257377,1.81649995116409,0.0,0.0,1.0,3.929013079667063,3.929013079667063
-220.22884688613166,990.9932448028859,-28.646795504626176,-222.791034364502,998.7278262257377,-32.02526431898012,0.0,0.0,1.0,3.929013079667063,3.929013079667063
-206.63865239682562,1039.3343786957096,1.513174814971057,-204.46422127853663,1047.0689601185613,6.338770066106605,0.0,0.0,1.0,3.929013079667063,3.929013079667063
-221.44058551138593,1039.3343786957096,-24.124525389683647,-224.00277298975624,1047.0689601185613,-27.502994204037606,0.0,0.0,1.0,3.929013079667063,3.929013079667063
-207.85039102207986,1087.6755125885334,6.035444929913586,-205.6759599037909,1095.4100940113851,10.861040181049148,0.0,0.0,1.0,3.929013079667063,3.929013079667063
-222.65232413664017,1087.6755125885334,-19.60225527474112,-225.2145116150105,1095.4100940113851,-22.980724089095062,0.0,0.0,1.0,3.929013079667063,3.929013079667063
-209.0621296473341,1136.016646481357,10.557715044856115,-206.88769852904514,1143.751227904209,15.383310295991677,0.0,0.0,1.0,3.929013079667063,3.929013079667063
-223.86406276189442,1136.016646481357,-15.079985159798587,-226.42625024026475,1143.751227904209,-18.458453974152533,0.0,0.0,1.0,3.929013079667063,3.929013079667063
-217.0689655172414,1160.187213427769,2.842170943040401e-14,-209.0621296473341,1136.016646481357,10.557715044856115,0.0,0.0,1.0,3.929013079667063,3.929013079667063
-130.94901364119875,0.0,-75.60344827586202,-129.7959810294209,24.170566946411846,-61.85956627781614,0.0,0.0,1.0,3.929013079667063,3.929013079667063
-148.13499760502387,32.79759409354691,-77.12545132340878,-138.204487793449,44.43665470461121,-67.87000398681404,-0.6900981947236448,0.0,-0.7237157464358271,3.929013079667063,3.929013079667063
-138.204487793449,44.43665470461121,-67.87000398681404,-128.27397798187414,56.0757153156755,-58.61455665021931,-0.6900981947236448,0.0,-0.7237157464358271,3.929013079667063,3.929013079667063
-129.427010593652,31.905148369263635,-57.46152403844147,-138.204487793449,44.43665470461121,-67.87000398681404,-0.6900981947236448,0.0,-0.7237157464358271,3.929013079667063,3.929013079667063
-138.204487793449,44.43665470461121,-67.87000398681404,-146.981964993246,56.96816103995878,-78.27848393518663,-0.6900981947236448,0.0,-0.7237157464358271,3.929013079667063,3.929013079667063
-146.981964993246,56.96816103995878,-78.27848393518663,-137.05145518167114,68.60722165102305,-69.02303659859189,-0.6900981947236448,0.0,-0.7237157464358271,3.929013079667063,3.929013079667063
-137.05145518167114,68.60722165102305,-69.02303659859189,-127.1209453700963,80.24628226208736,-59.76758926199716,-0.6900981947236448,0.0,-0.7237157464358271,3.929013079667063,3.929013079667063
-128.27397798187414,56.0757153156755,-58.61455665021931,-137.05145518167114,68.60722165102305,-69.02303659859189,-0.6900981947236448,0.0,-0.7237157464358271,3.929013079667063,3.929013079667063
-137.05145518167114,68.60722165102305,-69.02303659859189,-145.82893238146815,81.13872798637064,-79.43151654696447,-0.6900981947236448,0.0,-0.7237157464358271,3.929013079667063,3.929013079667063
-145.82893238146815,81.13872798637064,-79.43151654696447,-135.8984225698933,92.77778859743492,-70.17606921036975,-0.6900981947236448,0.0,-0.7237157464358271,3.929013079667063,3.929013079667063
-135.8984225698933,92.77778859743492,-70.17606921036975,-125.96791275831845,104.41684920849923,-60.920621873775005,-0.6900981947236448,0.0,-0.7237157464358271,3.929013079667063,3.929013079667063
-127.1209453700963,80.24628226208736,-59.76758926199716,-135.8984225698933,92.77778859743492,-70.17606921036975,-0.6900981947236448,0.0,-0.7237157464358271,3.929013079667063,3.929013079667063
-135.8984225698933,92.77778859743492,-70.17606921036975,-144.67589976969032,105.3092949327825,-80.58454915874232,-0.6900981947236448,0.0,-0.7237157464358271,3.929013079667063,3.929013079667063
-144.67589976969032,105.30929493278248,-80.58454915874232,-134.74538995811545,116.94835554384679,-71.32910182214759,-0.6900981947236448,0.0,-0.7237157464358271,3.929013079667063,3.929013079667063
-134.74538995811545,116.94835554384679,-71.32910182214759,-124.8148801465406,128.5874161549111,-62.07365448555285,-0.6900981947236448,0.0,-0.7237157464358271,3.929013079667063,3.929013079667063
-125.96791275831845,104.4168492084992,-60.920621873775005,-134.74538995811545,116.94835554384679,-71.32910182214759,-0.6900981947236448,0.0,-0.7237157464358271,3.929013079667063,3.929013079667063
-134.74538995811545,116.94835554384679,-71.32910182214759,-143.52286715791246,129.47986187919437,-81.73758177052017,-0.6900981947236448,0.0,-0.7237157464358271,3.929013079667063,3.929013079667063
-143.52286715791246,129.47986187919437,-81.73758177052017,-133.59235734633762,141.11892249025868,-72.48213443392544,-0.6900981947236448,0.0,-0.7237157464358271,3.929013079667063,3.929013079667063
-133.59235734633762,141.11892249025868,-72.48213443392544,-123.66184753476276,152.75798310132296,-63.22668709733071,-0.6900981947236448,0.0,-0.7237157464358271,3.929013079667063,3.929013079667063
-124.8148801465406,128.5874161549111,-62.07365448555285,-133.59235734633762,141.11892249025868,-72.48213443392544,-0.6900981947236448,0.0,-0.7237157464358271,3.929013079667063,3.929013079667063
-133.59235734633762,141.11892249025868,-72.48213443392544,-142.36983454613463,153.65042882560624,-82.89061438229803,-0.6900981947236448,0.0,-0.7237157464358271,3.929013079667063,3.929013079667063
-142.36983454613463,153.65042882560624,-82.89061438229803,-132.43932473455976,165.28948943667055,-73.63516704570328,-0.6900981947236448,0.0,-0.7237157464358271,3.929013079667063,3.929013079667063
-132.43932473455976,165.28948943667055,-73.63516704570328,-122.50881492298491,176.92855004773483,-64.37971970910856,-0.6900981947236448,0.0,-0.7237157464358271,3.929013079667063,3.929013079667063
-123.66184753476276,152.75798310132296,-63.22668709733071,-132.43932473455976,165.28948943667055,-73.63516704570328,-0.6900981947236448,0.0,-0.7237157464358271,3.929013079667063,3.929013079667063
-132.43932473455976,165.28948943667055,-73.63516704570328,-141.21680193435677,177.8209957720181,-84.04364699407587,-0.6900981947236448,0.0,-0.7237157464358271,3.929013079667063,3.929013079667063
-141.21680193435677,177.8209957720181,-84.04364699407587,-131.2862921227819,189.4600563830824,-74.78819965748113,-0.6900981947236448,0.0,-0.7237157464358271,3.929013079667063,3.929013079667063
-131.2862921227819,189.4600563830824,-74.78819965748113,-121.35578231120707,201.09911699414667,-65.5327523208864,-0.6900981947236448,0.0,-0.7237157464358271,3.929013079667063,3.929013079667063
-122.50881492298491,176.92855004773483,-64.37971970910856,-131.2862921227819,189.4600563830824,-74.78819965748113,-0.6900981947236448,0.0,-0.7237157464358271,3.929013079667063,3.929013079667063
-131.2862921227819,189.4600563830824,-74.78819965748113,-140.06376932257893,201.99156271842995,-85.19667960585372,-0.6900981947236448,0.0,-0.7237157464358271,3.929013079667063,3.929013079667063
-140.06376932257893,201.99156271842998,-85.19667960585372,-130.13325951100407,213.63062332949428,-75.94123226925898,-0.6900981947236448,0.0,-0.7237157464358271,3.929013079667063,3.929013079667063
-130.13325951100407,213.63062332949428,-75.94123226925898,-120.20274969942922,225.2696839405585,-66.68578493266425,-0.6900981947236448,0.0,-0.7237157464358271,3.929013079667063,3.929013079667063
-121.35578231120707,201.0991169941467,-65.5327523208864,-130.13325951100407,213.63062332949428,-75.94123226925898,-0.6900981947236448,0.0,-0.7237157464358271,3.929013079667063,3.929013079667063
-130.13325951100407,213.63062332949428,-75.94123226925898,-138.91073671080107,226.16212966484179,-86.34971221763156,-0.6900981947236448,0.0,-0.7237157464358271,3.929013079667063,3.929013079667063
-138.91073671080107,226.16212966484184,-86.34971221763156,-128.9802268992262,237.80119027590612,-77.09426488103684,-0.6900981947236448,0.0,-0.7237157464358271,3.929013079667063,3.929013079667063
-128.9802268992262,237.80119027590612,-77.09426488103684,-119.04971708765137,249.4402508869704,-67.8388175444421,-0.6900981947236448,0.0,-0.7237157464358271,3.929013079667063,3.929013079667063
-120.20274969942922,225.26968394055856,-66.68578493266425,-128.9802268992262,237.80119027590612,-77.09426488103684,-0.6900981947236448,0.0,-0.7237157464358271,3.929013079667063,3.929013079667063
-128.9802268992262,237.80119027590612,-77.09426488103684,-137.75770409902324,250.33269661125368,-87.50274482940941,-0.6900981947236448,0.0,-0.7237157464358271,3.929013079667063,3.929013079667063
-137.75770409902324,250.33269661125368,-87.50274482940941,-127.82719428744838,261.97175722231805,-78.24729749281468,-0.6900981947236448,0.0,-0.7237157464358271,3.929013079667063,3.929013079667063
-127.82719428744838,261.97175722231805,-78.24729749281468,-117.89668447587353,273.61081783338227,-68.99185015621994,-0.6900981947236448,0.0,-0.7237157464358271,3.929013079667063,3.929013079667063
-119.04971708765137,249.4402508869704,-67.8388175444421,-127.82719428744838,261.97175722231805,-78.24729749281468,-0.6900981947236448,0.0,-0.7237157464358271,3.929013079667063,3.929013079667063
-127.82719428744838,261.97175722231805,-78.24729749281468,-136.60467148724538,274.50326355766555,-88.65577744118725,-0.6900981947236448,0.0,-0.7237157464358271,3.929013079667063,3.929013079667063
-136.60467148724538,274.50326355766555,-88.65577744118725,-126.67416167567053,286.1423241687299,-79.40033010459253,-0.6900981947236448,0.0,-0.7237157464358271,3.929013079667063,3.929013079667063
-126.67416167567053,286.1423241687299,-79.40033010459253,-116.74365186409568,297.7813847797941,-70.14488276799779,-0.6900981947236448,0.0,-0.7237157464358271,3.929013079667063,3.929013079667063
-117.89668447587353,273.61081783338227,-68.99185015621994,-126.67416167567053,286.1423241687299,-79.40033010459253,-0.6900981947236448,0.0,-0.7237157464358271,3.929013079667063,3.929013079667063
-126.67416167567053,286.1423241687299,-79.40033010459253,-135.45163887546755,298.6738305040774,-89.8088100529651,-0.6900981947236448,0.0,-0.7237157464358271,3.929013079667063,3.929013079667063
-135.45163887546755,298.6738305040774,-89.8088100529651,-125.52112906389269,310.3128911151417,-80.55336271637037,-0.6900981947236448,0.0,-0.7237157464358271,3.929013079667063,3.929013079667063
-125.52112906389269,310.3128911151417,-80.55336271637037,-115.59061925231784,321.95195172620595,-71.29791537977563,-0.6900981947236448,0.0,-0.7237157464358271,3.929013079667063,3.929013079667063
-116.74365186409568,297.7813847797941,-70.14488276799779,-125.52112906389269,310.3128911151417,-80.55336271637037,-0.6900981947236448,0.0,-0.7237157464358271,3.929013079667063,3.929013079667063
-125.52112906389269,310.3128911151417,-80.55336271637037,-134.2986062636897,322.8443974504892,-90.96184266474295,-0.6900981947236448,0.0,-0.7237157464358271,3.929013079667063,3.929013079667063
-134.2986062636897,322.8443974504892,-90.96184266474295,-124.36809645211484,334.48345806155356,-81.70639532814822,-0.6900981947236448,0.0,-0.7237157464358271,3.929013079667063,3.929013079667063
-124.36809645211484,334.48345806155356,-81.70639532814822,-114.43758664053999,346.12251867261784,-72.45094799155348,-0.6900981947236448,0.0,-0.7237157464358271,3.929013079667063,3.929013079667063
-115.59061925231784,321.95195172620595,-71.29791537977563,-124.36809645211484,334.48345806155356,-81.70639532814822,-0.6900981947236448,0.0,-0.7237157464358271,3.929013079667063,3.929013079667063
-124.36809645211484,334.48345806155356,-81.70639532814822,-133.14557365191186,347.0149643969011,-92.11487527652079,-0.6900981947236448,0.0,-0.7237157464358271,3.929013079667063,3.929013079667063
-133.14557365191186,347.0149643969011,-92.11487527652079,-123.215063840337,358.6540250079654,-82.85942793992606,-0.6900981947236448,0.0,-0.7237157464358271,3.929013079667063,3.929013079667063
-123.215063840337,358.6540250079654,-82.85942793992606,-113.28455402876214,370.2930856190297,-73.60398060333134,-0.6900981947236448,0.0,-0.7237157464358271,3.929013079667063,3.929013079667063
-114.43758664053999,346.12251867261784,-72.45094799155348,-123.215063840337,358.6540250079654,-82.85942793992606,-0.6900981947236448,0.0,-0.7237157464358271,3.929013079667063,3.929013079667063
-123.215063840337,358.6540250079654,-82.85942793992606,-131.992541040134,371.18553134331296,-93.26790788829865,-0.6900981947236448,0.0,-0.7237157464358271,3.929013079667063,3.929013079667063
-131.992541040134,371.18553134331296,-93.26790788829865,-122.06203122855915,382.82459195437724,-84.01246055170391,-0.6900981947236448,0.0,-0.7237157464358271,3.929013079667063,3.929013079667063
-122.06203122855915,382.82459195437724,-84.01246055170391,-112.1315214169843,394.4636525654415,-74.75701321510918,-0.6900981947236448,0.0,-0.7237157464358271,3.929013079667063,3.929013079667063
-113.28455402876214,370.2930856190297,-73.60398060333134,-122.06203122855915,382.82459195437724,-84.01246055170391,-0.6900981947236448,0.0,-0.7237157464358271,3.929013079667063,3.929013079667063
-122.06203122855915,382.82459195437724,-84.01246055170391,-130.83950842835617,395.3560982897248,-94.4209405000765,-0.6900981947236448,0.0,-0.7237157464358271,3.929013079667063,3.929013079667063
-130.83950842835614,395.3560982897249,-94.4209405000765,-120.9089986167813,406.9951589007892,-85.16549316348176,-0.6900981947236448,0.0,-0.7237157464358271,3.929013079667063,3.929013079667063
-120.9089986167813,406.9951589007892,-85.16549316348176,-110.97848880520644,418.6342195118535,-75.91004582688703,-0.6900981947236448,0.0,-0.7237157464358271,3.929013079667063,3.929013079667063
-112.13152141698428,394.46365256544163,-74.75701321510918,-120.9089986167813,406.9951589007892,-85.16549316348176,-0.6900981947236448,0.0,-0.7237157464358271,3.929013079667063,3.929013079667063
-120.9089986167813,406.9951589007892,-85.16549316348176,-129.6864758165783,419.52666523613675,-95.57397311185434,-0.6900981947236448,0.0,-0.7237157464358271,3.929013079667063,3.929013079667063
-129.6864758165783,419.52666523613675,-95.57397311185434,-119.75596600500346,431.16572584720103,-86.31852577525962,-0.6900981947236448,0.0,-0.7237157464358271,3.929013079667063,3.929013079667063
-119.75596600500346,431.16572584720103,-86.31852577525962,-109.8254561934286,442.8047864582653,-77.06307843866487,-0.6900981947236448,0.0,-0.7237157464358271,3.929013079667063,3.929013079667063
-110.97848880520644,418.6342195118535,-75.91004582688703,-119.75596600500346,431.16572584720103,-86.31852577525962,-0.6900981947236448,0.0,-0.7237157464358271,3.929013079667063,3.929013079667063
-119.75596600500346,431.16572584720103,-86.31852577525962,-128.53344320480045,443.6972321825486,-96.72700572363219,-0.6900981947236448,0.0,-0.7237157464358271,3.929013079667063,3.929013079667063
-128.53344320480045,443.6972321825486,-96.72700572363219,-118.60293339322561,455.33629279361287,-87.47155838703746,-0.6900981947236448,0.0,-0.7237157464358271,3.929013079667063,3.929013079667063
-118.60293339322561,455.33629279361287,-87.47155838703746,-108.67242358165075,466.9753534046772,-78.21611105044272,-0.6900981947236448,0.0,-0.7237157464358271,3.929013079667063,3.929013079667063
-109.8254561934286,442.8047864582653,-77.06307843866487,-118.60293339322561,455.33629279361287,-87.47155838703746,-0.6900981947236448,0.0,-0.7237157464358271,3.929013079667063,3.929013079667063
-118.60293339322561,455.33629279361287,-87.47155838703746,-127.38041059302262,467.86779912896054,-97.88003833541003,-0.6900981947236448,0.0,-0.7237157464358271,3.929013079667063,3.929013079667063
-127.38041059302262,467.86779912896054,-97.88003833541003,-117.44990078144777,479.50685974002477,-88.62459099881531,-0.6900981947236448,0.0,-0.7237157464358271,3.929013079667063,3.929013079667063
-117.44990078144777,479.50685974002477,-88.62459099881531,-107.5193909698729,491.145920351089,-79.36914366222057,-0.6900981947236448,0.0,-0.7237157464358271,3.929013079667063,3.929013079667063
-108.67242358165075,466.9753534046772,-78.21611105044272,-117.44990078144777,479.50685974002477,-88.62459099881531,-0.6900981947236448,0.0,-0.7237157464358271,3.929013079667063,3.929013079667063
-117.44990078144777,479.50685974002477,-88.62459099881531,-126.22737798124477,492.0383660753723,-99.03307094718788,-0.6900981947236448,0.0,-0.7237157464358271,3.929013079667063,3.929013079667063
-126.22737798124477,492.0383660753723,-99.03307094718788,-116.29686816966992,503.67742668643666,-89.77762361059315,-0.6900981947236448,0.0,-0.7237157464358271,3.929013079667063,3.929013079667063
-116.29686816966992,503.67742668643666,-89.77762361059315,-106.36635835809506,515.3164872975009,-80.52217627399841,-0.6900981947236448,0.0,-0.7237157464358271,3.929013079667063,3.929013079667063
-107.5193909698729,491.145920351089,-79.36914366222057,-116.29686816966992,503.67742668643666,-89.77762361059315,-0.6900981947236448,0.0,-0.7237157464358271,3.929013079667063,3.929013079667063
-116.29686816966992,503.67742668643666,-89.77762361059315,-125.07434536946693,516.2089330217842,-100.18610355896573,-0.6900981947236448,0.0,-0.7237157464358271,3.929013079667063,3.929013079667063
-125.07434536946693,516.2089330217843,-100.18610355896574,-115.14383555789206,527.8479936328486,-90.930656222371,-0.6900981947236448,0.0,-0.7237157464358271,3.929013079667063,3.929013079667063
-115.14383555789206,527.8479936328486,-90.930656222371,-105.21332574631721,539.4870542439128,-81.67520888577627,-0.6900981947236448,0.0,-0.7237157464358271,3.929013079667063,3.929013079667063
-106.36635835809506,515.316487297501,-80.52217627399843,-115.14383555789206,527.8479936328486,-90.930656222371,-0.6900981947236448,0.0,-0.7237157464358271,3.929013079667063,3.929013079667063
-115.14383555789206,527.8479936328486,-90.930656222371,-123.92131275768908,540.3794999681961,-101.33913617074359,-0.6900981947236448,0.0,-0.7237157464358271,3.929013079667063,3.929013079667063
-123.92131275768908,540.3794999681961,-101.33913617074359,-113.99080294611423,552.0185605792603,-92.08368883414886,-0.6900981947236448,0.0,-0.7237157464358271,3.929013079667063,3.929013079667063
-113.99080294611423,552.0185605792603,-92.08368883414886,-104.06029313453936,563.6576211903247,-82.82824149755412,-0.6900981947236448,0.0,-0.7237157464358271,3.929013079667063,3.929013079667063
-105.21332574631721,539.4870542439128,-81.67520888577627,-113.99080294611423,552.0185605792603,-92.08368883414886,-0.6900981947236448,0.0,-0.7237157464358271,3.929013079667063,3.929013079667063
-113.99080294611423,552.0185605792603,-92.08368883414886,-122.76828014591123,564.550066914608,-102.49216878252143,-0.6900981947236448,0.0,-0.7237157464358271,3.929013079667063,3.929013079667063
-122.76828014591123,564.550066914608,-102.49216878252143,-112.83777033433637,576.1891275256722,-93.23672144592669,-0.6900981947236448,0.0,-0.7237157464358271,3.929013079667063,3.929013079667063
-112.83777033433637,576.1891275256722,-93.23672144592669,-102.90726052276152,587.8281881367365,-83.98127410933196,-0.6900981947236448,0.0,-0.7237157464358271,3.929013079667063,3.929013079667063
-104.06029313453936,563.6576211903247,-82.82824149755412,-112.83777033433637,576.1891275256722,-93.23672144592669,-0.6900981947236448,0.0,-0.7237157464358271,3.929013079667063,3.929013079667063
-112.83777033433637,576.1891275256722,-93.23672144592669,-121.61524753413339,588.7206338610198,-103.64520139429928,-0.6900981947236448,0.0,-0.7237157464358271,3.929013079667063,3.929013079667063
-121.61524753413339,588.7206338610198,-103.64520139429928,-111.68473772255854,600.359694472084,-94.38975405770455,-0.6900981947236448,0.0,-0.7237157464358271,3.929013079667063,3.929013079667063
-111.68473772255854,600.359694472084,-94.38975405770455,-101.75422791098367,611.9987550831484,-85.13430672110981,-0.6900981947236448,0.0,-0.7237157464358271,3.929013079667063,3.929013079667063
-102.90726052276152,587.8281881367365,-83.98127410933196,-111.68473772255854,600.359694472084,-94.38975405770455,-0.6900981947236448,0.0,-0.7237157464358271,3.929013079667063,3.929013079667063
-111.68473772255854,600.359694472084,-94.38975405770455,-120.46221492235554,612.8912008074317,-104.79823400607712,-0.6900981947236448,0.0,-0.7237157464358271,3.929013079667063,3.929013079667063
-120.46221492235554,612.8912008074317,-104.79823400607712,-110.53170511078068,624.5302614184959,-95.5427866694824,-0.6900981947236448,0.0,-0.7237157464358271,3.929013079667063,3.929013079667063
-110.53170511078068,624.5302614184959,-95.5427866694824,-100.60119529920583,636.1693220295601,-86.28733933288765,-0.6900981947236448,0.0,-0.7237157464358271,3.929013079667063,3.929013079667063
-101.75422791098367,611.9987550831484,-85.13430672110981,-110.53170511078068,624.5302614184959,-95.5427866694824,-0.6900981947236448,0.0,-0.7237157464358271,3.929013079667063,3.929013079667063
-110.53170511078068,624.5302614184959,-95.5427866694824,-119.3091823105777,637.0617677538435,-105.95126661785497,-0.6900981947236448,0.0,-0.7237157464358271,3.929013079667063,3.929013079667063
-119.30918231057768,637.0617677538436,-105.95126661785497,-109.37867249900283,648.7008283649079,-96.69581928126024,-0.6900981947236448,0.0,-0.7237157464358271,3.929013079667063,3.929013079667063
-109.37867249900283,648.7008283649079,-96.69581928126024,-99.44816268742798,660.3398889759721,-87.44037194466551,-0.6900981947236448,0.0,-0.7237157464358271,3.929013079667063,3.929013079667063
-100.60119529920581,636.1693220295602,-86.28733933288765,-109.37867249900283,648.7008283649079,-96.69581928126024,-0.6900981947236448,0.0,-0.7237157464358271,3.929013079667063,3.929013079667063
-109.37867249900283,648.7008283649079,-96.69581928126024,-118.15614969879985,661.2323347002555,-107.10429922963283,-0.6900981947236448,0.0,-0.7237157464358271,3.929013079667063,3.929013079667063
-118.15614969879985,661.2323347002555,-107.10429922963283,-108.22563988722499,672.8713953113197,-97.84885189303809,-0.6900981947236448,0.0,-0.7237157464358271,3.929013079667063,3.929013079667063
-108.22563988722499,672.8713953113197,-97.84885189303809,-98.29513007565012,684.5104559223839,-88.59340455644335,-0.6900981947236448,0.0,-0.7237157464358271,3.929013079667063,3.929013079667063
-99.44816268742798,660.3398889759721,-87.44037194466551,-108.22563988722499,672.8713953113197,-97.84885189303809,-0.6900981947236448,0.0,-0.7237157464358271,3.929013079667063,3.929013079667063
-108.22563988722499,672.8713953113197,-97.84885189303809,-117.00311708702199,685.4029016466673,-108.25733184141066,-0.6900981947236448,0.0,-0.7237157464358271,3.929013079667063,3.929013079667063
-117.00311708702199,685.4029016466673,-108.25733184141066,-107.07260727544714,697.0419622577316,-99.00188450481593,-0.6900981947236448,0.0,-0.7237157464358271,3.929013079667063,3.929013079667063
-107.07260727544714,697.0419622577316,-99.00188450481593,-97.14209746387229,708.6810228687958,-89.7464371682212,-0.6900981947236448,0.0,-0.7237157464358271,3.929013079667063,3.929013079667063
-98.29513007565012,684.5104559223839,-88.59340455644335,-107.07260727544714,697.0419622577316,-99.00188450481593,-0.6900981947236448,0.0,-0.7237157464358271,3.929013079667063,3.929013079667063
-107.07260727544714,697.0419622577316,-99.00188450481593,-115.85008447524416,709.5734685930792,-109.41036445318852,-0.6900981947236448,0.0,-0.7237157464358271,3.929013079667063,3.929013079667063
-115.85008447524416,709.5734685930792,-109.41036445318852,-105.9195746636693,721.2125292041434,-100.1549171165938,-0.6900981947236448,0.0,-0.7237157464358271,3.929013079667063,3.929013079667063
-105.9195746636693,721.2125292041434,-100.1549171165938,-95.98906485209443,732.8515898152076,-90.89946977999905,-0.6900981947236448,0.0,-0.7237157464358271,3.929013079667063,3.929013079667063
-97.14209746387229,708.6810228687958,-89.7464371682212,-105.9195746636693,721.2125292041434,-100.1549171165938,-0.6900981947236448,0.0,-0.7237157464358271,3.929013079667063,3.929013079667063
-105.9195746636693,721.2125292041434,-100.1549171165938,-114.6970518634663,733.7440355394909,-110.56339706496637,-0.6900981947236448,0.0,-0.7237157464358271,3.929013079667063,3.929013079667063
-114.6970518634663,733.7440355394909,-110.56339706496637,-104.76654205189145,745.3830961505553,-101.30794972837163,-0.6900981947236448,0.0,-0.7237157464358271,3.929013079667063,3.929013079667063
-104.76654205189145,745.3830961505553,-101.30794972837163,-94.8360322403166,757.0221567616195,-92.0525023917769,-0.6900981947236448,0.0,-0.7237157464358271,3.929013079667063,3.929013079667063
-95.98906485209443,732.8515898152076,-90.89946977999905,-104.76654205189145,745.3830961505553,-101.30794972837163,-0.6900981947236448,0.0,-0.7237157464358271,3.929013079667063,3.929013079667063
-104.76654205189145,745.3830961505553,-101.30794972837163,-113.54401925168847,757.9146024859028,-111.71642967674421,-0.6900981947236448,0.0,-0.7237157464358271,3.929013079667063,3.929013079667063
-113.54401925168847,757.914602485903,-111.71642967674421,-103.6135094401136,769.5536630969672,-102.46098234014949,-0.6900981947236448,0.0,-0.7237157464358271,3.929013079667063,3.929013079667063
-103.6135094401136,769.5536630969672,-102.46098234014949,-93.68299962853874,781.1927237080315,-93.20553500355476,-0.6900981947236448,0.0,-0.7237157464358271,3.929013079667063,3.929013079667063
-94.8360322403166,757.0221567616196,-92.0525023917769,-103.6135094401136,769.5536630969672,-102.46098234014949,-0.6900981947236448,0.0,-0.7237157464358271,3.929013079667063,3.929013079667063
-103.6135094401136,769.5536630969672,-102.46098234014949,-112.39098663991061,782.0851694323148,-112.86946228852207,-0.6900981947236448,0.0,-0.7237157464358271,3.929013079667063,3.929013079667063
-112.39098663991061,782.0851694323148,-112.86946228852207,-102.46047682833576,793.7242300433791,-103.61401495192733,-0.6900981947236448,0.0,-0.7237157464358271,3.929013079667063,3.929013079667063
-102.46047682833576,793.7242300433791,-103.61401495192733,-92.5299670167609,805.3632906544433,-94.35856761533259,-0.6900981947236448,0.0,-0.7237157464358271,3.929013079667063,3.929013079667063
-93.68299962853874,781.1927237080315,-93.20553500355476,-102.46047682833576,793.7242300433791,-103.61401495192733,-0.6900981947236448,0.0,-0.7237157464358271,3.929013079667063,3.929013079667063
-102.46047682833576,793.7242300433791,-103.61401495192733,-111.23795402813278,806.2557363787266,-114.0224949002999,-0.6900981947236448,0.0,-0.7237157464358271,3.929013079667063,3.929013079667063
-111.23795402813278,806.2557363787266,-114.0224949002999,-101.30744421655791,817.8947969897908,-104.76704756370518,-0.6900981947236448,0.0,-0.7237157464358271,3.929013079667063,3.929013079667063
-101.30744421655791,817.8947969897908,-104.76704756370518,-91.37693440498305,829.5338576008552,-95.51160022711045,-0.6900981947236448,0.0,-0.7237157464358271,3.929013079667063,3.929013079667063
-92.5299670167609,805.3632906544433,-94.35856761533259,-101.30744421655791,817.8947969897908,-104.76704756370518,-0.6900981947236448,0.0,-0.7237157464358271,3.929013079667063,3.929013079667063
-101.30744421655791,817.8947969897908,-104.76704756370518,-110.08492141635492,830.4263033251385,-115.17552751207776,-0.6900981947236448,0.0,-0.7237157464358271,3.929013079667063,3.929013079667063
-110.08492141635492,830.4263033251385,-115.17552751207776,-100.15441160478007,842.0653639362027,-105.92008017548302,-0.6900981947236448,0.0,-0.7237157464358271,3.929013079667063,3.929013079667063
-100.15441160478007,842.0653639362027,-105.92008017548302,-90.22390179320521,853.704424547267,-96.66463283888828,-0.6900981947236448,0.0,-0.7237157464358271,3.929013079667063,3.929013079667063
-91.37693440498305,829.5338576008552,-95.51160022711045,-100.15441160478007,842.0653639362027,-105.92008017548302,-0.6900981947236448,0.0,-0.7237157464358271,3.929013079667063,3.929013079667063
-100.15441160478007,842.0653639362027,-105.92008017548302,-108.93188880457708,854.5968702715503,-116.3285601238556,-0.6900981947236448,0.0,-0.7237157464358271,3.929013079667063,3.929013079667063
-108.93188880457708,854.5968702715503,-116.3285601238556,-99.00137899300222,866.2359308826145,-107.07311278726087,-0.6900981947236448,0.0,-0.7237157464358271,3.929013079667063,3.929013079667063
-99.00137899300222,866.2359308826145,-107.07311278726087,-89.07086918142735,877.8749914936789,-97.81766545066614,-0.6900981947236448,0.0,-0.7237157464358271,3.929013079667063,3.929013079667063
-90.22390179320521,853.704424547267,-96.66463283888828,-99.00137899300222,866.2359308826145,-107.07311278726087,-0.6900981947236448,0.0,-0.7237157464358271,3.929013079667063,3.929013079667063
-99.00137899300222,866.2359308826145,-107.07311278726087,-107.77885619279922,878.7674372179622,-117.48159273563346,-0.6900981947236448,0.0,-0.7237157464358271,3.929013079667063,3.929013079667063
-107.77885619279922,878.7674372179623,-117.48159273563346,-97.84834638122436,890.4064978290265,-108.22614539903873,-0.6900981947236448,0.0,-0.7237157464358271,3.929013079667063,3.929013079667063
-97.84834638122436,890.4064978290265,-108.22614539903873,-87.91783656964951,902.0455584400908,-98.97069806244399,-0.6900981947236448,0.0,-0.7237157464358271,3.929013079667063,3.929013079667063
-89.07086918142735,877.874991493679,-97.81766545066614,-97.84834638122436,890.4064978290265,-108.22614539903873,-0.6900981947236448,0.0,-0.7237157464358271,3.929013079667063,3.929013079667063
-97.84834638122436,890.4064978290265,-108.22614539903873,-106.62582358102138,902.9380041643741,-118.6346253474113,-0.6900981947236448,0.0,-0.7237157464358271,3.929013079667063,3.929013079667063
-106.62582358102138,902.9380041643741,-118.6346253474113,-96.69531376944653,914.5770647754384,-109.37917801081656,-0.6900981947236448,0.0,-0.7237157464358271,3.929013079667063,3.929013079667063
-96.69531376944653,914.5770647754384,-109.37917801081656,-86.76480395787166,926.2161253865027,-100.12373067422183,-0.6900981947236448,0.0,-0.7237157464358271,3.929013079667063,3.929013079667063
-87.91783656964951,902.0455584400908,-98.97069806244399,-96.69531376944653,914.5770647754384,-109.37917801081656,-0.6900981947236448,0.0,-0.7237157464358271,3.929013079667063,3.929013079667063
-96.69531376944653,914.5770647754384,-109.37917801081656,-105.47279096924353,927.108571110786,-119.78765795918915,-0.6900981947236448,0.0,-0.7237157464358271,3.929013079667063,3.929013079667063
-105.47279096924353,927.108571110786,-119.78765795918915,-95.54228115766867,938.7476317218502,-110.53221062259442,-0.6900981947236448,0.0,-0.7237157464358271,3.929013079667063,3.929013079667063
-95.54228115766867,938.7476317218502,-110.53221062259442,-85.61177134609382,950.3866923329144,-101.27676328599969,-0.6900981947236448,0.0,-0.7237157464358271,3.929013079667063,3.929013079667063
-86.76480395787166,926.2161253865027,-100.12373067422183,-95.54228115766867,938.7476317218502,-110.53221062259442,-0.6900981947236448,0.0,-0.7237157464358271,3.929013079667063,3.929013079667063
-95.54228115766867,938.7476317218502,-110.53221062259442,-104.31975835746569,951.2791380571978,-120.940690570967,-0.6900981947236448,0.0,-0.7237157464358271,3.929013079667063,3.929013079667063
-104.31975835746569,951.2791380571978,-120.940690570967,-94.38924854589084,962.9181986682621,-111.68524323437227,-0.6900981947236448,0.0,-0.7237157464358271,3.929013079667063,3.929013079667063
-94.38924854589084,962.9181986682621,-111.68524323437227,-84.45873873431597,974.5572592793263,-102.42979589777752,-0.6900981947236448,0.0,-0.7237157464358271,3.929013079667063,3.929013079667063
-85.61177134609382,950.3866923329144,-101.27676328599969,-94.38924854589084,962.9181986682621,-111.68524323437227,-0.6900981947236448,0.0,-0.7237157464358271,3.929013079667063,3.929013079667063
-94.38924854589084,962.9181986682621,-111.68524323437227,-103.16672574568784,975.4497050036097,-122.09372318274484,-0.6900981947236448,0.0,-0.7237157464358271,3.929013079667063,3.929013079667063
-103.16672574568784,975.4497050036097,-122.09372318274484,-93.23621593411298,987.088765614674,-112.83827584615011,-0.6900981947236448,0.0,-0.7237157464358271,3.929013079667063,3.929013079667063
-93.23621593411298,987.088765614674,-112.83827584615011,-83.30570612253813,998.7278262257382,-103.58282850955538,-0.6900981947236448,0.0,-0.7237157464358271,3.929013079667063,3.929013079667063
-84.45873873431597,974.5572592793263,-102.42979589777752,-93.23621593411298,987.088765614674,-112.83827584615011,-0.6900981947236448,0.0,-0.7237157464358271,3.929013079667063,3.929013079667063
-93.23621593411298,987.088765614674,-112.83827584615011,-102.01369313391,999.6202719500216,-123.2467557945227,-0.6900981947236448,0.0,-0.7237157464358271,3.929013079667063,3.929013079667063
-102.01369313390998,999.6202719500216,-123.2467557945227,-92.08318332233513,1011.259332561086,-113.99130845792797,-0.6900981947236448,0.0,-0.7237157464358271,3.929013079667063,3.929013079667063
-92.08318332233513,1011.259332561086,-113.99130845792797,-82.15267351076028,1022.8983931721502,-104.73586112133323,-0.6900981947236448,0.0,-0.7237157464358271,3.929013079667063,3.929013079667063
-83.30570612253811,998.7278262257382,-103.58282850955538,-92.08318332233513,1011.259332561086,-113.99130845792797,-0.6900981947236448,0.0,-0.7237157464358271,3.929013079667063,3.929013079667063
-92.08318332233513,1011.259332561086,-113.99130845792797,-100.86066052213215,1023.7908388964336,-124.39978840630054,-0.6900981947236448,0.0,-0.7237157464358271,3.929013079667063,3.929013079667063
-100.86066052213215,1023.7908388964336,-124.39978840630054,-90.93015071055729,1035.4298995074978,-115.1443410697058,-0.6900981947236448,0.0,-0.7237157464358271,3.929013079667063,3.929013079667063
-90.93015071055729,1035.4298995074978,-115.1443410697058,-80.99964089898242,1047.068960118562,-105.88889373311108,-0.6900981947236448,0.0,-0.7237157464358271,3.929013079667063,3.929013079667063
-82.15267351076028,1022.8983931721502,-104.73586112133323,-90.93015071055729,1035.4298995074978,-115.1443410697058,-0.6900981947236448,0.0,-0.7237157464358271,3.929013079667063,3.929013079667063
-90.93015071055729,1035.4298995074978,-115.1443410697058,-99.70762791035429,1047.9614058428454,-125.55282101807839,-0.6900981947236448,0.0,-0.7237157464358271,3.929013079667063,3.929013079667063
-99.70762791035429,1047.9614058428454,-125.55282101807839,-89.77711809877944,1059.6004664539096,-116.29737368148366,-0.6900981947236448,0.0,-0.7237157464358271,3.929013079667063,3.929013079667063
-89.77711809877944,1059.6004664539096,-116.29737368148366,-79.84660828720459,1071.2395270649738,-107.04192634488892,-0.6900981947236448,0.0,-0.7237157464358271,3.929013079667063,3.929013079667063
-80.99964089898242,1047.068960118562,-105.88889373311108,-89.77711809877944,1059.6004664539096,-116.29737368148366,-0.6900981947236448,0.0,-0.7237157464358271,3.929013079667063,3.929013079667063
-89.77711809877944,1059.6004664539096,-116.29737368148366,-98.55459529857646,1072.1319727892571,-126.70585362985624,-0.6900981947236448,0.0,-0.7237157464358271,3.929013079667063,3.929013079667063
-98.55459529857646,1072.1319727892571,-126.70585362985624,-88.6240854870016,1083.7710334003214,-117.4504062932615,-0.6900981947236448,0.0,-0.7237157464358271,3.929013079667063,3.929013079667063
-88.6240854870016,1083.7710334003214,-117.4504062932615,-78.69357567542673,1095.4100940113856,-108.19495895666677,-0.6900981947236448,0.0,-0.7237157464358271,3.929013079667063,3.929013079667063
-79.84660828720459,1071.2395270649738,-107.04192634488892,-88.6240854870016,1083.7710334003214,-117.4504062932615,-0.6900981947236448,0.0,-0.7237157464358271,3.929013079667063,3.929013079667063
-88.6240854870016,1083.7710334003214,-117.4504062932615,-97.4015626867986,1096.302539735669,-127.85888624163408,-0.6900981947236448,0.0,-0.7237157464358271,3.929013079667063,3.929013079667063
-97.4015626867986,1096.302539735669,-127.85888624163408,-87.47105287522375,1107.9416003467331,-118.60343890503935,-0.6900981947236448,0.0,-0.7237157464358271,3.929013079667063,3.929013079667063
-87.47105287522375,1107.9416003467331,-118.60343890503935,-77.5405430636489,1119.5806609577976,-109.34799156844463,-0.6900981947236448,0.0,-0.7237157464358271,3.929013079667063,3.929013079667063
-78.69357567542673,1095.4100940113856,-108.19495895666677,-87.47105287522375,1107.9416003467331,-118.60343890503935,-0.6900981947236448,0.0,-0.7237157464358271,3.929013079667063,3.929013079667063
-87.47105287522375,1107.9416003467331,-118.60343890503935,-96.24853007502077,1120.473106682081,-129.01191885341194,-0.6900981947236448,0.0,-0.7237157464358271,3.929013079667063,3.929013079667063
-96.24853007502077,1120.473106682081,-129.01191885341194,-86.3180202634459,1132.1121672931451,-119.75647151681719,-0.6900981947236448,0.0,-0.7237157464358271,3.929013079667063,3.929013079667063
-86.3180202634459,1132.1121672931451,-119.75647151681719,-76.38751045187104,1143.7512279042094,-110.50102418022246,-0.6900981947236448,0.0,-0.7237157464358271,3.929013079667063,3.929013079667063
-77.5405430636489,1119.5806609577976,-109.34799156844463,-86.3180202634459,1132.1121672931451,-119.75647151681719,-0.6900981947236448,0.0,-0.7237157464358271,3.929013079667063,3.929013079667063
-86.3180202634459,1132.1121672931451,-119.75647151681719,-95.0954974632429,1144.6436736284927,-130.16495146518977,-0.6900981947236448,0.0,-0.7237157464358271,3.929013079667063,3.929013079667063
-129.427010593652,31.905148369263635,-96.7893786083761,-138.204487793449,44.43665470461121,-87.53393127178136,0.6900981947236448,0.0,-0.7237157464358271,3.929013079667063,3.929013079667063
-138.204487793449,44.43665470461121,-87.53393127178136,-146.981964993246,56.96816103995878,-78.27848393518663,0.6900981947236448,0.0,-0.7237157464358271,3.929013079667063,3.929013079667063
-148.13499760502387,32.79759409354691,-77.12545132340878,-138.204487793449,44.43665470461121,-87.53393127178136,0.6900981947236448,0.0,-0.7237157464358271,3.929013079667063,3.929013079667063
-138.204487793449,44.43665470461121,-87.53393127178136,-128.27397798187414,56.0757153156755,-97.94241122015394,0.6900981947236448,0.0,-0.7237157464358271,3.929013079667063,3.929013079667063
-128.27397798187414,56.0757153156755,-97.94241122015394,-137.05145518167114,68.60722165102305,-88.6869638835592,0.6900981947236448,0.0,-0.7237157464358271,3.929013079667063,3.929013079667063
-137.05145518167114,68.60722165102305,-88.6869638835592,-145.82893238146815,81.13872798637064,-79.43151654696447,0.6900981947236448,0.0,-0.7237157464358271,3.929013079667063,3.929013079667063
-146.981964993246,56.96816103995878,-78.27848393518663,-137.05145518167114,68.60722165102305,-88.6869638835592,0.6900981947236448,0.0,-0.7237157464358271,3.929013079667063,3.929013079667063
-137.05145518167114,68.60722165102305,-88.6869638835592,-127.1209453700963,80.24628226208736,-99.09544383193179,0.6900981947236448,0.0,-0.7237157464358271,3.929013079667063,3.929013079667063
-127.1209453700963,80.24628226208736,-99.09544383193179,-135.8984225698933,92.77778859743492,-89.83999649533706,0.6900981947236448,0.0,-0.7237157464358271,3.929013079667063,3.929013079667063
-135.8984225698933,92.77778859743492,-89.83999649533706,-144.67589976969032,105.3092949327825,-80.58454915874232,0.6900981947236448,0.0,-0.7237157464358271,3.929013079667063,3.929013079667063
-145.82893238146815,81.13872798637064,-79.43151654696447,-135.8984225698933,92.77778859743492,-89.83999649533706,0.6900981947236448,0.0,-0.7237157464358271,3.929013079667063,3.929013079667063
-135.8984225698933,92.77778859743492,-89.83999649533706,-125.96791275831845,104.41684920849923,-100.24847644370963,0.6900981947236448,0.0,-0.7237157464358271,3.929013079667063,3.929013079667063
-125.96791275831845,104.4168492084992,-100.24847644370963,-134.74538995811548,116.94835554384679,-90.99302910711491,0.6900981947236448,0.0,-0.7237157464358271,3.929013079667063,3.929013079667063
-134.74538995811548,116.94835554384679,-90.99302910711491,-143.52286715791246,129.47986187919437,-81.73758177052017,0.6900981947236448,0.0,-0.7237157464358271,3.929013079667063,3.929013079667063
-144.67589976969032,105.30929493278248,-80.58454915874232,-134.74538995811548,116.94835554384679,-90.99302910711491,0.6900981947236448,0.0,-0.7237157464358271,3.929013079667063,3.929013079667063
-134.74538995811548,116.94835554384679,-90.99302910711491,-124.8148801465406,128.5874161549111,-101.40150905548748,0.6900981947236448,0.0,-0.7237157464358271,3.929013079667063,3.929013079667063
-124.8148801465406,128.5874161549111,-101.40150905548748,-133.59235734633762,141.11892249025868,-92.14606171889275,0.6900981947236448,0.0,-0.7237157464358271,3.929013079667063,3.929013079667063
-133.59235734633762,141.11892249025868,-92.14606171889275,-142.36983454613463,153.65042882560624,-82.89061438229803,0.6900981947236448,0.0,-0.7237157464358271,3.929013079667063,3.929013079667063
-143.52286715791246,129.47986187919437,-81.73758177052017,-133.59235734633762,141.11892249025868,-92.14606171889275,0.6900981947236448,0.0,-0.7237157464358271,3.929013079667063,3.929013079667063
-133.59235734633762,141.11892249025868,-92.14606171889275,-123.66184753476276,152.75798310132296,-102.55454166726534,0.6900981947236448,0.0,-0.7237157464358271,3.929013079667063,3.929013079667063
-123.66184753476276,152.75798310132296,-102.55454166726534,-132.43932473455976,165.28948943667055,-93.2990943306706,0.6900981947236448,0.0,-0.7237157464358271,3.929013079667063,3.929013079667063
-132.43932473455976,165.28948943667055,-93.2990943306706,-141.21680193435677,177.8209957720181,-84.04364699407587,0.6900981947236448,0.0,-0.7237157464358271,3.929013079667063,3.929013079667063
-142.36983454613463,153.65042882560624,-82.89061438229803,-132.43932473455976,165.28948943667055,-93.2990943306706,0.6900981947236448,0.0,-0.7237157464358271,3.929013079667063,3.929013079667063
-132.43932473455976,165.28948943667055,-93.2990943306706,-122.50881492298491,176.92855004773483,-103.70757427904319,0.6900981947236448,0.0,-0.7237157464358271,3.929013079667063,3.929013079667063
-122.50881492298491,176.92855004773483,-103.70757427904319,-131.2862921227819,189.4600563830824,-94.45212694244844,0.6900981947236448,0.0,-0.7237157464358271,3.929013079667063,3.929013079667063
-131.2862921227819,189.4600563830824,-94.45212694244844,-140.06376932257893,201.99156271842995,-85.19667960585372,0.6900981947236448,0.0,-0.7237157464358271,3.929013079667063,3.929013079667063
-141.21680193435677,177.8209957720181,-84.04364699407587,-131.2862921227819,189.4600563830824,-94.45212694244844,0.6900981947236448,0.0,-0.7237157464358271,3.929013079667063,3.929013079667063
-131.2862921227819,189.4600563830824,-94.45212694244844,-121.35578231120707,201.09911699414667,-104.86060689082103,0.6900981947236448,0.0,-0.7237157464358271,3.929013079667063,3.929013079667063
-121.35578231120707,201.0991169941467,-104.86060689082103,-130.13325951100407,213.63062332949428,-95.60515955422629,0.6900981947236448,0.0,-0.7237157464358271,3.929013079667063,3.929013079667063
-130.13325951100407,213.63062332949428,-95.60515955422629,-138.91073671080107,226.16212966484179,-86.34971221763156,0.6900981947236448,0.0,-0.7237157464358271,3.929013079667063,3.929013079667063
-140.06376932257893,201.99156271842998,-85.19667960585372,-130.13325951100407,213.63062332949428,-95.60515955422629,0.6900981947236448,0.0,-0.7237157464358271,3.929013079667063,3.929013079667063
-130.13325951100407,213.63062332949428,-95.60515955422629,-120.20274969942922,225.2696839405585,-106.01363950259888,0.6900981947236448,0.0,-0.7237157464358271,3.929013079667063,3.929013079667063
-120.20274969942922,225.26968394055856,-106.01363950259888,-128.98022689922624,237.80119027590612,-96.75819216600415,0.6900981947236448,0.0,-0.7237157464358271,3.929013079667063,3.929013079667063
-128.98022689922624,237.80119027590612,-96.75819216600415,-137.75770409902324,250.33269661125368,-87.50274482940941,0.6900981947236448,0.0,-0.7237157464358271,3.929013079667063,3.929013079667063
-138.91073671080107,226.16212966484184,-86.34971221763156,-128.98022689922624,237.80119027590612,-96.75819216600415,0.6900981947236448,0.0,-0.7237157464358271,3.929013079667063,3.929013079667063
-128.98022689922624,237.80119027590612,-96.75819216600415,-119.04971708765137,249.4402508869704,-107.16667211437672,0.6900981947236448,0.0,-0.7237157464358271,3.929013079667063,3.929013079667063
-119.04971708765137,249.4402508869704,-107.16667211437672,-127.82719428744838,261.97175722231805,-97.911224777782,0.6900981947236448,0.0,-0.7237157464358271,3.929013079667063,3.929013079667063
-127.82719428744838,261.97175722231805,-97.911224777782,-136.60467148724538,274.50326355766555,-88.65577744118725,0.6900981947236448,0.0,-0.7237157464358271,3.929013079667063,3.929013079667063
-137.75770409902324,250.33269661125368,-87.50274482940941,-127.82719428744838,261.97175722231805,-97.911224777782,0.6900981947236448,0.0,-0.7237157464358271,3.929013079667063,3.929013079667063
-127.82719428744838,261.97175722231805,-97.911224777782,-117.89668447587353,273.61081783338227,-108.31970472615457,0.6900981947236448,0.0,-0.7237157464358271,3.929013079667063,3.929013079667063
-117.89668447587353,273.61081783338227,-108.31970472615457,-126.67416167567053,286.1423241687299,-99.06425738955984,0.6900981947236448,0.0,-0.7237157464358271,3.929013079667063,3.929013079667063
-126.67416167567053,286.1423241687299,-99.06425738955984,-135.45163887546755,298.6738305040774,-89.8088100529651,0.6900981947236448,0.0,-0.7237157464358271,3.929013079667063,3.929013079667063
-136.60467148724538,274.50326355766555,-88.65577744118725,-126.67416167567053,286.1423241687299,-99.06425738955984,0.6900981947236448,0.0,-0.7237157464358271,3.929013079667063,3.929013079667063
-126.67416167567053,286.1423241687299,-99.06425738955984,-116.74365186409568,297.7813847797941,-109.47273733793241,0.6900981947236448,0.0,-0.7237157464358271,3.929013079667063,3.929013079667063
-116.74365186409568,297.7813847797941,-109.47273733793241,-125.52112906389269,310.3128911151417,-100.21729000133769,0.6900981947236448,0.0,-0.7237157464358271,3.929013079667063,3.929013079667063
-125.52112906389269,310.3128911151417,-100.21729000133769,-134.2986062636897,322.8443974504892,-90.96184266474295,0.6900981947236448,0.0,-0.7237157464358271,3.929013079667063,3.929013079667063
-135.45163887546755,298.6738305040774,-89.8088100529651,-125.52112906389269,310.3128911151417,-100.21729000133769,0.6900981947236448,0.0,-0.7237157464358271,3.929013079667063,3.929013079667063
-125.52112906389269,310.3128911151417,-100.21729000133769,-115.59061925231784,321.95195172620595,-110.62576994971026,0.6900981947236448,0.0,-0.7237157464358271,3.929013079667063,3.929013079667063
-115.59061925231784,321.95195172620595,-110.62576994971026,-124.36809645211484,334.48345806155356,-101.37032261311553,0.6900981947236448,0.0,-0.7237157464358271,3.929013079667063,3.929013079667063
-124.36809645211484,334.48345806155356,-101.37032261311553,-133.14557365191186,347.0149643969011,-92.11487527652079,0.6900981947236448,0.0,-0.7237157464358271,3.929013079667063,3.929013079667063
-134.2986062636897,322.8443974504892,-90.96184266474295,-124.36809645211484,334.48345806155356,-101.37032261311553,0.6900981947236448,0.0,-0.7237157464358271,3.929013079667063,3.929013079667063
-124.36809645211484,334.48345806155356,-101.37032261311553,-114.43758664053999,346.12251867261784,-111.7788025614881,0.6900981947236448,0.0,-0.7237157464358271,3.929013079667063,3.929013079667063
-114.43758664053999,346.12251867261784,-111.7788025614881,-123.215063840337,358.6540250079654,-102.52335522489338,0.6900981947236448,0.0,-0.7237157464358271,3.929013079667063,3.929013079667063
-123.215063840337,358.6540250079654,-102.52335522489338,-131.992541040134,371.18553134331296,-93.26790788829865,0.6900981947236448,0.0,-0.7237157464358271,3.929013079667063,3.929013079667063
-133.14557365191186,347.0149643969011,-92.11487527652079,-123.215063840337,358.6540250079654,-102.52335522489338,0.6900981947236448,0.0,-0.7237157464358271,3.929013079667063,3.929013079667063
-123.215063840337,358.6540250079654,-102.52335522489338,-113.28455402876214,370.2930856190297,-112.93183517326597,0.6900981947236448,0.0,-0.7237157464358271,3.929013079667063,3.929013079667063
-113.28455402876214,370.2930856190297,-112.93183517326597,-122.06203122855915,382.82459195437724,-103.67638783667122,0.6900981947236448,0.0,-0.7237157464358271,3.929013079667063,3.929013079667063
-122.06203122855915,382.82459195437724,-103.67638783667122,-130.83950842835617,395.3560982897248,-94.4209405000765,0.6900981947236448,0.0,-0.7237157464358271,3.929013079667063,3.929013079667063
-131.992541040134,371.18553134331296,-93.26790788829865,-122.06203122855915,382.82459195437724,-103.67638783667122,0.6900981947236448,0.0,-0.7237157464358271,3.929013079667063,3.929013079667063
-122.06203122855915,382.82459195437724,-103.67638783667122,-112.1315214169843,394.4636525654415,-114.08486778504381,0.6900981947236448,0.0,-0.7237157464358271,3.929013079667063,3.929013079667063
-112.13152141698428,394.46365256544163,-114.08486778504381,-120.9089986167813,406.9951589007892,-104.82942044844907,0.6900981947236448,0.0,-0.7237157464358271,3.929013079667063,3.929013079667063
-120.9089986167813,406.9951589007892,-104.82942044844907,-129.6864758165783,419.52666523613675,-95.57397311185434,0.6900981947236448,0.0,-0.7237157464358271,3.929013079667063,3.929013079667063
-130.83950842835614,395.3560982897249,-94.4209405000765,-120.9089986167813,406.9951589007892,-104.82942044844907,0.6900981947236448,0.0,-0.7237157464358271,3.929013079667063,3.929013079667063
-120.9089986167813,406.9951589007892,-104.82942044844907,-110.97848880520644,418.6342195118535,-115.23790039682166,0.6900981947236448,0.0,-0.7237157464358271,3.929013079667063,3.929013079667063
-110.97848880520644,418.6342195118535,-115.23790039682166,-119.75596600500346,431.16572584720103,-105.98245306022693,0.6900981947236448,0.0,-0.7237157464358271,3.929013079667063,3.929013079667063
-119.75596600500346,431.16572584720103,-105.98245306022693,-128.53344320480045,443.6972321825486,-96.72700572363219,0.6900981947236448,0.0,-0.7237157464358271,3.929013079667063,3.929013079667063
-129.6864758165783,419.52666523613675,-95.57397311185434,-119.75596600500346,431.16572584720103,-105.98245306022693,0.6900981947236448,0.0,-0.7237157464358271,3.929013079667063,3.929013079667063
-119.75596600500346,431.16572584720103,-105.98245306022693,-109.8254561934286,442.8047864582653,-116.3909330085995,0.6900981947236448,0.0,-0.7237157464358271,3.929013079667063,3.929013079667063
-109.8254561934286,442.8047864582653,-116.3909330085995,-118.60293339322561,455.33629279361287,-107.13548567200478,0.6900981947236448,0.0,-0.7237157464358271,3.929013079667063,3.929013079667063
-118.60293339322561,455.33629279361287,-107.13548567200478,-127.38041059302262,467.86779912896054,-97.88003833541003,0.6900981947236448,0.0,-0.7237157464358271,3.929013079667063,3.929013079667063
-128.53344320480045,443.6972321825486,-96.72700572363219,-118.60293339322561,455.33629279361287,-107.13548567200478,0.6900981947236448,0.0,-0.7237157464358271,3.929013079667063,3.929013079667063
-118.60293339322561,455.33629279361287,-107.13548567200478,-108.67242358165075,466.9753534046772,-117.54396562037735,0.6900981947236448,0.0,-0.7237157464358271,3.929013079667063,3.929013079667063
-108.67242358165075,466.9753534046772,-117.54396562037735,-117.44990078144777,479.50685974002477,-108.28851828378262,0.6900981947236448,0.0,-0.7237157464358271,3.929013079667063,3.929013079667063
-117.44990078144777,479.50685974002477,-108.28851828378262,-126.22737798124477,492.0383660753723,-99.03307094718788,0.6900981947236448,0.0,-0.7237157464358271,3.929013079667063,3.929013079667063
-127.38041059302262,467.86779912896054,-97.88003833541003,-117.44990078144777,479.50685974002477,-108.28851828378262,0.6900981947236448,0.0,-0.7237157464358271,3.929013079667063,3.929013079667063
-117.44990078144777,479.50685974002477,-108.28851828378262,-107.5193909698729,491.145920351089,-118.6969982321552,0.6900981947236448,0.0,-0.7237157464358271,3.929013079667063,3.929013079667063
-107.5193909698729,491.145920351089,-118.6969982321552,-116.29686816966992,503.67742668643666,-109.44155089556047,0.6900981947236448,0.0,-0.7237157464358271,3.929013079667063,3.929013079667063
-116.29686816966992,503.67742668643666,-109.44155089556047,-125.07434536946693,516.2089330217842,-100.18610355896573,0.6900981947236448,0.0,-0.7237157464358271,3.929013079667063,3.929013079667063
-126.22737798124477,492.0383660753723,-99.03307094718788,-116.29686816966992,503.67742668643666,-109.44155089556047,0.6900981947236448,0.0,-0.7237157464358271,3.929013079667063,3.929013079667063
-116.29686816966992,503.67742668643666,-109.44155089556047,-106.36635835809506,515.3164872975009,-119.85003084393304,0.6900981947236448,0.0,-0.7237157464358271,3.929013079667063,3.929013079667063
-106.36635835809506,515.316487297501,-119.85003084393306,-115.14383555789206,527.8479936328486,-110.59458350733831,0.6900981947236448,0.0,-0.7237157464358271,3.929013079667063,3.929013079667063
-115.14383555789206,527.8479936328486,-110.59458350733831,-123.92131275768908,540.3794999681961,-101.33913617074359,0.6900981947236448,0.0,-0.7237157464358271,3.929013079667063,3.929013079667063
-125.07434536946693,516.2089330217843,-100.18610355896574,-115.14383555789206,527.8479936328486,-110.59458350733831,0.6900981947236448,0.0,-0.7237157464358271,3.929013079667063,3.929013079667063
-115.14383555789206,527.8479936328486,-110.59458350733831,-105.21332574631721,539.4870542439128,-121.0030634557109,0.6900981947236448,0.0,-0.7237157464358271,3.929013079667063,3.929013079667063
-105.21332574631721,539.4870542439128,-121.0030634557109,-113.99080294611423,552.0185605792603,-111.74761611911617,0.6900981947236448,0.0,-0.7237157464358271,3.929013079667063,3.929013079667063
-113.99080294611423,552.0185605792603,-111.74761611911617,-122.76828014591123,564.550066914608,-102.49216878252143,0.6900981947236448,0.0,-0.7237157464358271,3.929013079667063,3.929013079667063
-123.92131275768908,540.3794999681961,-101.33913617074359,-113.99080294611423,552.0185605792603,-111.74761611911617,0.6900981947236448,0.0,-0.7237157464358271,3.929013079667063,3.929013079667063
-113.99080294611423,552.0185605792603,-111.74761611911617,-104.06029313453936,563.6576211903247,-122.15609606748875,0.6900981947236448,0.0,-0.7237157464358271,3.929013079667063,3.929013079667063
-104.06029313453936,563.6576211903247,-122.15609606748875,-112.83777033433637,576.1891275256722,-112.900648730894,0.6900981947236448,0.0,-0.7237157464358271,3.929013079667063,3.929013079667063
-112.83777033433637,576.1891275256722,-112.900648730894,-121.61524753413339,588.7206338610198,-103.64520139429928,0.6900981947236448,0.0,-0.7237157464358271,3.929013079667063,3.929013079667063
-122.76828014591123,564.550066914608,-102.49216878252143,-112.83777033433637,576.1891275256722,-112.900648730894,0.6900981947236448,0.0,-0.7237157464358271,3.929013079667063,3.929013079667063
-112.83777033433637,576.1891275256722,-112.900648730894,-102.90726052276152,587.8281881367365,-123.30912867926659,0.6900981947236448,0.0,-0.7237157464358271,3.929013079667063,3.929013079667063
-102.90726052276152,587.8281881367365,-123.30912867926659,-111.68473772255854,600.359694472084,-114.05368134267187,0.6900981947236448,0.0,-0.7237157464358271,3.929013079667063,3.929013079667063
-111.68473772255854,600.359694472084,-114.05368134267187,-120.46221492235554,612.8912008074317,-104.79823400607712,0.6900981947236448,0.0,-0.7237157464358271,3.929013079667063,3.929013079667063
-121.61524753413339,588.7206338610198,-103.64520139429928,-111.68473772255854,600.359694472084,-114.05368134267187,0.6900981947236448,0.0,-0.7237157464358271,3.929013079667063,3.929013079667063
-111.68473772255854,600.359694472084,-114.05368134267187,-101.75422791098367,611.9987550831484,-124.46216129104444,0.6900981947236448,0.0,-0.7237157464358271,3.929013079667063,3.929013079667063
-101.75422791098367,611.9987550831484,-124.46216129104444,-110.53170511078068,624.5302614184959,-115.20671395444971,0.6900981947236448,0.0,-0.7237157464358271,3.929013079667063,3.929013079667063
-110.53170511078068,624.5302614184959,-115.20671395444971,-119.3091823105777,637.0617677538435,-105.95126661785497,0.6900981947236448,0.0,-0.7237157464358271,3.929013079667063,3.929013079667063
-120.46221492235554,612.8912008074317,-104.79823400607712,-110.53170511078068,624.5302614184959,-115.20671395444971,0.6900981947236448,0.0,-0.7237157464358271,3.929013079667063,3.929013079667063
-110.53170511078068,624.5302614184959,-115.20671395444971,-100.60119529920583,636.1693220295601,-125.61519390282228,0.6900981947236448,0.0,-0.7237157464358271,3.929013079667063,3.929013079667063
-100.60119529920581,636.1693220295602,-125.61519390282228,-109.37867249900283,648.7008283649079,-116.35974656622756,0.6900981947236448,0.0,-0.7237157464358271,3.929013079667063,3.929013079667063
-109.37867249900283,648.7008283649079,-116.35974656622756,-118.15614969879985,661.2323347002555,-107.10429922963283,0.6900981947236448,0.0,-0.7237157464358271,3.929013079667063,3.929013079667063
-119.30918231057768,637.0617677538436,-105.95126661785497,-109.37867249900283,648.7008283649079,-116.35974656622756,0.6900981947236448,0.0,-0.7237157464358271,3.929013079667063,3.929013079667063
-109.37867249900283,648.7008283649079,-116.35974656622756,-99.44816268742798,660.3398889759721,-126.76822651460014,0.6900981947236448,0.0,-0.7237157464358271,3.929013079667063,3.929013079667063
-99.44816268742798,660.3398889759721,-126.76822651460014,-108.22563988722499,672.8713953113197,-117.5127791780054,0.6900981947236448,0.0,-0.7237157464358271,3.929013079667063,3.929013079667063
-108.22563988722499,672.8713953113197,-117.5127791780054,-117.00311708702199,685.4029016466673,-108.25733184141066,0.6900981947236448,0.0,-0.7237157464358271,3.929013079667063,3.929013079667063
-118.15614969879985,661.2323347002555,-107.10429922963283,-108.22563988722499,672.8713953113197,-117.5127791780054,0.6900981947236448,0.0,-0.7237157464358271,3.929013079667063,3.929013079667063
-108.22563988722499,672.8713953113197,-117.5127791780054,-98.29513007565012,684.5104559223839,-127.92125912637798,0.6900981947236448,0.0,-0.7237157464358271,3.929013079667063,3.929013079667063
-98.29513007565012,684.5104559223839,-127.92125912637798,-107.07260727544714,697.0419622577316,-118.66581178978325,0.6900981947236448,0.0,-0.7237157464358271,3.929013079667063,3.929013079667063
-107.07260727544714,697.0419622577316,-118.66581178978325,-115.85008447524416,709.5734685930792,-109.41036445318852,0.6900981947236448,0.0,-0.7237157464358271,3.929013079667063,3.929013079667063
-117.00311708702199,685.4029016466673,-108.25733184141066,-107.07260727544714,697.0419622577316,-118.66581178978325,0.6900981947236448,0.0,-0.7237157464358271,3.929013079667063,3.929013079667063
-107.07260727544714,697.0419622577316,-118.66581178978325,-97.14209746387229,708.6810228687958,-129.07429173815584,0.6900981947236448,0.0,-0.7237157464358271,3.929013079667063,3.929013079667063
-97.14209746387229,708.6810228687958,-129.07429173815584,-105.9195746636693,721.2125292041434,-119.81884440156111,0.6900981947236448,0.0,-0.7237157464358271,3.929013079667063,3.929013079667063
-105.9195746636693,721.2125292041434,-119.81884440156111,-114.6970518634663,733.7440355394909,-110.56339706496637,0.6900981947236448,0.0,-0.7237157464358271,3.929013079667063,3.929013079667063
-115.85008447524416,709.5734685930792,-109.41036445318852,-105.9195746636693,721.2125292041434,-119.81884440156111,0.6900981947236448,0.0,-0.7237157464358271,3.929013079667063,3.929013079667063
-105.9195746636693,721.2125292041434,-119.81884440156111,-95.98906485209443,732.8515898152076,-130.22732434993367,0.6900981947236448,0.0,-0.7237157464358271,3.929013079667063,3.929013079667063
-95.98906485209443,732.8515898152076,-130.22732434993367,-104.76654205189145,745.3830961505553,-120.97187701333894,0.6900981947236448,0.0,-0.7237157464358271,3.929013079667063,3.929013079667063
-104.76654205189145,745.3830961505553,-120.97187701333894,-113.54401925168847,757.9146024859028,-111.71642967674421,0.6900981947236448,0.0,-0.7237157464358271,3.929013079667063,3.929013079667063
-114.6970518634663,733.7440355394909,-110.56339706496637,-104.76654205189145,745.3830961505553,-120.97187701333894,0.6900981947236448,0.0,-0.7237157464358271,3.929013079667063,3.929013079667063
-104.76654205189145,745.3830961505553,-120.97187701333894,-94.8360322403166,757.0221567616195,-131.38035696171153,0.6900981947236448,0.0,-0.7237157464358271,3.929013079667063,3.929013079667063
-94.8360322403166,757.0221567616196,-131.38035696171153,-103.6135094401136,769.5536630969672,-122.1249096251168,0.6900981947236448,0.0,-0.7237157464358271,3.929013079667063,3.929013079667063
-103.6135094401136,769.5536630969672,-122.1249096251168,-112.39098663991061,782.0851694323148,-112.86946228852207,0.6900981947236448,0.0,-0.7237157464358271,3.929013079667063,3.929013079667063
-113.54401925168847,757.914602485903,-111.71642967674421,-103.6135094401136,769.5536630969672,-122.1249096251168,0.6900981947236448,0.0,-0.7237157464358271,3.929013079667063,3.929013079667063
-103.6135094401136,769.5536630969672,-122.1249096251168,-93.68299962853874,781.1927237080315,-132.5333895734894,0.6900981947236448,0.0,-0.7237157464358271,3.929013079667063,3.929013079667063
-93.68299962853874,781.1927237080315,-132.5333895734894,-102.46047682833576,793.7242300433791,-123.27794223689465,0.6900981947236448,0.0,-0.7237157464358271,3.929013079667063,3.929013079667063
-102.46047682833576,793.7242300433791,-123.27794223689465,-111.23795402813278,806.2557363787266,-114.0224949002999,0.6900981947236448,0.0,-0.7237157464358271,3.929013079667063,3.929013079667063
-112.39098663991061,782.0851694323148,-112.86946228852207,-102.46047682833576,793.7242300433791,-123.27794223689465,0.6900981947236448,0.0,-0.7237157464358271,3.929013079667063,3.929013079667063
-102.46047682833576,793.7242300433791,-123.27794223689465,-92.5299670167609,805.3632906544433,-133.68642218526722,0.6900981947236448,0.0,-0.7237157464358271,3.929013079667063,3.929013079667063
-92.5299670167609,805.3632906544433,-133.68642218526722,-101.30744421655791,817.8947969897908,-124.43097484867249,0.6900981947236448,0.0,-0.7237157464358271,3.929013079667063,3.929013079667063
-101.30744421655791,817.8947969897908,-124.43097484867249,-110.08492141635492,830.4263033251385,-115.17552751207776,0.6900981947236448,0.0,-0.7237157464358271,3.929013079667063,3.929013079667063
-111.23795402813278,806.2557363787266,-114.0224949002999,-101.30744421655791,817.8947969897908,-124.43097484867249,0.6900981947236448,0.0,-0.7237157464358271,3.929013079667063,3.929013079667063
-101.30744421655791,817.8947969897908,-124.43097484867249,-91.37693440498305,829.5338576008552,-134.83945479704508,0.6900981947236448,0.0,-0.7237157464358271,3.929013079667063,3.929013079667063
-91.37693440498305,829.5338576008552,-134.83945479704508,-100.15441160478007,842.0653639362027,-125.58400746045034,0.6900981947236448,0.0,-0.7237157464358271,3.929013079667063,3.929013079667063
-100.15441160478007,842.0653639362027,-125.58400746045034,-108.93188880457708,854.5968702715503,-116.3285601238556,0.6900981947236448,0.0,-0.7237157464358271,3.929013079667063,3.929013079667063
-110.08492141635492,830.4263033251385,-115.17552751207776,-100.15441160478007,842.0653639362027,-125.58400746045034,0.6900981947236448,0.0,-0.7237157464358271,3.929013079667063,3.929013079667063
-100.15441160478007,842.0653639362027,-125.58400746045034,-90.22390179320521,853.704424547267,-135.9924874088229,0.6900981947236448,0.0,-0.7237157464358271,3.929013079667063,3.929013079667063
-90.22390179320521,853.704424547267,-135.9924874088229,-99.00137899300222,866.2359308826145,-126.73704007222818,0.6900981947236448,0.0,-0.7237157464358271,3.929013079667063,3.929013079667063
-99.00137899300222,866.2359308826145,-126.73704007222818,-107.77885619279922,878.7674372179622,-117.48159273563346,0.6900981947236448,0.0,-0.7237157464358271,3.929013079667063,3.929013079667063
-108.93188880457708,854.5968702715503,-116.3285601238556,-99.00137899300222,866.2359308826145,-126.73704007222818,0.6900981947236448,0.0,-0.7237157464358271,3.929013079667063,3.929013079667063
-99.00137899300222,866.2359308826145,-126.73704007222818,-89.07086918142735,877.8749914936789,-137.14552002060077,0.6900981947236448,0.0,-0.7237157464358271,3.929013079667063,3.929013079667063
-89.07086918142735,877.874991493679,-137.14552002060077,-97.84834638122436,890.4064978290265,-127.89007268400604,0.6900981947236448,0.0,-0.7237157464358271,3.929013079667063,3.929013079667063
-97.84834638122436,890.4064978290265,-127.89007268400604,-106.62582358102138,902.9380041643741,-118.6346253474113,0.6900981947236448,0.0,-0.7237157464358271,3.929013079667063,3.929013079667063
-107.77885619279922,878.7674372179623,-117.48159273563346,-97.84834638122436,890.4064978290265,-127.89007268400604,0.6900981947236448,0.0,-0.7237157464358271,3.929013079667063,3.929013079667063
-97.84834638122436,890.4064978290265,-127.89007268400604,-87.91783656964951,902.0455584400908,-138.29855263237863,0.6900981947236448,0.0,-0.7237157464358271,3.929013079667063,3.929013079667063
-87.91783656964951,902.0455584400908,-138.29855263237863,-96.69531376944653,914.5770647754384,-129.04310529578387,0.6900981947236448,0.0,-0.7237157464358271,3.929013079667063,3.929013079667063
-96.69531376944653,914.5770647754384,-129.04310529578387,-105.47279096924353,927.108571110786,-119.78765795918915,0.6900981947236448,0.0,-0.7237157464358271,3.929013079667063,3.929013079667063
-106.62582358102138,902.9380041643741,-118.6346253474113,-96.69531376944653,914.5770647754384,-129.04310529578387,0.6900981947236448,0.0,-0.7237157464358271,3.929013079667063,3.929013079667063
-96.69531376944653,914.5770647754384,-129.04310529578387,-86.76480395787166,926.2161253865027,-139.45158524415646,0.6900981947236448,0.0,-0.7237157464358271,3.929013079667063,3.929013079667063
-86.76480395787166,926.2161253865027,-139.45158524415646,-95.54228115766867,938.7476317218502,-130.19613790756173,0.6900981947236448,0.0,-0.7237157464358271,3.929013079667063,3.929013079667063
-95.54228115766867,938.7476317218502,-130.19613790756173,-104.31975835746569,951.2791380571978,-120.940690570967,0.6900981947236448,0.0,-0.7237157464358271,3.929013079667063,3.929013079667063
-105.47279096924353,927.108571110786,-119.78765795918915,-95.54228115766867,938.7476317218502,-130.19613790756173,0.6900981947236448,0.0,-0.7237157464358271,3.929013079667063,3.929013079667063
-95.54228115766867,938.7476317218502,-130.19613790756173,-85.61177134609382,950.3866923329144,-140.60461785593432,0.6900981947236448,0.0,-0.7237157464358271,3.929013079667063,3.929013079667063
-85.61177134609382,950.3866923329144,-140.60461785593432,-94.38924854589084,962.9181986682621,-131.34917051933957,0.6900981947236448,0.0,-0.7237157464358271,3.929013079667063,3.929013079667063
-94.38924854589084,962.9181986682621,-131.34917051933957,-103.16672574568784,975.4497050036097,-122.09372318274484,0.6900981947236448,0.0,-0.7237157464358271,3.929013079667063,3.929013079667063
-104.31975835746569,951.2791380571978,-120.940690570967,-94.38924854589084,962.9181986682621,-131.34917051933957,0.6900981947236448,0.0,-0.7237157464358271,3.929013079667063,3.929013079667063
-94.38924854589084,962.9181986682621,-131.34917051933957,-84.45873873431597,974.5572592793263,-141.75765046771215,0.6900981947236448,0.0,-0.7237157464358271,3.929013079667063,3.929013079667063
-84.45873873431597,974.5572592793263,-141.75765046771215,-93.23621593411298,987.088765614674,-132.50220313111743,0.6900981947236448,0.0,-0.7237157464358271,3.929013079667063,3.929013079667063
-93.23621593411298,987.088765614674,-132.50220313111743,-102.01369313391,999.6202719500216,-123.2467557945227,0.6900981947236448,0.0,-0.7237157464358271,3.929013079667063,3.929013079667063
-103.16672574568784,975.4497050036097,-122.09372318274484,-93.23621593411298,987.088765614674,-132.50220313111743,0.6900981947236448,0.0,-0.7237157464358271,3.929013079667063,3.929013079667063
-93.23621593411298,987.088765614674,-132.50220313111743,-83.30570612253813,998.7278262257382,-142.91068307949,0.6900981947236448,0.0,-0.7237157464358271,3.929013079667063,3.929013079667063
-83.30570612253811,998.7278262257382,-142.91068307949,-92.08318332233513,1011.259332561086,-133.6552357428953,0.6900981947236448,0.0,-0.7237157464358271,3.929013079667063,3.929013079667063
-92.08318332233513,1011.259332561086,-133.6552357428953,-100.86066052213215,1023.7908388964336,-124.39978840630054,0.6900981947236448,0.0,-0.7237157464358271,3.929013079667063,3.929013079667063
-102.01369313390998,999.6202719500216,-123.2467557945227,-92.08318332233513,1011.259332561086,-133.6552357428953,0.6900981947236448,0.0,-0.7237157464358271,3.929013079667063,3.929013079667063
-92.08318332233513,1011.259332561086,-133.6552357428953,-82.15267351076028,1022.8983931721502,-144.06371569126787,0.6900981947236448,0.0,-0.7237157464358271,3.929013079667063,3.929013079667063
-82.15267351076028,1022.8983931721502,-144.06371569126787,-90.93015071055729,1035.4298995074978,-134.80826835467312,0.6900981947236448,0.0,-0.7237157464358271,3.929013079667063,3.929013079667063
-90.93015071055729,1035.4298995074978,-134.80826835467312,-99.70762791035429,1047.9614058428454,-125.55282101807839,0.6900981947236448,0.0,-0.7237157464358271,3.929013079667063,3.929013079667063
-100.86066052213215,1023.7908388964336,-124.39978840630054,-90.93015071055729,1035.4298995074978,-134.80826835467312,0.6900981947236448,0.0,-0.7237157464358271,3.929013079667063,3.929013079667063
-90.93015071055729,1035.4298995074978,-134.80826835467312,-80.99964089898242,1047.068960118562,-145.2167483030457,0.6900981947236448,0.0,-0.7237157464358271,3.929013079667063,3.929013079667063
-80.99964089898242,1047.068960118562,-145.2167483030457,-89.77711809877944,1059.6004664539096,-135.96130096645098,0.6900981947236448,0.0,-0.7237157464358271,3.929013079667063,3.929013079667063
-89.77711809877944,1059.6004664539096,-135.96130096645098,-98.55459529857646,1072.1319727892571,-126.70585362985624,0.6900981947236448,0.0,-0.7237157464358271,3.929013079667063,3.929013079667063
-99.70762791035429,1047.9614058428454,-125.55282101807839,-89.77711809877944,1059.6004664539096,-135.96130096645098,0.6900981947236448,0.0,-0.7237157464358271,3.929013079667063,3.929013079667063
-89.77711809877944,1059.6004664539096,-135.96130096645098,-79.84660828720459,1071.2395270649738,-146.36978091482354,0.6900981947236448,0.0,-0.7237157464358271,3.929013079667063,3.929013079667063
-79.84660828720459,1071.2395270649738,-146.36978091482354,-88.6240854870016,1083.7710334003214,-137.1143335782288,0.6900981947236448,0.0,-0.7237157464358271,3.929013079667063,3.929013079667063
-88.6240854870016,1083.7710334003214,-137.1143335782288,-97.4015626867986,1096.302539735669,-127.85888624163408,0.6900981947236448,0.0,-0.7237157464358271,3.929013079667063,3.929013079667063
-98.55459529857646,1072.1319727892571,-126.70585362985624,-88.6240854870016,1083.7710334003214,-137.1143335782288,0.6900981947236448,0.0,-0.7237157464358271,3.929013079667063,3.929013079667063
-88.6240854870016,1083.7710334003214,-137.1143335782288,-78.69357567542673,1095.4100940113856,-147.5228135266014,0.6900981947236448,0.0,-0.7237157464358271,3.929013079667063,3.929013079667063
-78.69357567542673,1095.4100940113856,-147.5228135266014,-87.47105287522375,1107.9416003467331,-138.26736619000667,0.6900981947236448,0.0,-0.7237157464358271,3.929013079667063,3.929013079667063
-87.47105287522375,1107.9416003467331,-138.26736619000667,-96.24853007502077,1120.473106682081,-129.01191885341194,0.6900981947236448,0.0,-0.7237157464358271,3.929013079667063,3.929013079667063
-97.4015626867986,1096.302539735669,-127.85888624163408,-87.47105287522375,1107.9416003467331,-138.26736619000667,0.6900981947236448,0.0,-0.7237157464358271,3.929013079667063,3.929013079667063
-87.47105287522375,1107.9416003467331,-138.26736619000667,-77.5405430636489,1119.5806609577976,-148.67584613837926,0.6900981947236448,0.0,-0.7237157464358271,3.929013079667063,3.929013079667063
-77.5405430636489,1119.5806609577976,-148.67584613837926,-86.3180202634459,1132.1121672931451,-139.4203988017845,0.6900981947236448,0.0,-0.7237157464358271,3.929013079667063,3.929013079667063
-86.3180202634459,1132.1121672931451,-139.4203988017845,-95.0954974632429,1144.6436736284927,-130.16495146518977,0.6900981947236448,0.0,-0.7237157464358271,3.929013079667063,3.929013079667063
-96.24853007502077,1120.473106682081,-129.01191885341194,-86.3180202634459,1132.1121672931451,-139.4203988017845,0.6900981947236448,0.0,-0.7237157464358271,3.929013079667063,3.929013079667063
-86.3180202634459,1132.1121672931451,-139.4203988017845,-76.38751045187104,1143.7512279042094,-149.8288787501571,0.6900981947236448,0.0,-0.7237157464358271,3.929013079667063,3.929013079667063
-130.94901364119875,0.0,-75.60344827586202,-129.7959810294209,24.170566946411846,-91.65339549746359,0.0,0.0,1.0,3.929013079667063,3.929013079667063
-129.7959810294209,24.170566946411846,-61.85956627781614,-128.64294841764305,48.34113389282371,-77.90951349941771,0.0,0.0,1.0,3.929013079667063,3.929013079667063
-128.64294841764305,48.34113389282371,-77.90951349941771,-127.48991580586521,72.51170083923554,-93.95946072101928,0.0,0.0,1.0,3.929013079667063,3.929013079667063
-129.7959810294209,24.170566946411846,-91.65339549746359,-128.64294841764305,48.34113389282371,-77.90951349941771,0.0,0.0,1.0,3.929013079667063,3.929013079667063
-128.64294841764305,48.34113389282371,-77.90951349941771,-127.48991580586521,72.51170083923554,-64.16563150137183,0.0,0.0,1.0,3.929013079667063,3.929013079667063
-127.48991580586521,72.51170083923554,-64.16563150137183,-126.33688319408736,96.68226778564741,-80.2155787229734,0.0,0.0,1.0,3.929013079667063,3.929013079667063
-126.33688319408736,96.68226778564741,-80.2155787229734,-125.18385058230952,120.85283473205928,-96.26552594457499,0.0,0.0,1.0,3.929013079667063,3.929013079667063
-127.48991580586521,72.51170083923554,-93.95946072101928,-126.33688319408736,96.68226778564741,-80.2155787229734,0.0,0.0,1.0,3.929013079667063,3.929013079667063
-126.33688319408736,96.68226778564741,-80.2155787229734,-125.18385058230952,120.85283473205928,-66.47169672492754,0.0,0.0,1.0,3.929013079667063,3.929013079667063
-125.18385058230952,120.85283473205928,-66.47169672492754,-124.03081797053167,145.02340167847112,-82.52164394652911,0.0,0.0,1.0,3.929013079667063,3.929013079667063
-124.03081797053167,145.02340167847112,-82.52164394652911,-122.87778535875383,169.19396862488298,-98.57159116813068,0.0,0.0,1.0,3.929013079667063,3.929013079667063
-125.18385058230952,120.85283473205928,-96.26552594457499,-124.03081797053167,145.02340167847112,-82.52164394652911,0.0,0.0,1.0,3.929013079667063,3.929013079667063
-124.03081797053167,145.02340167847112,-82.52164394652911,-122.87778535875383,169.19396862488298,-68.77776194848323,0.0,0.0,1.0,3.929013079667063,3.929013079667063
-122.87778535875383,169.19396862488296,-68.77776194848323,-121.72475274697598,193.36453557129482,-84.8277091700848,0.0,0.0,1.0,3.929013079667063,3.929013079667063
-121.72475274697598,193.36453557129482,-84.8277091700848,-120.57172013519813,217.5351025177067,-100.87765639168637,0.0,0.0,1.0,3.929013079667063,3.929013079667063
-122.87778535875383,169.19396862488296,-98.57159116813068,-121.72475274697598,193.36453557129482,-84.8277091700848,0.0,0.0,1.0,3.929013079667063,3.929013079667063
-121.72475274697598,193.36453557129482,-84.8277091700848,-120.57172013519813,217.5351025177067,-71.08382717203892,0.0,0.0,1.0,3.929013079667063,3.929013079667063
-120.57172013519813,217.5351025177067,-71.08382717203892,-119.41868752342029,241.70566946411853,-87.1337743936405,0.0,0.0,1.0,3.929013079667063,3.929013079667063
-119.41868752342029,241.70566946411853,-87.1337743936405,-118.26565491164244,265.8762364105304,-103.18372161524206,0.0,0.0,1.0,3.929013079667063,3.929013079667063
-120.57172013519813,217.5351025177067,-100.87765639168637,-119.41868752342029,241.70566946411853,-87.1337743936405,0.0,0.0,1.0,3.929013079667063,3.929013079667063
-119.41868752342029,241.70566946411853,-87.1337743936405,-118.26565491164244,265.8762364105304,-73.38989239559461,0.0,0.0,1.0,3.929013079667063,3.929013079667063
-118.26565491164244,265.8762364105304,-73.38989239559461,-117.1126222998646,290.04680335694223,-89.43983961719618,0.0,0.0,1.0,3.929013079667063,3.929013079667063
-117.1126222998646,290.04680335694223,-89.43983961719618,-115.95958968808675,314.2173703033541,-105.48978683879776,0.0,0.0,1.0,3.929013079667063,3.929013079667063
-118.26565491164244,265.8762364105304,-103.18372161524206,-117.1126222998646,290.04680335694223,-89.43983961719618,0.0,0.0,1.0,3.929013079667063,3.929013079667063
-117.1126222998646,290.04680335694223,-89.43983961719618,-115.95958968808675,314.2173703033541,-75.6959576191503,0.0,0.0,1.0,3.929013079667063,3.929013079667063
-115.95958968808675,314.2173703033541,-75.6959576191503,-114.8065570763089,338.3879372497659,-91.74590484075188,0.0,0.0,1.0,3.929013079667063,3.929013079667063
-114.8065570763089,338.3879372497659,-91.74590484075188,-113.65352446453106,362.55850419617775,-107.79585206235346,0.0,0.0,1.0,3.929013079667063,3.929013079667063
-115.95958968808675,314.2173703033541,-105.48978683879776,-114.8065570763089,338.3879372497659,-91.74590484075188,0.0,0.0,1.0,3.929013079667063,3.929013079667063
-114.8065570763089,338.3879372497659,-91.74590484075188,-113.65352446453106,362.55850419617775,-78.00202284270601,0.0,0.0,1.0,3.929013079667063,3.929013079667063
-113.65352446453105,362.5585041961778,-78.00202284270601,-112.50049185275321,386.72907114258965,-94.05197006430758,0.0,0.0,1.0,3.929013079667063,3.929013079667063
-112.50049185275321,386.72907114258965,-94.05197006430758,-111.34745924097535,410.8996380890015,-110.10191728590915,0.0,0.0,1.0,3.929013079667063,3.929013079667063
-113.65352446453105,362.5585041961778,-107.79585206235346,-112.50049185275321,386.72907114258965,-94.05197006430758,0.0,0.0,1.0,3.929013079667063,3.929013079667063
-112.50049185275321,386.72907114258965,-94.05197006430758,-111.34745924097535,410.8996380890015,-80.3080880662617,0.0,0.0,1.0,3.929013079667063,3.929013079667063
-111.34745924097535,410.8996380890015,-80.3080880662617,-110.19442662919752,435.0702050354134,-96.35803528786327,0.0,0.0,1.0,3.929013079667063,3.929013079667063
-110.19442662919752,435.0702050354134,-96.35803528786327,-109.04139401741966,459.2407719818252,-112.40798250946484,0.0,0.0,1.0,3.929013079667063,3.929013079667063
-111.34745924097535,410.8996380890015,-110.10191728590915,-110.19442662919752,435.0702050354134,-96.35803528786327,0.0,0.0,1.0,3.929013079667063,3.929013079667063
-110.19442662919752,435.0702050354134,-96.35803528786327,-109.04139401741966,459.2407719818252,-82.6141532898174,0.0,0.0,1.0,3.929013079667063,3.929013079667063
-109.04139401741966,459.2407719818252,-82.6141532898174,-107.88836140564183,483.4113389282371,-98.66410051141897,0.0,0.0,1.0,3.929013079667063,3.929013079667063
-107.88836140564183,483.4113389282371,-98.66410051141897,-106.73532879386397,507.5819058746489,-114.71404773302054,0.0,0.0,1.0,3.929013079667063,3.929013079667063
-109.04139401741966,459.2407719818252,-112.40798250946484,-107.88836140564183,483.4113389282371,-98.66410051141897,0.0,0.0,1.0,3.929013079667063,3.929013079667063
-107.88836140564183,483.4113389282371,-98.66410051141897,-106.73532879386397,507.5819058746489,-84.92021851337309,0.0,0.0,1.0,3.929013079667063,3.929013079667063
-106.73532879386397,507.581905874649,-84.92021851337309,-105.58229618208613,531.7524728210608,-100.97016573497467,0.0,0.0,1.0,3.929013079667063,3.929013079667063
-105.58229618208613,531.7524728210608,-100.97016573497467,-104.42926357030828,555.9230397674726,-117.02011295657623,0.0,0.0,1.0,3.929013079667063,3.929013079667063
-106.73532879386397,507.581905874649,-114.71404773302054,-105.58229618208613,531.7524728210608,-100.97016573497467,0.0,0.0,1.0,3.929013079667063,3.929013079667063
-105.58229618208613,531.7524728210608,-100.97016573497467,-104.42926357030828,555.9230397674726,-87.22628373692878,0.0,0.0,1.0,3.929013079667063,3.929013079667063
-104.42926357030828,555.9230397674726,-87.22628373692878,-103.27623095853045,580.0936067138845,-103.27623095853036,0.0,0.0,1.0,3.929013079667063,3.929013079667063
-103.27623095853045,580.0936067138845,-103.27623095853036,-102.12319834675259,604.2641736602964,-119.32617818013193,0.0,0.0,1.0,3.929013079667063,3.929013079667063
-104.42926357030828,555.9230397674726,-117.02011295657623,-103.27623095853045,580.0936067138845,-103.27623095853036,0.0,0.0,1.0,3.929013079667063,3.929013079667063
-103.27623095853045,580.0936067138845,-103.27623095853036,-102.12319834675259,604.2641736602964,-89.53234896048448,0.0,0.0,1.0,3.929013079667063,3.929013079667063
-102.12319834675259,604.2641736602964,-89.53234896048448,-100.97016573497476,628.4347406067081,-105.58229618208605,0.0,0.0,1.0,3.929013079667063,3.929013079667063
-100.97016573497476,628.4347406067081,-105.58229618208605,-99.8171331231969,652.60530755312,-121.63224340368762,0.0,0.0,1.0,3.929013079667063,3.929013079667063
-102.12319834675259,604.2641736602964,-119.32617818013193,-100.97016573497476,628.4347406067081,-105.58229618208605,0.0,0.0,1.0,3.929013079667063,3.929013079667063
-100.97016573497476,628.4347406067081,-105.58229618208605,-99.8171331231969,652.60530755312,-91.83841418404018,0.0,0.0,1.0,3.929013079667063,3.929013079667063
-99.8171331231969,652.60530755312,-91.83841418404018,-98.66410051141906,676.7758744995318,-107.88836140564175,0.0,0.0,1.0,3.929013079667063,3.929013079667063
-98.66410051141906,676.7758744995318,-107.88836140564175,-97.5110678996412,700.9464414459437,-123.93830862724332,0.0,0.0,1.0,3.929013079667063,3.929013079667063
-99.8171331231969,652.60530755312,-121.63224340368762,-98.66410051141906,676.7758744995318,-107.88836140564175,0.0,0.0,1.0,3.929013079667063,3.929013079667063
-98.66410051141906,676.7758744995318,-107.88836140564175,-97.5110678996412,700.9464414459437,-94.14447940759587,0.0,0.0,1.0,3.929013079667063,3.929013079667063
-97.5110678996412,700.9464414459438,-94.14447940759588,-96.35803528786336,725.1170083923556,-110.19442662919744,0.0,0.0,1.0,3.929013079667063,3.929013079667063
-96.35803528786336,725.1170083923556,-110.19442662919744,-95.20500267608551,749.2875753387675,-126.24437385079902,0.0,0.0,1.0,3.929013079667063,3.929013079667063
-97.5110678996412,700.9464414459438,-123.93830862724333,-96.35803528786336,725.1170083923556,-110.19442662919744,0.0,0.0,1.0,3.929013079667063,3.929013079667063
-96.35803528786336,725.1170083923556,-110.19442662919744,-95.20500267608551,749.2875753387675,-96.45054463115157,0.0,0.0,1.0,3.929013079667063,3.929013079667063
-95.20500267608551,749.2875753387675,-96.45054463115157,-94.05197006430767,773.4581422851793,-112.50049185275313,0.0,0.0,1.0,3.929013079667063,3.929013079667063
-94.05197006430767,773.4581422851793,-112.50049185275313,-92.89893745252982,797.6287092315912,-128.5504390743547,0.0,0.0,1.0,3.929013079667063,3.929013079667063
-95.20500267608551,749.2875753387675,-126.24437385079902,-94.05197006430767,773.4581422851793,-112.50049185275313,0.0,0.0,1.0,3.929013079667063,3.929013079667063
-94.05197006430767,773.4581422851793,-112.50049185275313,-92.89893745252982,797.6287092315912,-98.75660985470726,0.0,0.0,1.0,3.929013079667063,3.929013079667063
-92.89893745252982,797.6287092315912,-98.75660985470726,-91.74590484075198,821.799276178003,-114.80655707630883,0.0,0.0,1.0,3.929013079667063,3.929013079667063
-91.74590484075198,821.799276178003,-114.80655707630883,-90.59287222897413,845.9698431244149,-130.8565042979104,0.0,0.0,1.0,3.929013079667063,3.929013079667063
-92.89893745252982,797.6287092315912,-128.5504390743547,-91.74590484075198,821.799276178003,-114.80655707630883,0.0,0.0,1.0,3.929013079667063,3.929013079667063
-91.74590484075198,821.799276178003,-114.80655707630883,-90.59287222897413,845.9698431244149,-101.06267507826296,0.0,0.0,1.0,3.929013079667063,3.929013079667063
-90.59287222897413,845.9698431244149,-101.06267507826296,-89.43983961719628,870.1404100708268,-117.11262229986453,0.0,0.0,1.0,3.929013079667063,3.929013079667063
-89.43983961719628,870.1404100708268,-117.11262229986453,-88.28680700541844,894.3109770172385,-133.16256952146608,0.0,0.0,1.0,3.929013079667063,3.929013079667063
-90.59287222897413,845.9698431244149,-130.8565042979104,-89.43983961719628,870.1404100708268,-117.11262229986453,0.0,0.0,1.0,3.929013079667063,3.929013079667063
-89.43983961719628,870.1404100708268,-117.11262229986453,-88.28680700541844,894.3109770172385,-103.36874030181865,0.0,0.0,1.0,3.929013079667063,3.929013079667063
-88.28680700541844,894.3109770172385,-103.36874030181865,-87.13377439364059,918.4815439636504,-119.41868752342022,0.0,0.0,1.0,3.929013079667063,3.929013079667063
-87.13377439364059,918.4815439636504,-119.41868752342022,-85.98074178186275,942.6521109100622,-135.46863474502177,0.0,0.0,1.0,3.929013079667063,3.929013079667063
-88.28680700541844,894.3109770172385,-133.16256952146608,-87.13377439364059,918.4815439636504,-119.41868752342022,0.0,0.0,1.0,3.929013079667063,3.929013079667063
-87.13377439364059,918.4815439636504,-119.41868752342022,-85.98074178186275,942.6521109100622,-105.67480552537434,0.0,0.0,1.0,3.929013079667063,3.929013079667063
-85.98074178186275,942.6521109100623,-105.67480552537434,-84.82770917008489,966.8226778564742,-121.72475274697592,0.0,0.0,1.0,3.929013079667063,3.929013079667063
-84.82770917008489,966.8226778564742,-121.72475274697592,-83.67467655830706,990.993244802886,-137.77469996857747,0.0,0.0,1.0,3.929013079667063,3.929013079667063
-85.98074178186275,942.6521109100623,-135.46863474502177,-84.82770917008489,966.8226778564742,-121.72475274697592,0.0,0.0,1.0,3.929013079667063,3.929013079667063
-84.82770917008489,966.8226778564742,-121.72475274697592,-83.67467655830706,990.993244802886,-107.98087074893003,0.0,0.0,1.0,3.929013079667063,3.929013079667063
-83.67467655830706,990.993244802886,-107.98087074893003,-82.5216439465292,1015.163811749298,-124.03081797053161,0.0,0.0,1.0,3.929013079667063,3.929013079667063
-82.5216439465292,1015.163811749298,-124.03081797053161,-81.36861133475136,1039.3343786957098,-140.08076519213319,0.0,0.0,1.0,3.929013079667063,3.929013079667063
-83.67467655830706,990.993244802886,-137.77469996857747,-82.5216439465292,1015.163811749298,-124.03081797053161,0.0,0.0,1.0,3.929013079667063,3.929013079667063
-82.5216439465292,1015.163811749298,-124.03081797053161,-81.36861133475136,1039.3343786957098,-110.28693597248574,0.0,0.0,1.0,3.929013079667063,3.929013079667063
-81.36861133475136,1039.3343786957098,-110.28693597248574,-80.2155787229735,1063.5049456421216,-126.3368831940873,0.0,0.0,1.0,3.929013079667063,3.929013079667063
-80.2155787229735,1063.5049456421216,-126.3368831940873,-79.06254611119567,1087.6755125885334,-142.38683041568888,0.0,0.0,1.0,3.929013079667063,3.929013079667063
-81.36861133475136,1039.3343786957098,-140.08076519213319,-80.2155787229735,1063.5049456421216,-126.3368831940873,0.0,0.0,1.0,3.929013079667063,3.929013079667063
-80.2155787229735,1063.5049456421216,-126.3368831940873,-79.06254611119567,1087.6755125885334,-112.59300119604143,0.0,0.0,1.0,3.929013079667063,3.929013079667063
-79.06254611119567,1087.6755125885334,-112.59300119604143,-77.90951349941783,1111.8460795349451,-128.642948417643,0.0,0.0,1.0,3.929013079667063,3.929013079667063
-77.90951349941783,1111.8460795349451,-128.642948417643,-76.75648088763998,1136.0166464813572,-144.69289563924454,0.0,0.0,1.0,3.929013079667063,3.929013079667063
-79.06254611119567,1087.6755125885334,-142.38683041568888,-77.90951349941783,1111.8460795349451,-128.642948417643,0.0,0.0,1.0,3.929013079667063,3.929013079667063
-77.90951349941783,1111.8460795349451,-128.642948417643,-76.75648088763998,1136.0166464813572,-114.8990664195971,0.0,0.0,1.0,3.929013079667063,3.929013079667063
-75.60344827586214,1160.187213427769,-130.9490136411987,-76.75648088763998,1136.0166464813572,-144.69289563924454,0.0,0.0,1.0,3.929013079667063,3.929013079667063
-127.48991580586521,72.51170083923554,-64.16563150137183,-127.1209453700963,80.24628226208736,-59.76758926199716,0.0,0.0,1.0,3.929013079667063,3.929013079667063
-127.48991580586521,72.51170083923554,-93.95946072101928,-127.1209453700963,80.24628226208736,-99.09544383193179,0.0,0.0,1.0,3.929013079667063,3.929013079667063
-125.18385058230952,120.85283473205928,-66.47169672492754,-124.8148801465406,128.5874161549111,-62.07365448555285,0.0,0.0,1.0,3.929013079667063,3.929013079667063
-125.18385058230952,120.85283473205928,-96.26552594457499,-124.8148801465406,128.5874161549111,-101.40150905548748,0.0,0.0,1.0,3.929013079667063,3.929013079667063
-122.87778535875383,169.19396862488298,-68.77776194848323,-122.50881492298491,176.92855004773477,-64.37971970910854,0.0,0.0,1.0,3.929013079667063,3.929013079667063
-122.87778535875383,169.19396862488298,-98.57159116813068,-122.50881492298491,176.92855004773477,-103.70757427904317,0.0,0.0,1.0,3.929013079667063,3.929013079667063
-120.57172013519813,217.5351025177067,-71.08382717203892,-120.20274969942922,225.26968394055845,-66.68578493266425,0.0,0.0,1.0,3.929013079667063,3.929013079667063
-120.57172013519813,217.5351025177067,-100.87765639168637,-120.20274969942922,225.26968394055845,-106.01363950259888,0.0,0.0,1.0,3.929013079667063,3.929013079667063
-118.26565491164244,265.8762364105304,-73.38989239559461,-117.89668447587353,273.61081783338216,-68.99185015621994,0.0,0.0,1.0,3.929013079667063,3.929013079667063
-118.26565491164244,265.8762364105304,-103.18372161524206,-117.89668447587353,273.61081783338216,-108.31970472615457,0.0,0.0,1.0,3.929013079667063,3.929013079667063
-115.95958968808675,314.2173703033541,-75.6959576191503,-115.59061925231784,321.95195172620583,-71.29791537977563,0.0,0.0,1.0,3.929013079667063,3.929013079667063
-115.95958968808675,314.2173703033541,-105.48978683879776,-115.59061925231784,321.95195172620583,-110.62576994971026,0.0,0.0,1.0,3.929013079667063,3.929013079667063
-113.65352446453106,362.55850419617775,-78.00202284270601,-113.28455402876214,370.29308561902957,-73.60398060333132,0.0,0.0,1.0,3.929013079667063,3.929013079667063
-113.65352446453106,362.55850419617775,-107.79585206235346,-113.28455402876214,370.29308561902957,-112.93183517326595,0.0,0.0,1.0,3.929013079667063,3.929013079667063
-111.34745924097535,410.8996380890015,-80.3080880662617,-110.97848880520645,418.63421951185336,-75.91004582688703,0.0,0.0,1.0,3.929013079667063,3.929013079667063
-111.34745924097535,410.8996380890015,-110.10191728590915,-110.97848880520645,418.63421951185336,-115.23790039682166,0.0,0.0,1.0,3.929013079667063,3.929013079667063
-109.04139401741966,459.2407719818252,-82.6141532898174,-108.67242358165076,466.9753534046771,-78.21611105044272,0.0,0.0,1.0,3.929013079667063,3.929013079667063
-109.04139401741966,459.2407719818252,-112.40798250946484,-108.67242358165076,466.9753534046771,-117.54396562037735,0.0,0.0,1.0,3.929013079667063,3.929013079667063
-106.73532879386397,507.5819058746489,-84.92021851337309,-106.36635835809507,515.3164872975008,-80.52217627399841,0.0,0.0,1.0,3.929013079667063,3.929013079667063
-106.73532879386397,507.5819058746489,-114.71404773302054,-106.36635835809507,515.3164872975008,-119.85003084393304,0.0,0.0,1.0,3.929013079667063,3.929013079667063
-104.42926357030828,555.9230397674726,-87.22628373692878,-104.06029313453938,563.6576211903244,-82.8282414975541,0.0,0.0,1.0,3.929013079667063,3.929013079667063
-104.42926357030828,555.9230397674726,-117.02011295657623,-104.06029313453938,563.6576211903244,-122.15609606748873,0.0,0.0,1.0,3.929013079667063,3.929013079667063
-102.12319834675259,604.2641736602964,-89.53234896048448,-101.75422791098369,611.9987550831481,-85.1343067211098,0.0,0.0,1.0,3.929013079667063,3.929013079667063
-102.12319834675259,604.2641736602964,-119.32617818013193,-101.75422791098369,611.9987550831481,-124.46216129104442,0.0,0.0,1.0,3.929013079667063,3.929013079667063
-99.8171331231969,652.60530755312,-91.83841418404018,-99.448162687428,660.3398889759718,-87.44037194466549,0.0,0.0,1.0,3.929013079667063,3.929013079667063
-99.8171331231969,652.60530755312,-121.63224340368762,-99.448162687428,660.3398889759718,-126.76822651460012,0.0,0.0,1.0,3.929013079667063,3.929013079667063
-97.5110678996412,700.9464414459437,-94.14447940759587,-97.1420974638723,708.6810228687955,-89.74643716822118,0.0,0.0,1.0,3.929013079667063,3.929013079667063
-97.5110678996412,700.9464414459437,-123.93830862724332,-97.1420974638723,708.6810228687955,-129.0742917381558,0.0,0.0,1.0,3.929013079667063,3.929013079667063
-95.20500267608551,749.2875753387675,-96.45054463115157,-94.8360322403166,757.0221567616193,-92.05250239177688,0.0,0.0,1.0,3.929013079667063,3.929013079667063
-95.20500267608551,749.2875753387675,-126.24437385079902,-94.8360322403166,757.0221567616193,-131.38035696171153,0.0,0.0,1.0,3.929013079667063,3.929013079667063
-92.89893745252982,797.6287092315912,-98.75660985470726,-92.5299670167609,805.363290654443,-94.35856761533259,0.0,0.0,1.0,3.929013079667063,3.929013079667063
-92.89893745252982,797.6287092315912,-128.5504390743547,-92.5299670167609,805.363290654443,-133.68642218526722,0.0,0.0,1.0,3.929013079667063,3.929013079667063
-90.59287222897413,845.9698431244149,-101.06267507826296,-90.22390179320521,853.7044245472666,-96.66463283888828,0.0,0.0,1.0,3.929013079667063,3.929013079667063
-90.59287222897413,845.9698431244149,-130.8565042979104,-90.22390179320521,853.7044245472666,-135.9924874088229,0.0,0.0,1.0,3.929013079667063,3.929013079667063
-88.28680700541844,894.3109770172385,-103.36874030181865,-87.91783656964952,902.0455584400903,-98.97069806244397,0.0,0.0,1.0,3.929013079667063,3.929013079667063
-88.28680700541844,894.3109770172385,-133.16256952146608,-87.91783656964952,902.0455584400903,-138.2985526323786,0.0,0.0,1.0,3.929013079667063,3.929013079667063
-85.98074178186275,942.6521109100622,-105.67480552537434,-85.61177134609383,950.386692332914,-101.27676328599966,0.0,0.0,1.0,3.929013079667063,3.929013079667063
-85.98074178186275,942.6521109100622,-135.46863474502177,-85.61177134609383,950.386692332914,-140.6046178559343,0.0,0.0,1.0,3.929013079667063,3.929013079667063
-83.67467655830706,990.993244802886,-107.98087074893003,-83.30570612253814,998.7278262257378,-103.58282850955536,0.0,0.0,1.0,3.929013079667063,3.929013079667063
-83.67467655830706,990.993244802886,-137.77469996857747,-83.30570612253814,998.7278262257378,-142.91068307948998,0.0,0.0,1.0,3.929013079667063,3.929013079667063
-81.36861133475136,1039.3343786957098,-110.28693597248574,-80.99964089898245,1047.0689601185616,-105.88889373311105,0.0,0.0,1.0,3.929013079667063,3.929013079667063
-81.36861133475136,1039.3343786957098,-140.08076519213319,-80.99964089898245,1047.0689601185616,-145.21674830304568,0.0,0.0,1.0,3.929013079667063,3.929013079667063
-79.06254611119567,1087.6755125885334,-112.59300119604143,-78.69357567542676,1095.4100940113851,-108.19495895666674,0.0,0.0,1.0,3.929013079667063,3.929013079667063
-79.06254611119567,1087.6755125885334,-142.38683041568888,-78.69357567542676,1095.4100940113851,-147.52281352660137,0.0,0.0,1.0,3.929013079667063,3.929013079667063
-76.75648088763998,1136.0166464813572,-114.8990664195971,-76.38751045187107,1143.751227904209,-110.50102418022243,0.0,0.0,1.0,3.929013079667063,3.929013079667063
-76.75648088763998,1136.0166464813572,-144.69289563924454,-76.38751045187107,1143.751227904209,-149.82887875015706,0.0,0.0,1.0,3.929013079667063,3.929013079667063
-75.60344827586214,1160.187213427769,-130.9490136411987,-76.75648088763998,1136.0166464813572,-114.8990664195971,0.0,0.0,1.0,3.929013079667063,3.929013079667063
-3.382558917644931e-14,0.0,-184.13793103448276,159.468126076169,0.0,-92.06896551724147,0.0,0.0,1.0,3.929013079667063,3.929013079667063
-3.382558917644931e-14,0.0,-184.13793103448276,-3.987492207223753e-14,0.0,-217.0689655172414,0.0,0.0,1.0,3.929013079667063,3.929013079667063
-3.382558917644931e-14,0.0,-184.13793103448276,-2.7776256280661086e-14,0.0,-151.20689655172413,0.0,0.0,1.0,3.929013079667063,3.929013079667063
-3.987492207223753e-14,0.0,-217.0689655172414,187.9872385111393,0.0,-108.5344827586208,0.0,0.0,1.0,3.929013079667063,3.929013079667063
-2.7776256280661086e-14,0.0,-151.20689655172413,130.9490136411987,0.0,-75.60344827586214,0.0,0.0,1.0,3.929013079667063,3.929013079667063
-92.06896551724147,1160.187213427769,-159.468126076169,92.06896551724125,1160.187213427769,-159.4681260761691,0.0,0.0,1.0,3.929013079667063,3.929013079667063
-92.06896551724147,1160.187213427769,-159.468126076169,-108.5344827586208,1160.187213427769,-187.9872385111393,0.0,0.0,1.0,3.929013079667063,3.929013079667063
-92.06896551724147,1160.187213427769,-159.468126076169,-75.60344827586214,1160.187213427769,-130.9490136411987,0.0,0.0,1.0,3.929013079667063,3.929013079667063
-108.5344827586208,1160.187213427769,-187.9872385111393,108.53448275862056,1160.187213427769,-187.98723851113945,0.0,0.0,1.0,3.929013079667063,3.929013079667063
-75.60344827586214,1160.187213427769,-130.9490136411987,75.60344827586196,1160.187213427769,-130.9490136411988,0.0,0.0,1.0,3.929013079667063,3.929013079667063
-3.987492207223753e-14,0.0,-217.0689655172414,-9.66210161475146,24.170566946411853,-203.6442461022869,0.0,0.0,1.0,3.929013079667063,3.929013079667063
-19.195558547067243,30.623241954086808,-225.62856256594927,-17.105333868005214,43.349478634881166,-212.18551457141183,-0.69347657033171,0.0,-0.7204791783257647,3.929013079667063,3.929013079667063
-17.105333868005214,43.349478634881166,-212.18551457141183,-15.015109188943182,56.075715315675495,-198.74246657687436,-0.69347657033171,0.0,-0.7204791783257647,3.929013079667063,3.929013079667063
-12.753974131471915,31.905148369263642,-199.34833588950147,-17.105333868005214,43.349478634881166,-212.18551457141183,-0.69347657033171,0.0,-0.7204791783257647,3.929013079667063,3.929013079667063
-17.105333868005214,43.349478634881166,-212.18551457141183,-21.456693604538508,54.79380890049866,-225.02269325332216,-0.69347657033171,0.0,-0.7204791783257647,3.929013079667063,3.929013079667063
-21.456693604538508,54.79380890049866,-225.02269325332216,-19.36646892547648,67.52004558129302,-211.5796452587847,-0.69347657033171,0.0,-0.7204791783257647,3.929013079667063,3.929013079667063
-19.36646892547648,67.52004558129302,-211.5796452587847,-17.27624424641445,80.24628226208736,-198.13659726424723,-0.69347657033171,0.0,-0.7204791783257647,3.929013079667063,3.929013079667063
-15.015109188943182,56.075715315675495,-198.74246657687436,-19.36646892547648,67.52004558129302,-211.5796452587847,-0.69347657033171,0.0,-0.7204791783257647,3.929013079667063,3.929013079667063
-19.36646892547648,67.52004558129302,-211.5796452587847,-23.717828662009772,78.96437584691053,-224.41682394069502,-0.69347657033171,0.0,-0.7204791783257647,3.929013079667063,3.929013079667063
-23.717828662009772,78.96437584691053,-224.41682394069502,-21.627603982947743,91.69061252770487,-210.97377594615756,-0.69347657033171,0.0,-0.7204791783257647,3.929013079667063,3.929013079667063
-21.627603982947743,91.69061252770487,-210.97377594615756,-19.537379303885714,104.4168492084992,-197.5307279516201,-0.69347657033171,0.0,-0.7204791783257647,3.929013079667063,3.929013079667063
-17.27624424641445,80.24628226208736,-198.13659726424723,-21.627603982947743,91.69061252770487,-210.97377594615756,-0.69347657033171,0.0,-0.7204791783257647,3.929013079667063,3.929013079667063
-21.627603982947743,91.69061252770487,-210.97377594615756,-25.978963719481037,103.13494279332238,-223.8109546280679,-0.69347657033171,0.0,-0.7204791783257647,3.929013079667063,3.929013079667063
-25.978963719481037,103.13494279332238,-223.8109546280679,-23.88873904041901,115.86117947411674,-210.36790663353042,-0.69347657033171,0.0,-0.7204791783257647,3.929013079667063,3.929013079667063
-23.88873904041901,115.86117947411674,-210.36790663353042,-21.79851436135698,128.58741615491107,-196.924858638993,-0.69347657033171,0.0,-0.7204791783257647,3.929013079667063,3.929013079667063
-19.537379303885714,104.4168492084992,-197.5307279516201,-23.88873904041901,115.86117947411674,-210.36790663353042,-0.69347657033171,0.0,-0.7204791783257647,3.929013079667063,3.929013079667063
-23.88873904041901,115.86117947411674,-210.36790663353042,-28.24009877695231,127.30550973973425,-223.20508531544078,-0.69347657033171,0.0,-0.7204791783257647,3.929013079667063,3.929013079667063
-28.24009877695231,127.30550973973425,-223.20508531544078,-26.149874097890276,140.03174642052858,-209.76203732090332,-0.69347657033171,0.0,-0.7204791783257647,3.929013079667063,3.929013079667063
-26.149874097890276,140.03174642052858,-209.76203732090332,-24.059649418828247,152.75798310132294,-196.31898932636585,-0.69347657033171,0.0,-0.7204791783257647,3.929013079667063,3.929013079667063
-21.79851436135698,128.58741615491107,-196.924858638993,-26.149874097890276,140.03174642052858,-209.76203732090332,-0.69347657033171,0.0,-0.7204791783257647,3.929013079667063,3.929013079667063
-26.149874097890276,140.03174642052858,-209.76203732090332,-30.501233834423573,151.47607668614611,-222.59921600281365,-0.69347657033171,0.0,-0.7204791783257647,3.929013079667063,3.929013079667063
-30.50123383442357,151.4760766861461,-222.59921600281365,-28.41100915536154,164.20231336694044,-209.15616800827618,-0.69347657033171,0.0,-0.7204791783257647,3.929013079667063,3.929013079667063
-28.41100915536154,164.20231336694044,-209.15616800827618,-26.32078447629951,176.92855004773477,-195.71312001373872,-0.69347657033171,0.0,-0.7204791783257647,3.929013079667063,3.929013079667063
-24.059649418828243,152.7579831013229,-196.31898932636585,-28.41100915536154,164.20231336694044,-209.15616800827618,-0.69347657033171,0.0,-0.7204791783257647,3.929013079667063,3.929013079667063
-28.41100915536154,164.20231336694044,-209.15616800827618,-32.76236889189484,175.64664363255795,-221.9933466901865,-0.69347657033171,0.0,-0.7204791783257647,3.929013079667063,3.929013079667063
-32.76236889189484,175.64664363255795,-221.9933466901865,-30.67214421283281,188.3728803133523,-208.55029869564905,-0.69347657033171,0.0,-0.7204791783257647,3.929013079667063,3.929013079667063
-30.67214421283281,188.3728803133523,-208.55029869564905,-28.58191953377078,201.09911699414664,-195.10725070111158,-0.69347657033171,0.0,-0.7204791783257647,3.929013079667063,3.929013079667063
-26.32078447629951,176.92855004773477,-195.71312001373872,-30.67214421283281,188.3728803133523,-208.55029869564905,-0.69347657033171,0.0,-0.7204791783257647,3.929013079667063,3.929013079667063
-30.67214421283281,188.3728803133523,-208.55029869564905,-35.0235039493661,199.81721057896982,-221.38747737755938,-0.69347657033171,0.0,-0.7204791783257647,3.929013079667063,3.929013079667063
-35.0235039493661,199.8172105789698,-221.38747737755938,-32.93327927030407,212.54344725976412,-207.94442938302194,-0.69347657033171,0.0,-0.7204791783257647,3.929013079667063,3.929013079667063
-32.93327927030407,212.54344725976412,-207.94442938302194,-30.843054591242044,225.2696839405585,-194.50138138848448,-0.69347657033171,0.0,-0.7204791783257647,3.929013079667063,3.929013079667063
-28.581919533770776,201.0991169941466,-195.10725070111158,-32.93327927030407,212.54344725976412,-207.94442938302194,-0.69347657033171,0.0,-0.7204791783257647,3.929013079667063,3.929013079667063
-32.93327927030407,212.54344725976412,-207.94442938302194,-37.28463900683737,223.9877775253817,-220.78160806493227,-0.69347657033171,0.0,-0.7204791783257647,3.929013079667063,3.929013079667063
-37.28463900683737,223.9877775253817,-220.78160806493227,-35.19441432777534,236.71401420617596,-207.3385600703948,-0.69347657033171,0.0,-0.7204791783257647,3.929013079667063,3.929013079667063
-35.19441432777534,236.71401420617596,-207.3385600703948,-33.104189648713316,249.4402508869704,-193.89551207585734,-0.69347657033171,0.0,-0.7204791783257647,3.929013079667063,3.929013079667063
-30.843054591242044,225.2696839405585,-194.50138138848448,-35.19441432777534,236.71401420617596,-207.3385600703948,-0.69347657033171,0.0,-0.7204791783257647,3.929013079667063,3.929013079667063
-35.19441432777534,236.71401420617596,-207.3385600703948,-39.54577406430864,248.15834447179358,-220.17573875230514,-0.69347657033171,0.0,-0.7204791783257647,3.929013079667063,3.929013079667063
-39.54577406430864,248.15834447179358,-220.17573875230514,-37.45554938524661,260.8845811525879,-206.73269075776767,-0.69347657033171,0.0,-0.7204791783257647,3.929013079667063,3.929013079667063
-37.45554938524661,260.8845811525879,-206.73269075776767,-35.36532470618458,273.61081783338227,-193.2896427632302,-0.69347657033171,0.0,-0.7204791783257647,3.929013079667063,3.929013079667063
-33.104189648713316,249.4402508869704,-193.89551207585734,-37.45554938524661,260.8845811525879,-206.73269075776767,-0.69347657033171,0.0,-0.7204791783257647,3.929013079667063,3.929013079667063
-37.45554938524661,260.8845811525879,-206.73269075776767,-41.80690912177991,272.3289114182055,-219.569869439678,-0.69347657033171,0.0,-0.7204791783257647,3.929013079667063,3.929013079667063
-41.806909121779896,272.3289114182054,-219.569869439678,-39.71668444271788,285.05514809899967,-206.12682144514054,-0.69347657033171,0.0,-0.7204791783257647,3.929013079667063,3.929013079667063
-39.71668444271788,285.05514809899967,-206.12682144514054,-37.626459763655845,297.78138477979405,-192.6837734506031,-0.69347657033171,0.0,-0.7204791783257647,3.929013079667063,3.929013079667063
-35.365324706184566,273.61081783338216,-193.2896427632302,-39.71668444271788,285.05514809899967,-206.12682144514054,-0.69347657033171,0.0,-0.7204791783257647,3.929013079667063,3.929013079667063
-39.71668444271788,285.05514809899967,-206.12682144514054,-44.068044179251174,296.4994783646173,-218.9640001270509,-0.69347657033171,0.0,-0.7204791783257647,3.929013079667063,3.929013079667063
-44.068044179251174,296.4994783646173,-218.9640001270509,-41.97781950018914,309.2257150454117,-205.52095213251343,-0.69347657033171,0.0,-0.7204791783257647,3.929013079667063,3.929013079667063
-41.97781950018914,309.2257150454117,-205.52095213251343,-39.88759482112711,321.95195172620583,-192.07790413797596,-0.69347657033171,0.0,-0.7204791783257647,3.929013079667063,3.929013079667063
-37.626459763655845,297.78138477979405,-192.6837734506031,-41.97781950018914,309.2257150454117,-205.52095213251343,-0.69347657033171,0.0,-0.7204791783257647,3.929013079667063,3.929013079667063
-41.97781950018914,309.2257150454117,-205.52095213251343,-46.32917923672243,320.67004531102907,-218.35813081442376,-0.69347657033171,0.0,-0.7204791783257647,3.929013079667063,3.929013079667063
-46.32917923672244,320.6700453110292,-218.35813081442376,-44.238954557660406,333.39628199182346,-204.9150828198863,-0.69347657033171,0.0,-0.7204791783257647,3.929013079667063,3.929013079667063
-44.238954557660406,333.39628199182346,-204.9150828198863,-42.14872987859838,346.12251867261784,-191.47203482534883,-0.69347657033171,0.0,-0.7204791783257647,3.929013079667063,3.929013079667063
-39.88759482112712,321.95195172620595,-192.07790413797596,-44.238954557660406,333.39628199182346,-204.9150828198863,-0.69347657033171,0.0,-0.7204791783257647,3.929013079667063,3.929013079667063
-44.238954557660406,333.39628199182346,-204.9150828198863,-48.5903142941937,344.8406122574411,-217.75226150179662,-0.69347657033171,0.0,-0.7204791783257647,3.929013079667063,3.929013079667063
-48.5903142941937,344.8406122574411,-217.75226150179662,-46.500089615131685,357.56684893823535,-204.30921350725916,-0.69347657033171,0.0,-0.7204791783257647,3.929013079667063,3.929013079667063
-46.500089615131685,357.56684893823535,-204.30921350725916,-44.409864936069646,370.2930856190296,-190.86616551272172,-0.69347657033171,0.0,-0.7204791783257647,3.929013079667063,3.929013079667063
-42.14872987859838,346.12251867261784,-191.47203482534883,-46.500089615131685,357.56684893823535,-204.30921350725916,-0.69347657033171,0.0,-0.7204791783257647,3.929013079667063,3.929013079667063
-46.500089615131685,357.56684893823535,-204.30921350725916,-50.85144935166497,369.01117920385286,-217.14639218916952,-0.69347657033171,0.0,-0.7204791783257647,3.929013079667063,3.929013079667063
-50.85144935166497,369.01117920385286,-217.14639218916952,-48.76122467260294,381.73741588464713,-203.70334419463205,-0.69347657033171,0.0,-0.7204791783257647,3.929013079667063,3.929013079667063
-48.76122467260294,381.73741588464713,-203.70334419463205,-46.6709999935409,394.4636525654414,-190.2602962000946,-0.69347657033171,0.0,-0.7204791783257647,3.929013079667063,3.929013079667063
-44.409864936069646,370.2930856190296,-190.86616551272172,-48.76122467260294,381.73741588464713,-203.70334419463205,-0.69347657033171,0.0,-0.7204791783257647,3.929013079667063,3.929013079667063
-48.76122467260294,381.73741588464713,-203.70334419463205,-53.11258440913623,393.18174615026464,-216.54052287654238,-0.69347657033171,0.0,-0.7204791783257647,3.929013079667063,3.929013079667063
-53.11258440913625,393.18174615026476,-216.54052287654238,-51.02235973007421,405.90798283105903,-203.09747488200492,-0.69347657033171,0.0,-0.7204791783257647,3.929013079667063,3.929013079667063
-51.02235973007421,405.90798283105903,-203.09747488200492,-48.932135051012175,418.6342195118533,-189.65442688746745,-0.69347657033171,0.0,-0.7204791783257647,3.929013079667063,3.929013079667063
-46.67099999354092,394.4636525654415,-190.2602962000946,-51.02235973007421,405.90798283105903,-203.09747488200492,-0.69347657033171,0.0,-0.7204791783257647,3.929013079667063,3.929013079667063
-51.02235973007421,405.90798283105903,-203.09747488200492,-55.3737194666075,417.35231309667654,-215.93465356391525,-0.69347657033171,0.0,-0.7204791783257647,3.929013079667063,3.929013079667063
-55.3737194666075,417.35231309667654,-215.93465356391525,-53.28349478754548,430.0785497774709,-202.49160556937778,-0.69347657033171,0.0,-0.7204791783257647,3.929013079667063,3.929013079667063
-53.28349478754548,430.0785497774709,-202.49160556937778,-51.19327010848344,442.8047864582652,-189.04855757484032,-0.69347657033171,0.0,-0.7204791783257647,3.929013079667063,3.929013079667063
-48.932135051012175,418.6342195118533,-189.65442688746745,-53.28349478754548,430.0785497774709,-202.49160556937778,-0.69347657033171,0.0,-0.7204791783257647,3.929013079667063,3.929013079667063
-53.28349478754548,430.0785497774709,-202.49160556937778,-57.63485452407876,441.52288004308843,-215.3287842512881,-0.69347657033171,0.0,-0.7204791783257647,3.929013079667063,3.929013079667063
-57.634854524078776,441.52288004308855,-215.3287842512881,-55.544629845016736,454.2491167238827,-201.88573625675068,-0.69347657033171,0.0,-0.7204791783257647,3.929013079667063,3.929013079667063
-55.544629845016736,454.2491167238827,-201.88573625675068,-53.45440516595471,466.9753534046771,-188.4426882622132,-0.69347657033171,0.0,-0.7204791783257647,3.929013079667063,3.929013079667063
-51.193270108483446,442.8047864582653,-189.04855757484032,-55.544629845016736,454.2491167238827,-201.88573625675068,-0.69347657033171,0.0,-0.7204791783257647,3.929013079667063,3.929013079667063
-55.544629845016736,454.2491167238827,-201.88573625675068,-59.89598958155004,465.6934469895002,-214.722914938661,-0.69347657033171,0.0,-0.7204791783257647,3.929013079667063,3.929013079667063
-59.89598958155004,465.6934469895002,-214.722914938661,-57.805764902488015,478.4196836702946,-201.27986694412354,-0.69347657033171,0.0,-0.7204791783257647,3.929013079667063,3.929013079667063
-57.805764902488015,478.4196836702946,-201.27986694412354,-55.715540223425975,491.1459203510889,-187.83681894958607,-0.69347657033171,0.0,-0.7204791783257647,3.929013079667063,3.929013079667063
-53.45440516595471,466.9753534046771,-188.4426882622132,-57.805764902488015,478.4196836702946,-201.27986694412354,-0.69347657033171,0.0,-0.7204791783257647,3.929013079667063,3.929013079667063
-57.805764902488015,478.4196836702946,-201.27986694412354,-62.157124639021305,489.864013935912,-214.11704562603387,-0.69347657033171,0.0,-0.7204791783257647,3.929013079667063,3.929013079667063
-62.157124639021305,489.864013935912,-214.11704562603387,-60.06689995995927,502.5902506167065,-200.6739976314964,-0.69347657033171,0.0,-0.7204791783257647,3.929013079667063,3.929013079667063
-60.06689995995927,502.5902506167065,-200.6739976314964,-57.97667528089723,515.3164872975008,-187.23094963695894,-0.69347657033171,0.0,-0.7204791783257647,3.929013079667063,3.929013079667063
-55.715540223425975,491.1459203510889,-187.83681894958607,-60.06689995995927,502.5902506167065,-200.6739976314964,-0.69347657033171,0.0,-0.7204791783257647,3.929013079667063,3.929013079667063
-60.06689995995927,502.5902506167065,-200.6739976314964,-64.41825969649256,514.0345808823239,-213.51117631340674,-0.69347657033171,0.0,-0.7204791783257647,3.929013079667063,3.929013079667063
-64.41825969649257,514.034580882324,-213.51117631340674,-62.32803501743054,526.7608175631183,-200.06812831886927,-0.69347657033171,0.0,-0.7204791783257647,3.929013079667063,3.929013079667063
-62.32803501743054,526.7608175631183,-200.06812831886927,-60.237810338368504,539.4870542439127,-186.62508032433183,-0.69347657033171,0.0,-0.7204791783257647,3.929013079667063,3.929013079667063
-57.97667528089725,515.3164872975009,-187.23094963695894,-62.32803501743054,526.7608175631183,-200.06812831886927,-0.69347657033171,0.0,-0.7204791783257647,3.929013079667063,3.929013079667063
-62.32803501743054,526.7608175631183,-200.06812831886927,-66.67939475396383,538.2051478287358,-212.90530700077963,-0.69347657033171,0.0,-0.7204791783257647,3.929013079667063,3.929013079667063
-66.67939475396383,538.2051478287358,-212.90530700077963,-64.5891700749018,550.9313845095302,-199.46225900624216,-0.69347657033171,0.0,-0.7204791783257647,3.929013079667063,3.929013079667063
-64.5891700749018,550.9313845095302,-199.46225900624216,-62.49894539583977,563.6576211903244,-186.0192110117047,-0.69347657033171,0.0,-0.7204791783257647,3.929013079667063,3.929013079667063
-60.237810338368504,539.4870542439127,-186.62508032433183,-64.5891700749018,550.9313845095302,-199.46225900624216,-0.69347657033171,0.0,-0.7204791783257647,3.929013079667063,3.929013079667063
-64.5891700749018,550.9313845095302,-199.46225900624216,-68.9405298114351,562.3757147751476,-212.2994376881525,-0.69347657033171,0.0,-0.7204791783257647,3.929013079667063,3.929013079667063
-68.9405298114351,562.3757147751476,-212.2994376881525,-66.85030513237307,575.1019514559421,-198.85638969361503,-0.69347657033171,0.0,-0.7204791783257647,3.929013079667063,3.929013079667063
-66.85030513237307,575.1019514559421,-198.85638969361503,-64.76008045331105,587.8281881367363,-185.41334169907756,-0.69347657033171,0.0,-0.7204791783257647,3.929013079667063,3.929013079667063
-62.49894539583977,563.6576211903244,-186.0192110117047,-66.85030513237307,575.1019514559421,-198.85638969361503,-0.69347657033171,0.0,-0.7204791783257647,3.929013079667063,3.929013079667063
-66.85030513237307,575.1019514559421,-198.85638969361503,-71.20166486890636,586.5462817215595,-211.69356837552536,-0.69347657033171,0.0,-0.7204791783257647,3.929013079667063,3.929013079667063
-71.20166486890636,586.5462817215594,-211.69356837552536,-69.11144018984433,599.2725184023539,-198.2505203809879,-0.69347657033171,0.0,-0.7204791783257647,3.929013079667063,3.929013079667063
-69.11144018984433,599.2725184023539,-198.2505203809879,-67.0212155107823,611.9987550831482,-184.80747238645043,-0.69347657033171,0.0,-0.7204791783257647,3.929013079667063,3.929013079667063
-64.76008045331103,587.8281881367362,-185.41334169907756,-69.11144018984433,599.2725184023539,-198.2505203809879,-0.69347657033171,0.0,-0.7204791783257647,3.929013079667063,3.929013079667063
-69.11144018984433,599.2725184023539,-198.2505203809879,-73.46279992637763,610.7168486679714,-211.08769906289822,-0.69347657033171,0.0,-0.7204791783257647,3.929013079667063,3.929013079667063
-73.46279992637763,610.7168486679714,-211.08769906289822,-71.37257524731561,623.4430853487657,-197.6446510683608,-0.69347657033171,0.0,-0.7204791783257647,3.929013079667063,3.929013079667063
-71.37257524731561,623.4430853487657,-197.6446510683608,-69.28235056825358,636.1693220295601,-184.20160307382332,-0.69347657033171,0.0,-0.7204791783257647,3.929013079667063,3.929013079667063
-67.0212155107823,611.9987550831482,-184.80747238645043,-71.37257524731561,623.4430853487657,-197.6446510683608,-0.69347657033171,0.0,-0.7204791783257647,3.929013079667063,3.929013079667063
-71.37257524731561,623.4430853487657,-197.6446510683608,-75.7239349838489,634.8874156143833,-210.48182975027112,-0.69347657033171,0.0,-0.7204791783257647,3.929013079667063,3.929013079667063
-75.72393498384889,634.8874156143831,-210.48182975027112,-73.63371030478686,647.6136522951775,-197.03878175573365,-0.69347657033171,0.0,-0.7204791783257647,3.929013079667063,3.929013079667063
-73.63371030478686,647.6136522951775,-197.03878175573365,-71.54348562572483,660.3398889759719,-183.5957337611962,-0.69347657033171,0.0,-0.7204791783257647,3.929013079667063,3.929013079667063
-69.28235056825356,636.16932202956,-184.20160307382332,-73.63371030478686,647.6136522951775,-197.03878175573365,-0.69347657033171,0.0,-0.7204791783257647,3.929013079667063,3.929013079667063
-73.63371030478686,647.6136522951775,-197.03878175573365,-77.98507004132016,659.057982560795,-209.87596043764398,-0.69347657033171,0.0,-0.7204791783257647,3.929013079667063,3.929013079667063
-77.98507004132016,659.057982560795,-209.87596043764398,-75.89484536225814,671.7842192415895,-196.43291244310652,-0.69347657033171,0.0,-0.7204791783257647,3.929013079667063,3.929013079667063
-75.89484536225814,671.7842192415895,-196.43291244310652,-73.8046206831961,684.5104559223838,-182.98986444856905,-0.69347657033171,0.0,-0.7204791783257647,3.929013079667063,3.929013079667063
-71.54348562572483,660.3398889759719,-183.5957337611962,-75.89484536225814,671.7842192415895,-196.43291244310652,-0.69347657033171,0.0,-0.7204791783257647,3.929013079667063,3.929013079667063
-75.89484536225814,671.7842192415895,-196.43291244310652,-80.24620509879144,683.2285495072069,-209.27009112501685,-0.69347657033171,0.0,-0.7204791783257647,3.929013079667063,3.929013079667063
-80.24620509879142,683.2285495072068,-209.27009112501685,-78.15598041972939,695.9547861880013,-195.82704313047938,-0.69347657033171,0.0,-0.7204791783257647,3.929013079667063,3.929013079667063
-78.15598041972939,695.9547861880013,-195.82704313047938,-76.06575574066737,708.6810228687957,-182.38399513594194,-0.69347657033171,0.0,-0.7204791783257647,3.929013079667063,3.929013079667063
-73.80462068319609,684.5104559223837,-182.98986444856905,-78.15598041972939,695.9547861880013,-195.82704313047938,-0.69347657033171,0.0,-0.7204791783257647,3.929013079667063,3.929013079667063
-78.15598041972939,695.9547861880013,-195.82704313047938,-82.5073401562627,707.3991164536188,-208.66422181238974,-0.69347657033171,0.0,-0.7204791783257647,3.929013079667063,3.929013079667063
-82.50734015626269,707.3991164536187,-208.66422181238974,-80.41711547720067,720.1253531344131,-195.22117381785228,-0.69347657033171,0.0,-0.7204791783257647,3.929013079667063,3.929013079667063
-80.41711547720067,720.1253531344131,-195.22117381785228,-78.32689079813863,732.8515898152075,-181.7781258233148,-0.69347657033171,0.0,-0.7204791783257647,3.929013079667063,3.929013079667063
-76.06575574066736,708.6810228687956,-182.38399513594194,-80.41711547720067,720.1253531344131,-195.22117381785228,-0.69347657033171,0.0,-0.7204791783257647,3.929013079667063,3.929013079667063
-80.41711547720067,720.1253531344131,-195.22117381785228,-84.76847521373396,731.5696834000306,-208.0583524997626,-0.69347657033171,0.0,-0.7204791783257647,3.929013079667063,3.929013079667063
-84.76847521373396,731.5696834000306,-208.0583524997626,-82.67825053467195,744.295920080825,-194.61530450522514,-0.69347657033171,0.0,-0.7204791783257647,3.929013079667063,3.929013079667063
-82.67825053467195,744.295920080825,-194.61530450522514,-80.5880258556099,757.0221567616194,-181.17225651068767,-0.69347657033171,0.0,-0.7204791783257647,3.929013079667063,3.929013079667063
-78.32689079813863,732.8515898152075,-181.7781258233148,-82.67825053467195,744.295920080825,-194.61530450522514,-0.69347657033171,0.0,-0.7204791783257647,3.929013079667063,3.929013079667063
-82.67825053467195,744.295920080825,-194.61530450522514,-87.02961027120523,755.7402503464425,-207.45248318713547,-0.69347657033171,0.0,-0.7204791783257647,3.929013079667063,3.929013079667063
-87.02961027120523,755.7402503464424,-207.45248318713547,-84.9393855921432,768.4664870272369,-194.009435192598,-0.69347657033171,0.0,-0.7204791783257647,3.929013079667063,3.929013079667063
-84.9393855921432,768.4664870272369,-194.009435192598,-82.84916091308116,781.1927237080312,-180.56638719806054,-0.69347657033171,0.0,-0.7204791783257647,3.929013079667063,3.929013079667063
-80.5880258556099,757.0221567616193,-181.17225651068767,-84.9393855921432,768.4664870272369,-194.009435192598,-0.69347657033171,0.0,-0.7204791783257647,3.929013079667063,3.929013079667063
-84.9393855921432,768.4664870272369,-194.009435192598,-89.2907453286765,779.9108172928543,-206.84661387450834,-0.69347657033171,0.0,-0.7204791783257647,3.929013079667063,3.929013079667063
-89.2907453286765,779.9108172928543,-206.84661387450834,-87.20052064961448,792.6370539736488,-193.4035658799709,-0.69347657033171,0.0,-0.7204791783257647,3.929013079667063,3.929013079667063
-87.20052064961448,792.6370539736488,-193.4035658799709,-85.11029597055244,805.3632906544432,-179.96051788543343,-0.69347657033171,0.0,-0.7204791783257647,3.929013079667063,3.929013079667063
-82.84916091308116,781.1927237080312,-180.56638719806054,-87.20052064961448,792.6370539736488,-193.4035658799709,-0.69347657033171,0.0,-0.7204791783257647,3.929013079667063,3.929013079667063
-87.20052064961448,792.6370539736488,-193.4035658799709,-91.55188038614777,804.0813842392663,-206.24074456188123,-0.69347657033171,0.0,-0.7204791783257647,3.929013079667063,3.929013079667063
-91.55188038614776,804.0813842392662,-206.24074456188123,-89.46165570708573,816.8076209200606,-192.79769656734376,-0.69347657033171,0.0,-0.7204791783257647,3.929013079667063,3.929013079667063
-89.46165570708573,816.8076209200606,-192.79769656734376,-87.37143102802371,829.533857600855,-179.3546485728063,-0.69347657033171,0.0,-0.7204791783257647,3.929013079667063,3.929013079667063
-85.11029597055243,805.3632906544431,-179.96051788543343,-89.46165570708573,816.8076209200606,-192.79769656734376,-0.69347657033171,0.0,-0.7204791783257647,3.929013079667063,3.929013079667063
-89.46165570708573,816.8076209200606,-192.79769656734376,-93.81301544361904,828.2519511856781,-205.6348752492541,-0.69347657033171,0.0,-0.7204791783257647,3.929013079667063,3.929013079667063
-93.81301544361902,828.251951185678,-205.6348752492541,-91.722790764557,840.9781878664724,-192.19182725471663,-0.69347657033171,0.0,-0.7204791783257647,3.929013079667063,3.929013079667063
-91.722790764557,840.9781878664724,-192.19182725471663,-89.63256608549496,853.7044245472667,-178.74877926017916,-0.69347657033171,0.0,-0.7204791783257647,3.929013079667063,3.929013079667063
-87.3714310280237,829.5338576008548,-179.3546485728063,-91.722790764557,840.9781878664724,-192.19182725471663,-0.69347657033171,0.0,-0.7204791783257647,3.929013079667063,3.929013079667063
-91.722790764557,840.9781878664724,-192.19182725471663,-96.07415050109029,852.4225181320899,-205.02900593662696,-0.69347657033171,0.0,-0.7204791783257647,3.929013079667063,3.929013079667063
-96.07415050109029,852.4225181320899,-205.02900593662696,-93.98392582202825,865.1487548128844,-191.5859579420895,-0.69347657033171,0.0,-0.7204791783257647,3.929013079667063,3.929013079667063
-93.98392582202825,865.1487548128844,-191.5859579420895,-91.89370114296624,877.8749914936786,-178.14290994755206,-0.69347657033171,0.0,-0.7204791783257647,3.929013079667063,3.929013079667063
-89.63256608549496,853.7044245472667,-178.74877926017916,-93.98392582202825,865.1487548128844,-191.5859579420895,-0.69347657033171,0.0,-0.7204791783257647,3.929013079667063,3.929013079667063
-93.98392582202825,865.1487548128844,-191.5859579420895,-98.33528555856157,876.5930850785018,-204.42313662399985,-0.69347657033171,0.0,-0.7204791783257647,3.929013079667063,3.929013079667063
-98.33528555856155,876.5930850785016,-204.42313662399985,-96.24506087949953,889.3193217592961,-190.9800886294624,-0.69347657033171,0.0,-0.7204791783257647,3.929013079667063,3.929013079667063
-96.24506087949953,889.3193217592961,-190.9800886294624,-94.1548362004375,902.0455584400905,-177.53704063492492,-0.69347657033171,0.0,-0.7204791783257647,3.929013079667063,3.929013079667063
-91.89370114296622,877.8749914936785,-178.14290994755206,-96.24506087949953,889.3193217592961,-190.9800886294624,-0.69347657033171,0.0,-0.7204791783257647,3.929013079667063,3.929013079667063
-96.24506087949953,889.3193217592961,-190.9800886294624,-100.59642061603283,900.7636520249137,-203.81726731137272,-0.69347657033171,0.0,-0.7204791783257647,3.929013079667063,3.929013079667063
-100.59642061603283,900.7636520249137,-203.81726731137272,-98.50619593697078,913.489888705708,-190.37421931683525,-0.69347657033171,0.0,-0.7204791783257647,3.929013079667063,3.929013079667063
-98.50619593697078,913.489888705708,-190.37421931683525,-96.41597125790877,926.2161253865024,-176.93117132229779,-0.69347657033171,0.0,-0.7204791783257647,3.929013079667063,3.929013079667063
-94.1548362004375,902.0455584400905,-177.53704063492492,-98.50619593697078,913.489888705708,-190.37421931683525,-0.69347657033171,0.0,-0.7204791783257647,3.929013079667063,3.929013079667063
-98.50619593697078,913.489888705708,-190.37421931683525,-102.8575556735041,924.9342189713255,-203.21139799874558,-0.69347657033171,0.0,-0.7204791783257647,3.929013079667063,3.929013079667063
-102.85755567350408,924.9342189713254,-203.21139799874558,-100.76733099444206,937.6604556521198,-189.76835000420812,-0.69347657033171,0.0,-0.7204791783257647,3.929013079667063,3.929013079667063
-100.76733099444206,937.6604556521198,-189.76835000420812,-98.67710631538003,950.3866923329142,-176.32530200967065,-0.69347657033171,0.0,-0.7204791783257647,3.929013079667063,3.929013079667063
-96.41597125790875,926.2161253865023,-176.93117132229779,-100.76733099444206,937.6604556521198,-189.76835000420812,-0.69347657033171,0.0,-0.7204791783257647,3.929013079667063,3.929013079667063
-100.76733099444206,937.6604556521198,-189.76835000420812,-105.11869073097536,949.1047859177373,-202.60552868611845,-0.69347657033171,0.0,-0.7204791783257647,3.929013079667063,3.929013079667063
-105.11869073097535,949.1047859177372,-202.60552868611845,-103.02846605191331,961.8310225985317,-189.162480691581,-0.69347657033171,0.0,-0.7204791783257647,3.929013079667063,3.929013079667063
-103.02846605191331,961.8310225985317,-189.162480691581,-100.9382413728513,974.557259279326,-175.71943269704354,-0.69347657033171,0.0,-0.7204791783257647,3.929013079667063,3.929013079667063
-98.67710631538002,950.3866923329141,-176.32530200967065,-103.02846605191331,961.8310225985317,-189.162480691581,-0.69347657033171,0.0,-0.7204791783257647,3.929013079667063,3.929013079667063
-103.02846605191331,961.8310225985317,-189.162480691581,-107.37982578844662,973.2753528641491,-201.99965937349134,-0.69347657033171,0.0,-0.7204791783257647,3.929013079667063,3.929013079667063
-107.37982578844662,973.2753528641491,-201.99965937349134,-105.28960110938459,986.0015895449436,-188.55661137895387,-0.69347657033171,0.0,-0.7204791783257647,3.929013079667063,3.929013079667063
-105.28960110938459,986.0015895449436,-188.55661137895387,-103.19937643032256,998.7278262257379,-175.1135633844164,-0.69347657033171,0.0,-0.7204791783257647,3.929013079667063,3.929013079667063
-100.9382413728513,974.557259279326,-175.71943269704354,-105.28960110938459,986.0015895449436,-188.55661137895387,-0.69347657033171,0.0,-0.7204791783257647,3.929013079667063,3.929013079667063
-105.28960110938459,986.0015895449436,-188.55661137895387,-109.64096084591789,997.4459198105611,-201.3937900608642,-0.69347657033171,0.0,-0.7204791783257647,3.929013079667063,3.929013079667063
-109.64096084591789,997.4459198105611,-201.3937900608642,-107.55073616685584,1010.1721564913554,-187.95074206632674,-0.69347657033171,0.0,-0.7204791783257647,3.929013079667063,3.929013079667063
-107.55073616685584,1010.1721564913554,-187.95074206632674,-105.46051148779381,1022.8983931721497,-174.50769407178927,-0.69347657033171,0.0,-0.7204791783257647,3.929013079667063,3.929013079667063
-103.19937643032256,998.7278262257379,-175.1135633844164,-107.55073616685584,1010.1721564913554,-187.95074206632674,-0.69347657033171,0.0,-0.7204791783257647,3.929013079667063,3.929013079667063
-107.55073616685584,1010.1721564913554,-187.95074206632674,-111.90209590338914,1021.6164867569729,-200.78792074823707,-0.69347657033171,0.0,-0.7204791783257647,3.929013079667063,3.929013079667063
-111.90209590338914,1021.6164867569729,-200.78792074823707,-109.81187122432712,1034.3427234377673,-187.3448727536996,-0.69347657033171,0.0,-0.7204791783257647,3.929013079667063,3.929013079667063
-109.81187122432712,1034.3427234377673,-187.3448727536996,-107.72164654526509,1047.0689601185616,-173.90182475916217,-0.69347657033171,0.0,-0.7204791783257647,3.929013079667063,3.929013079667063
-105.46051148779381,1022.8983931721497,-174.50769407178927,-109.81187122432712,1034.3427234377673,-187.3448727536996,-0.69347657033171,0.0,-0.7204791783257647,3.929013079667063,3.929013079667063
-109.81187122432712,1034.3427234377673,-187.3448727536996,-114.16323096086042,1045.7870537033848,-200.18205143560996,-0.69347657033171,0.0,-0.7204791783257647,3.929013079667063,3.929013079667063
-114.16323096086042,1045.7870537033848,-200.18205143560996,-112.0730062817984,1058.513290384179,-186.7390034410725,-0.69347657033171,0.0,-0.7204791783257647,3.929013079667063,3.929013079667063
-112.0730062817984,1058.513290384179,-186.7390034410725,-109.98278160273634,1071.2395270649733,-173.29595544653503,-0.69347657033171,0.0,-0.7204791783257647,3.929013079667063,3.929013079667063
-107.72164654526509,1047.0689601185616,-173.90182475916217,-112.0730062817984,1058.513290384179,-186.7390034410725,-0.69347657033171,0.0,-0.7204791783257647,3.929013079667063,3.929013079667063
-112.0730062817984,1058.513290384179,-186.7390034410725,-116.42436601833167,1069.9576206497966,-199.57618212298283,-0.69347657033171,0.0,-0.7204791783257647,3.929013079667063,3.929013079667063
-116.42436601833167,1069.9576206497966,-199.57618212298283,-114.33414133926965,1082.6838573305909,-186.13313412844536,-0.69347657033171,0.0,-0.7204791783257647,3.929013079667063,3.929013079667063
-114.33414133926965,1082.6838573305909,-186.13313412844536,-112.24391666020762,1095.4100940113851,-172.6900861339079,-0.69347657033171,0.0,-0.7204791783257647,3.929013079667063,3.929013079667063
-109.98278160273634,1071.2395270649733,-173.29595544653503,-114.33414133926965,1082.6838573305909,-186.13313412844536,-0.69347657033171,0.0,-0.7204791783257647,3.929013079667063,3.929013079667063
-114.33414133926965,1082.6838573305909,-186.13313412844536,-118.68550107580295,1094.1281875962084,-198.9703128103557,-0.69347657033171,0.0,-0.7204791783257647,3.929013079667063,3.929013079667063
-118.68550107580295,1094.1281875962084,-198.9703128103557,-116.5952763967409,1106.8544242770029,-185.52726481581823,-0.69347657033171,0.0,-0.7204791783257647,3.929013079667063,3.929013079667063
-116.5952763967409,1106.8544242770029,-185.52726481581823,-114.50505171767888,1119.5806609577971,-172.08421682128076,-0.69347657033171,0.0,-0.7204791783257647,3.929013079667063,3.929013079667063
-112.24391666020762,1095.4100940113851,-172.6900861339079,-116.5952763967409,1106.8544242770029,-185.52726481581823,-0.69347657033171,0.0,-0.7204791783257647,3.929013079667063,3.929013079667063
-116.5952763967409,1106.8544242770029,-185.52726481581823,-120.94663613327421,1118.2987545426204,-198.36444349772856,-0.69347657033171,0.0,-0.7204791783257647,3.929013079667063,3.929013079667063
-120.94663613327421,1118.2987545426204,-198.36444349772856,-118.85641145421218,1131.0249912234146,-184.92139550319112,-0.69347657033171,0.0,-0.7204791783257647,3.929013079667063,3.929013079667063
-118.85641145421218,1131.0249912234146,-184.92139550319112,-116.76618677515016,1143.7512279042091,-171.47834750865366,-0.69347657033171,0.0,-0.7204791783257647,3.929013079667063,3.929013079667063
-114.50505171767888,1119.5806609577971,-172.08421682128076,-118.85641145421218,1131.0249912234146,-184.92139550319112,-0.69347657033171,0.0,-0.7204791783257647,3.929013079667063,3.929013079667063
-118.85641145421218,1131.0249912234146,-184.92139550319112,-123.20777119074549,1142.4693214890324,-197.75857418510145,-0.69347657033171,0.0,-0.7204791783257647,3.929013079667063,3.929013079667063
6.784577579747696,31.905148369263642,-233.19010015964568,-7.336058012395405,43.349478634881166,-229.10639670648393,0.69347657033171,0.0,-0.7204791783257647,3.929013079667063,3.929013079667063
-7.336058012395405,43.349478634881166,-229.10639670648393,-21.456693604538508,54.79380890049866,-225.02269325332216,0.69347657033171,0.0,-0.7204791783257647,3.929013079667063,3.929013079667063
-19.195558547067243,30.623241954086808,-225.62856256594927,-7.336058012395405,43.349478634881166,-229.10639670648393,0.69347657033171,0.0,-0.7204791783257647,3.929013079667063,3.929013079667063
-7.336058012395405,43.349478634881166,-229.10639670648393,4.523442522276429,56.075715315675495,-232.58423084701857,0.69347657033171,0.0,-0.7204791783257647,3.929013079667063,3.929013079667063
4.523442522276429,56.075715315675495,-232.58423084701857,-9.597193069866671,67.52004558129302,-228.5005273938568,0.69347657033171,0.0,-0.7204791783257647,3.929013079667063,3.929013079667063
-9.597193069866671,67.52004558129302,-228.5005273938568,-23.717828662009772,78.96437584691053,-224.41682394069502,0.69347657033171,0.0,-0.7204791783257647,3.929013079667063,3.929013079667063
-21.456693604538508,54.79380890049866,-225.02269325332216,-9.597193069866671,67.52004558129302,-228.5005273938568,0.69347657033171,0.0,-0.7204791783257647,3.929013079667063,3.929013079667063
-9.597193069866671,67.52004558129302,-228.5005273938568,2.262307464805163,80.24628226208736,-231.97836153439144,0.69347657033171,0.0,-0.7204791783257647,3.929013079667063,3.929013079667063
2.262307464805163,80.24628226208736,-231.97836153439144,-11.858328127337934,91.69061252770487,-227.89465808122966,0.69347657033171,0.0,-0.7204791783257647,3.929013079667063,3.929013079667063
-11.858328127337934,91.69061252770487,-227.89465808122966,-25.978963719481037,103.13494279332238,-223.8109546280679,0.69347657033171,0.0,-0.7204791783257647,3.929013079667063,3.929013079667063
-23.717828662009772,78.96437584691053,-224.41682394069502,-11.858328127337934,91.69061252770487,-227.89465808122966,0.69347657033171,0.0,-0.7204791783257647,3.929013079667063,3.929013079667063
-11.858328127337934,91.69061252770487,-227.89465808122966,0.0011724073338985619,104.4168492084992,-231.3724922217643,0.69347657033171,0.0,-0.7204791783257647,3.929013079667063,3.929013079667063
0.0011724073338985619,104.4168492084992,-231.3724922217643,-14.119463184809202,115.86117947411674,-227.28878876860253,0.69347657033171,0.0,-0.7204791783257647,3.929013079667063,3.929013079667063
-14.119463184809202,115.86117947411674,-227.28878876860253,-28.24009877695231,127.30550973973425,-223.20508531544078,0.69347657033171,0.0,-0.7204791783257647,3.929013079667063,3.929013079667063
-25.978963719481037,103.13494279332238,-223.8109546280679,-14.119463184809202,115.86117947411674,-227.28878876860253,0.69347657033171,0.0,-0.7204791783257647,3.929013079667063,3.929013079667063
-14.119463184809202,115.86117947411674,-227.28878876860253,-2.2599626501373695,128.58741615491107,-230.7666229091372,0.69347657033171,0.0,-0.7204791783257647,3.929013079667063,3.929013079667063
-2.2599626501373695,128.58741615491107,-230.7666229091372,-16.380598242280467,140.03174642052858,-226.68291945597542,0.69347657033171,0.0,-0.7204791783257647,3.929013079667063,3.929013079667063
-16.380598242280467,140.03174642052858,-226.68291945597542,-30.501233834423573,151.47607668614611,-222.59921600281365,0.69347657033171,0.0,-0.7204791783257647,3.929013079667063,3.929013079667063
-28.24009877695231,127.30550973973425,-223.20508531544078,-16.380598242280467,140.03174642052858,-226.68291945597542,0.69347657033171,0.0,-0.7204791783257647,3.929013079667063,3.929013079667063
-16.380598242280467,140.03174642052858,-226.68291945597542,-4.521097707608636,152.75798310132294,-230.16075359651006,0.69347657033171,0.0,-0.7204791783257647,3.929013079667063,3.929013079667063
-4.521097707608632,152.7579831013229,-230.16075359651006,-18.641733299751735,164.20231336694044,-226.0770501433483,0.69347657033171,0.0,-0.7204791783257647,3.929013079667063,3.929013079667063
-18.641733299751735,164.20231336694044,-226.0770501433483,-32.76236889189484,175.64664363255795,-221.9933466901865,0.69347657033171,0.0,-0.7204791783257647,3.929013079667063,3.929013079667063
-30.50123383442357,151.4760766861461,-222.59921600281365,-18.641733299751735,164.20231336694044,-226.0770501433483,0.69347657033171,0.0,-0.7204791783257647,3.929013079667063,3.929013079667063
-18.641733299751735,164.20231336694044,-226.0770501433483,-6.7822327650799,176.92855004773477,-229.55488428388293,0.69347657033171,0.0,-0.7204791783257647,3.929013079667063,3.929013079667063
-6.7822327650799,176.92855004773477,-229.55488428388293,-20.902868357223,188.3728803133523,-225.47118083072115,0.69347657033171,0.0,-0.7204791783257647,3.929013079667063,3.929013079667063
-20.902868357223,188.3728803133523,-225.47118083072115,-35.0235039493661,199.81721057896982,-221.38747737755938,0.69347657033171,0.0,-0.7204791783257647,3.929013079667063,3.929013079667063
-32.76236889189484,175.64664363255795,-221.9933466901865,-20.902868357223,188.3728803133523,-225.47118083072115,0.69347657033171,0.0,-0.7204791783257647,3.929013079667063,3.929013079667063
-20.902868357223,188.3728803133523,-225.47118083072115,-9.043367822551168,201.09911699414664,-228.9490149712558,0.69347657033171,0.0,-0.7204791783257647,3.929013079667063,3.929013079667063
-9.043367822551165,201.0991169941466,-228.9490149712558,-23.164003414694264,212.54344725976412,-224.86531151809405,0.69347657033171,0.0,-0.7204791783257647,3.929013079667063,3.929013079667063
-23.164003414694264,212.54344725976412,-224.86531151809405,-37.28463900683737,223.9877775253817,-220.78160806493227,0.69347657033171,0.0,-0.7204791783257647,3.929013079667063,3.929013079667063
-35.0235039493661,199.8172105789698,-221.38747737755938,-23.164003414694264,212.54344725976412,-224.86531151809405,0.69347657033171,0.0,-0.7204791783257647,3.929013079667063,3.929013079667063
-23.164003414694264,212.54344725976412,-224.86531151809405,-11.304502880022433,225.2696839405585,-228.34314565862869,0.69347657033171,0.0,-0.7204791783257647,3.929013079667063,3.929013079667063
-11.304502880022433,225.2696839405585,-228.34314565862869,-25.425138472165532,236.71401420617596,-224.2594422054669,0.69347657033171,0.0,-0.7204791783257647,3.929013079667063,3.929013079667063
-25.425138472165532,236.71401420617596,-224.2594422054669,-39.54577406430864,248.15834447179358,-220.17573875230514,0.69347657033171,0.0,-0.7204791783257647,3.929013079667063,3.929013079667063
-37.28463900683737,223.9877775253817,-220.78160806493227,-25.425138472165532,236.71401420617596,-224.2594422054669,0.69347657033171,0.0,-0.7204791783257647,3.929013079667063,3.929013079667063
-25.425138472165532,236.71401420617596,-224.2594422054669,-13.565637937493701,249.4402508869704,-227.73727634600155,0.69347657033171,0.0,-0.7204791783257647,3.929013079667063,3.929013079667063
-13.565637937493701,249.4402508869704,-227.73727634600155,-27.6862735296368,260.8845811525879,-223.65357289283978,0.69347657033171,0.0,-0.7204791783257647,3.929013079667063,3.929013079667063
-27.6862735296368,260.8845811525879,-223.65357289283978,-41.80690912177991,272.3289114182055,-219.569869439678,0.69347657033171,0.0,-0.7204791783257647,3.929013079667063,3.929013079667063
-39.54577406430864,248.15834447179358,-220.17573875230514,-27.6862735296368,260.8845811525879,-223.65357289283978,0.69347657033171,0.0,-0.7204791783257647,3.929013079667063,3.929013079667063
-27.6862735296368,260.8845811525879,-223.65357289283978,-15.82677299496497,273.61081783338227,-227.13140703337442,0.69347657033171,0.0,-0.7204791783257647,3.929013079667063,3.929013079667063
-15.826772994964958,273.61081783338216,-227.13140703337442,-29.947408587108065,285.05514809899967,-223.04770358021264,0.69347657033171,0.0,-0.7204791783257647,3.929013079667063,3.929013079667063
-29.947408587108065,285.05514809899967,-223.04770358021264,-44.068044179251174,296.4994783646173,-218.9640001270509,0.69347657033171,0.0,-0.7204791783257647,3.929013079667063,3.929013079667063
-41.806909121779896,272.3289114182054,-219.569869439678,-29.947408587108065,285.05514809899967,-223.04770358021264,0.69347657033171,0.0,-0.7204791783257647,3.929013079667063,3.929013079667063
-29.947408587108065,285.05514809899967,-223.04770358021264,-18.087908052436234,297.78138477979405,-226.5255377207473,0.69347657033171,0.0,-0.7204791783257647,3.929013079667063,3.929013079667063
-18.087908052436234,297.78138477979405,-226.5255377207473,-32.208543644579336,309.2257150454117,-222.44183426758553,0.69347657033171,0.0,-0.7204791783257647,3.929013079667063,3.929013079667063
-32.208543644579336,309.2257150454117,-222.44183426758553,-46.32917923672243,320.67004531102907,-218.35813081442376,0.69347657033171,0.0,-0.7204791783257647,3.929013079667063,3.929013079667063
-44.068044179251174,296.4994783646173,-218.9640001270509,-32.208543644579336,309.2257150454117,-222.44183426758553,0.69347657033171,0.0,-0.7204791783257647,3.929013079667063,3.929013079667063
-32.208543644579336,309.2257150454117,-222.44183426758553,-20.349043109907495,321.95195172620583,-225.91966840812017,0.69347657033171,0.0,-0.7204791783257647,3.929013079667063,3.929013079667063
-20.349043109907505,321.95195172620595,-225.91966840812017,-34.4696787020506,333.39628199182346,-221.8359649549584,0.69347657033171,0.0,-0.7204791783257647,3.929013079667063,3.929013079667063
-34.4696787020506,333.39628199182346,-221.8359649549584,-48.5903142941937,344.8406122574411,-217.75226150179662,0.69347657033171,0.0,-0.7204791783257647,3.929013079667063,3.929013079667063
-46.32917923672244,320.6700453110292,-218.35813081442376,-34.4696787020506,333.39628199182346,-221.8359649549584,0.69347657033171,0.0,-0.7204791783257647,3.929013079667063,3.929013079667063
-34.4696787020506,333.39628199182346,-221.8359649549584,-22.61017816737877,346.12251867261784,-225.31379909549304,0.69347657033171,0.0,-0.7204791783257647,3.929013079667063,3.929013079667063
-22.61017816737877,346.12251867261784,-225.31379909549304,-36.73081375952188,357.56684893823535,-221.23009564233126,0.69347657033171,0.0,-0.7204791783257647,3.929013079667063,3.929013079667063
-36.73081375952188,357.56684893823535,-221.23009564233126,-50.85144935166497,369.01117920385286,-217.14639218916952,0.69347657033171,0.0,-0.7204791783257647,3.929013079667063,3.929013079667063
-48.5903142941937,344.8406122574411,-217.75226150179662,-36.73081375952188,357.56684893823535,-221.23009564233126,0.69347657033171,0.0,-0.7204791783257647,3.929013079667063,3.929013079667063
-36.73081375952188,357.56684893823535,-221.23009564233126,-24.871313224850034,370.2930856190296,-224.70792978286593,0.69347657033171,0.0,-0.7204791783257647,3.929013079667063,3.929013079667063
-24.871313224850034,370.2930856190296,-224.70792978286593,-38.99194881699314,381.73741588464713,-220.62422632970416,0.69347657033171,0.0,-0.7204791783257647,3.929013079667063,3.929013079667063
-38.99194881699314,381.73741588464713,-220.62422632970416,-53.11258440913623,393.18174615026464,-216.54052287654238,0.69347657033171,0.0,-0.7204791783257647,3.929013079667063,3.929013079667063
-50.85144935166497,369.01117920385286,-217.14639218916952,-38.99194881699314,381.73741588464713,-220.62422632970416,0.69347657033171,0.0,-0.7204791783257647,3.929013079667063,3.929013079667063
-38.99194881699314,381.73741588464713,-220.62422632970416,-27.132448282321292,394.4636525654414,-224.1020604702388,0.69347657033171,0.0,-0.7204791783257647,3.929013079667063,3.929013079667063
-27.132448282321306,394.4636525654415,-224.1020604702388,-41.2530838744644,405.90798283105903,-220.01835701707702,0.69347657033171,0.0,-0.7204791783257647,3.929013079667063,3.929013079667063
-41.2530838744644,405.90798283105903,-220.01835701707702,-55.3737194666075,417.35231309667654,-215.93465356391525,0.69347657033171,0.0,-0.7204791783257647,3.929013079667063,3.929013079667063
-53.11258440913625,393.18174615026476,-216.54052287654238,-41.2530838744644,405.90798283105903,-220.01835701707702,0.69347657033171,0.0,-0.7204791783257647,3.929013079667063,3.929013079667063
-41.2530838744644,405.90798283105903,-220.01835701707702,-29.393583339792563,418.6342195118533,-223.49619115761166,0.69347657033171,0.0,-0.7204791783257647,3.929013079667063,3.929013079667063
-29.393583339792563,418.6342195118533,-223.49619115761166,-43.51421893193567,430.0785497774709,-219.4124877044499,0.69347657033171,0.0,-0.7204791783257647,3.929013079667063,3.929013079667063
-43.51421893193567,430.0785497774709,-219.4124877044499,-57.63485452407876,441.52288004308843,-215.3287842512881,0.69347657033171,0.0,-0.7204791783257647,3.929013079667063,3.929013079667063
-55.3737194666075,417.35231309667654,-215.93465356391525,-43.51421893193567,430.0785497774709,-219.4124877044499,0.69347657033171,0.0,-0.7204791783257647,3.929013079667063,3.929013079667063
-43.51421893193567,430.0785497774709,-219.4124877044499,-31.654718397263828,442.8047864582652,-222.89032184498453,0.69347657033171,0.0,-0.7204791783257647,3.929013079667063,3.929013079667063
-31.654718397263835,442.8047864582653,-222.89032184498453,-45.77535398940693,454.2491167238827,-218.80661839182278,0.69347657033171,0.0,-0.7204791783257647,3.929013079667063,3.929013079667063
-45.77535398940693,454.2491167238827,-218.80661839182278,-59.89598958155004,465.6934469895002,-214.722914938661,0.69347657033171,0.0,-0.7204791783257647,3.929013079667063,3.929013079667063
-57.634854524078776,441.52288004308855,-215.3287842512881,-45.77535398940693,454.2491167238827,-218.80661839182278,0.69347657033171,0.0,-0.7204791783257647,3.929013079667063,3.929013079667063
-45.77535398940693,454.2491167238827,-218.80661839182278,-33.9158534547351,466.9753534046771,-222.28445253235742,0.69347657033171,0.0,-0.7204791783257647,3.929013079667063,3.929013079667063
-33.9158534547351,466.9753534046771,-222.28445253235742,-48.03648904687821,478.4196836702946,-218.20074907919565,0.69347657033171,0.0,-0.7204791783257647,3.929013079667063,3.929013079667063
-48.03648904687821,478.4196836702946,-218.20074907919565,-62.157124639021305,489.864013935912,-214.11704562603387,0.69347657033171,0.0,-0.7204791783257647,3.929013079667063,3.929013079667063
-59.89598958155004,465.6934469895002,-214.722914938661,-48.03648904687821,478.4196836702946,-218.20074907919565,0.69347657033171,0.0,-0.7204791783257647,3.929013079667063,3.929013079667063
-48.03648904687821,478.4196836702946,-218.20074907919565,-36.176988512206364,491.1459203510889,-221.67858321973029,0.69347657033171,0.0,-0.7204791783257647,3.929013079667063,3.929013079667063
-36.176988512206364,491.1459203510889,-221.67858321973029,-50.29762410434947,502.5902506167065,-217.5948797665685,0.69347657033171,0.0,-0.7204791783257647,3.929013079667063,3.929013079667063
-50.29762410434947,502.5902506167065,-217.5948797665685,-64.41825969649256,514.0345808823239,-213.51117631340674,0.69347657033171,0.0,-0.7204791783257647,3.929013079667063,3.929013079667063
-62.157124639021305,489.864013935912,-214.11704562603387,-50.29762410434947,502.5902506167065,-217.5948797665685,0.69347657033171,0.0,-0.7204791783257647,3.929013079667063,3.929013079667063
-50.29762410434947,502.5902506167065,-217.5948797665685,-38.43812356967762,515.3164872975008,-221.07271390710315,0.69347657033171,0.0,-0.7204791783257647,3.929013079667063,3.929013079667063
-38.438123569677636,515.3164872975009,-221.07271390710315,-52.55875916182073,526.7608175631183,-216.98901045394138,0.69347657033171,0.0,-0.7204791783257647,3.929013079667063,3.929013079667063
-52.55875916182073,526.7608175631183,-216.98901045394138,-66.67939475396383,538.2051478287358,-212.90530700077963,0.69347657033171,0.0,-0.7204791783257647,3.929013079667063,3.929013079667063
-64.41825969649257,514.034580882324,-213.51117631340674,-52.55875916182073,526.7608175631183,-216.98901045394138,0.69347657033171,0.0,-0.7204791783257647,3.929013079667063,3.929013079667063
-52.55875916182073,526.7608175631183,-216.98901045394138,-40.69925862714889,539.4870542439127,-220.46684459447604,0.69347657033171,0.0,-0.7204791783257647,3.929013079667063,3.929013079667063
-40.69925862714889,539.4870542439127,-220.46684459447604,-54.819894219292,550.9313845095302,-216.38314114131427,0.69347657033171,0.0,-0.7204791783257647,3.929013079667063,3.929013079667063
-54.819894219292,550.9313845095302,-216.38314114131427,-68.9405298114351,562.3757147751476,-212.2994376881525,0.69347657033171,0.0,-0.7204791783257647,3.929013079667063,3.929013079667063
-66.67939475396383,538.2051478287358,-212.90530700077963,-54.819894219292,550.9313845095302,-216.38314114131427,0.69347657033171,0.0,-0.7204791783257647,3.929013079667063,3.929013079667063
-54.819894219292,550.9313845095302,-216.38314114131427,-42.96039368462016,563.6576211903244,-219.8609752818489,0.69347657033171,0.0,-0.7204791783257647,3.929013079667063,3.929013079667063
-42.96039368462016,563.6576211903244,-219.8609752818489,-57.08102927676326,575.1019514559421,-215.77727182868713,0.69347657033171,0.0,-0.7204791783257647,3.929013079667063,3.929013079667063
-57.08102927676326,575.1019514559421,-215.77727182868713,-71.20166486890636,586.5462817215595,-211.69356837552536,0.69347657033171,0.0,-0.7204791783257647,3.929013079667063,3.929013079667063
-68.9405298114351,562.3757147751476,-212.2994376881525,-57.08102927676326,575.1019514559421,-215.77727182868713,0.69347657033171,0.0,-0.7204791783257647,3.929013079667063,3.929013079667063
-57.08102927676326,575.1019514559421,-215.77727182868713,-45.22152874209143,587.8281881367363,-219.25510596922177,0.69347657033171,0.0,-0.7204791783257647,3.929013079667063,3.929013079667063
-45.22152874209142,587.8281881367362,-219.25510596922177,-59.342164334234525,599.2725184023539,-215.17140251606,0.69347657033171,0.0,-0.7204791783257647,3.929013079667063,3.929013079667063
-59.342164334234525,599.2725184023539,-215.17140251606,-73.46279992637763,610.7168486679714,-211.08769906289822,0.69347657033171,0.0,-0.7204791783257647,3.929013079667063,3.929013079667063
-71.20166486890636,586.5462817215594,-211.69356837552536,-59.342164334234525,599.2725184023539,-215.17140251606,0.69347657033171,0.0,-0.7204791783257647,3.929013079667063,3.929013079667063
-59.342164334234525,599.2725184023539,-215.17140251606,-47.482663799562694,611.9987550831482,-218.64923665659464,0.69347657033171,0.0,-0.7204791783257647,3.929013079667063,3.929013079667063
-47.482663799562694,611.9987550831482,-218.64923665659464,-61.6032993917058,623.4430853487657,-214.5655332034329,0.69347657033171,0.0,-0.7204791783257647,3.929013079667063,3.929013079667063
-61.6032993917058,623.4430853487657,-214.5655332034329,-75.7239349838489,634.8874156143833,-210.48182975027112,0.69347657033171,0.0,-0.7204791783257647,3.929013079667063,3.929013079667063
-73.46279992637763,610.7168486679714,-211.08769906289822,-61.6032993917058,623.4430853487657,-214.5655332034329,0.69347657033171,0.0,-0.7204791783257647,3.929013079667063,3.929013079667063
-61.6032993917058,623.4430853487657,-214.5655332034329,-49.743798857033966,636.1693220295601,-218.04336734396753,0.69347657033171,0.0,-0.7204791783257647,3.929013079667063,3.929013079667063
-49.74379885703395,636.16932202956,-218.04336734396753,-63.86443444917706,647.6136522951775,-213.95966389080576,0.69347657033171,0.0,-0.7204791783257647,3.929013079667063,3.929013079667063
-63.86443444917706,647.6136522951775,-213.95966389080576,-77.98507004132016,659.057982560795,-209.87596043764398,0.69347657033171,0.0,-0.7204791783257647,3.929013079667063,3.929013079667063
-75.72393498384889,634.8874156143831,-210.48182975027112,-63.86443444917706,647.6136522951775,-213.95966389080576,0.69347657033171,0.0,-0.7204791783257647,3.929013079667063,3.929013079667063
-63.86443444917706,647.6136522951775,-213.95966389080576,-52.00493391450522,660.3398889759719,-217.4374980313404,0.69347657033171,0.0,-0.7204791783257647,3.929013079667063,3.929013079667063
-52.00493391450522,660.3398889759719,-217.4374980313404,-66.12556950664833,671.7842192415895,-213.35379457817862,0.69347657033171,0.0,-0.7204791783257647,3.929013079667063,3.929013079667063
-66.12556950664833,671.7842192415895,-213.35379457817862,-80.24620509879144,683.2285495072069,-209.27009112501685,0.69347657033171,0.0,-0.7204791783257647,3.929013079667063,3.929013079667063
-77.98507004132016,659.057982560795,-209.87596043764398,-66.12556950664833,671.7842192415895,-213.35379457817862,0.69347657033171,0.0,-0.7204791783257647,3.929013079667063,3.929013079667063
-66.12556950664833,671.7842192415895,-213.35379457817862,-54.266068971976495,684.5104559223838,-216.83162871871326,0.69347657033171,0.0,-0.7204791783257647,3.929013079667063,3.929013079667063
-54.26606897197648,684.5104559223837,-216.83162871871326,-68.38670456411958,695.9547861880013,-212.7479252655515,0.69347657033171,0.0,-0.7204791783257647,3.929013079667063,3.929013079667063
-68.38670456411958,695.9547861880013,-212.7479252655515,-82.5073401562627,707.3991164536188,-208.66422181238974,0.69347657033171,0.0,-0.7204791783257647,3.929013079667063,3.929013079667063
-80.24620509879142,683.2285495072068,-209.27009112501685,-68.38670456411958,695.9547861880013,-212.7479252655515,0.69347657033171,0.0,-0.7204791783257647,3.929013079667063,3.929013079667063
-68.38670456411958,695.9547861880013,-212.7479252655515,-56.52720402944776,708.6810228687957,-216.22575940608615,0.69347657033171,0.0,-0.7204791783257647,3.929013079667063,3.929013079667063
-56.527204029447745,708.6810228687956,-216.22575940608615,-70.64783962159085,720.1253531344131,-212.14205595292438,0.69347657033171,0.0,-0.7204791783257647,3.929013079667063,3.929013079667063
-70.64783962159085,720.1253531344131,-212.14205595292438,-84.76847521373396,731.5696834000306,-208.0583524997626,0.69347657033171,0.0,-0.7204791783257647,3.929013079667063,3.929013079667063
-82.50734015626269,707.3991164536187,-208.66422181238974,-70.64783962159085,720.1253531344131,-212.14205595292438,0.69347657033171,0.0,-0.7204791783257647,3.929013079667063,3.929013079667063
-70.64783962159085,720.1253531344131,-212.14205595292438,-58.788339086919024,732.8515898152075,-215.61989009345902,0.69347657033171,0.0,-0.7204791783257647,3.929013079667063,3.929013079667063
-58.788339086919024,732.8515898152075,-215.61989009345902,-72.90897467906213,744.295920080825,-211.53618664029725,0.69347657033171,0.0,-0.7204791783257647,3.929013079667063,3.929013079667063
-72.90897467906213,744.295920080825,-211.53618664029725,-87.02961027120523,755.7402503464425,-207.45248318713547,0.69347657033171,0.0,-0.7204791783257647,3.929013079667063,3.929013079667063
-84.76847521373396,731.5696834000306,-208.0583524997626,-72.90897467906213,744.295920080825,-211.53618664029725,0.69347657033171,0.0,-0.7204791783257647,3.929013079667063,3.929013079667063
-72.90897467906213,744.295920080825,-211.53618664029725,-61.04947414439029,757.0221567616194,-215.01402078083188,0.69347657033171,0.0,-0.7204791783257647,3.929013079667063,3.929013079667063
-61.04947414439029,757.0221567616193,-215.01402078083188,-75.17010973653338,768.4664870272369,-210.9303173276701,0.69347657033171,0.0,-0.7204791783257647,3.929013079667063,3.929013079667063
-75.17010973653338,768.4664870272369,-210.9303173276701,-89.2907453286765,779.9108172928543,-206.84661387450834,0.69347657033171,0.0,-0.7204791783257647,3.929013079667063,3.929013079667063
-87.02961027120523,755.7402503464424,-207.45248318713547,-75.17010973653338,768.4664870272369,-210.9303173276701,0.69347657033171,0.0,-0.7204791783257647,3.929013079667063,3.929013079667063
-75.17010973653338,768.4664870272369,-210.9303173276701,-63.31060920186155,781.1927237080312,-214.40815146820475,0.69347657033171,0.0,-0.7204791783257647,3.929013079667063,3.929013079667063
-63.31060920186155,781.1927237080312,-214.40815146820475,-77.43124479400466,792.6370539736488,-210.324448015043,0.69347657033171,0.0,-0.7204791783257647,3.929013079667063,3.929013079667063
-77.43124479400466,792.6370539736488,-210.324448015043,-91.55188038614777,804.0813842392663,-206.24074456188123,0.69347657033171,0.0,-0.7204791783257647,3.929013079667063,3.929013079667063
-89.2907453286765,779.9108172928543,-206.84661387450834,-77.43124479400466,792.6370539736488,-210.324448015043,0.69347657033171,0.0,-0.7204791783257647,3.929013079667063,3.929013079667063
-77.43124479400466,792.6370539736488,-210.324448015043,-65.57174425933283,805.3632906544432,-213.80228215557764,0.69347657033171,0.0,-0.7204791783257647,3.929013079667063,3.929013079667063
-65.57174425933282,805.3632906544431,-213.80228215557764,-79.69237985147592,816.8076209200606,-209.71857870241587,0.69347657033171,0.0,-0.7204791783257647,3.929013079667063,3.929013079667063
-79.69237985147592,816.8076209200606,-209.71857870241587,-93.81301544361904,828.2519511856781,-205.6348752492541,0.69347657033171,0.0,-0.7204791783257647,3.929013079667063,3.929013079667063
-91.55188038614776,804.0813842392662,-206.24074456188123,-79.69237985147592,816.8076209200606,-209.71857870241587,0.69347657033171,0.0,-0.7204791783257647,3.929013079667063,3.929013079667063
-79.69237985147592,816.8076209200606,-209.71857870241587,-67.8328793168041,829.533857600855,-213.1964128429505,0.69347657033171,0.0,-0.7204791783257647,3.929013079667063,3.929013079667063
-67.83287931680408,829.5338576008548,-213.1964128429505,-81.95351490894718,840.9781878664724,-209.11270938978873,0.69347657033171,0.0,-0.7204791783257647,3.929013079667063,3.929013079667063
-81.95351490894718,840.9781878664724,-209.11270938978873,-96.07415050109029,852.4225181320899,-205.02900593662696,0.69347657033171,0.0,-0.7204791783257647,3.929013079667063,3.929013079667063
-93.81301544361902,828.251951185678,-205.6348752492541,-81.95351490894718,840.9781878664724,-209.11270938978873,0.69347657033171,0.0,-0.7204791783257647,3.929013079667063,3.929013079667063
-81.95351490894718,840.9781878664724,-209.11270938978873,-70.09401437427535,853.7044245472667,-212.59054353032337,0.69347657033171,0.0,-0.7204791783257647,3.929013079667063,3.929013079667063
-70.09401437427535,853.7044245472667,-212.59054353032337,-84.21464996641845,865.1487548128844,-208.5068400771616,0.69347657033171,0.0,-0.7204791783257647,3.929013079667063,3.929013079667063
-84.21464996641845,865.1487548128844,-208.5068400771616,-98.33528555856157,876.5930850785018,-204.42313662399985,0.69347657033171,0.0,-0.7204791783257647,3.929013079667063,3.929013079667063
-96.07415050109029,852.4225181320899,-205.02900593662696,-84.21464996641845,865.1487548128844,-208.5068400771616,0.69347657033171,0.0,-0.7204791783257647,3.929013079667063,3.929013079667063
-84.21464996641845,865.1487548128844,-208.5068400771616,-72.35514943174663,877.8749914936786,-211.98467421769627,0.69347657033171,0.0,-0.7204791783257647,3.929013079667063,3.929013079667063
-72.35514943174661,877.8749914936785,-211.98467421769627,-86.47578502388971,889.3193217592961,-207.9009707645345,0.69347657033171,0.0,-0.7204791783257647,3.929013079667063,3.929013079667063
-86.47578502388971,889.3193217592961,-207.9009707645345,-100.59642061603283,900.7636520249137,-203.81726731137272,0.69347657033171,0.0,-0.7204791783257647,3.929013079667063,3.929013079667063
-98.33528555856155,876.5930850785016,-204.42313662399985,-86.47578502388971,889.3193217592961,-207.9009707645345,0.69347657033171,0.0,-0.7204791783257647,3.929013079667063,3.929013079667063
-86.47578502388971,889.3193217592961,-207.9009707645345,-74.61628448921789,902.0455584400905,-211.37880490506913,0.69347657033171,0.0,-0.7204791783257647,3.929013079667063,3.929013079667063
-74.61628448921789,902.0455584400905,-211.37880490506913,-88.73692008136098,913.489888705708,-207.29510145190736,0.69347657033171,0.0,-0.7204791783257647,3.929013079667063,3.929013079667063
-88.73692008136098,913.489888705708,-207.29510145190736,-102.8575556735041,924.9342189713255,-203.21139799874558,0.69347657033171,0.0,-0.7204791783257647,3.929013079667063,3.929013079667063
-100.59642061603283,900.7636520249137,-203.81726731137272,-88.73692008136098,913.489888705708,-207.29510145190736,0.69347657033171,0.0,-0.7204791783257647,3.929013079667063,3.929013079667063
-88.73692008136098,913.489888705708,-207.29510145190736,-76.87741954668915,926.2161253865024,-210.772935592442,0.69347657033171,0.0,-0.7204791783257647,3.929013079667063,3.929013079667063
-76.87741954668914,926.2161253865023,-210.772935592442,-90.99805513883224,937.6604556521198,-206.68923213928022,0.69347657033171,0.0,-0.7204791783257647,3.929013079667063,3.929013079667063
-90.99805513883224,937.6604556521198,-206.68923213928022,-105.11869073097536,949.1047859177373,-202.60552868611845,0.69347657033171,0.0,-0.7204791783257647,3.929013079667063,3.929013079667063
-102.85755567350408,924.9342189713254,-203.21139799874558,-90.99805513883224,937.6604556521198,-206.68923213928022,0.69347657033171,0.0,-0.7204791783257647,3.929013079667063,3.929013079667063
-90.99805513883224,937.6604556521198,-206.68923213928022,-79.13855460416042,950.3866923329142,-210.16706627981486,0.69347657033171,0.0,-0.7204791783257647,3.929013079667063,3.929013079667063
-79.1385546041604,950.3866923329141,-210.16706627981486,-93.2591901963035,961.8310225985317,-206.08336282665312,0.69347657033171,0.0,-0.7204791783257647,3.929013079667063,3.929013079667063
-93.2591901963035,961.8310225985317,-206.08336282665312,-107.37982578844662,973.2753528641491,-201.99965937349134,0.69347657033171,0.0,-0.7204791783257647,3.929013079667063,3.929013079667063
-105.11869073097535,949.1047859177372,-202.60552868611845,-93.2591901963035,961.8310225985317,-206.08336282665312,0.69347657033171,0.0,-0.7204791783257647,3.929013079667063,3.929013079667063
-93.2591901963035,961.8310225985317,-206.08336282665312,-81.39968966163168,974.557259279326,-209.56119696718775,0.69347657033171,0.0,-0.7204791783257647,3.929013079667063,3.929013079667063
-81.39968966163168,974.557259279326,-209.56119696718775,-95.52032525377479,986.0015895449436,-205.47749351402598,0.69347657033171,0.0,-0.7204791783257647,3.929013079667063,3.929013079667063
-95.52032525377479,986.0015895449436,-205.47749351402598,-109.64096084591789,997.4459198105611,-201.3937900608642,0.69347657033171,0.0,-0.7204791783257647,3.929013079667063,3.929013079667063
-107.37982578844662,973.2753528641491,-201.99965937349134,-95.52032525377479,986.0015895449436,-205.47749351402598,0.69347657033171,0.0,-0.7204791783257647,3.929013079667063,3.929013079667063
-95.52032525377479,986.0015895449436,-205.47749351402598,-83.66082471910295,998.7278262257379,-208.95532765456062,0.69347657033171,0.0,-0.7204791783257647,3.929013079667063,3.929013079667063
-83.66082471910295,998.7278262257379,-208.95532765456062,-97.78146031124604,1010.1721564913554,-204.87162420139884,0.69347657033171,0.0,-0.7204791783257647,3.929013079667063,3.929013079667063
-97.78146031124604,1010.1721564913554,-204.87162420139884,-111.90209590338914,1021.6164867569729,-200.78792074823707,0.69347657033171,0.0,-0.7204791783257647,3.929013079667063,3.929013079667063
-109.64096084591789,997.4459198105611,-201.3937900608642,-97.78146031124604,1010.1721564913554,-204.87162420139884,0.69347657033171,0.0,-0.7204791783257647,3.929013079667063,3.929013079667063
-97.78146031124604,1010.1721564913554,-204.87162420139884,-85.9219597765742,1022.8983931721497,-208.34945834193348,0.69347657033171,0.0,-0.7204791783257647,3.929013079667063,3.929013079667063
-85.9219597765742,1022.8983931721497,-208.34945834193348,-100.0425953687173,1034.3427234377673,-204.2657548887717,0.69347657033171,0.0,-0.7204791783257647,3.929013079667063,3.929013079667063
-100.0425953687173,1034.3427234377673,-204.2657548887717,-114.16323096086042,1045.7870537033848,-200.18205143560996,0.69347657033171,0.0,-0.7204791783257647,3.929013079667063,3.929013079667063
-111.90209590338914,1021.6164867569729,-200.78792074823707,-100.0425953687173,1034.3427234377673,-204.2657548887717,0.69347657033171,0.0,-0.7204791783257647,3.929013079667063,3.929013079667063
-100.0425953687173,1034.3427234377673,-204.2657548887717,-88.18309483404548,1047.0689601185616,-207.74358902930638,0.69347657033171,0.0,-0.7204791783257647,3.929013079667063,3.929013079667063
-88.18309483404548,1047.0689601185616,-207.74358902930638,-102.30373042618858,1058.513290384179,-203.6598855761446,0.69347657033171,0.0,-0.7204791783257647,3.929013079667063,3.929013079667063
-102.30373042618858,1058.513290384179,-203.6598855761446,-116.42436601833167,1069.9576206497966,-199.57618212298283,0.69347657033171,0.0,-0.7204791783257647,3.929013079667063,3.929013079667063
-114.16323096086042,1045.7870537033848,-200.18205143560996,-102.30373042618858,1058.513290384179,-203.6598855761446,0.69347657033171,0.0,-0.7204791783257647,3.929013079667063,3.929013079667063
-102.30373042618858,1058.513290384179,-203.6598855761446,-90.44422989151673,1071.2395270649733,-207.13771971667924,0.69347657033171,0.0,-0.7204791783257647,3.929013079667063,3.929013079667063
-90.44422989151673,1071.2395270649733,-207.13771971667924,-104.56486548365983,1082.6838573305909,-203.05401626351747,0.69347657033171,0.0,-0.7204791783257647,3.929013079667063,3.929013079667063
-104.56486548365983,1082.6838573305909,-203.05401626351747,-118.68550107580295,1094.1281875962084,-198.9703128103557,0.69347657033171,0.0,-0.7204791783257647,3.929013079667063,3.929013079667063
-116.42436601833167,1069.9576206497966,-199.57618212298283,-104.56486548365983,1082.6838573305909,-203.05401626351747,0.69347657033171,0.0,-0.7204791783257647,3.929013079667063,3.929013079667063
-104.56486548365983,1082.6838573305909,-203.05401626351747,-92.705364948988,1095.4100940113851,-206.5318504040521,0.69347657033171,0.0,-0.7204791783257647,3.929013079667063,3.929013079667063
-92.705364948988,1095.4100940113851,-206.5318504040521,-106.8260005411311,1106.8544242770029,-202.44814695089033,0.69347657033171,0.0,-0.7204791783257647,3.929013079667063,3.929013079667063
-106.8260005411311,1106.8544242770029,-202.44814695089033,-120.94663613327421,1118.2987545426204,-198.36444349772856,0.69347657033171,0.0,-0.7204791783257647,3.929013079667063,3.929013079667063
-118.68550107580295,1094.1281875962084,-198.9703128103557,-106.8260005411311,1106.8544242770029,-202.44814695089033,0.69347657033171,0.0,-0.7204791783257647,3.929013079667063,3.929013079667063
-106.8260005411311,1106.8544242770029,-202.44814695089033,-94.96650000645927,1119.5806609577971,-205.92598109142497,0.69347657033171,0.0,-0.7204791783257647,3.929013079667063,3.929013079667063
-94.96650000645927,1119.5806609577971,-205.92598109142497,-109.08713559860237,1131.0249912234146,-201.84227763826323,0.69347657033171,0.0,-0.7204791783257647,3.929013079667063,3.929013079667063
-109.08713559860237,1131.0249912234146,-201.84227763826323,-123.20777119074549,1142.4693214890324,-197.75857418510145,0.69347657033171,0.0,-0.7204791783257647,3.929013079667063,3.929013079667063
-120.94663613327421,1118.2987545426204,-198.36444349772856,-109.08713559860237,1131.0249912234146,-201.84227763826323,0.69347657033171,0.0,-0.7204791783257647,3.929013079667063,3.929013079667063
-109.08713559860237,1131.0249912234146,-201.84227763826323,-97.22763506393055,1143.7512279042091,-205.32011177879787,0.69347657033171,0.0,-0.7204791783257647,3.929013079667063,3.929013079667063
-3.987492207223753e-14,0.0,-217.0689655172414,5.1398314998088495,24.170566946411853,-229.28194630694162,0.0,0.0,1.0,3.929013079667063,3.929013079667063
-9.66210161475146,24.170566946411853,-203.6442461022869,-4.522270114942572,48.341133892823706,-215.85722689198715,0.0,0.0,1.0,3.929013079667063,3.929013079667063
-4.522270114942572,48.341133892823706,-215.85722689198715,0.6175613848663177,72.51170083923556,-228.07020768168738,0.0,0.0,1.0,3.929013079667063,3.929013079667063
5.1398314998088495,24.170566946411853,-229.28194630694162,-4.522270114942572,48.341133892823706,-215.85722689198715,0.0,0.0,1.0,3.929013079667063,3.929013079667063
-4.522270114942572,48.341133892823706,-215.85722689198715,-14.184371729693993,72.51170083923556,-202.43250747703266,0.0,0.0,1.0,3.929013079667063,3.929013079667063
-14.184371729693993,72.51170083923556,-202.43250747703266,-9.044540229885103,96.68226778564741,-214.64548826673288,0.0,0.0,1.0,3.929013079667063,3.929013079667063
-9.044540229885103,96.68226778564741,-214.64548826673288,-3.904708730076212,120.85283473205928,-226.8584690564331,0.0,0.0,1.0,3.929013079667063,3.929013079667063
0.6175613848663177,72.51170083923556,-228.07020768168738,-9.044540229885103,96.68226778564741,-214.64548826673288,0.0,0.0,1.0,3.929013079667063,3.929013079667063
-9.044540229885103,96.68226778564741,-214.64548826673288,-18.706641844636522,120.85283473205928,-201.2207688517784,0.0,0.0,1.0,3.929013079667063,3.929013079667063
-18.706641844636522,120.85283473205928,-201.2207688517784,-13.566810344827633,145.02340167847112,-213.43374964147864,0.0,0.0,1.0,3.929013079667063,3.929013079667063
-13.566810344827633,145.02340167847112,-213.43374964147864,-8.426978845018743,169.19396862488296,-225.64673043117887,0.0,0.0,1.0,3.929013079667063,3.929013079667063
-3.904708730076212,120.85283473205928,-226.8584690564331,-13.566810344827633,145.02340167847112,-213.43374964147864,0.0,0.0,1.0,3.929013079667063,3.929013079667063
-13.566810344827633,145.02340167847112,-213.43374964147864,-23.22891195957905,169.19396862488296,-200.00903022652415,0.0,0.0,1.0,3.929013079667063,3.929013079667063
-23.22891195957905,169.19396862488296,-200.00903022652415,-18.089080459770166,193.36453557129482,-212.22201101622437,0.0,0.0,1.0,3.929013079667063,3.929013079667063
-18.089080459770166,193.36453557129482,-212.22201101622437,-12.949248959961276,217.53510251770663,-224.43499180592462,0.0,0.0,1.0,3.929013079667063,3.929013079667063
-8.426978845018743,169.19396862488296,-225.64673043117887,-18.089080459770166,193.36453557129482,-212.22201101622437,0.0,0.0,1.0,3.929013079667063,3.929013079667063
-18.089080459770166,193.36453557129482,-212.22201101622437,-27.751182074521587,217.53510251770663,-198.7972916012699,0.0,0.0,1.0,3.929013079667063,3.929013079667063
-27.751182074521587,217.53510251770663,-198.7972916012699,-22.611350574712695,241.70566946411853,-211.01027239097013,0.0,0.0,1.0,3.929013079667063,3.929013079667063
-22.611350574712695,241.70566946411853,-211.01027239097013,-17.471519074903803,265.8762364105303,-223.22325318067035,0.0,0.0,1.0,3.929013079667063,3.929013079667063
-12.949248959961276,217.53510251770663,-224.43499180592462,-22.611350574712695,241.70566946411853,-211.01027239097013,0.0,0.0,1.0,3.929013079667063,3.929013079667063
-22.611350574712695,241.70566946411853,-211.01027239097013,-32.273452189464116,265.8762364105303,-197.58555297601563,0.0,0.0,1.0,3.929013079667063,3.929013079667063
-32.273452189464116,265.8762364105303,-197.58555297601563,-27.133620689655228,290.0468033569422,-209.7985337657159,0.0,0.0,1.0,3.929013079667063,3.929013079667063
-27.133620689655228,290.0468033569422,-209.7985337657159,-21.99378918984634,314.2173703033541,-222.0115145554161,0.0,0.0,1.0,3.929013079667063,3.929013079667063
-17.471519074903803,265.8762364105303,-223.22325318067035,-27.133620689655228,290.0468033569422,-209.7985337657159,0.0,0.0,1.0,3.929013079667063,3.929013079667063
-27.133620689655228,290.0468033569422,-209.7985337657159,-36.79572230440665,314.2173703033541,-196.3738143507614,0.0,0.0,1.0,3.929013079667063,3.929013079667063
-36.79572230440665,314.2173703033541,-196.3738143507614,-31.655890804597757,338.38793724976586,-208.58679514046162,0.0,0.0,1.0,3.929013079667063,3.929013079667063
-31.655890804597757,338.38793724976586,-208.58679514046162,-26.516059304788875,362.55850419617775,-220.79977593016184,0.0,0.0,1.0,3.929013079667063,3.929013079667063
-21.99378918984634,314.2173703033541,-222.0115145554161,-31.655890804597757,338.38793724976586,-208.58679514046162,0.0,0.0,1.0,3.929013079667063,3.929013079667063
-31.655890804597757,338.38793724976586,-208.58679514046162,-41.31799241934919,362.55850419617775,-195.16207572550712,0.0,0.0,1.0,3.929013079667063,3.929013079667063
-41.31799241934918,362.55850419617764,-195.16207572550712,-36.1781609195403,386.72907114258965,-207.37505651520738,0.0,0.0,1.0,3.929013079667063,3.929013079667063
-36.1781609195403,386.72907114258965,-207.37505651520738,-31.038329419731397,410.8996380890014,-219.5880373049076,0.0,0.0,1.0,3.929013079667063,3.929013079667063
-26.516059304788868,362.55850419617764,-220.79977593016184,-36.1781609195403,386.72907114258965,-207.37505651520738,0.0,0.0,1.0,3.929013079667063,3.929013079667063
-36.1781609195403,386.72907114258965,-207.37505651520738,-45.84026253429171,410.8996380890014,-193.95033710025288,0.0,0.0,1.0,3.929013079667063,3.929013079667063
-45.84026253429171,410.8996380890014,-193.95033710025288,-40.700431034482826,435.0702050354133,-206.1633178899531,0.0,0.0,1.0,3.929013079667063,3.929013079667063
-40.700431034482826,435.0702050354133,-206.1633178899531,-35.56059953467393,459.2407719818251,-218.37629867965336,0.0,0.0,1.0,3.929013079667063,3.929013079667063
-31.038329419731397,410.8996380890014,-219.5880373049076,-40.700431034482826,435.0702050354133,-206.1633178899531,0.0,0.0,1.0,3.929013079667063,3.929013079667063
-40.700431034482826,435.0702050354133,-206.1633178899531,-50.36253264923425,459.2407719818251,-192.73859847499864,0.0,0.0,1.0,3.929013079667063,3.929013079667063
-50.36253264923425,459.2407719818251,-192.73859847499864,-45.22270114942536,483.4113389282371,-204.95157926469886,0.0,0.0,1.0,3.929013079667063,3.929013079667063
-45.22270114942536,483.4113389282371,-204.95157926469886,-40.08286964961647,507.5819058746489,-217.1645600543991,0.0,0.0,1.0,3.929013079667063,3.929013079667063
-35.56059953467393,459.2407719818251,-218.37629867965336,-45.22270114942536,483.4113389282371,-204.95157926469886,0.0,0.0,1.0,3.929013079667063,3.929013079667063
-45.22270114942536,483.4113389282371,-204.95157926469886,-54.88480276417678,507.5819058746489,-191.52685984974437,0.0,0.0,1.0,3.929013079667063,3.929013079667063
-54.88480276417678,507.5819058746489,-191.52685984974437,-49.744971264367884,531.7524728210607,-203.7398406394446,0.0,0.0,1.0,3.929013079667063,3.929013079667063
-49.744971264367884,531.7524728210607,-203.7398406394446,-44.605139764559,555.9230397674727,-215.95282142914485,0.0,0.0,1.0,3.929013079667063,3.929013079667063
-40.08286964961647,507.5819058746489,-217.1645600543991,-49.744971264367884,531.7524728210607,-203.7398406394446,0.0,0.0,1.0,3.929013079667063,3.929013079667063
-49.744971264367884,531.7524728210607,-203.7398406394446,-59.40707287911931,555.9230397674727,-190.31512122449013,0.0,0.0,1.0,3.929013079667063,3.929013079667063
-59.407072879119305,555.9230397674726,-190.31512122449013,-54.26724137931042,580.0936067138845,-202.52810201419035,0.0,0.0,1.0,3.929013079667063,3.929013079667063
-54.26724137931042,580.0936067138845,-202.52810201419035,-49.12740987950153,604.2641736602963,-214.74108280389058,0.0,0.0,1.0,3.929013079667063,3.929013079667063
-44.60513976455899,555.9230397674726,-215.95282142914485,-54.26724137931042,580.0936067138845,-202.52810201419035,0.0,0.0,1.0,3.929013079667063,3.929013079667063
-54.26724137931042,580.0936067138845,-202.52810201419035,-63.92934299406184,604.2641736602963,-189.10338259923586,0.0,0.0,1.0,3.929013079667063,3.929013079667063
-63.92934299406185,604.2641736602964,-189.10338259923586,-58.789511494252956,628.4347406067081,-201.3163633889361,0.0,0.0,1.0,3.929013079667063,3.929013079667063
-58.789511494252956,628.4347406067081,-201.3163633889361,-53.64967999444406,652.60530755312,-213.52934417863634,0.0,0.0,1.0,3.929013079667063,3.929013079667063
-49.127409879501535,604.2641736602964,-214.74108280389058,-58.789511494252956,628.4347406067081,-201.3163633889361,0.0,0.0,1.0,3.929013079667063,3.929013079667063
-58.789511494252956,628.4347406067081,-201.3163633889361,-68.45161310900437,652.60530755312,-187.89164397398162,0.0,0.0,1.0,3.929013079667063,3.929013079667063
-68.45161310900438,652.6053075531202,-187.89164397398162,-63.311781609195485,676.7758744995319,-200.10462476368184,0.0,0.0,1.0,3.929013079667063,3.929013079667063
-63.311781609195485,676.7758744995319,-200.10462476368184,-58.171950109386586,700.9464414459437,-212.31760555338207,0.0,0.0,1.0,3.929013079667063,3.929013079667063
-53.64967999444407,652.6053075531202,-213.52934417863634,-63.311781609195485,676.7758744995319,-200.10462476368184,0.0,0.0,1.0,3.929013079667063,3.929013079667063
-63.311781609195485,676.7758744995319,-200.10462476368184,-72.9738832239469,700.9464414459437,-186.67990534872735,0.0,0.0,1.0,3.929013079667063,3.929013079667063
-72.9738832239469,700.9464414459437,-186.67990534872735,-67.834051724138,725.1170083923555,-198.8928861384276,0.0,0.0,1.0,3.929013079667063,3.929013079667063
-67.834051724138,725.1170083923555,-198.8928861384276,-62.694220224329115,749.2875753387674,-211.10586692812782,0.0,0.0,1.0,3.929013079667063,3.929013079667063
-58.171950109386586,700.9464414459437,-212.31760555338207,-67.834051724138,725.1170083923555,-198.8928861384276,0.0,0.0,1.0,3.929013079667063,3.929013079667063
-67.834051724138,725.1170083923555,-198.8928861384276,-77.49615333888943,749.2875753387674,-185.4681667234731,0.0,0.0,1.0,3.929013079667063,3.929013079667063
-77.49615333888944,749.2875753387675,-185.4681667234731,-72.35632183908055,773.4581422851793,-197.68114751317333,0.0,0.0,1.0,3.929013079667063,3.929013079667063
-72.35632183908055,773.4581422851793,-197.68114751317333,-67.21649033927164,797.6287092315911,-209.89412830287358,0.0,0.0,1.0,3.929013079667063,3.929013079667063
-62.69422022432913,749.2875753387675,-211.10586692812782,-72.35632183908055,773.4581422851793,-197.68114751317333,0.0,0.0,1.0,3.929013079667063,3.929013079667063
-72.35632183908055,773.4581422851793,-197.68114751317333,-82.01842345383196,797.6287092315911,-184.25642809821886,0.0,0.0,1.0,3.929013079667063,3.929013079667063
-82.01842345383197,797.6287092315912,-184.25642809821886,-76.87859195402308,821.799276178003,-196.4694088879191,0.0,0.0,1.0,3.929013079667063,3.929013079667063
-76.87859195402308,821.799276178003,-196.4694088879191,-71.73876045421419,845.9698431244149,-208.6823896776193,0.0,0.0,1.0,3.929013079667063,3.929013079667063
-67.21649033927166,797.6287092315912,-209.89412830287358,-76.87859195402308,821.799276178003,-196.4694088879191,0.0,0.0,1.0,3.929013079667063,3.929013079667063
-76.87859195402308,821.799276178003,-196.4694088879191,-86.5406935687745,845.9698431244149,-183.0446894729646,0.0,0.0,1.0,3.929013079667063,3.929013079667063
-86.5406935687745,845.969843124415,-183.0446894729646,-81.40086206896561,870.1404100708268,-195.25767026266482,0.0,0.0,1.0,3.929013079667063,3.929013079667063
-81.40086206896561,870.1404100708268,-195.25767026266482,-76.26103056915672,894.3109770172385,-207.47065105236507,0.0,0.0,1.0,3.929013079667063,3.929013079667063
-71.73876045421419,845.969843124415,-208.6823896776193,-81.40086206896561,870.1404100708268,-195.25767026266482,0.0,0.0,1.0,3.929013079667063,3.929013079667063
-81.40086206896561,870.1404100708268,-195.25767026266482,-91.06296368371703,894.3109770172385,-181.83295084771035,0.0,0.0,1.0,3.929013079667063,3.929013079667063
-91.06296368371704,894.3109770172387,-181.83295084771035,-85.92313218390815,918.4815439636504,-194.04593163741058,0.0,0.0,1.0,3.929013079667063,3.929013079667063
-85.92313218390815,918.4815439636504,-194.04593163741058,-80.78330068409925,942.6521109100623,-206.2589124271108,0.0,0.0,1.0,3.929013079667063,3.929013079667063
-76.26103056915673,894.3109770172387,-207.47065105236507,-85.92313218390815,918.4815439636504,-194.04593163741058,0.0,0.0,1.0,3.929013079667063,3.929013079667063
-85.92313218390815,918.4815439636504,-194.04593163741058,-95.58523379865956,942.6521109100623,-180.62121222245608,0.0,0.0,1.0,3.929013079667063,3.929013079667063
-95.58523379865956,942.6521109100623,-180.62121222245608,-90.44540229885067,966.8226778564741,-192.83419301215633,0.0,0.0,1.0,3.929013079667063,3.929013079667063
-90.44540229885067,966.8226778564741,-192.83419301215633,-85.30557079904177,990.9932448028859,-205.04717380185656,0.0,0.0,1.0,3.929013079667063,3.929013079667063
-80.78330068409925,942.6521109100623,-206.2589124271108,-90.44540229885067,966.8226778564741,-192.83419301215633,0.0,0.0,1.0,3.929013079667063,3.929013079667063
-90.44540229885067,966.8226778564741,-192.83419301215633,-100.10750391360209,990.9932448028859,-179.40947359720184,0.0,0.0,1.0,3.929013079667063,3.929013079667063
-100.1075039136021,990.9932448028859,-179.40947359720184,-94.96767241379321,1015.1638117492977,-191.62245438690206,0.0,0.0,1.0,3.929013079667063,3.929013079667063
-94.96767241379321,1015.1638117492977,-191.62245438690206,-89.8278409139843,1039.3343786957096,-203.83543517660232,0.0,0.0,1.0,3.929013079667063,3.929013079667063
-85.30557079904179,990.9932448028859,-205.04717380185656,-94.96767241379321,1015.1638117492977,-191.62245438690206,0.0,0.0,1.0,3.929013079667063,3.929013079667063
-94.96767241379321,1015.1638117492977,-191.62245438690206,-104.62977402854462,1039.3343786957096,-178.1977349719476,0.0,0.0,1.0,3.929013079667063,3.929013079667063
-104.62977402854463,1039.3343786957098,-178.19773497194757,-99.48994252873572,1063.5049456421214,-190.41071576164782,0.0,0.0,1.0,3.929013079667063,3.929013079667063
-99.48994252873572,1063.5049456421214,-190.41071576164782,-94.35011102892685,1087.6755125885334,-202.62369655134805,0.0,0.0,1.0,3.929013079667063,3.929013079667063
-89.82784091398432,1039.3343786957098,-203.8354351766023,-99.48994252873572,1063.5049456421214,-190.41071576164782,0.0,0.0,1.0,3.929013079667063,3.929013079667063
-99.48994252873572,1063.5049456421214,-190.41071576164782,-109.15204414348716,1087.6755125885334,-176.98599634669333,0.0,0.0,1.0,3.929013079667063,3.929013079667063
-109.15204414348713,1087.6755125885331,-176.98599634669333,-104.01221264367825,1111.8460795349451,-189.19897713639358,0.0,0.0,1.0,3.929013079667063,3.929013079667063
-104.01221264367825,1111.8460795349451,-189.19897713639358,-98.87238114386936,1136.016646481357,-201.4119579260938,0.0,0.0,1.0,3.929013079667063,3.929013079667063
-94.35011102892682,1087.6755125885331,-202.62369655134805,-104.01221264367825,1111.8460795349451,-189.19897713639358,0.0,0.0,1.0,3.929013079667063,3.929013079667063
-104.01221264367825,1111.8460795349451,-189.19897713639358,-113.67431425842967,1136.016646481357,-175.77425772143908,0.0,0.0,1.0,3.929013079667063,3.929013079667063
-108.5344827586208,1160.187213427769,-187.9872385111393,-98.87238114386936,1136.016646481357,-201.4119579260938,0.0,0.0,1.0,3.929013079667063,3.929013079667063
-14.184371729693993,72.51170083923556,-202.43250747703266,-17.27624424641445,80.24628226208736,-198.13659726424723,0.0,0.0,1.0,3.929013079667063,3.929013079667063
0.6175613848663177,72.51170083923556,-228.07020768168738,2.262307464805163,80.24628226208736,-231.97836153439144,0.0,0.0,1.0,3.929013079667063,3.929013079667063
-18.706641844636522,120.85283473205928,-201.2207688517784,-21.79851436135698,128.58741615491107,-196.924858638993,0.0,0.0,1.0,3.929013079667063,3.929013079667063
-3.904708730076212,120.85283473205928,-226.8584690564331,-2.2599626501373695,128.58741615491107,-230.7666229091372,0.0,0.0,1.0,3.929013079667063,3.929013079667063
-23.22891195957905,169.19396862488296,-200.00903022652415,-26.32078447629951,176.92855004773477,-195.71312001373872,0.0,0.0,1.0,3.929013079667063,3.929013079667063
-8.426978845018743,169.19396862488296,-225.64673043117887,-6.7822327650799,176.92855004773477,-229.55488428388293,0.0,0.0,1.0,3.929013079667063,3.929013079667063
-27.751182074521587,217.53510251770663,-198.7972916012699,-30.84305459124204,225.26968394055845,-194.50138138848448,0.0,0.0,1.0,3.929013079667063,3.929013079667063
-12.949248959961276,217.53510251770663,-224.43499180592462,-11.30450288002243,225.26968394055845,-228.34314565862869,0.0,0.0,1.0,3.929013079667063,3.929013079667063
-32.273452189464116,265.8762364105303,-197.58555297601563,-35.365324706184566,273.61081783338216,-193.2896427632302,0.0,0.0,1.0,3.929013079667063,3.929013079667063
-17.471519074903803,265.8762364105303,-223.22325318067035,-15.826772994964958,273.61081783338216,-227.13140703337442,0.0,0.0,1.0,3.929013079667063,3.929013079667063
-36.79572230440665,314.2173703033541,-196.3738143507614,-39.88759482112711,321.95195172620583,-192.07790413797596,0.0,0.0,1.0,3.929013079667063,3.929013079667063
-21.99378918984634,314.2173703033541,-222.0115145554161,-20.349043109907495,321.95195172620583,-225.91966840812017,0.0,0.0,1.0,3.929013079667063,3.929013079667063
-41.31799241934919,362.55850419617775,-195.16207572550712,-44.409864936069646,370.2930856190296,-190.86616551272172,0.0,0.0,1.0,3.929013079667063,3.929013079667063
-26.516059304788875,362.55850419617775,-220.79977593016184,-24.871313224850034,370.2930856190296,-224.70792978286593,0.0,0.0,1.0,3.929013079667063,3.929013079667063
-45.84026253429171,410.8996380890014,-193.95033710025288,-48.93213505101217,418.6342195118532,-189.65442688746745,0.0,0.0,1.0,3.929013079667063,3.929013079667063
-31.038329419731397,410.8996380890014,-219.5880373049076,-29.393583339792556,418.6342195118532,-223.49619115761166,0.0,0.0,1.0,3.929013079667063,3.929013079667063
-50.36253264923425,459.2407719818251,-192.73859847499864,-53.454405165954704,466.975353404677,-188.4426882622132,0.0,0.0,1.0,3.929013079667063,3.929013079667063
-35.56059953467393,459.2407719818251,-218.37629867965336,-33.91585345473509,466.975353404677,-222.28445253235742,0.0,0.0,1.0,3.929013079667063,3.929013079667063
-54.88480276417678,507.5819058746489,-191.52685984974437,-57.97667528089723,515.3164872975008,-187.23094963695894,0.0,0.0,1.0,3.929013079667063,3.929013079667063
-40.08286964961647,507.5819058746489,-217.1645600543991,-38.43812356967762,515.3164872975008,-221.07271390710315,0.0,0.0,1.0,3.929013079667063,3.929013079667063
-59.40707287911931,555.9230397674727,-190.31512122449013,-62.49894539583977,563.6576211903244,-186.0192110117047,0.0,0.0,1.0,3.929013079667063,3.929013079667063
-44.605139764559,555.9230397674727,-215.95282142914485,-42.96039368462016,563.6576211903244,-219.8609752818489,0.0,0.0,1.0,3.929013079667063,3.929013079667063
-63.92934299406184,604.2641736602963,-189.10338259923586,-67.0212155107823,611.9987550831481,-184.80747238645043,0.0,0.0,1.0,3.929013079667063,3.929013079667063
-49.12740987950153,604.2641736602963,-214.74108280389058,-47.48266379956268,611.9987550831481,-218.64923665659464,0.0,0.0,1.0,3.929013079667063,3.929013079667063
-68.45161310900437,652.60530755312,-187.89164397398162,-71.54348562572483,660.3398889759718,-183.5957337611962,0.0,0.0,1.0,3.929013079667063,3.929013079667063
-53.64967999444406,652.60530755312,-213.52934417863634,-52.004933914505216,660.3398889759718,-217.4374980313404,0.0,0.0,1.0,3.929013079667063,3.929013079667063
-72.9738832239469,700.9464414459437,-186.67990534872735,-76.06575574066736,708.6810228687956,-182.38399513594194,0.0,0.0,1.0,3.929013079667063,3.929013079667063
-58.171950109386586,700.9464414459437,-212.31760555338207,-56.527204029447745,708.6810228687956,-216.22575940608615,0.0,0.0,1.0,3.929013079667063,3.929013079667063
-77.49615333888943,749.2875753387674,-185.4681667234731,-80.58802585560989,757.0221567616192,-181.17225651068767,0.0,0.0,1.0,3.929013079667063,3.929013079667063
-62.694220224329115,749.2875753387674,-211.10586692812782,-61.049474144390274,757.0221567616192,-215.01402078083188,0.0,0.0,1.0,3.929013079667063,3.929013079667063
-82.01842345383196,797.6287092315911,-184.25642809821886,-85.11029597055241,805.363290654443,-179.96051788543343,0.0,0.0,1.0,3.929013079667063,3.929013079667063
-67.21649033927164,797.6287092315911,-209.89412830287358,-65.5717442593328,805.363290654443,-213.80228215557764,0.0,0.0,1.0,3.929013079667063,3.929013079667063
-86.5406935687745,845.9698431244149,-183.0446894729646,-89.63256608549496,853.7044245472666,-178.74877926017916,0.0,0.0,1.0,3.929013079667063,3.929013079667063
-71.73876045421419,845.9698431244149,-208.6823896776193,-70.09401437427535,853.7044245472666,-212.59054353032337,0.0,0.0,1.0,3.929013079667063,3.929013079667063
-91.06296368371703,894.3109770172385,-181.83295084771035,-94.15483620043749,902.0455584400904,-177.53704063492492,0.0,0.0,1.0,3.929013079667063,3.929013079667063
-76.26103056915672,894.3109770172385,-207.47065105236507,-74.61628448921788,902.0455584400904,-211.37880490506913,0.0,0.0,1.0,3.929013079667063,3.929013079667063
-95.58523379865956,942.6521109100623,-180.62121222245608,-98.67710631538002,950.3866923329141,-176.32530200967065,0.0,0.0,1.0,3.929013079667063,3.929013079667063
-80.78330068409925,942.6521109100623,-206.2589124271108,-79.1385546041604,950.3866923329141,-210.16706627981486,0.0,0.0,1.0,3.929013079667063,3.929013079667063
-100.10750391360209,990.9932448028859,-179.40947359720184,-103.19937643032254,998.7278262257377,-175.1135633844164,0.0,0.0,1.0,3.929013079667063,3.929013079667063
-85.30557079904177,990.9932448028859,-205.04717380185656,-83.66082471910293,998.7278262257377,-208.95532765456062,0.0,0.0,1.0,3.929013079667063,3.929013079667063
-104.62977402854462,1039.3343786957096,-178.1977349719476,-107.72164654526506,1047.0689601185613,-173.90182475916217,0.0,0.0,1.0,3.929013079667063,3.929013079667063
-89.8278409139843,1039.3343786957096,-203.83543517660232,-88.18309483404545,1047.0689601185613,-207.74358902930638,0.0,0.0,1.0,3.929013079667063,3.929013079667063
-109.15204414348716,1087.6755125885334,-176.98599634669333,-112.24391666020762,1095.4100940113851,-172.6900861339079,0.0,0.0,1.0,3.929013079667063,3.929013079667063
-94.35011102892685,1087.6755125885334,-202.62369655134805,-92.705364948988,1095.4100940113851,-206.5318504040521,0.0,0.0,1.0,3.929013079667063,3.929013079667063
-113.67431425842967,1136.016646481357,-175.77425772143908,-116.76618677515013,1143.751227904209,-171.47834750865366,0.0,0.0,1.0,3.929013079667063,3.929013079667063
-98.87238114386936,1136.016646481357,-201.4119579260938,-97.22763506393052,1143.751227904209,-205.32011177879787,0.0,0.0,1.0,3.929013079667063,3.929013079667063
-108.5344827586208,1160.187213427769,-187.9872385111393,-113.67431425842967,1136.016646481357,-175.77425772143908,0.0,0.0,1.0,3.929013079667063,3.929013079667063
-2.7776256280661086e-14,0.0,-151.20689655172413,-11.32603465103446,24.170566946411846,-143.33640001950965,0.0,0.0,1.0,3.929013079667063,3.929013079667063
-7.274898678099768,32.79759409354691,-166.851396777202,-10.325096289192397,44.43665470461121,-153.62359933955022,-0.6900981947236448,0.0,-0.7237157464358271,3.929013079667063,3.929013079667063
-10.325096289192397,44.43665470461121,-153.62359933955022,-13.375293900285024,56.0757153156755,-140.3958019018984,-0.6900981947236448,0.0,-0.7237157464358271,3.929013079667063,3.929013079667063
-14.950365739365484,31.905148369263635,-140.817841129201,-10.325096289192397,44.43665470461121,-153.62359933955022,-0.6900981947236448,0.0,-0.7237157464358271,3.929013079667063,3.929013079667063
-10.325096289192397,44.43665470461121,-153.62359933955022,-5.699826839019309,56.96816103995878,-166.4293575498994,-0.6900981947236448,0.0,-0.7237157464358271,3.929013079667063,3.929013079667063
-5.699826839019309,56.96816103995878,-166.4293575498994,-8.750024450111937,68.60722165102305,-153.20156011224762,-0.6900981947236448,0.0,-0.7237157464358271,3.929013079667063,3.929013079667063
-8.750024450111937,68.60722165102305,-153.20156011224762,-11.800222061204565,80.24628226208736,-139.9737626745958,-0.6900981947236448,0.0,-0.7237157464358271,3.929013079667063,3.929013079667063
-13.375293900285024,56.0757153156755,-140.3958019018984,-8.750024450111937,68.60722165102305,-153.20156011224762,-0.6900981947236448,0.0,-0.7237157464358271,3.929013079667063,3.929013079667063
-8.750024450111937,68.60722165102305,-153.20156011224762,-4.124754999938849,81.13872798637064,-166.0073183225968,-0.6900981947236448,0.0,-0.7237157464358271,3.929013079667063,3.929013079667063
-4.124754999938849,81.13872798637064,-166.0073183225968,-7.174952611031479,92.77778859743492,-152.77952088494501,-0.6900981947236448,0.0,-0.7237157464358271,3.929013079667063,3.929013079667063
-7.174952611031479,92.77778859743492,-152.77952088494501,-10.225150222124105,104.41684920849923,-139.5517234472932,-0.6900981947236448,0.0,-0.7237157464358271,3.929013079667063,3.929013079667063
-11.800222061204565,80.24628226208736,-139.9737626745958,-7.174952611031479,92.77778859743492,-152.77952088494501,-0.6900981947236448,0.0,-0.7237157464358271,3.929013079667063,3.929013079667063
-7.174952611031479,92.77778859743492,-152.77952088494501,-2.5496831608583896,105.3092949327825,-165.5852790952942,-0.6900981947236448,0.0,-0.7237157464358271,3.929013079667063,3.929013079667063
-2.5496831608583914,105.30929493278248,-165.5852790952942,-5.599880771951019,116.94835554384679,-152.3574816576424,-0.6900981947236448,0.0,-0.7237157464358271,3.929013079667063,3.929013079667063
-5.599880771951019,116.94835554384679,-152.3574816576424,-8.650078383043649,128.5874161549111,-139.1296842199906,-0.6900981947236448,0.0,-0.7237157464358271,3.929013079667063,3.929013079667063
-10.225150222124107,104.4168492084992,-139.5517234472932,-5.599880771951019,116.94835554384679,-152.3574816576424,-0.6900981947236448,0.0,-0.7237157464358271,3.929013079667063,3.929013079667063
-5.599880771951019,116.94835554384679,-152.3574816576424,-0.9746113217779335,129.47986187919437,-165.1632398679916,-0.6900981947236448,0.0,-0.7237157464358271,3.929013079667063,3.929013079667063
-0.9746113217779335,129.47986187919437,-165.1632398679916,-4.024808932870561,141.11892249025868,-151.93544243033978,-0.6900981947236448,0.0,-0.7237157464358271,3.929013079667063,3.929013079667063
-4.024808932870561,141.11892249025868,-151.93544243033978,-7.075006543963189,152.75798310132296,-138.70764499268796,-0.6900981947236448,0.0,-0.7237157464358271,3.929013079667063,3.929013079667063
-8.650078383043649,128.5874161549111,-139.1296842199906,-4.024808932870561,141.11892249025868,-151.93544243033978,-0.6900981947236448,0.0,-0.7237157464358271,3.929013079667063,3.929013079667063
-4.024808932870561,141.11892249025868,-151.93544243033978,0.6004605173025261,153.65042882560624,-164.74120064068896,-0.6900981947236448,0.0,-0.7237157464358271,3.929013079667063,3.929013079667063
0.6004605173025261,153.65042882560624,-164.74120064068896,-2.4497370937901017,165.28948943667055,-151.51340320303717,-0.6900981947236448,0.0,-0.7237157464358271,3.929013079667063,3.929013079667063
-2.4497370937901017,165.28948943667055,-151.51340320303717,-5.49993470488273,176.92855004773483,-138.28560576538536,-0.6900981947236448,0.0,-0.7237157464358271,3.929013079667063,3.929013079667063
-7.075006543963189,152.75798310132296,-138.70764499268796,-2.4497370937901017,165.28948943667055,-151.51340320303717,-0.6900981947236448,0.0,-0.7237157464358271,3.929013079667063,3.929013079667063
-2.4497370937901017,165.28948943667055,-151.51340320303717,2.175532356382986,177.8209957720181,-164.31916141338635,-0.6900981947236448,0.0,-0.7237157464358271,3.929013079667063,3.929013079667063
2.175532356382986,177.8209957720181,-164.31916141338635,-0.8746652547096438,189.4600563830824,-151.09136397573457,-0.6900981947236448,0.0,-0.7237157464358271,3.929013079667063,3.929013079667063
-0.8746652547096438,189.4600563830824,-151.09136397573457,-3.9248628658022717,201.09911699414667,-137.86356653808275,-0.6900981947236448,0.0,-0.7237157464358271,3.929013079667063,3.929013079667063
-5.49993470488273,176.92855004773483,-138.28560576538536,-0.8746652547096438,189.4600563830824,-151.09136397573457,-0.6900981947236448,0.0,-0.7237157464358271,3.929013079667063,3.929013079667063
-0.8746652547096438,189.4600563830824,-151.09136397573457,3.7506041954634437,201.99156271842995,-163.89712218608375,-0.6900981947236448,0.0,-0.7237157464358271,3.929013079667063,3.929013079667063
3.7506041954634455,201.99156271842998,-163.89712218608375,0.7004065843708158,213.63062332949428,-150.66932474843196,-0.6900981947236448,0.0,-0.7237157464358271,3.929013079667063,3.929013079667063
0.7004065843708158,213.63062332949428,-150.66932474843196,-2.349791026721812,225.2696839405585,-137.44152731078015,-0.6900981947236448,0.0,-0.7237157464358271,3.929013079667063,3.929013079667063
-3.92486286580227,201.0991169941467,-137.86356653808275,0.7004065843708158,213.63062332949428,-150.66932474843196,-0.6900981947236448,0.0,-0.7237157464358271,3.929013079667063,3.929013079667063
0.7004065843708158,213.63062332949428,-150.66932474843196,5.325676034543903,226.16212966484179,-163.47508295878114,-0.6900981947236448,0.0,-0.7237157464358271,3.929013079667063,3.929013079667063
5.325676034543905,226.16212966484184,-163.47508295878114,2.2754784234512755,237.80119027590612,-150.24728552112936,-0.6900981947236448,0.0,-0.7237157464358271,3.929013079667063,3.929013079667063
2.2754784234512755,237.80119027590612,-150.24728552112936,-0.7747191876413524,249.4402508869704,-137.0194880834775,-0.6900981947236448,0.0,-0.7237157464358271,3.929013079667063,3.929013079667063
-2.3497910267218103,225.26968394055856,-137.44152731078015,2.2754784234512755,237.80119027590612,-150.24728552112936,-0.6900981947236448,0.0,-0.7237157464358271,3.929013079667063,3.929013079667063
2.2754784234512755,237.80119027590612,-150.24728552112936,6.900747873624363,250.33269661125368,-163.0530437314785,-0.6900981947236448,0.0,-0.7237157464358271,3.929013079667063,3.929013079667063
6.900747873624363,250.33269661125368,-163.0530437314785,3.8505502625317334,261.97175722231805,-149.82524629382672,-0.6900981947236448,0.0,-0.7237157464358271,3.929013079667063,3.929013079667063
3.8505502625317334,261.97175722231805,-149.82524629382672,0.8003526514391055,273.61081783338227,-136.5974488561749,-0.6900981947236448,0.0,-0.7237157464358271,3.929013079667063,3.929013079667063
-0.7747191876413524,249.4402508869704,-137.0194880834775,3.8505502625317334,261.97175722231805,-149.82524629382672,-0.6900981947236448,0.0,-0.7237157464358271,3.929013079667063,3.929013079667063
3.8505502625317334,261.97175722231805,-149.82524629382672,8.475819712704821,274.50326355766555,-162.6310045041759,-0.6900981947236448,0.0,-0.7237157464358271,3.929013079667063,3.929013079667063
8.475819712704821,274.50326355766555,-162.6310045041759,5.425622101612191,286.1423241687299,-149.40320706652412,-0.6900981947236448,0.0,-0.7237157464358271,3.929013079667063,3.929013079667063
5.425622101612191,286.1423241687299,-149.40320706652412,2.3754244905195634,297.7813847797941,-136.1754096288723,-0.6900981947236448,0.0,-0.7237157464358271,3.929013079667063,3.929013079667063
0.8003526514391055,273.61081783338227,-136.5974488561749,5.425622101612191,286.1423241687299,-149.40320706652412,-0.6900981947236448,0.0,-0.7237157464358271,3.929013079667063,3.929013079667063
5.425622101612191,286.1423241687299,-149.40320706652412,10.050891551785279,298.6738305040774,-162.2089652768733,-0.6900981947236448,0.0,-0.7237157464358271,3.929013079667063,3.929013079667063
10.050891551785279,298.6738305040774,-162.2089652768733,7.000693940692649,310.3128911151417,-148.9811678392215,-0.6900981947236448,0.0,-0.7237157464358271,3.929013079667063,3.929013079667063
7.000693940692649,310.3128911151417,-148.9811678392215,3.9504963296000213,321.95195172620595,-135.7533704015697,-0.6900981947236448,0.0,-0.7237157464358271,3.929013079667063,3.929013079667063
2.3754244905195634,297.7813847797941,-136.1754096288723,7.000693940692649,310.3128911151417,-148.9811678392215,-0.6900981947236448,0.0,-0.7237157464358271,3.929013079667063,3.929013079667063
7.000693940692649,310.3128911151417,-148.9811678392215,11.625963390865737,322.8443974504892,-161.7869260495707,-0.6900981947236448,0.0,-0.7237157464358271,3.929013079667063,3.929013079667063
11.625963390865737,322.8443974504892,-161.7869260495707,8.575765779773107,334.48345806155356,-148.5591286119189,-0.6900981947236448,0.0,-0.7237157464358271,3.929013079667063,3.929013079667063
8.575765779773107,334.48345806155356,-148.5591286119189,5.525568168680479,346.12251867261784,-135.3313311742671,-0.6900981947236448,0.0,-0.7237157464358271,3.929013079667063,3.929013079667063
3.9504963296000213,321.95195172620595,-135.7533704015697,8.575765779773107,334.48345806155356,-148.5591286119189,-0.6900981947236448,0.0,-0.7237157464358271,3.929013079667063,3.929013079667063
8.575765779773107,334.48345806155356,-148.5591286119189,13.201035229946195,347.0149643969011,-161.3648868222681,-0.6900981947236448,0.0,-0.7237157464358271,3.929013079667063,3.929013079667063
13.201035229946195,347.0149643969011,-161.3648868222681,10.150837618853565,358.6540250079654,-148.1370893846163,-0.6900981947236448,0.0,-0.7237157464358271,3.929013079667063,3.929013079667063
10.150837618853565,358.6540250079654,-148.1370893846163,7.100640007760937,370.2930856190297,-134.90929194696446,-0.6900981947236448,0.0,-0.7237157464358271,3.929013079667063,3.929013079667063
5.525568168680479,346.12251867261784,-135.3313311742671,10.150837618853565,358.6540250079654,-148.1370893846163,-0.6900981947236448,0.0,-0.7237157464358271,3.929013079667063,3.929013079667063
10.150837618853565,358.6540250079654,-148.1370893846163,14.776107069026652,371.18553134331296,-160.94284759496546,-0.6900981947236448,0.0,-0.7237157464358271,3.929013079667063,3.929013079667063
14.776107069026652,371.18553134331296,-160.94284759496546,11.725909457934023,382.82459195437724,-147.71505015731367,-0.6900981947236448,0.0,-0.7237157464358271,3.929013079667063,3.929013079667063
11.725909457934023,382.82459195437724,-147.71505015731367,8.675711846841395,394.4636525654415,-134.48725271966185,-0.6900981947236448,0.0,-0.7237157464358271,3.929013079667063,3.929013079667063
7.100640007760937,370.2930856190297,-134.90929194696446,11.725909457934023,382.82459195437724,-147.71505015731367,-0.6900981947236448,0.0,-0.7237157464358271,3.929013079667063,3.929013079667063
11.725909457934023,382.82459195437724,-147.71505015731367,16.35117890810711,395.3560982897248,-160.52080836766285,-0.6900981947236448,0.0,-0.7237157464358271,3.929013079667063,3.929013079667063
16.351178908107116,395.3560982897249,-160.52080836766285,13.300981297014488,406.9951589007892,-147.29301093001106,-0.6900981947236448,0.0,-0.7237157464358271,3.929013079667063,3.929013079667063
13.300981297014488,406.9951589007892,-147.29301093001106,10.25078368592186,418.6342195118535,-134.06521349235925,-0.6900981947236448,0.0,-0.7237157464358271,3.929013079667063,3.929013079667063
8.675711846841402,394.46365256544163,-134.48725271966185,13.300981297014488,406.9951589007892,-147.29301093001106,-0.6900981947236448,0.0,-0.7237157464358271,3.929013079667063,3.929013079667063
13.300981297014488,406.9951589007892,-147.29301093001106,17.926250747187574,419.52666523613675,-160.09876914036025,-0.6900981947236448,0.0,-0.7237157464358271,3.929013079667063,3.929013079667063
17.926250747187574,419.52666523613675,-160.09876914036025,14.876053136094946,431.16572584720103,-146.87097170270846,-0.6900981947236448,0.0,-0.7237157464358271,3.929013079667063,3.929013079667063
14.876053136094946,431.16572584720103,-146.87097170270846,11.825855525002318,442.8047864582653,-133.64317426505664,-0.6900981947236448,0.0,-0.7237157464358271,3.929013079667063,3.929013079667063
10.25078368592186,418.6342195118535,-134.06521349235925,14.876053136094946,431.16572584720103,-146.87097170270846,-0.6900981947236448,0.0,-0.7237157464358271,3.929013079667063,3.929013079667063
14.876053136094946,431.16572584720103,-146.87097170270846,19.50132258626803,443.6972321825486,-159.67672991305764,-0.6900981947236448,0.0,-0.7237157464358271,3.929013079667063,3.929013079667063
19.50132258626803,443.6972321825486,-159.67672991305764,16.451124975175404,455.33629279361287,-146.44893247540585,-0.6900981947236448,0.0,-0.7237157464358271,3.929013079667063,3.929013079667063
16.451124975175404,455.33629279361287,-146.44893247540585,13.400927364082776,466.9753534046772,-133.22113503775404,-0.6900981947236448,0.0,-0.7237157464358271,3.929013079667063,3.929013079667063
11.825855525002318,442.8047864582653,-133.64317426505664,16.451124975175404,455.33629279361287,-146.44893247540585,-0.6900981947236448,0.0,-0.7237157464358271,3.929013079667063,3.929013079667063
16.451124975175404,455.33629279361287,-146.44893247540585,21.07639442534849,467.86779912896054,-159.25469068575504,-0.6900981947236448,0.0,-0.7237157464358271,3.929013079667063,3.929013079667063
21.07639442534849,467.86779912896054,-159.25469068575504,18.02619681425586,479.50685974002477,-146.02689324810322,-0.6900981947236448,0.0,-0.7237157464358271,3.929013079667063,3.929013079667063
18.02619681425586,479.50685974002477,-146.02689324810322,14.97599920316323,491.145920351089,-132.7990958104514,-0.6900981947236448,0.0,-0.7237157464358271,3.929013079667063,3.929013079667063
13.400927364082776,466.9753534046772,-133.22113503775404,18.02619681425586,479.50685974002477,-146.02689324810322,-0.6900981947236448,0.0,-0.7237157464358271,3.929013079667063,3.929013079667063
18.02619681425586,479.50685974002477,-146.02689324810322,22.651466264428947,492.0383660753723,-158.8326514584524,-0.6900981947236448,0.0,-0.7237157464358271,3.929013079667063,3.929013079667063
22.651466264428947,492.0383660753723,-158.8326514584524,19.60126865333632,503.67742668643666,-145.60485402080062,-0.6900981947236448,0.0,-0.7237157464358271,3.929013079667063,3.929013079667063
19.60126865333632,503.67742668643666,-145.60485402080062,16.551071042243688,515.3164872975009,-132.3770565831488,-0.6900981947236448,0.0,-0.7237157464358271,3.929013079667063,3.929013079667063
14.97599920316323,491.145920351089,-132.7990958104514,19.60126865333632,503.67742668643666,-145.60485402080062,-0.6900981947236448,0.0,-0.7237157464358271,3.929013079667063,3.929013079667063
19.60126865333632,503.67742668643666,-145.60485402080062,24.226538103509405,516.2089330217842,-158.4106122311498,-0.6900981947236448,0.0,-0.7237157464358271,3.929013079667063,3.929013079667063
24.226538103509412,516.2089330217843,-158.4106122311498,21.176340492416784,527.8479936328486,-145.182814793498,-0.6900981947236448,0.0,-0.7237157464358271,3.929013079667063,3.929013079667063
21.176340492416784,527.8479936328486,-145.182814793498,18.126142881324153,539.4870542439128,-131.9550173558462,-0.6900981947236448,0.0,-0.7237157464358271,3.929013079667063,3.929013079667063
16.551071042243695,515.316487297501,-132.3770565831488,21.176340492416784,527.8479936328486,-145.182814793498,-0.6900981947236448,0.0,-0.7237157464358271,3.929013079667063,3.929013079667063
21.176340492416784,527.8479936328486,-145.182814793498,25.80160994258987,540.3794999681961,-157.9885730038472,-0.6900981947236448,0.0,-0.7237157464358271,3.929013079667063,3.929013079667063
25.80160994258987,540.3794999681961,-157.9885730038472,22.751412331497242,552.0185605792603,-144.7607755661954,-0.6900981947236448,0.0,-0.7237157464358271,3.929013079667063,3.929013079667063
22.751412331497242,552.0185605792603,-144.7607755661954,19.70121472040461,563.6576211903247,-131.5329781285436,-0.6900981947236448,0.0,-0.7237157464358271,3.929013079667063,3.929013079667063
18.126142881324153,539.4870542439128,-131.9550173558462,22.751412331497242,552.0185605792603,-144.7607755661954,-0.6900981947236448,0.0,-0.7237157464358271,3.929013079667063,3.929013079667063
22.751412331497242,552.0185605792603,-144.7607755661954,27.376681781670328,564.550066914608,-157.5665337765446,-0.6900981947236448,0.0,-0.7237157464358271,3.929013079667063,3.929013079667063
27.376681781670328,564.550066914608,-157.5665337765446,24.3264841705777,576.1891275256722,-144.3387363388928,-0.6900981947236448,0.0,-0.7237157464358271,3.929013079667063,3.929013079667063
24.3264841705777,576.1891275256722,-144.3387363388928,21.27628655948507,587.8281881367365,-131.11093890124096,-0.6900981947236448,0.0,-0.7237157464358271,3.929013079667063,3.929013079667063
19.70121472040461,563.6576211903247,-131.5329781285436,24.3264841705777,576.1891275256722,-144.3387363388928,-0.6900981947236448,0.0,-0.7237157464358271,3.929013079667063,3.929013079667063
24.3264841705777,576.1891275256722,-144.3387363388928,28.951753620750786,588.7206338610198,-157.14449454924195,-0.6900981947236448,0.0,-0.7237157464358271,3.929013079667063,3.929013079667063
28.951753620750786,588.7206338610198,-157.14449454924195,25.901556009658158,600.359694472084,-143.91669711159017,-0.6900981947236448,0.0,-0.7237157464358271,3.929013079667063,3.929013079667063
25.901556009658158,600.359694472084,-143.91669711159017,22.851358398565527,611.9987550831484,-130.68889967393835,-0.6900981947236448,0.0,-0.7237157464358271,3.929013079667063,3.929013079667063
21.27628655948507,587.8281881367365,-131.11093890124096,25.901556009658158,600.359694472084,-143.91669711159017,-0.6900981947236448,0.0,-0.7237157464358271,3.929013079667063,3.929013079667063
25.901556009658158,600.359694472084,-143.91669711159017,30.526825459831244,612.8912008074317,-156.72245532193935,-0.6900981947236448,0.0,-0.7237157464358271,3.929013079667063,3.929013079667063
30.526825459831244,612.8912008074317,-156.72245532193935,27.476627848738616,624.5302614184959,-143.49465788428756,-0.6900981947236448,0.0,-0.7237157464358271,3.929013079667063,3.929013079667063
27.476627848738616,624.5302614184959,-143.49465788428756,24.426430237645985,636.1693220295601,-130.26686044663575,-0.6900981947236448,0.0,-0.7237157464358271,3.929013079667063,3.929013079667063
22.851358398565527,611.9987550831484,-130.68889967393835,27.476627848738616,624.5302614184959,-143.49465788428756,-0.6900981947236448,0.0,-0.7237157464358271,3.929013079667063,3.929013079667063
27.476627848738616,624.5302614184959,-143.49465788428756,32.1018972989117,637.0617677538435,-156.30041609463674,-0.6900981947236448,0.0,-0.7237157464358271,3.929013079667063,3.929013079667063
32.10189729891171,637.0617677538436,-156.30041609463674,29.05169968781908,648.7008283649079,-143.07261865698496,-0.6900981947236448,0.0,-0.7237157464358271,3.929013079667063,3.929013079667063
29.05169968781908,648.7008283649079,-143.07261865698496,26.00150207672645,660.3398889759721,-129.84482121933314,-0.6900981947236448,0.0,-0.7237157464358271,3.929013079667063,3.929013079667063
24.42643023764599,636.1693220295602,-130.26686044663575,29.05169968781908,648.7008283649079,-143.07261865698496,-0.6900981947236448,0.0,-0.7237157464358271,3.929013079667063,3.929013079667063
29.05169968781908,648.7008283649079,-143.07261865698496,33.67696913799217,661.2323347002555,-155.87837686733414,-0.6900981947236448,0.0,-0.7237157464358271,3.929013079667063,3.929013079667063
33.67696913799217,661.2323347002555,-155.87837686733414,30.62677152689954,672.8713953113197,-142.65057942968235,-0.6900981947236448,0.0,-0.7237157464358271,3.929013079667063,3.929013079667063
30.62677152689954,672.8713953113197,-142.65057942968235,27.576573915806907,684.5104559223839,-129.42278199203054,-0.6900981947236448,0.0,-0.7237157464358271,3.929013079667063,3.929013079667063
26.00150207672645,660.3398889759721,-129.84482121933314,30.62677152689954,672.8713953113197,-142.65057942968235,-0.6900981947236448,0.0,-0.7237157464358271,3.929013079667063,3.929013079667063
30.62677152689954,672.8713953113197,-142.65057942968235,35.252040977072625,685.4029016466673,-155.45633764003153,-0.6900981947236448,0.0,-0.7237157464358271,3.929013079667063,3.929013079667063
35.252040977072625,685.4029016466673,-155.45633764003153,32.20184336598,697.0419622577316,-142.22854020237975,-0.6900981947236448,0.0,-0.7237157464358271,3.929013079667063,3.929013079667063
32.20184336598,697.0419622577316,-142.22854020237975,29.151645754887365,708.6810228687958,-129.0007427647279,-0.6900981947236448,0.0,-0.7237157464358271,3.929013079667063,3.929013079667063
27.576573915806907,684.5104559223839,-129.42278199203054,32.20184336598,697.0419622577316,-142.22854020237975,-0.6900981947236448,0.0,-0.7237157464358271,3.929013079667063,3.929013079667063
32.20184336598,697.0419622577316,-142.22854020237975,36.82711281615308,709.5734685930792,-155.0342984127289,-0.6900981947236448,0.0,-0.7237157464358271,3.929013079667063,3.929013079667063
36.82711281615308,709.5734685930792,-155.0342984127289,33.776915205060455,721.2125292041434,-141.8065009750771,-0.6900981947236448,0.0,-0.7237157464358271,3.929013079667063,3.929013079667063
33.776915205060455,721.2125292041434,-141.8065009750771,30.726717593967823,732.8515898152076,-128.5787035374253,-0.6900981947236448,0.0,-0.7237157464358271,3.929013079667063,3.929013079667063
29.151645754887365,708.6810228687958,-129.0007427647279,33.776915205060455,721.2125292041434,-141.8065009750771,-0.6900981947236448,0.0,-0.7237157464358271,3.929013079667063,3.929013079667063
33.776915205060455,721.2125292041434,-141.8065009750771,38.40218465523354,733.7440355394909,-154.6122591854263,-0.6900981947236448,0.0,-0.7237157464358271,3.929013079667063,3.929013079667063
38.40218465523354,733.7440355394909,-154.6122591854263,35.351987044140905,745.3830961505553,-141.3844617477745,-0.6900981947236448,0.0,-0.7237157464358271,3.929013079667063,3.929013079667063
35.351987044140905,745.3830961505553,-141.3844617477745,32.301789433048285,757.0221567616195,-128.1566643101227,-0.6900981947236448,0.0,-0.7237157464358271,3.929013079667063,3.929013079667063
30.726717593967823,732.8515898152076,-128.5787035374253,35.351987044140905,745.3830961505553,-141.3844617477745,-0.6900981947236448,0.0,-0.7237157464358271,3.929013079667063,3.929013079667063
35.351987044140905,745.3830961505553,-141.3844617477745,39.977256494314,757.9146024859028,-154.1902199581237,-0.6900981947236448,0.0,-0.7237157464358271,3.929013079667063,3.929013079667063
39.977256494314005,757.914602485903,-154.1902199581237,36.92705888322137,769.5536630969672,-140.9624225204719,-0.6900981947236448,0.0,-0.7237157464358271,3.929013079667063,3.929013079667063
36.92705888322137,769.5536630969672,-140.9624225204719,33.87686127212875,781.1927237080315,-127.73462508282009,-0.6900981947236448,0.0,-0.7237157464358271,3.929013079667063,3.929013079667063
32.301789433048285,757.0221567616196,-128.1566643101227,36.92705888322137,769.5536630969672,-140.9624225204719,-0.6900981947236448,0.0,-0.7237157464358271,3.929013079667063,3.929013079667063
36.92705888322137,769.5536630969672,-140.9624225204719,41.55232833339446,782.0851694323148,-153.7681807308211,-0.6900981947236448,0.0,-0.7237157464358271,3.929013079667063,3.929013079667063
41.55232833339446,782.0851694323148,-153.7681807308211,38.50213072230183,793.7242300433791,-140.5403832931693,-0.6900981947236448,0.0,-0.7237157464358271,3.929013079667063,3.929013079667063
38.50213072230183,793.7242300433791,-140.5403832931693,35.4519331112092,805.3632906544433,-127.31258585551748,-0.6900981947236448,0.0,-0.7237157464358271,3.929013079667063,3.929013079667063
33.87686127212875,781.1927237080315,-127.73462508282009,38.50213072230183,793.7242300433791,-140.5403832931693,-0.6900981947236448,0.0,-0.7237157464358271,3.929013079667063,3.929013079667063
38.50213072230183,793.7242300433791,-140.5403832931693,43.12740017247492,806.2557363787266,-153.34614150351848,-0.6900981947236448,0.0,-0.7237157464358271,3.929013079667063,3.929013079667063
43.12740017247492,806.2557363787266,-153.34614150351848,40.077202561382286,817.8947969897908,-140.11834406586667,-0.6900981947236448,0.0,-0.7237157464358271,3.929013079667063,3.929013079667063
40.077202561382286,817.8947969897908,-140.11834406586667,37.027004950289665,829.5338576008552,-126.89054662821485,-0.6900981947236448,0.0,-0.7237157464358271,3.929013079667063,3.929013079667063
35.4519331112092,805.3632906544433,-127.31258585551748,40.077202561382286,817.8947969897908,-140.11834406586667,-0.6900981947236448,0.0,-0.7237157464358271,3.929013079667063,3.929013079667063
40.077202561382286,817.8947969897908,-140.11834406586667,44.70247201155538,830.4263033251385,-152.92410227621585,-0.6900981947236448,0.0,-0.7237157464358271,3.929013079667063,3.929013079667063
44.70247201155538,830.4263033251385,-152.92410227621585,41.652274400462744,842.0653639362027,-139.69630483856406,-0.6900981947236448,0.0,-0.7237157464358271,3.929013079667063,3.929013079667063
41.652274400462744,842.0653639362027,-139.69630483856406,38.602076789370116,853.704424547267,-126.46850740091224,-0.6900981947236448,0.0,-0.7237157464358271,3.929013079667063,3.929013079667063
37.027004950289665,829.5338576008552,-126.89054662821485,41.652274400462744,842.0653639362027,-139.69630483856406,-0.6900981947236448,0.0,-0.7237157464358271,3.929013079667063,3.929013079667063
41.652274400462744,842.0653639362027,-139.69630483856406,46.27754385063584,854.5968702715503,-152.50206304891324,-0.6900981947236448,0.0,-0.7237157464358271,3.929013079667063,3.929013079667063
46.27754385063584,854.5968702715503,-152.50206304891324,43.2273462395432,866.2359308826145,-139.27426561126146,-0.6900981947236448,0.0,-0.7237157464358271,3.929013079667063,3.929013079667063
43.2273462395432,866.2359308826145,-139.27426561126146,40.17714862845058,877.8749914936789,-126.04646817360964,-0.6900981947236448,0.0,-0.7237157464358271,3.929013079667063,3.929013079667063
38.602076789370116,853.704424547267,-126.46850740091224,43.2273462395432,866.2359308826145,-139.27426561126146,-0.6900981947236448,0.0,-0.7237157464358271,3.929013079667063,3.929013079667063
43.2273462395432,866.2359308826145,-139.27426561126146,47.852615689716295,878.7674372179622,-152.08002382161064,-0.6900981947236448,0.0,-0.7237157464358271,3.929013079667063,3.929013079667063
47.8526156897163,878.7674372179623,-152.08002382161064,44.80241807862367,890.4064978290265,-138.85222638395885,-0.6900981947236448,0.0,-0.7237157464358271,3.929013079667063,3.929013079667063
44.80241807862367,890.4064978290265,-138.85222638395885,41.752220467531046,902.0455584400908,-125.62442894630703,-0.6900981947236448,0.0,-0.7237157464358271,3.929013079667063,3.929013079667063
40.17714862845058,877.874991493679,-126.04646817360964,44.80241807862367,890.4064978290265,-138.85222638395885,-0.6900981947236448,0.0,-0.7237157464358271,3.929013079667063,3.929013079667063
44.80241807862367,890.4064978290265,-138.85222638395885,49.42768752879676,902.9380041643741,-151.65798459430803,-0.6900981947236448,0.0,-0.7237157464358271,3.929013079667063,3.929013079667063
49.42768752879676,902.9380041643741,-151.65798459430803,46.377489917704125,914.5770647754384,-138.43018715665625,-0.6900981947236448,0.0,-0.7237157464358271,3.929013079667063,3.929013079667063
46.377489917704125,914.5770647754384,-138.43018715665625,43.3272923066115,926.2161253865027,-125.2023897190044,-0.6900981947236448,0.0,-0.7237157464358271,3.929013079667063,3.929013079667063
41.752220467531046,902.0455584400908,-125.62442894630703,46.377489917704125,914.5770647754384,-138.43018715665625,-0.6900981947236448,0.0,-0.7237157464358271,3.929013079667063,3.929013079667063
46.377489917704125,914.5770647754384,-138.43018715665625,51.00275936787722,927.108571110786,-151.2359453670054,-0.6900981947236448,0.0,-0.7237157464358271,3.929013079667063,3.929013079667063
51.00275936787722,927.108571110786,-151.2359453670054,47.95256175678458,938.7476317218502,-138.0081479293536,-0.6900981947236448,0.0,-0.7237157464358271,3.929013079667063,3.929013079667063
47.95256175678458,938.7476317218502,-138.0081479293536,44.90236414569196,950.3866923329144,-124.7803504917018,-0.6900981947236448,0.0,-0.7237157464358271,3.929013079667063,3.929013079667063
43.3272923066115,926.2161253865027,-125.2023897190044,47.95256175678458,938.7476317218502,-138.0081479293536,-0.6900981947236448,0.0,-0.7237157464358271,3.929013079667063,3.929013079667063
47.95256175678458,938.7476317218502,-138.0081479293536,52.577831206957676,951.2791380571978,-150.8139061397028,-0.6900981947236448,0.0,-0.7237157464358271,3.929013079667063,3.929013079667063
52.577831206957676,951.2791380571978,-150.8139061397028,49.52763359586504,962.9181986682621,-137.586108702051,-0.6900981947236448,0.0,-0.7237157464358271,3.929013079667063,3.929013079667063
49.52763359586504,962.9181986682621,-137.586108702051,46.47743598477241,974.5572592793263,-124.35831126439919,-0.6900981947236448,0.0,-0.7237157464358271,3.929013079667063,3.929013079667063
44.90236414569196,950.3866923329144,-124.7803504917018,49.52763359586504,962.9181986682621,-137.586108702051,-0.6900981947236448,0.0,-0.7237157464358271,3.929013079667063,3.929013079667063
49.52763359586504,962.9181986682621,-137.586108702051,54.15290304603813,975.4497050036097,-150.3918669124002,-0.6900981947236448,0.0,-0.7237157464358271,3.929013079667063,3.929013079667063
54.15290304603813,975.4497050036097,-150.3918669124002,51.1027054349455,987.088765614674,-137.1640694747484,-0.6900981947236448,0.0,-0.7237157464358271,3.929013079667063,3.929013079667063
51.1027054349455,987.088765614674,-137.1640694747484,48.05250782385288,998.7278262257382,-123.93627203709659,-0.6900981947236448,0.0,-0.7237157464358271,3.929013079667063,3.929013079667063
46.47743598477241,974.5572592793263,-124.35831126439919,51.1027054349455,987.088765614674,-137.1640694747484,-0.6900981947236448,0.0,-0.7237157464358271,3.929013079667063,3.929013079667063
51.1027054349455,987.088765614674,-137.1640694747484,55.72797488511859,999.6202719500216,-149.96982768509758,-0.6900981947236448,0.0,-0.7237157464358271,3.929013079667063,3.929013079667063
55.72797488511859,999.6202719500216,-149.96982768509758,52.67777727402596,1011.259332561086,-136.7420302474458,-0.6900981947236448,0.0,-0.7237157464358271,3.929013079667063,3.929013079667063
52.67777727402596,1011.259332561086,-136.7420302474458,49.62757966293334,1022.8983931721502,-123.51423280979398,-0.6900981947236448,0.0,-0.7237157464358271,3.929013079667063,3.929013079667063
48.05250782385288,998.7278262257382,-123.93627203709659,52.67777727402596,1011.259332561086,-136.7420302474458,-0.6900981947236448,0.0,-0.7237157464358271,3.929013079667063,3.929013079667063
52.67777727402596,1011.259332561086,-136.7420302474458,57.303046724199056,1023.7908388964336,-149.54778845779498,-0.6900981947236448,0.0,-0.7237157464358271,3.929013079667063,3.929013079667063
57.303046724199056,1023.7908388964336,-149.54778845779498,54.25284911310643,1035.4298995074978,-136.31999102014316,-0.6900981947236448,0.0,-0.7237157464358271,3.929013079667063,3.929013079667063
54.25284911310643,1035.4298995074978,-136.31999102014316,51.202651502013794,1047.068960118562,-123.09219358249135,-0.6900981947236448,0.0,-0.7237157464358271,3.929013079667063,3.929013079667063
49.62757966293334,1022.8983931721502,-123.51423280979398,54.25284911310643,1035.4298995074978,-136.31999102014316,-0.6900981947236448,0.0,-0.7237157464358271,3.929013079667063,3.929013079667063
54.25284911310643,1035.4298995074978,-136.31999102014316,58.87811856327951,1047.9614058428454,-149.12574923049235,-0.6900981947236448,0.0,-0.7237157464358271,3.929013079667063,3.929013079667063
58.87811856327951,1047.9614058428454,-149.12574923049235,55.82792095218688,1059.6004664539096,-135.89795179284056,-0.6900981947236448,0.0,-0.7237157464358271,3.929013079667063,3.929013079667063
55.82792095218688,1059.6004664539096,-135.89795179284056,52.77772334109426,1071.2395270649738,-122.67015435518874,-0.6900981947236448,0.0,-0.7237157464358271,3.929013079667063,3.929013079667063
51.202651502013794,1047.068960118562,-123.09219358249135,55.82792095218688,1059.6004664539096,-135.89795179284056,-0.6900981947236448,0.0,-0.7237157464358271,3.929013079667063,3.929013079667063
55.82792095218688,1059.6004664539096,-135.89795179284056,60.45319040235997,1072.1319727892571,-148.70371000318974,-0.6900981947236448,0.0,-0.7237157464358271,3.929013079667063,3.929013079667063
60.45319040235997,1072.1319727892571,-148.70371000318974,57.402992791267344,1083.7710334003214,-135.47591256553795,-0.6900981947236448,0.0,-0.7237157464358271,3.929013079667063,3.929013079667063
57.402992791267344,1083.7710334003214,-135.47591256553795,54.35279518017471,1095.4100940113856,-122.24811512788614,-0.6900981947236448,0.0,-0.7237157464358271,3.929013079667063,3.929013079667063
52.77772334109426,1071.2395270649738,-122.67015435518874,57.402992791267344,1083.7710334003214,-135.47591256553795,-0.6900981947236448,0.0,-0.7237157464358271,3.929013079667063,3.929013079667063
57.402992791267344,1083.7710334003214,-135.47591256553795,62.02826224144042,1096.302539735669,-148.28167077588714,-0.6900981947236448,0.0,-0.7237157464358271,3.929013079667063,3.929013079667063
62.02826224144042,1096.302539735669,-148.28167077588714,58.978064630347795,1107.9416003467331,-135.05387333823535,-0.6900981947236448,0.0,-0.7237157464358271,3.929013079667063,3.929013079667063
58.978064630347795,1107.9416003467331,-135.05387333823535,55.927867019255174,1119.5806609577976,-121.82607590058353,-0.6900981947236448,0.0,-0.7237157464358271,3.929013079667063,3.929013079667063
54.35279518017471,1095.4100940113856,-122.24811512788614,58.978064630347795,1107.9416003467331,-135.05387333823535,-0.6900981947236448,0.0,-0.7237157464358271,3.929013079667063,3.929013079667063
58.978064630347795,1107.9416003467331,-135.05387333823535,63.60333408052089,1120.473106682081,-147.85963154858453,-0.6900981947236448,0.0,-0.7237157464358271,3.929013079667063,3.929013079667063
63.60333408052089,1120.473106682081,-147.85963154858453,60.553136469428246,1132.1121672931451,-134.63183411093274,-0.6900981947236448,0.0,-0.7237157464358271,3.929013079667063,3.929013079667063
60.553136469428246,1132.1121672931451,-134.63183411093274,57.502938858335625,1143.7512279042094,-121.4040366732809,-0.6900981947236448,0.0,-0.7237157464358271,3.929013079667063,3.929013079667063
55.927867019255174,1119.5806609577976,-121.82607590058353,60.553136469428246,1132.1121672931451,-134.63183411093274,-0.6900981947236448,0.0,-0.7237157464358271,3.929013079667063,3.929013079667063
60.553136469428246,1132.1121672931451,-134.63183411093274,65.17840591960133,1144.6436736284927,-147.4375923212819,-0.6900981947236448,0.0,-0.7237157464358271,3.929013079667063,3.929013079667063
19.108555394537834,31.905148369263635,-160.48176841416833,6.704364277759267,44.43665470461121,-163.45556298203388,0.6900981947236448,0.0,-0.7237157464358271,3.929013079667063,3.929013079667063
6.704364277759267,44.43665470461121,-163.45556298203388,-5.699826839019302,56.96816103995878,-166.4293575498994,0.6900981947236448,0.0,-0.7237157464358271,3.929013079667063,3.929013079667063
-7.274898678099761,32.79759409354691,-166.851396777202,6.704364277759267,44.43665470461121,-163.45556298203388,0.6900981947236448,0.0,-0.7237157464358271,3.929013079667063,3.929013079667063
6.704364277759267,44.43665470461121,-163.45556298203388,20.683627233618296,56.0757153156755,-160.05972918686572,0.6900981947236448,0.0,-0.7237157464358271,3.929013079667063,3.929013079667063
20.683627233618296,56.0757153156755,-160.05972918686572,8.279436116839726,68.60722165102305,-163.03352375473128,0.6900981947236448,0.0,-0.7237157464358271,3.929013079667063,3.929013079667063
8.279436116839726,68.60722165102305,-163.03352375473128,-4.124754999938842,81.13872798637064,-166.0073183225968,0.6900981947236448,0.0,-0.7237157464358271,3.929013079667063,3.929013079667063
-5.699826839019302,56.96816103995878,-166.4293575498994,8.279436116839726,68.60722165102305,-163.03352375473128,0.6900981947236448,0.0,-0.7237157464358271,3.929013079667063,3.929013079667063
8.279436116839726,68.60722165102305,-163.03352375473128,22.258699072698754,80.24628226208736,-159.63768995956312,0.6900981947236448,0.0,-0.7237157464358271,3.929013079667063,3.929013079667063
22.258699072698754,80.24628226208736,-159.63768995956312,9.854507955920184,92.77778859743492,-162.61148452742867,0.6900981947236448,0.0,-0.7237157464358271,3.929013079667063,3.929013079667063
9.854507955920184,92.77778859743492,-162.61148452742867,-2.5496831608583825,105.3092949327825,-165.5852790952942,0.6900981947236448,0.0,-0.7237157464358271,3.929013079667063,3.929013079667063
-4.124754999938842,81.13872798637064,-166.0073183225968,9.854507955920184,92.77778859743492,-162.61148452742867,0.6900981947236448,0.0,-0.7237157464358271,3.929013079667063,3.929013079667063
9.854507955920184,92.77778859743492,-162.61148452742867,23.83377091177921,104.41684920849923,-159.2156507322605,0.6900981947236448,0.0,-0.7237157464358271,3.929013079667063,3.929013079667063
23.83377091177921,104.4168492084992,-159.2156507322605,11.429579795000645,116.94835554384679,-162.18944530012607,0.6900981947236448,0.0,-0.7237157464358271,3.929013079667063,3.929013079667063
11.429579795000645,116.94835554384679,-162.18944530012607,-0.9746113217779264,129.47986187919437,-165.1632398679916,0.6900981947236448,0.0,-0.7237157464358271,3.929013079667063,3.929013079667063
-2.5496831608583843,105.30929493278248,-165.5852790952942,11.429579795000645,116.94835554384679,-162.18944530012607,0.6900981947236448,0.0,-0.7237157464358271,3.929013079667063,3.929013079667063
11.429579795000645,116.94835554384679,-162.18944530012607,25.40884275085967,128.5874161549111,-158.7936115049579,0.6900981947236448,0.0,-0.7237157464358271,3.929013079667063,3.929013079667063
25.40884275085967,128.5874161549111,-158.7936115049579,13.004651634081103,141.11892249025868,-161.76740607282343,0.6900981947236448,0.0,-0.7237157464358271,3.929013079667063,3.929013079667063
13.004651634081103,141.11892249025868,-161.76740607282343,0.6004605173025332,153.65042882560624,-164.741200640689,0.6900981947236448,0.0,-0.7237157464358271,3.929013079667063,3.929013079667063
-0.9746113217779264,129.47986187919437,-165.1632398679916,13.004651634081103,141.11892249025868,-161.76740607282343,0.6900981947236448,0.0,-0.7237157464358271,3.929013079667063,3.929013079667063
13.004651634081103,141.11892249025868,-161.76740607282343,26.983914589940127,152.75798310132296,-158.37157227765528,0.6900981947236448,0.0,-0.7237157464358271,3.929013079667063,3.929013079667063
26.983914589940127,152.75798310132296,-158.37157227765528,14.579723473161561,165.28948943667055,-161.34536684552083,0.6900981947236448,0.0,-0.7237157464358271,3.929013079667063,3.929013079667063
14.579723473161561,165.28948943667055,-161.34536684552083,2.175532356382993,177.8209957720181,-164.31916141338638,0.6900981947236448,0.0,-0.7237157464358271,3.929013079667063,3.929013079667063
0.6004605173025332,153.65042882560624,-164.741200640689,14.579723473161561,165.28948943667055,-161.34536684552083,0.6900981947236448,0.0,-0.7237157464358271,3.929013079667063,3.929013079667063
14.579723473161561,165.28948943667055,-161.34536684552083,28.55898642902059,176.92855004773483,-157.94953305035267,0.6900981947236448,0.0,-0.7237157464358271,3.929013079667063,3.929013079667063
28.55898642902059,176.92855004773483,-157.94953305035267,16.15479531224202,189.4600563830824,-160.92332761821822,0.6900981947236448,0.0,-0.7237157464358271,3.929013079667063,3.929013079667063
16.15479531224202,189.4600563830824,-160.92332761821822,3.750604195463451,201.99156271842995,-163.89712218608378,0.6900981947236448,0.0,-0.7237157464358271,3.929013079667063,3.929013079667063
2.175532356382993,177.8209957720181,-164.31916141338638,16.15479531224202,189.4600563830824,-160.92332761821822,0.6900981947236448,0.0,-0.7237157464358271,3.929013079667063,3.929013079667063
16.15479531224202,189.4600563830824,-160.92332761821822,30.134058268101047,201.09911699414667,-157.52749382305007,0.6900981947236448,0.0,-0.7237157464358271,3.929013079667063,3.929013079667063
30.13405826810105,201.0991169941467,-157.52749382305007,17.72986715132248,213.63062332949428,-160.50128839091562,0.6900981947236448,0.0,-0.7237157464358271,3.929013079667063,3.929013079667063
17.72986715132248,213.63062332949428,-160.50128839091562,5.3256760345439105,226.16212966484179,-163.47508295878117,0.6900981947236448,0.0,-0.7237157464358271,3.929013079667063,3.929013079667063
3.7506041954634526,201.99156271842998,-163.89712218608378,17.72986715132248,213.63062332949428,-160.50128839091562,0.6900981947236448,0.0,-0.7237157464358271,3.929013079667063,3.929013079667063
17.72986715132248,213.63062332949428,-160.50128839091562,31.709130107181508,225.2696839405585,-157.10545459574746,0.6900981947236448,0.0,-0.7237157464358271,3.929013079667063,3.929013079667063
31.709130107181508,225.26968394055856,-157.10545459574746,19.30493899040294,237.80119027590612,-160.079249163613,0.6900981947236448,0.0,-0.7237157464358271,3.929013079667063,3.929013079667063
19.30493899040294,237.80119027590612,-160.079249163613,6.90074787362437,250.33269661125368,-163.0530437314785,0.6900981947236448,0.0,-0.7237157464358271,3.929013079667063,3.929013079667063
5.325676034543912,226.16212966484184,-163.47508295878117,19.30493899040294,237.80119027590612,-160.079249163613,0.6900981947236448,0.0,-0.7237157464358271,3.929013079667063,3.929013079667063
19.30493899040294,237.80119027590612,-160.079249163613,33.284201946261966,249.4402508869704,-156.68341536844483,0.6900981947236448,0.0,-0.7237157464358271,3.929013079667063,3.929013079667063
33.284201946261966,249.4402508869704,-156.68341536844483,20.880010829483396,261.97175722231805,-159.65720993631038,0.6900981947236448,0.0,-0.7237157464358271,3.929013079667063,3.929013079667063
20.880010829483396,261.97175722231805,-159.65720993631038,8.475819712704828,274.50326355766555,-162.6310045041759,0.6900981947236448,0.0,-0.7237157464358271,3.929013079667063,3.929013079667063
6.90074787362437,250.33269661125368,-163.0530437314785,20.880010829483396,261.97175722231805,-159.65720993631038,0.6900981947236448,0.0,-0.7237157464358271,3.929013079667063,3.929013079667063
20.880010829483396,261.97175722231805,-159.65720993631038,34.859273785342424,273.61081783338227,-156.26137614114222,0.6900981947236448,0.0,-0.7237157464358271,3.929013079667063,3.929013079667063
34.859273785342424,273.61081783338227,-156.26137614114222,22.455082668563854,286.1423241687299,-159.23517070900778,0.6900981947236448,0.0,-0.7237157464358271,3.929013079667063,3.929013079667063
22.455082668563854,286.1423241687299,-159.23517070900778,10.050891551785286,298.6738305040774,-162.2089652768733,0.6900981947236448,0.0,-0.7237157464358271,3.929013079667063,3.929013079667063
8.475819712704828,274.50326355766555,-162.6310045041759,22.455082668563854,286.1423241687299,-159.23517070900778,0.6900981947236448,0.0,-0.7237157464358271,3.929013079667063,3.929013079667063
22.455082668563854,286.1423241687299,-159.23517070900778,36.43434562442288,297.7813847797941,-155.83933691383962,0.6900981947236448,0.0,-0.7237157464358271,3.929013079667063,3.929013079667063
36.43434562442288,297.7813847797941,-155.83933691383962,24.030154507644312,310.3128911151417,-158.81313148170517,0.6900981947236448,0.0,-0.7237157464358271,3.929013079667063,3.929013079667063
24.030154507644312,310.3128911151417,-158.81313148170517,11.625963390865744,322.8443974504892,-161.7869260495707,0.6900981947236448,0.0,-0.7237157464358271,3.929013079667063,3.929013079667063
10.050891551785286,298.6738305040774,-162.2089652768733,24.030154507644312,310.3128911151417,-158.81313148170517,0.6900981947236448,0.0,-0.7237157464358271,3.929013079667063,3.929013079667063
24.030154507644312,310.3128911151417,-158.81313148170517,38.00941746350334,321.95195172620595,-155.417297686537,0.6900981947236448,0.0,-0.7237157464358271,3.929013079667063,3.929013079667063
38.00941746350334,321.95195172620595,-155.417297686537,25.60522634672477,334.48345806155356,-158.39109225440257,0.6900981947236448,0.0,-0.7237157464358271,3.929013079667063,3.929013079667063
25.60522634672477,334.48345806155356,-158.39109225440257,13.201035229946202,347.0149643969011,-161.3648868222681,0.6900981947236448,0.0,-0.7237157464358271,3.929013079667063,3.929013079667063
11.625963390865744,322.8443974504892,-161.7869260495707,25.60522634672477,334.48345806155356,-158.39109225440257,0.6900981947236448,0.0,-0.7237157464358271,3.929013079667063,3.929013079667063
25.60522634672477,334.48345806155356,-158.39109225440257,39.5844893025838,346.12251867261784,-154.9952584592344,0.6900981947236448,0.0,-0.7237157464358271,3.929013079667063,3.929013079667063
39.5844893025838,346.12251867261784,-154.9952584592344,27.180298185805228,358.6540250079654,-157.96905302709996,0.6900981947236448,0.0,-0.7237157464358271,3.929013079667063,3.929013079667063
27.180298185805228,358.6540250079654,-157.96905302709996,14.77610706902666,371.18553134331296,-160.94284759496549,0.6900981947236448,0.0,-0.7237157464358271,3.929013079667063,3.929013079667063
13.201035229946202,347.0149643969011,-161.3648868222681,27.180298185805228,358.6540250079654,-157.96905302709996,0.6900981947236448,0.0,-0.7237157464358271,3.929013079667063,3.929013079667063
27.180298185805228,358.6540250079654,-157.96905302709996,41.159561141664256,370.2930856190297,-154.57321923193177,0.6900981947236448,0.0,-0.7237157464358271,3.929013079667063,3.929013079667063
41.159561141664256,370.2930856190297,-154.57321923193177,28.755370024885686,382.82459195437724,-157.54701379979733,0.6900981947236448,0.0,-0.7237157464358271,3.929013079667063,3.929013079667063
28.755370024885686,382.82459195437724,-157.54701379979733,16.351178908107116,395.3560982897248,-160.52080836766288,0.6900981947236448,0.0,-0.7237157464358271,3.929013079667063,3.929013079667063
14.77610706902666,371.18553134331296,-160.94284759496549,28.755370024885686,382.82459195437724,-157.54701379979733,0.6900981947236448,0.0,-0.7237157464358271,3.929013079667063,3.929013079667063
28.755370024885686,382.82459195437724,-157.54701379979733,42.73463298074471,394.4636525654415,-154.15118000462917,0.6900981947236448,0.0,-0.7237157464358271,3.929013079667063,3.929013079667063
42.73463298074472,394.46365256544163,-154.15118000462917,30.33044186396615,406.9951589007892,-157.12497457249472,0.6900981947236448,0.0,-0.7237157464358271,3.929013079667063,3.929013079667063
30.33044186396615,406.9951589007892,-157.12497457249472,17.92625074718758,419.52666523613675,-160.09876914036028,0.6900981947236448,0.0,-0.7237157464358271,3.929013079667063,3.929013079667063
16.351178908107123,395.3560982897249,-160.52080836766288,30.33044186396615,406.9951589007892,-157.12497457249472,0.6900981947236448,0.0,-0.7237157464358271,3.929013079667063,3.929013079667063
30.33044186396615,406.9951589007892,-157.12497457249472,44.30970481982518,418.6342195118535,-153.72914077732656,0.6900981947236448,0.0,-0.7237157464358271,3.929013079667063,3.929013079667063
44.30970481982518,418.6342195118535,-153.72914077732656,31.90551370304661,431.16572584720103,-156.70293534519212,0.6900981947236448,0.0,-0.7237157464358271,3.929013079667063,3.929013079667063
31.90551370304661,431.16572584720103,-156.70293534519212,19.50132258626804,443.6972321825486,-159.67672991305767,0.6900981947236448,0.0,-0.7237157464358271,3.929013079667063,3.929013079667063
17.92625074718758,419.52666523613675,-160.09876914036028,31.90551370304661,431.16572584720103,-156.70293534519212,0.6900981947236448,0.0,-0.7237157464358271,3.929013079667063,3.929013079667063
31.90551370304661,431.16572584720103,-156.70293534519212,45.884776658905636,442.8047864582653,-153.30710155002396,0.6900981947236448,0.0,-0.7237157464358271,3.929013079667063,3.929013079667063
45.884776658905636,442.8047864582653,-153.30710155002396,33.480585542127066,455.33629279361287,-156.2808961178895,0.6900981947236448,0.0,-0.7237157464358271,3.929013079667063,3.929013079667063
33.480585542127066,455.33629279361287,-156.2808961178895,21.076394425348496,467.86779912896054,-159.25469068575507,0.6900981947236448,0.0,-0.7237157464358271,3.929013079667063,3.929013079667063
19.50132258626804,443.6972321825486,-159.67672991305767,33.480585542127066,455.33629279361287,-156.2808961178895,0.6900981947236448,0.0,-0.7237157464358271,3.929013079667063,3.929013079667063
33.480585542127066,455.33629279361287,-156.2808961178895,47.459848497986094,466.9753534046772,-152.88506232272135,0.6900981947236448,0.0,-0.7237157464358271,3.929013079667063,3.929013079667063
47.459848497986094,466.9753534046772,-152.88506232272135,35.055657381207524,479.50685974002477,-155.85885689058688,0.6900981947236448,0.0,-0.7237157464358271,3.929013079667063,3.929013079667063
35.055657381207524,479.50685974002477,-155.85885689058688,22.651466264428954,492.0383660753723,-158.8326514584524,0.6900981947236448,0.0,-0.7237157464358271,3.929013079667063,3.929013079667063
21.076394425348496,467.86779912896054,-159.25469068575507,35.055657381207524,479.50685974002477,-155.85885689058688,0.6900981947236448,0.0,-0.7237157464358271,3.929013079667063,3.929013079667063
35.055657381207524,479.50685974002477,-155.85885689058688,49.03492033706655,491.145920351089,-152.46302309541872,0.6900981947236448,0.0,-0.7237157464358271,3.929013079667063,3.929013079667063
49.03492033706655,491.145920351089,-152.46302309541872,36.63072922028798,503.67742668643666,-155.43681766328427,0.6900981947236448,0.0,-0.7237157464358271,3.929013079667063,3.929013079667063
36.63072922028798,503.67742668643666,-155.43681766328427,24.226538103509412,516.2089330217842,-158.4106122311498,0.6900981947236448,0.0,-0.7237157464358271,3.929013079667063,3.929013079667063
22.651466264428954,492.0383660753723,-158.8326514584524,36.63072922028798,503.67742668643666,-155.43681766328427,0.6900981947236448,0.0,-0.7237157464358271,3.929013079667063,3.929013079667063
36.63072922028798,503.67742668643666,-155.43681766328427,50.609992176147,515.3164872975009,-152.04098386811611,0.6900981947236448,0.0,-0.7237157464358271,3.929013079667063,3.929013079667063
50.60999217614702,515.316487297501,-152.04098386811611,38.20580105936845,527.8479936328486,-155.01477843598167,0.6900981947236448,0.0,-0.7237157464358271,3.929013079667063,3.929013079667063
38.20580105936845,527.8479936328486,-155.01477843598167,25.801609942589877,540.3794999681961,-157.9885730038472,0.6900981947236448,0.0,-0.7237157464358271,3.929013079667063,3.929013079667063
24.22653810350942,516.2089330217843,-158.4106122311498,38.20580105936845,527.8479936328486,-155.01477843598167,0.6900981947236448,0.0,-0.7237157464358271,3.929013079667063,3.929013079667063
38.20580105936845,527.8479936328486,-155.01477843598167,52.18506401522747,539.4870542439128,-151.6189446408135,0.6900981947236448,0.0,-0.7237157464358271,3.929013079667063,3.929013079667063
52.18506401522747,539.4870542439128,-151.6189446408135,39.780872898448905,552.0185605792603,-154.59273920867906,0.6900981947236448,0.0,-0.7237157464358271,3.929013079667063,3.929013079667063
39.780872898448905,552.0185605792603,-154.59273920867906,27.376681781670335,564.550066914608,-157.5665337765446,0.6900981947236448,0.0,-0.7237157464358271,3.929013079667063,3.929013079667063
25.801609942589877,540.3794999681961,-157.9885730038472,39.780872898448905,552.0185605792603,-154.59273920867906,0.6900981947236448,0.0,-0.7237157464358271,3.929013079667063,3.929013079667063
39.780872898448905,552.0185605792603,-154.59273920867906,53.76013585430793,563.6576211903247,-151.1969054135109,0.6900981947236448,0.0,-0.7237157464358271,3.929013079667063,3.929013079667063
53.76013585430793,563.6576211903247,-151.1969054135109,41.35594473752936,576.1891275256722,-154.17069998137646,0.6900981947236448,0.0,-0.7237157464358271,3.929013079667063,3.929013079667063
41.35594473752936,576.1891275256722,-154.17069998137646,28.951753620750793,588.7206338610198,-157.14449454924198,0.6900981947236448,0.0,-0.7237157464358271,3.929013079667063,3.929013079667063
27.376681781670335,564.550066914608,-157.5665337765446,41.35594473752936,576.1891275256722,-154.17069998137646,0.6900981947236448,0.0,-0.7237157464358271,3.929013079667063,3.929013079667063
41.35594473752936,576.1891275256722,-154.17069998137646,55.335207693388384,587.8281881367365,-150.77486618620827,0.6900981947236448,0.0,-0.7237157464358271,3.929013079667063,3.929013079667063
55.335207693388384,587.8281881367365,-150.77486618620827,42.93101657660982,600.359694472084,-153.74866075407382,0.6900981947236448,0.0,-0.7237157464358271,3.929013079667063,3.929013079667063
42.93101657660982,600.359694472084,-153.74866075407382,30.52682545983125,612.8912008074317,-156.72245532193938,0.6900981947236448,0.0,-0.7237157464358271,3.929013079667063,3.929013079667063
28.951753620750793,588.7206338610198,-157.14449454924198,42.93101657660982,600.359694472084,-153.74866075407382,0.6900981947236448,0.0,-0.7237157464358271,3.929013079667063,3.929013079667063
42.93101657660982,600.359694472084,-153.74866075407382,56.91027953246885,611.9987550831484,-150.35282695890567,0.6900981947236448,0.0,-0.7237157464358271,3.929013079667063,3.929013079667063
56.91027953246885,611.9987550831484,-150.35282695890567,44.50608841569028,624.5302614184959,-153.32662152677122,0.6900981947236448,0.0,-0.7237157464358271,3.929013079667063,3.929013079667063
44.50608841569028,624.5302614184959,-153.32662152677122,32.10189729891171,637.0617677538435,-156.30041609463677,0.6900981947236448,0.0,-0.7237157464358271,3.929013079667063,3.929013079667063
30.52682545983125,612.8912008074317,-156.72245532193938,44.50608841569028,624.5302614184959,-153.32662152677122,0.6900981947236448,0.0,-0.7237157464358271,3.929013079667063,3.929013079667063
44.50608841569028,624.5302614184959,-153.32662152677122,58.4853513715493,636.1693220295601,-149.93078773160306,0.6900981947236448,0.0,-0.7237157464358271,3.929013079667063,3.929013079667063
58.485351371549314,636.1693220295602,-149.93078773160306,46.081160254770744,648.7008283649079,-152.90458229946861,0.6900981947236448,0.0,-0.7237157464358271,3.929013079667063,3.929013079667063
46.081160254770744,648.7008283649079,-152.90458229946861,33.676969137992174,661.2323347002555,-155.87837686733417,0.6900981947236448,0.0,-0.7237157464358271,3.929013079667063,3.929013079667063
32.101897298911716,637.0617677538436,-156.30041609463677,46.081160254770744,648.7008283649079,-152.90458229946861,0.6900981947236448,0.0,-0.7237157464358271,3.929013079667063,3.929013079667063
46.081160254770744,648.7008283649079,-152.90458229946861,60.060423210629764,660.3398889759721,-149.50874850430046,0.6900981947236448,0.0,-0.7237157464358271,3.929013079667063,3.929013079667063
60.060423210629764,660.3398889759721,-149.50874850430046,47.6562320938512,672.8713953113197,-152.482543072166,0.6900981947236448,0.0,-0.7237157464358271,3.929013079667063,3.929013079667063
47.6562320938512,672.8713953113197,-152.482543072166,35.25204097707263,685.4029016466673,-155.45633764003156,0.6900981947236448,0.0,-0.7237157464358271,3.929013079667063,3.929013079667063
33.676969137992174,661.2323347002555,-155.87837686733417,47.6562320938512,672.8713953113197,-152.482543072166,0.6900981947236448,0.0,-0.7237157464358271,3.929013079667063,3.929013079667063
47.6562320938512,672.8713953113197,-152.482543072166,61.63549504971023,684.5104559223839,-149.08670927699785,0.6900981947236448,0.0,-0.7237157464358271,3.929013079667063,3.929013079667063
61.63549504971023,684.5104559223839,-149.08670927699785,49.23130393293166,697.0419622577316,-152.0605038448634,0.6900981947236448,0.0,-0.7237157464358271,3.929013079667063,3.929013079667063
49.23130393293166,697.0419622577316,-152.0605038448634,36.82711281615309,709.5734685930792,-155.0342984127289,0.6900981947236448,0.0,-0.7237157464358271,3.929013079667063,3.929013079667063
35.25204097707263,685.4029016466673,-155.45633764003156,49.23130393293166,697.0419622577316,-152.0605038448634,0.6900981947236448,0.0,-0.7237157464358271,3.929013079667063,3.929013079667063
49.23130393293166,697.0419622577316,-152.0605038448634,63.21056688879068,708.6810228687958,-148.66467004969522,0.6900981947236448,0.0,-0.7237157464358271,3.929013079667063,3.929013079667063
63.21056688879068,708.6810228687958,-148.66467004969522,50.80637577201212,721.2125292041434,-151.63846461756077,0.6900981947236448,0.0,-0.7237157464358271,3.929013079667063,3.929013079667063
50.80637577201212,721.2125292041434,-151.63846461756077,38.40218465523355,733.7440355394909,-154.6122591854263,0.6900981947236448,0.0,-0.7237157464358271,3.929013079667063,3.929013079667063
36.82711281615309,709.5734685930792,-155.0342984127289,50.80637577201212,721.2125292041434,-151.63846461756077,0.6900981947236448,0.0,-0.7237157464358271,3.929013079667063,3.929013079667063
50.80637577201212,721.2125292041434,-151.63846461756077,64.78563872787115,732.8515898152076,-148.2426308223926,0.6900981947236448,0.0,-0.7237157464358271,3.929013079667063,3.929013079667063
64.78563872787115,732.8515898152076,-148.2426308223926,52.38144761109257,745.3830961505553,-151.21642539025817,0.6900981947236448,0.0,-0.7237157464358271,3.929013079667063,3.929013079667063
52.38144761109257,745.3830961505553,-151.21642539025817,39.977256494314005,757.9146024859028,-154.1902199581237,0.6900981947236448,0.0,-0.7237157464358271,3.929013079667063,3.929013079667063
38.40218465523355,733.7440355394909,-154.6122591854263,52.38144761109257,745.3830961505553,-151.21642539025817,0.6900981947236448,0.0,-0.7237157464358271,3.929013079667063,3.929013079667063
52.38144761109257,745.3830961505553,-151.21642539025817,66.3607105669516,757.0221567616195,-147.82059159509,0.6900981947236448,0.0,-0.7237157464358271,3.929013079667063,3.929013079667063
66.36071056695161,757.0221567616196,-147.82059159509,53.95651945017303,769.5536630969672,-150.79438616295556,0.6900981947236448,0.0,-0.7237157464358271,3.929013079667063,3.929013079667063
53.95651945017303,769.5536630969672,-150.79438616295556,41.55232833339447,782.0851694323148,-153.7681807308211,0.6900981947236448,0.0,-0.7237157464358271,3.929013079667063,3.929013079667063
39.97725649431401,757.914602485903,-154.1902199581237,53.95651945017303,769.5536630969672,-150.79438616295556,0.6900981947236448,0.0,-0.7237157464358271,3.929013079667063,3.929013079667063
53.95651945017303,769.5536630969672,-150.79438616295556,67.93578240603206,781.1927237080315,-147.3985523677874,0.6900981947236448,0.0,-0.7237157464358271,3.929013079667063,3.929013079667063
67.93578240603206,781.1927237080315,-147.3985523677874,55.53159128925349,793.7242300433791,-150.37234693565296,0.6900981947236448,0.0,-0.7237157464358271,3.929013079667063,3.929013079667063
55.53159128925349,793.7242300433791,-150.37234693565296,43.12740017247493,806.2557363787266,-153.34614150351848,0.6900981947236448,0.0,-0.7237157464358271,3.929013079667063,3.929013079667063
41.55232833339447,782.0851694323148,-153.7681807308211,55.53159128925349,793.7242300433791,-150.37234693565296,0.6900981947236448,0.0,-0.7237157464358271,3.929013079667063,3.929013079667063
55.53159128925349,793.7242300433791,-150.37234693565296,69.51085424511253,805.3632906544433,-146.9765131404848,0.6900981947236448,0.0,-0.7237157464358271,3.929013079667063,3.929013079667063
69.51085424511253,805.3632906544433,-146.9765131404848,57.10666312833395,817.8947969897908,-149.95030770835032,0.6900981947236448,0.0,-0.7237157464358271,3.929013079667063,3.929013079667063
57.10666312833395,817.8947969897908,-149.95030770835032,44.702472011555386,830.4263033251385,-152.92410227621588,0.6900981947236448,0.0,-0.7237157464358271,3.929013079667063,3.929013079667063
43.12740017247493,806.2557363787266,-153.34614150351848,57.10666312833395,817.8947969897908,-149.95030770835032,0.6900981947236448,0.0,-0.7237157464358271,3.929013079667063,3.929013079667063
57.10666312833395,817.8947969897908,-149.95030770835032,71.08592608419298,829.5338576008552,-146.55447391318216,0.6900981947236448,0.0,-0.7237157464358271,3.929013079667063,3.929013079667063
71.08592608419298,829.5338576008552,-146.55447391318216,58.68173496741441,842.0653639362027,-149.52826848104772,0.6900981947236448,0.0,-0.7237157464358271,3.929013079667063,3.929013079667063
58.68173496741441,842.0653639362027,-149.52826848104772,46.277543850635844,854.5968702715503,-152.50206304891327,0.6900981947236448,0.0,-0.7237157464358271,3.929013079667063,3.929013079667063
44.702472011555386,830.4263033251385,-152.92410227621588,58.68173496741441,842.0653639362027,-149.52826848104772,0.6900981947236448,0.0,-0.7237157464358271,3.929013079667063,3.929013079667063
58.68173496741441,842.0653639362027,-149.52826848104772,72.66099792327344,853.704424547267,-146.13243468587956,0.6900981947236448,0.0,-0.7237157464358271,3.929013079667063,3.929013079667063
72.66099792327344,853.704424547267,-146.13243468587956,60.256806806494865,866.2359308826145,-149.1062292537451,0.6900981947236448,0.0,-0.7237157464358271,3.929013079667063,3.929013079667063
60.256806806494865,866.2359308826145,-149.1062292537451,47.8526156897163,878.7674372179622,-152.08002382161067,0.6900981947236448,0.0,-0.7237157464358271,3.929013079667063,3.929013079667063
46.277543850635844,854.5968702715503,-152.50206304891327,60.256806806494865,866.2359308826145,-149.1062292537451,0.6900981947236448,0.0,-0.7237157464358271,3.929013079667063,3.929013079667063
60.256806806494865,866.2359308826145,-149.1062292537451,74.23606976235389,877.8749914936789,-145.71039545857695,0.6900981947236448,0.0,-0.7237157464358271,3.929013079667063,3.929013079667063
74.2360697623539,877.874991493679,-145.71039545857695,61.83187864557533,890.4064978290265,-148.6841900264425,0.6900981947236448,0.0,-0.7237157464358271,3.929013079667063,3.929013079667063
61.83187864557533,890.4064978290265,-148.6841900264425,49.42768752879677,902.9380041643741,-151.65798459430806,0.6900981947236448,0.0,-0.7237157464358271,3.929013079667063,3.929013079667063
47.85261568971631,878.7674372179623,-152.08002382161067,61.83187864557533,890.4064978290265,-148.6841900264425,0.6900981947236448,0.0,-0.7237157464358271,3.929013079667063,3.929013079667063
61.83187864557533,890.4064978290265,-148.6841900264425,75.81114160143436,902.0455584400908,-145.28835623127435,0.6900981947236448,0.0,-0.7237157464358271,3.929013079667063,3.929013079667063
75.81114160143436,902.0455584400908,-145.28835623127435,63.40695048465579,914.5770647754384,-148.2621507991399,0.6900981947236448,0.0,-0.7237157464358271,3.929013079667063,3.929013079667063
63.40695048465579,914.5770647754384,-148.2621507991399,51.002759367877225,927.108571110786,-151.2359453670054,0.6900981947236448,0.0,-0.7237157464358271,3.929013079667063,3.929013079667063
49.42768752879677,902.9380041643741,-151.65798459430806,63.40695048465579,914.5770647754384,-148.2621507991399,0.6900981947236448,0.0,-0.7237157464358271,3.929013079667063,3.929013079667063
63.40695048465579,914.5770647754384,-148.2621507991399,77.38621344051482,926.2161253865027,-144.86631700397172,0.6900981947236448,0.0,-0.7237157464358271,3.929013079667063,3.929013079667063
77.38621344051482,926.2161253865027,-144.86631700397172,64.98202232373625,938.7476317218502,-147.84011157183727,0.6900981947236448,0.0,-0.7237157464358271,3.929013079667063,3.929013079667063
64.98202232373625,938.7476317218502,-147.84011157183727,52.57783120695768,951.2791380571978,-150.8139061397028,0.6900981947236448,0.0,-0.7237157464358271,3.929013079667063,3.929013079667063
51.002759367877225,927.108571110786,-151.2359453670054,64.98202232373625,938.7476317218502,-147.84011157183727,0.6900981947236448,0.0,-0.7237157464358271,3.929013079667063,3.929013079667063
64.98202232373625,938.7476317218502,-147.84011157183727,78.96128527959527,950.3866923329144,-144.4442777766691,0.6900981947236448,0.0,-0.7237157464358271,3.929013079667063,3.929013079667063
78.96128527959527,950.3866923329144,-144.4442777766691,66.55709416281671,962.9181986682621,-147.41807234453466,0.6900981947236448,0.0,-0.7237157464358271,3.929013079667063,3.929013079667063
66.55709416281671,962.9181986682621,-147.41807234453466,54.15290304603814,975.4497050036097,-150.3918669124002,0.6900981947236448,0.0,-0.7237157464358271,3.929013079667063,3.929013079667063
52.57783120695768,951.2791380571978,-150.8139061397028,66.55709416281671,962.9181986682621,-147.41807234453466,0.6900981947236448,0.0,-0.7237157464358271,3.929013079667063,3.929013079667063
66.55709416281671,962.9181986682621,-147.41807234453466,80.53635711867574,974.5572592793263,-144.0222385493665,0.6900981947236448,0.0,-0.7237157464358271,3.929013079667063,3.929013079667063
80.53635711867574,974.5572592793263,-144.0222385493665,68.13216600189716,987.088765614674,-146.99603311723206,0.6900981947236448,0.0,-0.7237157464358271,3.929013079667063,3.929013079667063
68.13216600189716,987.088765614674,-146.99603311723206,55.7279748851186,999.6202719500216,-149.96982768509758,0.6900981947236448,0.0,-0.7237157464358271,3.929013079667063,3.929013079667063
54.15290304603814,975.4497050036097,-150.3918669124002,68.13216600189716,987.088765614674,-146.99603311723206,0.6900981947236448,0.0,-0.7237157464358271,3.929013079667063,3.929013079667063
68.13216600189716,987.088765614674,-146.99603311723206,82.11142895775619,998.7278262257382,-143.6001993220639,0.6900981947236448,0.0,-0.7237157464358271,3.929013079667063,3.929013079667063
82.11142895775619,998.7278262257382,-143.6001993220639,69.70723784097763,1011.259332561086,-146.57399388992945,0.6900981947236448,0.0,-0.7237157464358271,3.929013079667063,3.929013079667063
69.70723784097763,1011.259332561086,-146.57399388992945,57.30304672419906,1023.7908388964336,-149.54778845779498,0.6900981947236448,0.0,-0.7237157464358271,3.929013079667063,3.929013079667063
55.7279748851186,999.6202719500216,-149.96982768509758,69.70723784097763,1011.259332561086,-146.57399388992945,0.6900981947236448,0.0,-0.7237157464358271,3.929013079667063,3.929013079667063
69.70723784097763,1011.259332561086,-146.57399388992945,83.68650079683665,1022.8983931721502,-143.1781600947613,0.6900981947236448,0.0,-0.7237157464358271,3.929013079667063,3.929013079667063
83.68650079683665,1022.8983931721502,-143.1781600947613,71.28230968005809,1035.4298995074978,-146.15195466262682,0.6900981947236448,0.0,-0.7237157464358271,3.929013079667063,3.929013079667063
71.28230968005809,1035.4298995074978,-146.15195466262682,58.878118563279514,1047.9614058428454,-149.12574923049237,0.6900981947236448,0.0,-0.7237157464358271,3.929013079667063,3.929013079667063
57.30304672419906,1023.7908388964336,-149.54778845779498,71.28230968005809,1035.4298995074978,-146.15195466262682,0.6900981947236448,0.0,-0.7237157464358271,3.929013079667063,3.929013079667063
71.28230968005809,1035.4298995074978,-146.15195466262682,85.2615726359171,1047.068960118562,-142.75612086745866,0.6900981947236448,0.0,-0.7237157464358271,3.929013079667063,3.929013079667063
85.2615726359171,1047.068960118562,-142.75612086745866,72.85738151913854,1059.6004664539096,-145.72991543532422,0.6900981947236448,0.0,-0.7237157464358271,3.929013079667063,3.929013079667063
72.85738151913854,1059.6004664539096,-145.72991543532422,60.45319040235998,1072.1319727892571,-148.70371000318977,0.6900981947236448,0.0,-0.7237157464358271,3.929013079667063,3.929013079667063
58.878118563279514,1047.9614058428454,-149.12574923049237,72.85738151913854,1059.6004664539096,-145.72991543532422,0.6900981947236448,0.0,-0.7237157464358271,3.929013079667063,3.929013079667063
72.85738151913854,1059.6004664539096,-145.72991543532422,86.83664447499757,1071.2395270649738,-142.33408164015606,0.6900981947236448,0.0,-0.7237157464358271,3.929013079667063,3.929013079667063
86.83664447499757,1071.2395270649738,-142.33408164015606,74.432453358219,1083.7710334003214,-145.3078762080216,0.6900981947236448,0.0,-0.7237157464358271,3.929013079667063,3.929013079667063
74.432453358219,1083.7710334003214,-145.3078762080216,62.02826224144043,1096.302539735669,-148.28167077588716,0.6900981947236448,0.0,-0.7237157464358271,3.929013079667063,3.929013079667063
60.45319040235998,1072.1319727892571,-148.70371000318977,74.432453358219,1083.7710334003214,-145.3078762080216,0.6900981947236448,0.0,-0.7237157464358271,3.929013079667063,3.929013079667063
74.432453358219,1083.7710334003214,-145.3078762080216,88.41171631407802,1095.4100940113856,-141.91204241285345,0.6900981947236448,0.0,-0.7237157464358271,3.929013079667063,3.929013079667063
88.41171631407802,1095.4100940113856,-141.91204241285345,76.00752519729946,1107.9416003467331,-144.885836980719,0.6900981947236448,0.0,-0.7237157464358271,3.929013079667063,3.929013079667063
76.00752519729946,1107.9416003467331,-144.885836980719,63.603334080520895,1120.473106682081,-147.85963154858456,0.6900981947236448,0.0,-0.7237157464358271,3.929013079667063,3.929013079667063
62.02826224144043,1096.302539735669,-148.28167077588716,76.00752519729946,1107.9416003467331,-144.885836980719,0.6900981947236448,0.0,-0.7237157464358271,3.929013079667063,3.929013079667063
76.00752519729946,1107.9416003467331,-144.885836980719,89.98678815315849,1119.5806609577976,-141.49000318555085,0.6900981947236448,0.0,-0.7237157464358271,3.929013079667063,3.929013079667063
89.98678815315849,1119.5806609577976,-141.49000318555085,77.58259703637991,1132.1121672931451,-144.4637977534164,0.6900981947236448,0.0,-0.7237157464358271,3.929013079667063,3.929013079667063
77.58259703637991,1132.1121672931451,-144.4637977534164,65.17840591960135,1144.6436736284927,-147.4375923212819,0.6900981947236448,0.0,-0.7237157464358271,3.929013079667063,3.929013079667063
63.603334080520895,1120.473106682081,-147.85963154858456,77.58259703637991,1132.1121672931451,-144.4637977534164,0.6900981947236448,0.0,-0.7237157464358271,3.929013079667063,3.929013079667063
77.58259703637991,1132.1121672931451,-144.4637977534164,91.56185999223894,1143.7512279042094,-141.0679639582482,0.6900981947236448,0.0,-0.7237157464358271,3.929013079667063,3.929013079667063
-2.7776256280661086e-14,0.0,-151.20689655172413,14.476178329195323,24.170566946411846,-158.2333146293334,0.0,0.0,1.0,3.929013079667063,3.929013079667063
-11.32603465103446,24.170566946411846,-143.33640001950965,3.1501436781608887,48.34113389282371,-150.36281809711892,0.0,0.0,1.0,3.929013079667063,3.929013079667063
3.1501436781608887,48.34113389282371,-150.36281809711892,17.626322007356237,72.51170083923554,-157.38923617472815,0.0,0.0,1.0,3.929013079667063,3.929013079667063
14.476178329195323,24.170566946411846,-158.2333146293334,3.1501436781608887,48.34113389282371,-150.36281809711892,0.0,0.0,1.0,3.929013079667063,3.929013079667063
3.1501436781608887,48.34113389282371,-150.36281809711892,-8.175890972873544,72.51170083923554,-142.49232156490442,0.0,0.0,1.0,3.929013079667063,3.929013079667063
-8.175890972873544,72.51170083923554,-142.49232156490442,6.300287356321806,96.68226778564741,-149.51873964251368,0.0,0.0,1.0,3.929013079667063,3.929013079667063
6.300287356321806,96.68226778564741,-149.51873964251368,20.776465685517156,120.85283473205928,-156.54515772012294,0.0,0.0,1.0,3.929013079667063,3.929013079667063
17.626322007356237,72.51170083923554,-157.38923617472815,6.300287356321806,96.68226778564741,-149.51873964251368,0.0,0.0,1.0,3.929013079667063,3.929013079667063
6.300287356321806,96.68226778564741,-149.51873964251368,-5.025747294712627,120.85283473205928,-141.6482431102992,0.0,0.0,1.0,3.929013079667063,3.929013079667063
-5.025747294712627,120.85283473205928,-141.6482431102992,9.45043103448272,145.02340167847112,-148.67466118790847,0.0,0.0,1.0,3.929013079667063,3.929013079667063
9.45043103448272,145.02340167847112,-148.67466118790847,23.92660936367807,169.19396862488298,-155.70107926551773,0.0,0.0,1.0,3.929013079667063,3.929013079667063
20.776465685517156,120.85283473205928,-156.54515772012294,9.45043103448272,145.02340167847112,-148.67466118790847,0.0,0.0,1.0,3.929013079667063,3.929013079667063
9.45043103448272,145.02340167847112,-148.67466118790847,-1.875603616551711,169.19396862488298,-140.804164655694,0.0,0.0,1.0,3.929013079667063,3.929013079667063
-1.8756036165517127,169.19396862488296,-140.804164655694,12.600574712643638,193.36453557129482,-147.83058273330323,0.0,0.0,1.0,3.929013079667063,3.929013079667063
12.600574712643638,193.36453557129482,-147.83058273330323,27.076753041838987,217.5351025177067,-154.8570008109125,0.0,0.0,1.0,3.929013079667063,3.929013079667063
23.926609363678068,169.19396862488296,-155.70107926551773,12.600574712643638,193.36453557129482,-147.83058273330323,0.0,0.0,1.0,3.929013079667063,3.929013079667063
12.600574712643638,193.36453557129482,-147.83058273330323,1.2745400616092049,217.5351025177067,-139.96008620108876,0.0,0.0,1.0,3.929013079667063,3.929013079667063
1.2745400616092066,217.5351025177067,-139.96008620108876,15.750718390804556,241.70566946411853,-146.98650427869802,0.0,0.0,1.0,3.929013079667063,3.929013079667063
15.750718390804556,241.70566946411853,-146.98650427869802,30.226896719999903,265.8762364105304,-154.01292235630729,0.0,0.0,1.0,3.929013079667063,3.929013079667063
27.07675304183899,217.5351025177067,-154.8570008109125,15.750718390804556,241.70566946411853,-146.98650427869802,0.0,0.0,1.0,3.929013079667063,3.929013079667063
15.750718390804556,241.70566946411853,-146.98650427869802,4.424683739770121,265.8762364105304,-139.11600774648355,0.0,0.0,1.0,3.929013079667063,3.929013079667063
4.424683739770121,265.8762364105304,-139.11600774648355,18.90086206896547,290.04680335694223,-146.1424258240928,0.0,0.0,1.0,3.929013079667063,3.929013079667063
18.90086206896547,290.04680335694223,-146.1424258240928,33.377040398160815,314.2173703033541,-153.16884390170205,0.0,0.0,1.0,3.929013079667063,3.929013079667063
30.226896719999903,265.8762364105304,-154.01292235630729,18.90086206896547,290.04680335694223,-146.1424258240928,0.0,0.0,1.0,3.929013079667063,3.929013079667063
18.90086206896547,290.04680335694223,-146.1424258240928,7.574827417931036,314.2173703033541,-138.2719292918783,0.0,0.0,1.0,3.929013079667063,3.929013079667063
7.574827417931036,314.2173703033541,-138.2719292918783,22.051005747126386,338.3879372497659,-145.29834736948757,0.0,0.0,1.0,3.929013079667063,3.929013079667063
22.051005747126386,338.3879372497659,-145.29834736948757,36.52718407632173,362.55850419617775,-152.32476544709684,0.0,0.0,1.0,3.929013079667063,3.929013079667063
33.377040398160815,314.2173703033541,-153.16884390170205,22.051005747126386,338.3879372497659,-145.29834736948757,0.0,0.0,1.0,3.929013079667063,3.929013079667063
22.051005747126386,338.3879372497659,-145.29834736948757,10.724971096091952,362.55850419617775,-137.4278508372731,0.0,0.0,1.0,3.929013079667063,3.929013079667063
10.724971096091956,362.5585041961778,-137.4278508372731,25.201149425287305,386.72907114258965,-144.45426891488236,0.0,0.0,1.0,3.929013079667063,3.929013079667063
25.201149425287305,386.72907114258965,-144.45426891488236,39.677327754482654,410.8996380890015,-151.4806869924916,0.0,0.0,1.0,3.929013079667063,3.929013079667063
36.52718407632174,362.5585041961778,-152.32476544709684,25.201149425287305,386.72907114258965,-144.45426891488236,0.0,0.0,1.0,3.929013079667063,3.929013079667063
25.201149425287305,386.72907114258965,-144.45426891488236,13.875114774252872,410.8996380890015,-136.58377238266786,0.0,0.0,1.0,3.929013079667063,3.929013079667063
13.875114774252872,410.8996380890015,-136.58377238266786,28.35129310344822,435.0702050354134,-143.61019046027712,0.0,0.0,1.0,3.929013079667063,3.929013079667063
28.35129310344822,435.0702050354134,-143.61019046027712,42.82747143264357,459.2407719818252,-150.6366085378864,0.0,0.0,1.0,3.929013079667063,3.929013079667063
39.677327754482654,410.8996380890015,-151.4806869924916,28.35129310344822,435.0702050354134,-143.61019046027712,0.0,0.0,1.0,3.929013079667063,3.929013079667063
28.35129310344822,435.0702050354134,-143.61019046027712,17.025258452413787,459.2407719818252,-135.73969392806265,0.0,0.0,1.0,3.929013079667063,3.929013079667063
17.025258452413787,459.2407719818252,-135.73969392806265,31.501436781609133,483.4113389282371,-142.7661120056719,0.0,0.0,1.0,3.929013079667063,3.929013079667063
31.501436781609133,483.4113389282371,-142.7661120056719,45.977615110804486,507.5819058746489,-149.79253008328118,0.0,0.0,1.0,3.929013079667063,3.929013079667063
42.82747143264357,459.2407719818252,-150.6366085378864,31.501436781609133,483.4113389282371,-142.7661120056719,0.0,0.0,1.0,3.929013079667063,3.929013079667063
31.501436781609133,483.4113389282371,-142.7661120056719,20.175402130574703,507.5819058746489,-134.89561547345744,0.0,0.0,1.0,3.929013079667063,3.929013079667063
20.175402130574703,507.581905874649,-134.89561547345744,34.65158045977005,531.7524728210608,-141.92203355106668,0.0,0.0,1.0,3.929013079667063,3.929013079667063
34.65158045977005,531.7524728210608,-141.92203355106668,49.1277587889654,555.9230397674726,-148.94845162867594,0.0,0.0,1.0,3.929013079667063,3.929013079667063
45.977615110804486,507.581905874649,-149.79253008328118,34.65158045977005,531.7524728210608,-141.92203355106668,0.0,0.0,1.0,3.929013079667063,3.929013079667063
34.65158045977005,531.7524728210608,-141.92203355106668,23.32554580873562,555.9230397674726,-134.0515370188522,0.0,0.0,1.0,3.929013079667063,3.929013079667063
23.32554580873562,555.9230397674726,-134.0515370188522,37.80172413793097,580.0936067138845,-141.07795509646147,0.0,0.0,1.0,3.929013079667063,3.929013079667063
37.80172413793097,580.0936067138845,-141.07795509646147,52.27790246712632,604.2641736602964,-148.10437317407073,0.0,0.0,1.0,3.929013079667063,3.929013079667063
49.1277587889654,555.9230397674726,-148.94845162867594,37.80172413793097,580.0936067138845,-141.07795509646147,0.0,0.0,1.0,3.929013079667063,3.929013079667063
37.80172413793097,580.0936067138845,-141.07795509646147,26.475689486896535,604.2641736602964,-133.207458564247,0.0,0.0,1.0,3.929013079667063,3.929013079667063
26.475689486896535,604.2641736602964,-133.207458564247,40.951867816091884,628.4347406067081,-140.23387664185626,0.0,0.0,1.0,3.929013079667063,3.929013079667063
40.951867816091884,628.4347406067081,-140.23387664185626,55.42804614528723,652.60530755312,-147.2602947194655,0.0,0.0,1.0,3.929013079667063,3.929013079667063
52.27790246712632,604.2641736602964,-148.10437317407073,40.951867816091884,628.4347406067081,-140.23387664185626,0.0,0.0,1.0,3.929013079667063,3.929013079667063
40.951867816091884,628.4347406067081,-140.23387664185626,29.62583316505745,652.60530755312,-132.36338010964175,0.0,0.0,1.0,3.929013079667063,3.929013079667063
29.62583316505745,652.60530755312,-132.36338010964175,44.1020114942528,676.7758744995318,-139.38979818725102,0.0,0.0,1.0,3.929013079667063,3.929013079667063
44.1020114942528,676.7758744995318,-139.38979818725102,58.57818982344815,700.9464414459437,-146.41621626486028,0.0,0.0,1.0,3.929013079667063,3.929013079667063
55.42804614528723,652.60530755312,-147.2602947194655,44.1020114942528,676.7758744995318,-139.38979818725102,0.0,0.0,1.0,3.929013079667063,3.929013079667063
44.1020114942528,676.7758744995318,-139.38979818725102,32.775976843218366,700.9464414459437,-131.51930165503654,0.0,0.0,1.0,3.929013079667063,3.929013079667063
32.77597684321837,700.9464414459438,-131.51930165503654,47.25215517241372,725.1170083923556,-138.5457197326458,0.0,0.0,1.0,3.929013079667063,3.929013079667063
47.25215517241372,725.1170083923556,-138.5457197326458,61.72833350160907,749.2875753387675,-145.57213781025507,0.0,0.0,1.0,3.929013079667063,3.929013079667063
58.578189823448156,700.9464414459438,-146.41621626486028,47.25215517241372,725.1170083923556,-138.5457197326458,0.0,0.0,1.0,3.929013079667063,3.929013079667063
47.25215517241372,725.1170083923556,-138.5457197326458,35.92612052137929,749.2875753387675,-130.67522320043133,0.0,0.0,1.0,3.929013079667063,3.929013079667063
35.92612052137929,749.2875753387675,-130.67522320043133,50.40229885057464,773.4581422851793,-137.70164127804057,0.0,0.0,1.0,3.929013079667063,3.929013079667063
50.40229885057464,773.4581422851793,-137.70164127804057,64.87847717976999,797.6287092315912,-144.72805935564983,0.0,0.0,1.0,3.929013079667063,3.929013079667063
61.72833350160907,749.2875753387675,-145.57213781025507,50.40229885057464,773.4581422851793,-137.70164127804057,0.0,0.0,1.0,3.929013079667063,3.929013079667063
50.40229885057464,773.4581422851793,-137.70164127804057,39.076264199540205,797.6287092315912,-129.8311447458261,0.0,0.0,1.0,3.929013079667063,3.929013079667063
39.076264199540205,797.6287092315912,-129.8311447458261,53.552442528735554,821.799276178003,-136.85756282343536,0.0,0.0,1.0,3.929013079667063,3.929013079667063
53.552442528735554,821.799276178003,-136.85756282343536,68.0286208579309,845.9698431244149,-143.88398090104462,0.0,0.0,1.0,3.929013079667063,3.929013079667063
64.87847717976999,797.6287092315912,-144.72805935564983,53.552442528735554,821.799276178003,-136.85756282343536,0.0,0.0,1.0,3.929013079667063,3.929013079667063
53.552442528735554,821.799276178003,-136.85756282343536,42.22640787770112,845.9698431244149,-128.98706629122088,0.0,0.0,1.0,3.929013079667063,3.929013079667063
42.22640787770112,845.9698431244149,-128.98706629122088,56.70258620689647,870.1404100708268,-136.01348436883015,0.0,0.0,1.0,3.929013079667063,3.929013079667063
56.70258620689647,870.1404100708268,-136.01348436883015,71.17876453609182,894.3109770172385,-143.03990244643938,0.0,0.0,1.0,3.929013079667063,3.929013079667063
68.0286208579309,845.9698431244149,-143.88398090104462,56.70258620689647,870.1404100708268,-136.01348436883015,0.0,0.0,1.0,3.929013079667063,3.929013079667063
56.70258620689647,870.1404100708268,-136.01348436883015,45.37655155586204,894.3109770172385,-128.14298783661565,0.0,0.0,1.0,3.929013079667063,3.929013079667063
45.37655155586204,894.3109770172385,-128.14298783661565,59.852729885057386,918.4815439636504,-135.1694059142249,0.0,0.0,1.0,3.929013079667063,3.929013079667063
59.852729885057386,918.4815439636504,-135.1694059142249,74.32890821425273,942.6521109100622,-142.19582399183417,0.0,0.0,1.0,3.929013079667063,3.929013079667063
71.17876453609182,894.3109770172385,-143.03990244643938,59.852729885057386,918.4815439636504,-135.1694059142249,0.0,0.0,1.0,3.929013079667063,3.929013079667063
59.852729885057386,918.4815439636504,-135.1694059142249,48.52669523402295,942.6521109100622,-127.29890938201044,0.0,0.0,1.0,3.929013079667063,3.929013079667063
48.52669523402296,942.6521109100623,-127.29890938201044,63.00287356321831,966.8226778564742,-134.3253274596197,0.0,0.0,1.0,3.929013079667063,3.929013079667063
63.00287356321831,966.8226778564742,-134.3253274596197,77.47905189241365,990.993244802886,-141.35174553722896,0.0,0.0,1.0,3.929013079667063,3.929013079667063
74.32890821425275,942.6521109100623,-142.19582399183417,63.00287356321831,966.8226778564742,-134.3253274596197,0.0,0.0,1.0,3.929013079667063,3.929013079667063
63.00287356321831,966.8226778564742,-134.3253274596197,51.676838912183875,990.993244802886,-126.45483092740523,0.0,0.0,1.0,3.929013079667063,3.929013079667063
51.676838912183875,990.993244802886,-126.45483092740523,66.15301724137922,1015.163811749298,-133.48124900501446,0.0,0.0,1.0,3.929013079667063,3.929013079667063
66.15301724137922,1015.163811749298,-133.48124900501446,80.62919557057458,1039.3343786957098,-140.50766708262373,0.0,0.0,1.0,3.929013079667063,3.929013079667063
77.47905189241365,990.993244802886,-141.35174553722896,66.15301724137922,1015.163811749298,-133.48124900501446,0.0,0.0,1.0,3.929013079667063,3.929013079667063
66.15301724137922,1015.163811749298,-133.48124900501446,54.82698259034479,1039.3343786957098,-125.61075247279999,0.0,0.0,1.0,3.929013079667063,3.929013079667063
54.82698259034479,1039.3343786957098,-125.61075247279999,69.30316091954013,1063.5049456421216,-132.63717055040925,0.0,0.0,1.0,3.929013079667063,3.929013079667063
69.30316091954013,1063.5049456421216,-132.63717055040925,83.77933924873548,1087.6755125885334,-139.66358862801852,0.0,0.0,1.0,3.929013079667063,3.929013079667063
80.62919557057458,1039.3343786957098,-140.50766708262373,69.30316091954013,1063.5049456421216,-132.63717055040925,0.0,0.0,1.0,3.929013079667063,3.929013079667063
69.30316091954013,1063.5049456421216,-132.63717055040925,57.97712626850571,1087.6755125885334,-124.76667401819478,0.0,0.0,1.0,3.929013079667063,3.929013079667063
57.97712626850571,1087.6755125885334,-124.76667401819478,72.45330459770105,1111.8460795349451,-131.793092095804,0.0,0.0,1.0,3.929013079667063,3.929013079667063
72.45330459770105,1111.8460795349451,-131.793092095804,86.92948292689641,1136.0166464813572,-138.81951017341328,0.0,0.0,1.0,3.929013079667063,3.929013079667063
83.77933924873548,1087.6755125885334,-139.66358862801852,72.45330459770105,1111.8460795349451,-131.793092095804,0.0,0.0,1.0,3.929013079667063,3.929013079667063
72.45330459770105,1111.8460795349451,-131.793092095804,61.12726994666662,1136.0166464813572,-123.92259556358954,0.0,0.0,1.0,3.929013079667063,3.929013079667063
75.60344827586196,1160.187213427769,-130.9490136411988,86.92948292689641,1136.0166464813572,-138.81951017341328,0.0,0.0,1.0,3.929013079667063,3.929013079667063
-8.175890972873544,72.51170083923554,-142.49232156490442,-11.800222061204565,80.24628226208736,-139.9737626745958,0.0,0.0,1.0,3.929013079667063,3.929013079667063
17.626322007356237,72.51170083923554,-157.38923617472815,22.258699072698754,80.24628226208736,-159.63768995956312,0.0,0.0,1.0,3.929013079667063,3.929013079667063
-5.025747294712627,120.85283473205928,-141.6482431102992,-8.650078383043649,128.5874161549111,-139.1296842199906,0.0,0.0,1.0,3.929013079667063,3.929013079667063
20.776465685517156,120.85283473205928,-156.54515772012294,25.40884275085967,128.5874161549111,-158.7936115049579,0.0,0.0,1.0,3.929013079667063,3.929013079667063
-1.875603616551711,169.19396862488298,-140.804164655694,-5.499934704882733,176.92855004773477,-138.28560576538536,0.0,0.0,1.0,3.929013079667063,3.929013079667063
23.92660936367807,169.19396862488298,-155.70107926551773,28.558986429020585,176.92855004773477,-157.94953305035267,0.0,0.0,1.0,3.929013079667063,3.929013079667063
1.2745400616092049,217.5351025177067,-139.96008620108876,-2.3497910267218156,225.26968394055845,-137.44152731078015,0.0,0.0,1.0,3.929013079667063,3.929013079667063
27.076753041838987,217.5351025177067,-154.8570008109125,31.7091301071815,225.26968394055845,-157.10545459574746,0.0,0.0,1.0,3.929013079667063,3.929013079667063
4.424683739770121,265.8762364105304,-139.11600774648355,0.8003526514390984,273.61081783338216,-136.5974488561749,0.0,0.0,1.0,3.929013079667063,3.929013079667063
30.226896719999903,265.8762364105304,-154.01292235630729,34.85927378534242,273.61081783338216,-156.26137614114222,0.0,0.0,1.0,3.929013079667063,3.929013079667063
7.574827417931036,314.2173703033541,-138.2719292918783,3.950496329600014,321.95195172620583,-135.7533704015697,0.0,0.0,1.0,3.929013079667063,3.929013079667063
33.377040398160815,314.2173703033541,-153.16884390170205,38.00941746350333,321.95195172620583,-155.417297686537,0.0,0.0,1.0,3.929013079667063,3.929013079667063
10.724971096091952,362.55850419617775,-137.4278508372731,7.10064000776093,370.29308561902957,-134.9092919469645,0.0,0.0,1.0,3.929013079667063,3.929013079667063
36.52718407632173,362.55850419617775,-152.32476544709684,41.15956114166425,370.29308561902957,-154.5732192319318,0.0,0.0,1.0,3.929013079667063,3.929013079667063
13.875114774252872,410.8996380890015,-136.58377238266786,10.250783685921853,418.63421951185336,-134.06521349235925,0.0,0.0,1.0,3.929013079667063,3.929013079667063
39.677327754482654,410.8996380890015,-151.4806869924916,44.30970481982517,418.63421951185336,-153.72914077732656,0.0,0.0,1.0,3.929013079667063,3.929013079667063
17.025258452413787,459.2407719818252,-135.73969392806265,13.400927364082769,466.9753534046771,-133.22113503775404,0.0,0.0,1.0,3.929013079667063,3.929013079667063
42.82747143264357,459.2407719818252,-150.6366085378864,47.45984849798609,466.9753534046771,-152.88506232272135,0.0,0.0,1.0,3.929013079667063,3.929013079667063
20.175402130574703,507.5819058746489,-134.89561547345744,16.55107104224368,515.3164872975008,-132.3770565831488,0.0,0.0,1.0,3.929013079667063,3.929013079667063
45.977615110804486,507.5819058746489,-149.79253008328118,50.609992176147,515.3164872975008,-152.04098386811611,0.0,0.0,1.0,3.929013079667063,3.929013079667063
23.32554580873562,555.9230397674726,-134.0515370188522,19.701214720404597,563.6576211903244,-131.5329781285436,0.0,0.0,1.0,3.929013079667063,3.929013079667063
49.1277587889654,555.9230397674726,-148.94845162867594,53.76013585430792,563.6576211903244,-151.1969054135109,0.0,0.0,1.0,3.929013079667063,3.929013079667063
26.475689486896535,604.2641736602964,-133.207458564247,22.851358398565512,611.9987550831481,-130.68889967393835,0.0,0.0,1.0,3.929013079667063,3.929013079667063
52.27790246712632,604.2641736602964,-148.10437317407073,56.910279532468834,611.9987550831481,-150.35282695890567,0.0,0.0,1.0,3.929013079667063,3.929013079667063
29.62583316505745,652.60530755312,-132.36338010964175,26.001502076726428,660.3398889759718,-129.84482121933314,0.0,0.0,1.0,3.929013079667063,3.929013079667063
55.42804614528723,652.60530755312,-147.2602947194655,60.06042321062975,660.3398889759718,-149.50874850430046,0.0,0.0,1.0,3.929013079667063,3.929013079667063
32.775976843218366,700.9464414459437,-131.51930165503654,29.151645754887344,708.6810228687955,-129.00074276472793,0.0,0.0,1.0,3.929013079667063,3.929013079667063
58.57818982344815,700.9464414459437,-146.41621626486028,63.210566888790666,708.6810228687955,-148.66467004969525,0.0,0.0,1.0,3.929013079667063,3.929013079667063
35.92612052137929,749.2875753387675,-130.67522320043133,32.30178943304827,757.0221567616193,-128.1566643101227,0.0,0.0,1.0,3.929013079667063,3.929013079667063
61.72833350160907,749.2875753387675,-145.57213781025507,66.36071056695158,757.0221567616193,-147.82059159509,0.0,0.0,1.0,3.929013079667063,3.929013079667063
39.076264199540205,797.6287092315912,-129.8311447458261,35.451933111209186,805.363290654443,-127.31258585551748,0.0,0.0,1.0,3.929013079667063,3.929013079667063
64.87847717976999,797.6287092315912,-144.72805935564983,69.5108542451125,805.363290654443,-146.9765131404848,0.0,0.0,1.0,3.929013079667063,3.929013079667063
42.22640787770112,845.9698431244149,-128.98706629122088,38.6020767893701,853.7044245472666,-126.46850740091224,0.0,0.0,1.0,3.929013079667063,3.929013079667063
68.0286208579309,845.9698431244149,-143.88398090104462,72.66099792327341,853.7044245472666,-146.13243468587956,0.0,0.0,1.0,3.929013079667063,3.929013079667063
45.37655155586204,894.3109770172385,-128.14298783661565,41.75222046753102,902.0455584400903,-125.62442894630703,0.0,0.0,1.0,3.929013079667063,3.929013079667063
71.17876453609182,894.3109770172385,-143.03990244643938,75.81114160143433,902.0455584400903,-145.28835623127435,0.0,0.0,1.0,3.929013079667063,3.929013079667063
48.52669523402295,942.6521109100622,-127.29890938201044,44.902364145691934,950.386692332914,-124.7803504917018,0.0,0.0,1.0,3.929013079667063,3.929013079667063
74.32890821425273,942.6521109100622,-142.19582399183417,78.96128527959524,950.386692332914,-144.4442777766691,0.0,0.0,1.0,3.929013079667063,3.929013079667063
51.676838912183875,990.993244802886,-126.45483092740523,48.05250782385285,998.7278262257378,-123.93627203709659,0.0,0.0,1.0,3.929013079667063,3.929013079667063
77.47905189241365,990.993244802886,-141.35174553722896,82.11142895775616,998.7278262257378,-143.6001993220639,0.0,0.0,1.0,3.929013079667063,3.929013079667063
54.82698259034479,1039.3343786957098,-125.61075247279999,51.202651502013765,1047.0689601185616,-123.09219358249138,0.0,0.0,1.0,3.929013079667063,3.929013079667063
80.62919557057458,1039.3343786957098,-140.50766708262373,85.26157263591708,1047.0689601185616,-142.7561208674587,0.0,0.0,1.0,3.929013079667063,3.929013079667063
57.97712626850571,1087.6755125885334,-124.76667401819478,54.35279518017468,1095.4100940113851,-122.24811512788614,0.0,0.0,1.0,3.929013079667063,3.929013079667063
83.77933924873548,1087.6755125885334,-139.66358862801852,88.41171631407799,1095.4100940113851,-141.91204241285345,0.0,0.0,1.0,3.929013079667063,3.929013079667063
61.12726994666662,1136.0166464813572,-123.92259556358954,57.5029388583356,1143.751227904209,-121.40403667328093,0.0,0.0,1.0,3.929013079667063,3.929013079667063
86.92948292689641,1136.0166464813572,-138.81951017341328,91.56185999223891,1143.751227904209,-141.06796395824824,0.0,0.0,1.0,3.929013079667063,3.929013079667063
75.60344827586196,1160.187213427769,-130.9490136411988,61.12726994666662,1136.0166464813572,-123.92259556358954,0.0,0.0,1.0,3.929013079667063,3.929013079667063
159.468126076169,0.0,-92.06896551724147,159.46812607616906,0.0,92.06896551724137,0.0,0.0,1.0,3.929013079667063,3.929013079667063
159.468126076169,0.0,-92.06896551724147,187.9872385111393,0.0,-108.5344827586208,0.0,0.0,1.0,3.929013079667063,3.929013079667063
159.468126076169,0.0,-92.06896551724147,130.9490136411987,0.0,-75.60344827586214,0.0,0.0,1.0,3.929013079667063,3.929013079667063
187.9872385111393,0.0,-108.5344827586208,187.9872385111394,0.0,108.53448275862068,0.0,0.0,1.0,3.929013079667063,3.929013079667063
130.9490136411987,0.0,-75.60344827586214,130.94901364119875,0.0,75.60344827586205,0.0,0.0,1.0,3.929013079667063,3.929013079667063
92.06896551724125,1160.187213427769,-159.4681260761691,184.13793103448276,1160.187213427769,0.0,0.0,0.0,1.0,3.929013079667063,3.929013079667063
92.06896551724125,1160.187213427769,-159.4681260761691,108.53448275862056,1160.187213427769,-187.98723851113945,0.0,0.0,1.0,3.929013079667063,3.929013079667063
92.06896551724125,1160.187213427769,-159.4681260761691,75.60344827586196,1160.187213427769,-130.9490136411988,0.0,0.0,1.0,3.929013079667063,3.929013079667063
108.53448275862056,1160.187213427769,-187.98723851113945,217.0689655172414,1160.187213427769,0.0,0.0,0.0,1.0,3.929013079667063,3.929013079667063
75.60344827586196,1160.187213427769,-130.9490136411988,151.20689655172413,1160.187213427769,0.0,0.0,0.0,1.0,3.929013079667063,3.929013079667063
187.9872385111393,0.0,-108.5344827586208,171.53003965173485,24.170566946411853,-110.18974850346494,0.0,0.0,1.0,3.929013079667063,3.929013079667063
185.80228772794504,30.623241954086808,-129.43812262456646,175.20537899991317,43.349478634881166,-120.90641095561283,-0.69347657033171,0.0,-0.7204791783257647,3.929013079667063,3.929013079667063
175.20537899991317,43.349478634881166,-120.90641095561283,164.6084702718813,56.075715315675495,-112.37469928665918,-0.69347657033171,0.0,-0.7204791783257647,3.929013079667063,3.929013079667063
166.26373601672543,31.905148369263642,-110.71943354181505,175.20537899991317,43.349478634881166,-120.90641095561283,-0.69347657033171,0.0,-0.7204791783257647,3.929013079667063,3.929013079667063
175.20537899991317,43.349478634881166,-120.90641095561283,184.1470219831009,54.793808900498675,-131.09338836941058,-0.69347657033171,0.0,-0.7204791783257647,3.929013079667063,3.929013079667063
184.1470219831009,54.793808900498675,-131.09338836941058,173.55011325506902,67.52004558129302,-122.56167670045696,-0.69347657033171,0.0,-0.7204791783257647,3.929013079667063,3.929013079667063
173.55011325506902,67.52004558129302,-122.56167670045696,162.95320452703714,80.24628226208736,-114.02996503150332,-0.69347657033171,0.0,-0.7204791783257647,3.929013079667063,3.929013079667063
164.6084702718813,56.075715315675495,-112.37469928665918,173.55011325506902,67.52004558129302,-122.56167670045696,-0.69347657033171,0.0,-0.7204791783257647,3.929013079667063,3.929013079667063
173.55011325506902,67.52004558129302,-122.56167670045696,182.49175623825676,78.96437584691054,-132.74865411425472,-0.69347657033171,0.0,-0.7204791783257647,3.929013079667063,3.929013079667063
182.49175623825676,78.96437584691054,-132.74865411425472,171.89484751022488,91.69061252770487,-124.2169424453011,-0.69347657033171,0.0,-0.7204791783257647,3.929013079667063,3.929013079667063
171.89484751022488,91.69061252770487,-124.2169424453011,161.297938782193,104.4168492084992,-115.68523077634747,-0.69347657033171,0.0,-0.7204791783257647,3.929013079667063,3.929013079667063
162.95320452703714,80.24628226208736,-114.02996503150332,171.89484751022488,91.69061252770487,-124.2169424453011,-0.69347657033171,0.0,-0.7204791783257647,3.929013079667063,3.929013079667063
171.89484751022488,91.69061252770487,-124.2169424453011,180.8364904934126,103.13494279332238,-134.40391985909886,-0.69347657033171,0.0,-0.7204791783257647,3.929013079667063,3.929013079667063
180.8364904934126,103.13494279332238,-134.40391985909886,170.23958176538073,115.86117947411674,-125.87220819014524,-0.69347657033171,0.0,-0.7204791783257647,3.929013079667063,3.929013079667063
170.23958176538073,115.86117947411674,-125.87220819014524,159.64267303734886,128.58741615491107,-117.3404965211916,-0.69347657033171,0.0,-0.7204791783257647,3.929013079667063,3.929013079667063
161.297938782193,104.4168492084992,-115.68523077634747,170.23958176538073,115.86117947411674,-125.87220819014524,-0.69347657033171,0.0,-0.7204791783257647,3.929013079667063,3.929013079667063
170.23958176538073,115.86117947411674,-125.87220819014524,179.18122474856847,127.30550973973425,-136.05918560394298,-0.69347657033171,0.0,-0.7204791783257647,3.929013079667063,3.929013079667063
179.18122474856847,127.30550973973425,-136.05918560394298,168.58431602053662,140.03174642052858,-127.52747393498937,-0.69347657033171,0.0,-0.7204791783257647,3.929013079667063,3.929013079667063
168.58431602053662,140.03174642052858,-127.52747393498937,157.9874072925047,152.75798310132294,-118.99576226603574,-0.69347657033171,0.0,-0.7204791783257647,3.929013079667063,3.929013079667063
159.64267303734886,128.58741615491107,-117.3404965211916,168.58431602053662,140.03174642052858,-127.52747393498937,-0.69347657033171,0.0,-0.7204791783257647,3.929013079667063,3.929013079667063
168.58431602053662,140.03174642052858,-127.52747393498937,177.52595900372432,151.47607668614611,-137.71445134878712,-0.69347657033171,0.0,-0.7204791783257647,3.929013079667063,3.929013079667063
177.52595900372435,151.4760766861461,-137.71445134878712,166.92905027569248,164.20231336694044,-129.1827396798335,-0.69347657033171,0.0,-0.7204791783257647,3.929013079667063,3.929013079667063
166.92905027569248,164.20231336694044,-129.1827396798335,156.3321415476606,176.92855004773477,-120.65102801087988,-0.69347657033171,0.0,-0.7204791783257647,3.929013079667063,3.929013079667063
157.98740729250474,152.7579831013229,-118.99576226603574,166.92905027569248,164.20231336694044,-129.1827396798335,-0.69347657033171,0.0,-0.7204791783257647,3.929013079667063,3.929013079667063
166.92905027569248,164.20231336694044,-129.1827396798335,175.8706932588802,175.64664363255795,-139.36971709363127,-0.69347657033171,0.0,-0.7204791783257647,3.929013079667063,3.929013079667063
175.8706932588802,175.64664363255795,-139.36971709363127,165.27378453084833,188.3728803133523,-130.83800542467765,-0.69347657033171,0.0,-0.7204791783257647,3.929013079667063,3.929013079667063
165.27378453084833,188.3728803133523,-130.83800542467765,154.67687580281645,201.09911699414664,-122.30629375572401,-0.69347657033171,0.0,-0.7204791783257647,3.929013079667063,3.929013079667063
156.3321415476606,176.92855004773477,-120.65102801087988,165.27378453084833,188.3728803133523,-130.83800542467765,-0.69347657033171,0.0,-0.7204791783257647,3.929013079667063,3.929013079667063
165.27378453084833,188.3728803133523,-130.83800542467765,174.21542751403607,199.81721057896982,-141.0249828384754,-0.69347657033171,0.0,-0.7204791783257647,3.929013079667063,3.929013079667063
174.21542751403607,199.8172105789698,-141.0249828384754,163.6185187860042,212.54344725976412,-132.4932711695218,-0.69347657033171,0.0,-0.7204791783257647,3.929013079667063,3.929013079667063
163.6185187860042,212.54344725976412,-132.4932711695218,153.0216100579723,225.2696839405585,-123.96155950056816,-0.69347657033171,0.0,-0.7204791783257647,3.929013079667063,3.929013079667063
154.67687580281645,201.0991169941466,-122.30629375572401,163.6185187860042,212.54344725976412,-132.4932711695218,-0.69347657033171,0.0,-0.7204791783257647,3.929013079667063,3.929013079667063
163.6185187860042,212.54344725976412,-132.4932711695218,172.56016176919192,223.9877775253817,-142.68024858331955,-0.69347657033171,0.0,-0.7204791783257647,3.929013079667063,3.929013079667063
172.56016176919192,223.9877775253817,-142.68024858331955,161.96325304116004,236.71401420617596,-134.14853691436593,-0.69347657033171,0.0,-0.7204791783257647,3.929013079667063,3.929013079667063
161.96325304116004,236.71401420617596,-134.14853691436593,151.36634431312817,249.4402508869704,-125.6168252454123,-0.69347657033171,0.0,-0.7204791783257647,3.929013079667063,3.929013079667063
153.0216100579723,225.2696839405585,-123.96155950056816,161.96325304116004,236.71401420617596,-134.14853691436593,-0.69347657033171,0.0,-0.7204791783257647,3.929013079667063,3.929013079667063
161.96325304116004,236.71401420617596,-134.14853691436593,170.90489602434778,248.15834447179358,-144.3355143281637,-0.69347657033171,0.0,-0.7204791783257647,3.929013079667063,3.929013079667063
170.90489602434778,248.15834447179358,-144.3355143281637,160.3079872963159,260.8845811525879,-135.80380265921008,-0.69347657033171,0.0,-0.7204791783257647,3.929013079667063,3.929013079667063
160.3079872963159,260.8845811525879,-135.80380265921008,149.71107856828402,273.61081783338227,-127.27209099025644,-0.69347657033171,0.0,-0.7204791783257647,3.929013079667063,3.929013079667063
151.36634431312817,249.4402508869704,-125.6168252454123,160.3079872963159,260.8845811525879,-135.80380265921008,-0.69347657033171,0.0,-0.7204791783257647,3.929013079667063,3.929013079667063
160.3079872963159,260.8845811525879,-135.80380265921008,169.24963027950363,272.3289114182055,-145.99078007300784,-0.69347657033171,0.0,-0.7204791783257647,3.929013079667063,3.929013079667063
169.24963027950363,272.3289114182054,-145.99078007300784,158.65272155147176,285.05514809899967,-137.45906840405422,-0.69347657033171,0.0,-0.7204791783257647,3.929013079667063,3.929013079667063
158.65272155147176,285.05514809899967,-137.45906840405422,148.05581282343988,297.78138477979405,-128.9273567351006,-0.69347657033171,0.0,-0.7204791783257647,3.929013079667063,3.929013079667063
149.71107856828402,273.61081783338216,-127.27209099025643,158.65272155147176,285.05514809899967,-137.45906840405422,-0.69347657033171,0.0,-0.7204791783257647,3.929013079667063,3.929013079667063
158.65272155147176,285.05514809899967,-137.45906840405422,167.5943645346595,296.4994783646173,-147.64604581785198,-0.69347657033171,0.0,-0.7204791783257647,3.929013079667063,3.929013079667063
167.5943645346595,296.4994783646173,-147.64604581785198,156.9974558066276,309.2257150454117,-139.11433414889837,-0.69347657033171,0.0,-0.7204791783257647,3.929013079667063,3.929013079667063
156.9974558066276,309.2257150454117,-139.11433414889837,146.40054707859574,321.95195172620583,-130.58262247994472,-0.69347657033171,0.0,-0.7204791783257647,3.929013079667063,3.929013079667063
148.05581282343988,297.78138477979405,-128.9273567351006,156.9974558066276,309.2257150454117,-139.11433414889837,-0.69347657033171,0.0,-0.7204791783257647,3.929013079667063,3.929013079667063
156.9974558066276,309.2257150454117,-139.11433414889837,165.93909878981535,320.67004531102907,-149.3013115626961,-0.69347657033171,0.0,-0.7204791783257647,3.929013079667063,3.929013079667063
165.93909878981535,320.6700453110292,-149.30131156269613,155.34219006178347,333.39628199182346,-140.76959989374248,-0.69347657033171,0.0,-0.7204791783257647,3.929013079667063,3.929013079667063
155.34219006178347,333.39628199182346,-140.76959989374248,144.7452813337516,346.12251867261784,-132.23788822478886,-0.69347657033171,0.0,-0.7204791783257647,3.929013079667063,3.929013079667063
146.40054707859574,321.95195172620595,-130.58262247994475,155.34219006178347,333.39628199182346,-140.76959989374248,-0.69347657033171,0.0,-0.7204791783257647,3.929013079667063,3.929013079667063
155.34219006178347,333.39628199182346,-140.76959989374248,164.2838330449712,344.8406122574411,-150.95657730754024,-0.69347657033171,0.0,-0.7204791783257647,3.929013079667063,3.929013079667063
164.2838330449712,344.8406122574411,-150.95657730754024,153.68692431693933,357.56684893823535,-142.42486563858662,-0.69347657033171,0.0,-0.7204791783257647,3.929013079667063,3.929013079667063
153.68692431693933,357.56684893823535,-142.42486563858662,143.09001558890745,370.2930856190296,-133.893153969633,-0.69347657033171,0.0,-0.7204791783257647,3.929013079667063,3.929013079667063
144.7452813337516,346.12251867261784,-132.23788822478886,153.68692431693933,357.56684893823535,-142.42486563858662,-0.69347657033171,0.0,-0.7204791783257647,3.929013079667063,3.929013079667063
153.68692431693933,357.56684893823535,-142.42486563858662,162.62856730012706,369.01117920385286,-152.6118430523844,-0.69347657033171,0.0,-0.7204791783257647,3.929013079667063,3.929013079667063
162.62856730012706,369.01117920385286,-152.6118430523844,152.03165857209518,381.73741588464713,-144.08013138343077,-0.69347657033171,0.0,-0.7204791783257647,3.929013079667063,3.929013079667063
152.03165857209518,381.73741588464713,-144.08013138343077,141.43474984406333,394.4636525654414,-135.54841971447715,-0.69347657033171,0.0,-0.7204791783257647,3.929013079667063,3.929013079667063
143.09001558890745,370.2930856190296,-133.893153969633,152.03165857209518,381.73741588464713,-144.08013138343077,-0.69347657033171,0.0,-0.7204791783257647,3.929013079667063,3.929013079667063
152.03165857209518,381.73741588464713,-144.08013138343077,160.97330155528294,393.18174615026464,-154.26710879722853,-0.69347657033171,0.0,-0.7204791783257647,3.929013079667063,3.929013079667063
160.97330155528292,393.18174615026476,-154.26710879722853,150.37639282725104,405.90798283105903,-145.7353971282749,-0.69347657033171,0.0,-0.7204791783257647,3.929013079667063,3.929013079667063
150.37639282725104,405.90798283105903,-145.7353971282749,139.7794840992192,418.6342195118533,-137.2036854593213,-0.69347657033171,0.0,-0.7204791783257647,3.929013079667063,3.929013079667063
141.4347498440633,394.4636525654415,-135.54841971447715,150.37639282725104,405.90798283105903,-145.7353971282749,-0.69347657033171,0.0,-0.7204791783257647,3.929013079667063,3.929013079667063
150.37639282725104,405.90798283105903,-145.7353971282749,159.3180358104388,417.35231309667654,-155.92237454207267,-0.69347657033171,0.0,-0.7204791783257647,3.929013079667063,3.929013079667063
159.3180358104388,417.35231309667654,-155.92237454207267,148.7211270824069,430.0785497774709,-147.39066287311906,-0.69347657033171,0.0,-0.7204791783257647,3.929013079667063,3.929013079667063
148.7211270824069,430.0785497774709,-147.39066287311906,138.12421835437505,442.8047864582652,-138.8589512041654,-0.69347657033171,0.0,-0.7204791783257647,3.929013079667063,3.929013079667063
139.7794840992192,418.6342195118533,-137.2036854593213,148.7211270824069,430.0785497774709,-147.39066287311906,-0.69347657033171,0.0,-0.7204791783257647,3.929013079667063,3.929013079667063
148.7211270824069,430.0785497774709,-147.39066287311906,157.66277006559466,441.52288004308843,-157.5776402869168,-0.69347657033171,0.0,-0.7204791783257647,3.929013079667063,3.929013079667063
157.66277006559463,441.52288004308855,-157.57764028691682,147.06586133756278,454.2491167238827,-149.0459286179632,-0.69347657033171,0.0,-0.7204791783257647,3.929013079667063,3.929013079667063
147.06586133756278,454.2491167238827,-149.0459286179632,136.4689526095309,466.9753534046771,-140.51421694900955,-0.69347657033171,0.0,-0.7204791783257647,3.929013079667063,3.929013079667063
138.12421835437502,442.8047864582653,-138.85895120416544,147.06586133756278,454.2491167238827,-149.0459286179632,-0.69347657033171,0.0,-0.7204791783257647,3.929013079667063,3.929013079667063
147.06586133756278,454.2491167238827,-149.0459286179632,156.0075043207505,465.6934469895002,-159.23290603176093,-0.69347657033171,0.0,-0.7204791783257647,3.929013079667063,3.929013079667063
156.0075043207505,465.6934469895002,-159.23290603176093,145.4105955927186,478.4196836702946,-150.70119436280734,-0.69347657033171,0.0,-0.7204791783257647,3.929013079667063,3.929013079667063
145.4105955927186,478.4196836702946,-150.70119436280734,134.81368686468676,491.1459203510889,-142.1694826938537,-0.69347657033171,0.0,-0.7204791783257647,3.929013079667063,3.929013079667063
136.4689526095309,466.9753534046771,-140.51421694900955,145.4105955927186,478.4196836702946,-150.70119436280734,-0.69347657033171,0.0,-0.7204791783257647,3.929013079667063,3.929013079667063
145.4105955927186,478.4196836702946,-150.70119436280734,154.35223857590637,489.864013935912,-160.88817177660508,-0.69347657033171,0.0,-0.7204791783257647,3.929013079667063,3.929013079667063
154.35223857590637,489.864013935912,-160.88817177660508,143.7553298478745,502.5902506167065,-152.35646010765146,-0.69347657033171,0.0,-0.7204791783257647,3.929013079667063,3.929013079667063
143.7553298478745,502.5902506167065,-152.35646010765146,133.15842111984261,515.3164872975008,-143.82474843869784,-0.69347657033171,0.0,-0.7204791783257647,3.929013079667063,3.929013079667063
134.81368686468676,491.1459203510889,-142.1694826938537,143.7553298478745,502.5902506167065,-152.35646010765146,-0.69347657033171,0.0,-0.7204791783257647,3.929013079667063,3.929013079667063
143.7553298478745,502.5902506167065,-152.35646010765146,152.69697283106223,514.0345808823239,-162.54343752144922,-0.69347657033171,0.0,-0.7204791783257647,3.929013079667063,3.929013079667063
152.69697283106223,514.034580882324,-162.54343752144922,142.10006410303035,526.7608175631183,-154.0117258524956,-0.69347657033171,0.0,-0.7204791783257647,3.929013079667063,3.929013079667063
142.10006410303035,526.7608175631183,-154.0117258524956,131.50315537499847,539.4870542439127,-145.48001418354198,-0.69347657033171,0.0,-0.7204791783257647,3.929013079667063,3.929013079667063
133.15842111984261,515.3164872975009,-143.82474843869784,142.10006410303035,526.7608175631183,-154.0117258524956,-0.69347657033171,0.0,-0.7204791783257647,3.929013079667063,3.929013079667063
142.10006410303035,526.7608175631183,-154.0117258524956,151.04170708621808,538.2051478287358,-164.19870326629336,-0.69347657033171,0.0,-0.7204791783257647,3.929013079667063,3.929013079667063
151.04170708621808,538.2051478287358,-164.19870326629336,140.4447983581862,550.9313845095302,-155.66699159733975,-0.69347657033171,0.0,-0.7204791783257647,3.929013079667063,3.929013079667063
140.4447983581862,550.9313845095302,-155.66699159733975,129.84788963015433,563.6576211903244,-147.13527992838613,-0.69347657033171,0.0,-0.7204791783257647,3.929013079667063,3.929013079667063
131.50315537499847,539.4870542439127,-145.48001418354198,140.4447983581862,550.9313845095302,-155.66699159733975,-0.69347657033171,0.0,-0.7204791783257647,3.929013079667063,3.929013079667063
140.4447983581862,550.9313845095302,-155.66699159733975,149.38644134137394,562.3757147751476,-165.8539690111375,-0.69347657033171,0.0,-0.7204791783257647,3.929013079667063,3.929013079667063
149.38644134137394,562.3757147751476,-165.8539690111375,138.78953261334206,575.1019514559421,-157.3222573421839,-0.69347657033171,0.0,-0.7204791783257647,3.929013079667063,3.929013079667063
138.78953261334206,575.1019514559421,-157.3222573421839,128.19262388531018,587.8281881367363,-148.79054567323027,-0.69347657033171,0.0,-0.7204791783257647,3.929013079667063,3.929013079667063
129.84788963015433,563.6576211903244,-147.13527992838613,138.78953261334206,575.1019514559421,-157.3222573421839,-0.69347657033171,0.0,-0.7204791783257647,3.929013079667063,3.929013079667063
138.78953261334206,575.1019514559421,-157.3222573421839,147.7311755965298,586.5462817215595,-167.50923475598165,-0.69347657033171,0.0,-0.7204791783257647,3.929013079667063,3.929013079667063
147.7311755965298,586.5462817215594,-167.50923475598165,137.13426686849792,599.2725184023539,-158.977523087028,-0.69347657033171,0.0,-0.7204791783257647,3.929013079667063,3.929013079667063
137.13426686849792,599.2725184023539,-158.977523087028,126.53735814046604,611.9987550831482,-150.4458114180744,-0.69347657033171,0.0,-0.7204791783257647,3.929013079667063,3.929013079667063
128.19262388531018,587.8281881367362,-148.79054567323027,137.13426686849792,599.2725184023539,-158.977523087028,-0.69347657033171,0.0,-0.7204791783257647,3.929013079667063,3.929013079667063
137.13426686849792,599.2725184023539,-158.977523087028,146.07590985168565,610.7168486679714,-169.1645005008258,-0.69347657033171,0.0,-0.7204791783257647,3.929013079667063,3.929013079667063
146.07590985168565,610.7168486679714,-169.1645005008258,135.47900112365377,623.4430853487657,-160.63278883187215,-0.69347657033171,0.0,-0.7204791783257647,3.929013079667063,3.929013079667063
135.47900112365377,623.4430853487657,-160.63278883187215,124.8820923956219,636.1693220295601,-152.10107716291856,-0.69347657033171,0.0,-0.7204791783257647,3.929013079667063,3.929013079667063
126.53735814046604,611.9987550831482,-150.4458114180744,135.47900112365377,623.4430853487657,-160.63278883187215,-0.69347657033171,0.0,-0.7204791783257647,3.929013079667063,3.929013079667063
135.47900112365377,623.4430853487657,-160.63278883187215,144.4206441068415,634.8874156143833,-170.81976624566994,-0.69347657033171,0.0,-0.7204791783257647,3.929013079667063,3.929013079667063
144.4206441068415,634.8874156143831,-170.8197662456699,133.82373537880966,647.6136522951775,-162.2880545767163,-0.69347657033171,0.0,-0.7204791783257647,3.929013079667063,3.929013079667063
133.82373537880966,647.6136522951775,-162.2880545767163,123.22682665077775,660.3398889759719,-153.75634290776267,-0.69347657033171,0.0,-0.7204791783257647,3.929013079667063,3.929013079667063
124.8820923956219,636.16932202956,-152.10107716291853,133.82373537880966,647.6136522951775,-162.2880545767163,-0.69347657033171,0.0,-0.7204791783257647,3.929013079667063,3.929013079667063
133.82373537880966,647.6136522951775,-162.2880545767163,142.76537836199736,659.057982560795,-172.47503199051405,-0.69347657033171,0.0,-0.7204791783257647,3.929013079667063,3.929013079667063
142.76537836199736,659.057982560795,-172.47503199051405,132.16846963396551,671.7842192415895,-163.94332032156044,-0.69347657033171,0.0,-0.7204791783257647,3.929013079667063,3.929013079667063
132.16846963396551,671.7842192415895,-163.94332032156044,121.57156090593361,684.5104559223838,-155.41160865260682,-0.69347657033171,0.0,-0.7204791783257647,3.929013079667063,3.929013079667063
123.22682665077775,660.3398889759719,-153.75634290776267,132.16846963396551,671.7842192415895,-163.94332032156044,-0.69347657033171,0.0,-0.7204791783257647,3.929013079667063,3.929013079667063
132.16846963396551,671.7842192415895,-163.94332032156044,141.11011261715322,683.2285495072069,-174.1302977353582,-0.69347657033171,0.0,-0.7204791783257647,3.929013079667063,3.929013079667063
141.11011261715325,683.2285495072068,-174.1302977353582,130.51320388912137,695.9547861880013,-165.59858606640458,-0.69347657033171,0.0,-0.7204791783257647,3.929013079667063,3.929013079667063
130.51320388912137,695.9547861880013,-165.59858606640458,119.91629516108947,708.6810228687957,-157.06687439745096,-0.69347657033171,0.0,-0.7204791783257647,3.929013079667063,3.929013079667063
121.57156090593364,684.5104559223837,-155.41160865260682,130.51320388912137,695.9547861880013,-165.59858606640458,-0.69347657033171,0.0,-0.7204791783257647,3.929013079667063,3.929013079667063
130.51320388912137,695.9547861880013,-165.59858606640458,139.45484687230908,707.3991164536188,-175.78556348020234,-0.69347657033171,0.0,-0.7204791783257647,3.929013079667063,3.929013079667063
139.4548468723091,707.3991164536187,-175.7855634802023,128.85793814427723,720.1253531344131,-167.25385181124872,-0.69347657033171,0.0,-0.7204791783257647,3.929013079667063,3.929013079667063
128.85793814427723,720.1253531344131,-167.25385181124872,118.26102941624535,732.8515898152075,-158.72214014229507,-0.69347657033171,0.0,-0.7204791783257647,3.929013079667063,3.929013079667063
119.9162951610895,708.6810228687956,-157.06687439745093,128.85793814427723,720.1253531344131,-167.25385181124872,-0.69347657033171,0.0,-0.7204791783257647,3.929013079667063,3.929013079667063
128.85793814427723,720.1253531344131,-167.25385181124872,137.79958112746496,731.5696834000306,-177.44082922504646,-0.69347657033171,0.0,-0.7204791783257647,3.929013079667063,3.929013079667063
137.79958112746496,731.5696834000306,-177.44082922504646,127.20267239943307,744.295920080825,-168.90911755609287,-0.69347657033171,0.0,-0.7204791783257647,3.929013079667063,3.929013079667063
127.20267239943307,744.295920080825,-168.90911755609287,116.6057636714012,757.0221567616194,-160.37740588713922,-0.69347657033171,0.0,-0.7204791783257647,3.929013079667063,3.929013079667063
118.26102941624535,732.8515898152075,-158.72214014229507,127.20267239943307,744.295920080825,-168.90911755609287,-0.69347657033171,0.0,-0.7204791783257647,3.929013079667063,3.929013079667063
127.20267239943307,744.295920080825,-168.90911755609287,136.14431538262082,755.7402503464425,-179.0960949698906,-0.69347657033171,0.0,-0.7204791783257647,3.929013079667063,3.929013079667063
136.14431538262082,755.7402503464424,-179.0960949698906,125.54740665458893,768.4664870272369,-170.56438330093698,-0.69347657033171,0.0,-0.7204791783257647,3.929013079667063,3.929013079667063
125.54740665458893,768.4664870272369,-170.56438330093698,114.95049792655706,781.1927237080312,-162.03267163198336,-0.69347657033171,0.0,-0.7204791783257647,3.929013079667063,3.929013079667063
116.6057636714012,757.0221567616193,-160.37740588713922,125.54740665458893,768.4664870272369,-170.56438330093698,-0.69347657033171,0.0,-0.7204791783257647,3.929013079667063,3.929013079667063
125.54740665458893,768.4664870272369,-170.56438330093698,134.48904963777667,779.9108172928543,-180.75136071473474,-0.69347657033171,0.0,-0.7204791783257647,3.929013079667063,3.929013079667063
134.48904963777667,779.9108172928543,-180.75136071473474,123.89214090974478,792.6370539736488,-172.21964904578113,-0.69347657033171,0.0,-0.7204791783257647,3.929013079667063,3.929013079667063
123.89214090974478,792.6370539736488,-172.21964904578113,113.29523218171292,805.3632906544432,-163.6879373768275,-0.69347657033171,0.0,-0.7204791783257647,3.929013079667063,3.929013079667063
114.95049792655706,781.1927237080312,-162.03267163198336,123.89214090974478,792.6370539736488,-172.21964904578113,-0.69347657033171,0.0,-0.7204791783257647,3.929013079667063,3.929013079667063
123.89214090974478,792.6370539736488,-172.21964904578113,132.83378389293253,804.0813842392663,-182.4066264595789,-0.69347657033171,0.0,-0.7204791783257647,3.929013079667063,3.929013079667063
132.83378389293253,804.0813842392662,-182.4066264595789,122.23687516490064,816.8076209200606,-173.87491479062527,-0.69347657033171,0.0,-0.7204791783257647,3.929013079667063,3.929013079667063
122.23687516490064,816.8076209200606,-173.87491479062527,111.63996643686878,829.533857600855,-165.34320312167165,-0.69347657033171,0.0,-0.7204791783257647,3.929013079667063,3.929013079667063
113.29523218171292,805.3632906544431,-163.6879373768275,122.23687516490064,816.8076209200606,-173.87491479062527,-0.69347657033171,0.0,-0.7204791783257647,3.929013079667063,3.929013079667063
122.23687516490064,816.8076209200606,-173.87491479062527,131.1785181480884,828.2519511856781,-184.06189220442303,-0.69347657033171,0.0,-0.7204791783257647,3.929013079667063,3.929013079667063
131.1785181480884,828.251951185678,-184.06189220442303,120.5816094200565,840.9781878664724,-175.5301805354694,-0.69347657033171,0.0,-0.7204791783257647,3.929013079667063,3.929013079667063
120.5816094200565,840.9781878664724,-175.5301805354694,109.98470069202463,853.7044245472667,-166.9984688665158,-0.69347657033171,0.0,-0.7204791783257647,3.929013079667063,3.929013079667063
111.63996643686878,829.5338576008548,-165.34320312167165,120.5816094200565,840.9781878664724,-175.5301805354694,-0.69347657033171,0.0,-0.7204791783257647,3.929013079667063,3.929013079667063
120.5816094200565,840.9781878664724,-175.5301805354694,129.52325240324424,852.4225181320899,-185.71715794926718,-0.69347657033171,0.0,-0.7204791783257647,3.929013079667063,3.929013079667063
129.52325240324424,852.4225181320899,-185.71715794926718,118.92634367521235,865.1487548128844,-177.18544628031356,-0.69347657033171,0.0,-0.7204791783257647,3.929013079667063,3.929013079667063
118.92634367521235,865.1487548128844,-177.18544628031356,108.32943494718049,877.8749914936786,-168.65373461135994,-0.69347657033171,0.0,-0.7204791783257647,3.929013079667063,3.929013079667063
109.98470069202463,853.7044245472667,-166.9984688665158,118.92634367521235,865.1487548128844,-177.18544628031356,-0.69347657033171,0.0,-0.7204791783257647,3.929013079667063,3.929013079667063
118.92634367521235,865.1487548128844,-177.18544628031356,127.86798665840008,876.5930850785018,-187.37242369411132,-0.69347657033171,0.0,-0.7204791783257647,3.929013079667063,3.929013079667063
127.8679866584001,876.5930850785016,-187.37242369411132,117.27107793036822,889.3193217592961,-178.84071202515767,-0.69347657033171,0.0,-0.7204791783257647,3.929013079667063,3.929013079667063
117.27107793036822,889.3193217592961,-178.84071202515767,106.67416920233634,902.0455584400905,-170.30900035620408,-0.69347657033171,0.0,-0.7204791783257647,3.929013079667063,3.929013079667063
108.32943494718049,877.8749914936785,-168.65373461135994,117.27107793036822,889.3193217592961,-178.84071202515767,-0.69347657033171,0.0,-0.7204791783257647,3.929013079667063,3.929013079667063
117.27107793036822,889.3193217592961,-178.84071202515767,126.21272091355594,900.7636520249137,-189.02768943895546,-0.69347657033171,0.0,-0.7204791783257647,3.929013079667063,3.929013079667063
126.21272091355594,900.7636520249137,-189.02768943895546,115.61581218552406,913.489888705708,-180.49597777000182,-0.69347657033171,0.0,-0.7204791783257647,3.929013079667063,3.929013079667063
115.61581218552406,913.489888705708,-180.49597777000182,105.0189034574922,926.2161253865024,-171.96426610104822,-0.69347657033171,0.0,-0.7204791783257647,3.929013079667063,3.929013079667063
106.67416920233634,902.0455584400905,-170.30900035620408,115.61581218552406,913.489888705708,-180.49597777000182,-0.69347657033171,0.0,-0.7204791783257647,3.929013079667063,3.929013079667063
115.61581218552406,913.489888705708,-180.49597777000182,124.5574551687118,924.9342189713255,-190.6829551837996,-0.69347657033171,0.0,-0.7204791783257647,3.929013079667063,3.929013079667063
124.55745516871181,924.9342189713254,-190.68295518379958,113.96054644067993,937.6604556521198,-182.15124351484596,-0.69347657033171,0.0,-0.7204791783257647,3.929013079667063,3.929013079667063
113.96054644067993,937.6604556521198,-182.15124351484596,103.36363771264806,950.3866923329142,-173.61953184589234,-0.69347657033171,0.0,-0.7204791783257647,3.929013079667063,3.929013079667063
105.0189034574922,926.2161253865023,-171.9642661010482,113.96054644067993,937.6604556521198,-182.15124351484596,-0.69347657033171,0.0,-0.7204791783257647,3.929013079667063,3.929013079667063
113.96054644067993,937.6604556521198,-182.15124351484596,122.90218942386767,949.1047859177373,-192.33822092864372,-0.69347657033171,0.0,-0.7204791783257647,3.929013079667063,3.929013079667063
122.90218942386768,949.1047859177372,-192.33822092864372,112.30528069583579,961.8310225985317,-183.8065092596901,-0.69347657033171,0.0,-0.7204791783257647,3.929013079667063,3.929013079667063
112.30528069583579,961.8310225985317,-183.8065092596901,101.70837196780391,974.557259279326,-175.27479759073648,-0.69347657033171,0.0,-0.7204791783257647,3.929013079667063,3.929013079667063
103.36363771264809,950.3866923329141,-173.61953184589234,112.30528069583579,961.8310225985317,-183.8065092596901,-0.69347657033171,0.0,-0.7204791783257647,3.929013079667063,3.929013079667063
112.30528069583579,961.8310225985317,-183.8065092596901,121.24692367902352,973.2753528641491,-193.99348667348787,-0.69347657033171,0.0,-0.7204791783257647,3.929013079667063,3.929013079667063
121.24692367902352,973.2753528641491,-193.99348667348787,110.65001495099165,986.0015895449436,-185.46177500453425,-0.69347657033171,0.0,-0.7204791783257647,3.929013079667063,3.929013079667063
110.65001495099165,986.0015895449436,-185.46177500453425,100.05310622295977,998.7278262257379,-176.93006333558063,-0.69347657033171,0.0,-0.7204791783257647,3.929013079667063,3.929013079667063
101.70837196780391,974.557259279326,-175.27479759073648,110.65001495099165,986.0015895449436,-185.46177500453425,-0.69347657033171,0.0,-0.7204791783257647,3.929013079667063,3.929013079667063
110.65001495099165,986.0015895449436,-185.46177500453425,119.59165793417938,997.4459198105611,-195.648752418332,-0.69347657033171,0.0,-0.7204791783257647,3.929013079667063,3.929013079667063
119.5916579341794,997.4459198105611,-195.64875241833198,108.99474920614752,1010.1721564913554,-187.1170407493784,-0.69347657033171,0.0,-0.7204791783257647,3.929013079667063,3.929013079667063
108.99474920614752,1010.1721564913554,-187.1170407493784,98.39784047811565,1022.8983931721497,-178.58532908042474,-0.69347657033171,0.0,-0.7204791783257647,3.929013079667063,3.929013079667063
100.0531062229598,998.7278262257379,-176.9300633355806,108.99474920614752,1010.1721564913554,-187.1170407493784,-0.69347657033171,0.0,-0.7204791783257647,3.929013079667063,3.929013079667063
108.99474920614752,1010.1721564913554,-187.1170407493784,117.93639218933525,1021.6164867569729,-197.30401816317612,-0.69347657033171,0.0,-0.7204791783257647,3.929013079667063,3.929013079667063
117.93639218933525,1021.6164867569729,-197.30401816317612,107.33948346130337,1034.3427234377673,-188.77230649422253,-0.69347657033171,0.0,-0.7204791783257647,3.929013079667063,3.929013079667063
107.33948346130337,1034.3427234377673,-188.77230649422253,96.74257473327151,1047.0689601185616,-180.2405948252689,-0.69347657033171,0.0,-0.7204791783257647,3.929013079667063,3.929013079667063
98.39784047811565,1022.8983931721497,-178.58532908042474,107.33948346130337,1034.3427234377673,-188.77230649422253,-0.69347657033171,0.0,-0.7204791783257647,3.929013079667063,3.929013079667063
107.33948346130337,1034.3427234377673,-188.77230649422253,116.28112644449111,1045.7870537033848,-198.95928390802027,-0.69347657033171,0.0,-0.7204791783257647,3.929013079667063,3.929013079667063
116.28112644449111,1045.7870537033848,-198.95928390802027,105.68421771645923,1058.513290384179,-190.42757223906668,-0.69347657033171,0.0,-0.7204791783257647,3.929013079667063,3.929013079667063
105.68421771645923,1058.513290384179,-190.42757223906668,95.08730898842737,1071.2395270649733,-181.89586057011303,-0.69347657033171,0.0,-0.7204791783257647,3.929013079667063,3.929013079667063
96.74257473327151,1047.0689601185616,-180.2405948252689,105.68421771645923,1058.513290384179,-190.42757223906668,-0.69347657033171,0.0,-0.7204791783257647,3.929013079667063,3.929013079667063
105.68421771645923,1058.513290384179,-190.42757223906668,114.62586069964698,1069.9576206497966,-200.6145496528644,-0.69347657033171,0.0,-0.7204791783257647,3.929013079667063,3.929013079667063
114.62586069964698,1069.9576206497966,-200.6145496528644,104.0289519716151,1082.6838573305909,-192.0828379839108,-0.69347657033171,0.0,-0.7204791783257647,3.929013079667063,3.929013079667063
104.0289519716151,1082.6838573305909,-192.0828379839108,93.43204324358322,1095.4100940113851,-183.55112631495717,-0.69347657033171,0.0,-0.7204791783257647,3.929013079667063,3.929013079667063
95.08730898842737,1071.2395270649733,-181.89586057011303,104.0289519716151,1082.6838573305909,-192.0828379839108,-0.69347657033171,0.0,-0.7204791783257647,3.929013079667063,3.929013079667063
104.0289519716151,1082.6838573305909,-192.0828379839108,112.97059495480283,1094.1281875962084,-202.26981539770856,-0.69347657033171,0.0,-0.7204791783257647,3.929013079667063,3.929013079667063
112.97059495480283,1094.1281875962084,-202.26981539770856,102.37368622677096,1106.8544242770029,-193.73810372875494,-0.69347657033171,0.0,-0.7204791783257647,3.929013079667063,3.929013079667063
102.37368622677096,1106.8544242770029,-193.73810372875494,91.77677749873908,1119.5806609577971,-185.20639205980132,-0.69347657033171,0.0,-0.7204791783257647,3.929013079667063,3.929013079667063
93.43204324358322,1095.4100940113851,-183.55112631495717,102.37368622677096,1106.8544242770029,-193.73810372875494,-0.69347657033171,0.0,-0.7204791783257647,3.929013079667063,3.929013079667063
102.37368622677096,1106.8544242770029,-193.73810372875494,111.31532920995869,1118.2987545426204,-203.9250811425527,-0.69347657033171,0.0,-0.7204791783257647,3.929013079667063,3.929013079667063
111.31532920995869,1118.2987545426204,-203.9250811425527,100.71842048192681,1131.0249912234146,-195.39336947359908,-0.69347657033171,0.0,-0.7204791783257647,3.929013079667063,3.929013079667063
100.71842048192681,1131.0249912234146,-195.39336947359908,90.12151175389494,1143.7512279042091,-186.86165780464546,-0.69347657033171,0.0,-0.7204791783257647,3.929013079667063,3.929013079667063
91.77677749873908,1119.5806609577971,-185.20639205980132,100.71842048192681,1131.0249912234146,-195.39336947359908,-0.69347657033171,0.0,-0.7204791783257647,3.929013079667063,3.929013079667063
100.71842048192681,1131.0249912234146,-195.39336947359908,109.66006346511455,1142.4693214890324,-205.58034688739684,-0.69347657033171,0.0,-0.7204791783257647,3.929013079667063,3.929013079667063
205.34083943916465,31.905148369263642,-110.71943354181508,194.74393071113278,43.349478634881166,-120.90641095561283,0.69347657033171,0.0,-0.7204791783257647,3.929013079667063,3.929013079667063
194.74393071113278,43.349478634881166,-120.90641095561283,184.1470219831009,54.793808900498675,-131.09338836941058,0.69347657033171,0.0,-0.7204791783257647,3.929013079667063,3.929013079667063
185.80228772794504,30.623241954086808,-129.43812262456646,194.74393071113278,43.349478634881166,-120.90641095561283,0.69347657033171,0.0,-0.7204791783257647,3.929013079667063,3.929013079667063
194.74393071113278,43.349478634881166,-120.90641095561283,203.6855736943205,56.075715315675495,-112.37469928665921,0.69347657033171,0.0,-0.7204791783257647,3.929013079667063,3.929013079667063
203.6855736943205,56.075715315675495,-112.37469928665921,193.08866496628863,67.52004558129302,-122.56167670045696,0.69347657033171,0.0,-0.7204791783257647,3.929013079667063,3.929013079667063
193.08866496628863,67.52004558129302,-122.56167670045696,182.49175623825676,78.96437584691054,-132.74865411425472,0.69347657033171,0.0,-0.7204791783257647,3.929013079667063,3.929013079667063
184.1470219831009,54.793808900498675,-131.09338836941058,193.08866496628863,67.52004558129302,-122.56167670045696,0.69347657033171,0.0,-0.7204791783257647,3.929013079667063,3.929013079667063
193.08866496628863,67.52004558129302,-122.56167670045696,202.03030794947637,80.24628226208736,-114.02996503150335,0.69347657033171,0.0,-0.7204791783257647,3.929013079667063,3.929013079667063
202.03030794947637,80.24628226208736,-114.02996503150335,191.4333992214445,91.69061252770487,-124.2169424453011,0.69347657033171,0.0,-0.7204791783257647,3.929013079667063,3.929013079667063
191.4333992214445,91.69061252770487,-124.2169424453011,180.8364904934126,103.13494279332238,-134.40391985909886,0.69347657033171,0.0,-0.7204791783257647,3.929013079667063,3.929013079667063
182.49175623825676,78.96437584691054,-132.74865411425472,191.4333992214445,91.69061252770487,-124.2169424453011,0.69347657033171,0.0,-0.7204791783257647,3.929013079667063,3.929013079667063
191.4333992214445,91.69061252770487,-124.2169424453011,200.37504220463222,104.4168492084992,-115.6852307763475,0.69347657033171,0.0,-0.7204791783257647,3.929013079667063,3.929013079667063
200.37504220463222,104.4168492084992,-115.6852307763475,189.77813347660035,115.86117947411674,-125.87220819014524,0.69347657033171,0.0,-0.7204791783257647,3.929013079667063,3.929013079667063
189.77813347660035,115.86117947411674,-125.87220819014524,179.18122474856847,127.30550973973425,-136.05918560394298,0.69347657033171,0.0,-0.7204791783257647,3.929013079667063,3.929013079667063
180.8364904934126,103.13494279332238,-134.40391985909886,189.77813347660035,115.86117947411674,-125.87220819014524,0.69347657033171,0.0,-0.7204791783257647,3.929013079667063,3.929013079667063
189.77813347660035,115.86117947411674,-125.87220819014524,198.71977645978808,128.58741615491107,-117.34049652119162,0.69347657033171,0.0,-0.7204791783257647,3.929013079667063,3.929013079667063
198.71977645978808,128.58741615491107,-117.34049652119162,188.12286773175623,140.03174642052858,-127.52747393498937,0.69347657033171,0.0,-0.7204791783257647,3.929013079667063,3.929013079667063
188.12286773175623,140.03174642052858,-127.52747393498937,177.52595900372432,151.47607668614611,-137.71445134878712,0.69347657033171,0.0,-0.7204791783257647,3.929013079667063,3.929013079667063
179.18122474856847,127.30550973973425,-136.05918560394298,188.12286773175623,140.03174642052858,-127.52747393498937,0.69347657033171,0.0,-0.7204791783257647,3.929013079667063,3.929013079667063
188.12286773175623,140.03174642052858,-127.52747393498937,197.06451071494394,152.75798310132294,-118.99576226603577,0.69347657033171,0.0,-0.7204791783257647,3.929013079667063,3.929013079667063
197.06451071494396,152.7579831013229,-118.99576226603577,186.4676019869121,164.20231336694044,-129.18273967983353,0.69347657033171,0.0,-0.7204791783257647,3.929013079667063,3.929013079667063
186.4676019869121,164.20231336694044,-129.18273967983353,175.8706932588802,175.64664363255795,-139.36971709363127,0.69347657033171,0.0,-0.7204791783257647,3.929013079667063,3.929013079667063
177.52595900372435,151.4760766861461,-137.71445134878712,186.4676019869121,164.20231336694044,-129.18273967983353,0.69347657033171,0.0,-0.7204791783257647,3.929013079667063,3.929013079667063
186.4676019869121,164.20231336694044,-129.18273967983353,195.40924497009982,176.92855004773477,-120.65102801087991,0.69347657033171,0.0,-0.7204791783257647,3.929013079667063,3.929013079667063
195.40924497009982,176.92855004773477,-120.65102801087991,184.81233624206794,188.3728803133523,-130.83800542467768,0.69347657033171,0.0,-0.7204791783257647,3.929013079667063,3.929013079667063
184.81233624206794,188.3728803133523,-130.83800542467768,174.21542751403607,199.81721057896982,-141.0249828384754,0.69347657033171,0.0,-0.7204791783257647,3.929013079667063,3.929013079667063
175.8706932588802,175.64664363255795,-139.36971709363127,184.81233624206794,188.3728803133523,-130.83800542467768,0.69347657033171,0.0,-0.7204791783257647,3.929013079667063,3.929013079667063
184.81233624206794,188.3728803133523,-130.83800542467768,193.75397922525568,201.09911699414664,-122.30629375572404,0.69347657033171,0.0,-0.7204791783257647,3.929013079667063,3.929013079667063
193.75397922525568,201.0991169941466,-122.30629375572404,183.1570704972238,212.54344725976412,-132.4932711695218,0.69347657033171,0.0,-0.7204791783257647,3.929013079667063,3.929013079667063
183.1570704972238,212.54344725976412,-132.4932711695218,172.56016176919192,223.9877775253817,-142.68024858331955,0.69347657033171,0.0,-0.7204791783257647,3.929013079667063,3.929013079667063
174.21542751403607,199.8172105789698,-141.0249828384754,183.1570704972238,212.54344725976412,-132.4932711695218,0.69347657033171,0.0,-0.7204791783257647,3.929013079667063,3.929013079667063
183.1570704972238,212.54344725976412,-132.4932711695218,192.09871348041153,225.2696839405585,-123.96155950056819,0.69347657033171,0.0,-0.7204791783257647,3.929013079667063,3.929013079667063
192.09871348041153,225.2696839405585,-123.96155950056819,181.50180475237966,236.71401420617596,-134.14853691436593,0.69347657033171,0.0,-0.7204791783257647,3.929013079667063,3.929013079667063
181.50180475237966,236.71401420617596,-134.14853691436593,170.90489602434778,248.15834447179358,-144.3355143281637,0.69347657033171,0.0,-0.7204791783257647,3.929013079667063,3.929013079667063
172.56016176919192,223.9877775253817,-142.68024858331955,181.50180475237966,236.71401420617596,-134.14853691436593,0.69347657033171,0.0,-0.7204791783257647,3.929013079667063,3.929013079667063
181.50180475237966,236.71401420617596,-134.14853691436593,190.4434477355674,249.4402508869704,-125.61682524541233,0.69347657033171,0.0,-0.7204791783257647,3.929013079667063,3.929013079667063
190.4434477355674,249.4402508869704,-125.61682524541233,179.8465390075355,260.8845811525879,-135.80380265921008,0.69347657033171,0.0,-0.7204791783257647,3.929013079667063,3.929013079667063
179.8465390075355,260.8845811525879,-135.80380265921008,169.24963027950363,272.3289114182055,-145.99078007300784,0.69347657033171,0.0,-0.7204791783257647,3.929013079667063,3.929013079667063
170.90489602434778,248.15834447179358,-144.3355143281637,179.8465390075355,260.8845811525879,-135.80380265921008,0.69347657033171,0.0,-0.7204791783257647,3.929013079667063,3.929013079667063
179.8465390075355,260.8845811525879,-135.80380265921008,188.78818199072325,273.61081783338227,-127.27209099025647,0.69347657033171,0.0,-0.7204791783257647,3.929013079667063,3.929013079667063
188.78818199072325,273.61081783338216,-127.27209099025646,178.19127326269137,285.05514809899967,-137.45906840405422,0.69347657033171,0.0,-0.7204791783257647,3.929013079667063,3.929013079667063
178.19127326269137,285.05514809899967,-137.45906840405422,167.5943645346595,296.4994783646173,-147.64604581785198,0.69347657033171,0.0,-0.7204791783257647,3.929013079667063,3.929013079667063
169.24963027950363,272.3289114182054,-145.99078007300784,178.19127326269137,285.05514809899967,-137.45906840405422,0.69347657033171,0.0,-0.7204791783257647,3.929013079667063,3.929013079667063
178.19127326269137,285.05514809899967,-137.45906840405422,187.1329162458791,297.78138477979405,-128.9273567351006,0.69347657033171,0.0,-0.7204791783257647,3.929013079667063,3.929013079667063
187.1329162458791,297.78138477979405,-128.9273567351006,176.53600751784722,309.2257150454117,-139.11433414889837,0.69347657033171,0.0,-0.7204791783257647,3.929013079667063,3.929013079667063
176.53600751784722,309.2257150454117,-139.11433414889837,165.93909878981535,320.67004531102907,-149.3013115626961,0.69347657033171,0.0,-0.7204791783257647,3.929013079667063,3.929013079667063
167.5943645346595,296.4994783646173,-147.64604581785198,176.53600751784722,309.2257150454117,-139.11433414889837,0.69347657033171,0.0,-0.7204791783257647,3.929013079667063,3.929013079667063
176.53600751784722,309.2257150454117,-139.11433414889837,185.47765050103496,321.95195172620583,-130.58262247994472,0.69347657033171,0.0,-0.7204791783257647,3.929013079667063,3.929013079667063
185.47765050103496,321.95195172620595,-130.58262247994475,174.88074177300308,333.39628199182346,-140.76959989374248,0.69347657033171,0.0,-0.7204791783257647,3.929013079667063,3.929013079667063
174.88074177300308,333.39628199182346,-140.76959989374248,164.2838330449712,344.8406122574411,-150.95657730754024,0.69347657033171,0.0,-0.7204791783257647,3.929013079667063,3.929013079667063
165.93909878981535,320.6700453110292,-149.30131156269613,174.88074177300308,333.39628199182346,-140.76959989374248,0.69347657033171,0.0,-0.7204791783257647,3.929013079667063,3.929013079667063
174.88074177300308,333.39628199182346,-140.76959989374248,183.82238475619081,346.12251867261784,-132.23788822478886,0.69347657033171,0.0,-0.7204791783257647,3.929013079667063,3.929013079667063
183.82238475619081,346.12251867261784,-132.23788822478886,173.22547602815894,357.56684893823535,-142.42486563858662,0.69347657033171,0.0,-0.7204791783257647,3.929013079667063,3.929013079667063
173.22547602815894,357.56684893823535,-142.42486563858662,162.62856730012706,369.01117920385286,-152.6118430523844,0.69347657033171,0.0,-0.7204791783257647,3.929013079667063,3.929013079667063
164.2838330449712,344.8406122574411,-150.95657730754024,173.22547602815894,357.56684893823535,-142.42486563858662,0.69347657033171,0.0,-0.7204791783257647,3.929013079667063,3.929013079667063
173.22547602815894,357.56684893823535,-142.42486563858662,182.16711901134667,370.2930856190296,-133.893153969633,0.69347657033171,0.0,-0.7204791783257647,3.929013079667063,3.929013079667063
182.16711901134667,370.2930856190296,-133.893153969633,171.5702102833148,381.73741588464713,-144.08013138343077,0.69347657033171,0.0,-0.7204791783257647,3.929013079667063,3.929013079667063
171.5702102833148,381.73741588464713,-144.08013138343077,160.97330155528294,393.18174615026464,-154.26710879722853,0.69347657033171,0.0,-0.7204791783257647,3.929013079667063,3.929013079667063
162.62856730012706,369.01117920385286,-152.6118430523844,171.5702102833148,381.73741588464713,-144.08013138343077,0.69347657033171,0.0,-0.7204791783257647,3.929013079667063,3.929013079667063
171.5702102833148,381.73741588464713,-144.08013138343077,180.51185326650256,394.4636525654414,-135.54841971447715,0.69347657033171,0.0,-0.7204791783257647,3.929013079667063,3.929013079667063
180.51185326650253,394.4636525654415,-135.54841971447715,169.91494453847065,405.90798283105903,-145.7353971282749,0.69347657033171,0.0,-0.7204791783257647,3.929013079667063,3.929013079667063
169.91494453847065,405.90798283105903,-145.7353971282749,159.3180358104388,417.35231309667654,-155.92237454207267,0.69347657033171,0.0,-0.7204791783257647,3.929013079667063,3.929013079667063
160.97330155528292,393.18174615026476,-154.26710879722853,169.91494453847065,405.90798283105903,-145.7353971282749,0.69347657033171,0.0,-0.7204791783257647,3.929013079667063,3.929013079667063
169.91494453847065,405.90798283105903,-145.7353971282749,178.8565875216584,418.6342195118533,-137.2036854593213,0.69347657033171,0.0,-0.7204791783257647,3.929013079667063,3.929013079667063
178.8565875216584,418.6342195118533,-137.2036854593213,168.2596787936265,430.0785497774709,-147.39066287311906,0.69347657033171,0.0,-0.7204791783257647,3.929013079667063,3.929013079667063
168.2596787936265,430.0785497774709,-147.39066287311906,157.66277006559466,441.52288004308843,-157.5776402869168,0.69347657033171,0.0,-0.7204791783257647,3.929013079667063,3.929013079667063
159.3180358104388,417.35231309667654,-155.92237454207267,168.2596787936265,430.0785497774709,-147.39066287311906,0.69347657033171,0.0,-0.7204791783257647,3.929013079667063,3.929013079667063
168.2596787936265,430.0785497774709,-147.39066287311906,177.20132177681427,442.8047864582652,-138.8589512041654,0.69347657033171,0.0,-0.7204791783257647,3.929013079667063,3.929013079667063
177.20132177681424,442.8047864582653,-138.85895120416544,166.6044130487824,454.2491167238827,-149.0459286179632,0.69347657033171,0.0,-0.7204791783257647,3.929013079667063,3.929013079667063
166.6044130487824,454.2491167238827,-149.0459286179632,156.0075043207505,465.6934469895002,-159.23290603176093,0.69347657033171,0.0,-0.7204791783257647,3.929013079667063,3.929013079667063
157.66277006559463,441.52288004308855,-157.57764028691682,166.6044130487824,454.2491167238827,-149.0459286179632,0.69347657033171,0.0,-0.7204791783257647,3.929013079667063,3.929013079667063
166.6044130487824,454.2491167238827,-149.0459286179632,175.54605603197012,466.9753534046771,-140.51421694900955,0.69347657033171,0.0,-0.7204791783257647,3.929013079667063,3.929013079667063
175.54605603197012,466.9753534046771,-140.51421694900955,164.94914730393822,478.4196836702946,-150.70119436280734,0.69347657033171,0.0,-0.7204791783257647,3.929013079667063,3.929013079667063
164.94914730393822,478.4196836702946,-150.70119436280734,154.35223857590637,489.864013935912,-160.88817177660508,0.69347657033171,0.0,-0.7204791783257647,3.929013079667063,3.929013079667063
156.0075043207505,465.6934469895002,-159.23290603176093,164.94914730393822,478.4196836702946,-150.70119436280734,0.69347657033171,0.0,-0.7204791783257647,3.929013079667063,3.929013079667063
164.94914730393822,478.4196836702946,-150.70119436280734,173.89079028712598,491.1459203510889,-142.1694826938537,0.69347657033171,0.0,-0.7204791783257647,3.929013079667063,3.929013079667063
173.89079028712598,491.1459203510889,-142.1694826938537,163.2938815590941,502.5902506167065,-152.35646010765146,0.69347657033171,0.0,-0.7204791783257647,3.929013079667063,3.929013079667063
163.2938815590941,502.5902506167065,-152.35646010765146,152.69697283106223,514.0345808823239,-162.54343752144922,0.69347657033171,0.0,-0.7204791783257647,3.929013079667063,3.929013079667063
154.35223857590637,489.864013935912,-160.88817177660508,163.2938815590941,502.5902506167065,-152.35646010765146,0.69347657033171,0.0,-0.7204791783257647,3.929013079667063,3.929013079667063
163.2938815590941,502.5902506167065,-152.35646010765146,172.23552454228184,515.3164872975008,-143.82474843869784,0.69347657033171,0.0,-0.7204791783257647,3.929013079667063,3.929013079667063
172.23552454228184,515.3164872975009,-143.82474843869784,161.63861581424996,526.7608175631183,-154.0117258524956,0.69347657033171,0.0,-0.7204791783257647,3.929013079667063,3.929013079667063
161.63861581424996,526.7608175631183,-154.0117258524956,151.04170708621808,538.2051478287358,-164.19870326629336,0.69347657033171,0.0,-0.7204791783257647,3.929013079667063,3.929013079667063
152.69697283106223,514.034580882324,-162.54343752144922,161.63861581424996,526.7608175631183,-154.0117258524956,0.69347657033171,0.0,-0.7204791783257647,3.929013079667063,3.929013079667063
161.63861581424996,526.7608175631183,-154.0117258524956,170.5802587974377,539.4870542439127,-145.48001418354198,0.69347657033171,0.0,-0.7204791783257647,3.929013079667063,3.929013079667063
170.5802587974377,539.4870542439127,-145.48001418354198,159.98335006940582,550.9313845095302,-155.66699159733975,0.69347657033171,0.0,-0.7204791783257647,3.929013079667063,3.929013079667063
159.98335006940582,550.9313845095302,-155.66699159733975,149.38644134137394,562.3757147751476,-165.8539690111375,0.69347657033171,0.0,-0.7204791783257647,3.929013079667063,3.929013079667063
151.04170708621808,538.2051478287358,-164.19870326629336,159.98335006940582,550.9313845095302,-155.66699159733975,0.69347657033171,0.0,-0.7204791783257647,3.929013079667063,3.929013079667063
159.98335006940582,550.9313845095302,-155.66699159733975,168.92499305259355,563.6576211903244,-147.13527992838613,0.69347657033171,0.0,-0.7204791783257647,3.929013079667063,3.929013079667063
168.92499305259355,563.6576211903244,-147.13527992838613,158.32808432456167,575.1019514559421,-157.3222573421839,0.69347657033171,0.0,-0.7204791783257647,3.929013079667063,3.929013079667063
158.32808432456167,575.1019514559421,-157.3222573421839,147.7311755965298,586.5462817215595,-167.50923475598165,0.69347657033171,0.0,-0.7204791783257647,3.929013079667063,3.929013079667063
149.38644134137394,562.3757147751476,-165.8539690111375,158.32808432456167,575.1019514559421,-157.3222573421839,0.69347657033171,0.0,-0.7204791783257647,3.929013079667063,3.929013079667063
158.32808432456167,575.1019514559421,-157.3222573421839,167.2697273077494,587.8281881367363,-148.79054567323027,0.69347657033171,0.0,-0.7204791783257647,3.929013079667063,3.929013079667063
167.2697273077494,587.8281881367362,-148.79054567323027,156.67281857971753,599.2725184023539,-158.977523087028,0.69347657033171,0.0,-0.7204791783257647,3.929013079667063,3.929013079667063
156.67281857971753,599.2725184023539,-158.977523087028,146.07590985168565,610.7168486679714,-169.1645005008258,0.69347657033171,0.0,-0.7204791783257647,3.929013079667063,3.929013079667063
147.7311755965298,586.5462817215594,-167.50923475598165,156.67281857971753,599.2725184023539,-158.977523087028,0.69347657033171,0.0,-0.7204791783257647,3.929013079667063,3.929013079667063
156.67281857971753,599.2725184023539,-158.977523087028,165.61446156290526,611.9987550831482,-150.4458114180744,0.69347657033171,0.0,-0.7204791783257647,3.929013079667063,3.929013079667063
165.61446156290526,611.9987550831482,-150.4458114180744,155.01755283487338,623.4430853487657,-160.63278883187215,0.69347657033171,0.0,-0.7204791783257647,3.929013079667063,3.929013079667063
155.01755283487338,623.4430853487657,-160.63278883187215,144.4206441068415,634.8874156143833,-170.81976624566994,0.69347657033171,0.0,-0.7204791783257647,3.929013079667063,3.929013079667063
146.07590985168565,610.7168486679714,-169.1645005008258,155.01755283487338,623.4430853487657,-160.63278883187215,0.69347657033171,0.0,-0.7204791783257647,3.929013079667063,3.929013079667063
155.01755283487338,623.4430853487657,-160.63278883187215,163.95919581806112,636.1693220295601,-152.10107716291856,0.69347657033171,0.0,-0.7204791783257647,3.929013079667063,3.929013079667063
163.95919581806112,636.16932202956,-152.10107716291853,153.36228709002927,647.6136522951775,-162.2880545767163,0.69347657033171,0.0,-0.7204791783257647,3.929013079667063,3.929013079667063
153.36228709002927,647.6136522951775,-162.2880545767163,142.76537836199736,659.057982560795,-172.47503199051405,0.69347657033171,0.0,-0.7204791783257647,3.929013079667063,3.929013079667063
144.4206441068415,634.8874156143831,-170.8197662456699,153.36228709002927,647.6136522951775,-162.2880545767163,0.69347657033171,0.0,-0.7204791783257647,3.929013079667063,3.929013079667063
153.36228709002927,647.6136522951775,-162.2880545767163,162.30393007321697,660.3398889759719,-153.75634290776267,0.69347657033171,0.0,-0.7204791783257647,3.929013079667063,3.929013079667063
162.30393007321697,660.3398889759719,-153.75634290776267,151.70702134518513,671.7842192415895,-163.94332032156044,0.69347657033171,0.0,-0.7204791783257647,3.929013079667063,3.929013079667063
151.70702134518513,671.7842192415895,-163.94332032156044,141.11011261715322,683.2285495072069,-174.1302977353582,0.69347657033171,0.0,-0.7204791783257647,3.929013079667063,3.929013079667063
142.76537836199736,659.057982560795,-172.47503199051405,151.70702134518513,671.7842192415895,-163.94332032156044,0.69347657033171,0.0,-0.7204791783257647,3.929013079667063,3.929013079667063
151.70702134518513,671.7842192415895,-163.94332032156044,160.64866432837283,684.5104559223838,-155.41160865260682,0.69347657033171,0.0,-0.7204791783257647,3.929013079667063,3.929013079667063
160.64866432837286,684.5104559223837,-155.41160865260682,150.05175560034098,695.9547861880013,-165.59858606640458,0.69347657033171,0.0,-0.7204791783257647,3.929013079667063,3.929013079667063
150.05175560034098,695.9547861880013,-165.59858606640458,139.45484687230908,707.3991164536188,-175.78556348020234,0.69347657033171,0.0,-0.7204791783257647,3.929013079667063,3.929013079667063
141.11011261715325,683.2285495072068,-174.1302977353582,150.05175560034098,695.9547861880013,-165.59858606640458,0.69347657033171,0.0,-0.7204791783257647,3.929013079667063,3.929013079667063
150.05175560034098,695.9547861880013,-165.59858606640458,158.9933985835287,708.6810228687957,-157.06687439745096,0.69347657033171,0.0,-0.7204791783257647,3.929013079667063,3.929013079667063
158.99339858352872,708.6810228687956,-157.06687439745093,148.39648985549684,720.1253531344131,-167.25385181124872,0.69347657033171,0.0,-0.7204791783257647,3.929013079667063,3.929013079667063
148.39648985549684,720.1253531344131,-167.25385181124872,137.79958112746496,731.5696834000306,-177.44082922504646,0.69347657033171,0.0,-0.7204791783257647,3.929013079667063,3.929013079667063
139.4548468723091,707.3991164536187,-175.7855634802023,148.39648985549684,720.1253531344131,-167.25385181124872,0.69347657033171,0.0,-0.7204791783257647,3.929013079667063,3.929013079667063
148.39648985549684,720.1253531344131,-167.25385181124872,157.33813283868457,732.8515898152075,-158.72214014229507,0.69347657033171,0.0,-0.7204791783257647,3.929013079667063,3.929013079667063
157.33813283868457,732.8515898152075,-158.72214014229507,146.7412241106527,744.295920080825,-168.90911755609287,0.69347657033171,0.0,-0.7204791783257647,3.929013079667063,3.929013079667063
146.7412241106527,744.295920080825,-168.90911755609287,136.14431538262082,755.7402503464425,-179.0960949698906,0.69347657033171,0.0,-0.7204791783257647,3.929013079667063,3.929013079667063
137.79958112746496,731.5696834000306,-177.44082922504646,146.7412241106527,744.295920080825,-168.90911755609287,0.69347657033171,0.0,-0.7204791783257647,3.929013079667063,3.929013079667063
146.7412241106527,744.295920080825,-168.90911755609287,155.68286709384043,757.0221567616194,-160.37740588713922,0.69347657033171,0.0,-0.7204791783257647,3.929013079667063,3.929013079667063
155.68286709384043,757.0221567616193,-160.37740588713922,145.08595836580855,768.4664870272369,-170.56438330093698,0.69347657033171,0.0,-0.7204791783257647,3.929013079667063,3.929013079667063
145.08595836580855,768.4664870272369,-170.56438330093698,134.48904963777667,779.9108172928543,-180.75136071473474,0.69347657033171,0.0,-0.7204791783257647,3.929013079667063,3.929013079667063
136.14431538262082,755.7402503464424,-179.0960949698906,145.08595836580855,768.4664870272369,-170.56438330093698,0.69347657033171,0.0,-0.7204791783257647,3.929013079667063,3.929013079667063
145.08595836580855,768.4664870272369,-170.56438330093698,154.02760134899628,781.1927237080312,-162.03267163198336,0.69347657033171,0.0,-0.7204791783257647,3.929013079667063,3.929013079667063
154.02760134899628,781.1927237080312,-162.03267163198336,143.4306926209644,792.6370539736488,-172.21964904578113,0.69347657033171,0.0,-0.7204791783257647,3.929013079667063,3.929013079667063
143.4306926209644,792.6370539736488,-172.21964904578113,132.83378389293253,804.0813842392663,-182.4066264595789,0.69347657033171,0.0,-0.7204791783257647,3.929013079667063,3.929013079667063
134.48904963777667,779.9108172928543,-180.75136071473474,143.4306926209644,792.6370539736488,-172.21964904578113,0.69347657033171,0.0,-0.7204791783257647,3.929013079667063,3.929013079667063
143.4306926209644,792.6370539736488,-172.21964904578113,152.37233560415214,805.3632906544432,-163.6879373768275,0.69347657033171,0.0,-0.7204791783257647,3.929013079667063,3.929013079667063
152.37233560415214,805.3632906544431,-163.6879373768275,141.77542687612026,816.8076209200606,-173.87491479062527,0.69347657033171,0.0,-0.7204791783257647,3.929013079667063,3.929013079667063
141.77542687612026,816.8076209200606,-173.87491479062527,131.1785181480884,828.2519511856781,-184.06189220442303,0.69347657033171,0.0,-0.7204791783257647,3.929013079667063,3.929013079667063
132.83378389293253,804.0813842392662,-182.4066264595789,141.77542687612026,816.8076209200606,-173.87491479062527,0.69347657033171,0.0,-0.7204791783257647,3.929013079667063,3.929013079667063
141.77542687612026,816.8076209200606,-173.87491479062527,150.717069859308,829.533857600855,-165.34320312167165,0.69347657033171,0.0,-0.7204791783257647,3.929013079667063,3.929013079667063
150.717069859308,829.5338576008548,-165.34320312167165,140.12016113127612,840.9781878664724,-175.5301805354694,0.69347657033171,0.0,-0.7204791783257647,3.929013079667063,3.929013079667063
140.12016113127612,840.9781878664724,-175.5301805354694,129.52325240324424,852.4225181320899,-185.71715794926718,0.69347657033171,0.0,-0.7204791783257647,3.929013079667063,3.929013079667063
131.1785181480884,828.251951185678,-184.06189220442303,140.12016113127612,840.9781878664724,-175.5301805354694,0.69347657033171,0.0,-0.7204791783257647,3.929013079667063,3.929013079667063
140.12016113127612,840.9781878664724,-175.5301805354694,149.06180411446385,853.7044245472667,-166.9984688665158,0.69347657033171,0.0,-0.7204791783257647,3.929013079667063,3.929013079667063
149.06180411446385,853.7044245472667,-166.9984688665158,138.46489538643198,865.1487548128844,-177.18544628031356,0.69347657033171,0.0,-0.7204791783257647,3.929013079667063,3.929013079667063
138.46489538643198,865.1487548128844,-177.18544628031356,127.8679866584001,876.5930850785018,-187.37242369411132,0.69347657033171,0.0,-0.7204791783257647,3.929013079667063,3.929013079667063
129.52325240324424,852.4225181320899,-185.71715794926718,138.46489538643198,865.1487548128844,-177.18544628031356,0.69347657033171,0.0,-0.7204791783257647,3.929013079667063,3.929013079667063
138.46489538643198,865.1487548128844,-177.18544628031356,147.4065383696197,877.8749914936786,-168.65373461135994,0.69347657033171,0.0,-0.7204791783257647,3.929013079667063,3.929013079667063
147.40653836961974,877.8749914936785,-168.65373461135994,136.80962964158786,889.3193217592961,-178.84071202515767,0.69347657033171,0.0,-0.7204791783257647,3.929013079667063,3.929013079667063
136.80962964158786,889.3193217592961,-178.84071202515767,126.21272091355596,900.7636520249137,-189.02768943895546,0.69347657033171,0.0,-0.7204791783257647,3.929013079667063,3.929013079667063
127.86798665840011,876.5930850785016,-187.37242369411132,136.80962964158786,889.3193217592961,-178.84071202515767,0.69347657033171,0.0,-0.7204791783257647,3.929013079667063,3.929013079667063
136.80962964158786,889.3193217592961,-178.84071202515767,145.75127262477557,902.0455584400905,-170.30900035620408,0.69347657033171,0.0,-0.7204791783257647,3.929013079667063,3.929013079667063
145.75127262477557,902.0455584400905,-170.30900035620408,135.1543638967437,913.489888705708,-180.49597777000182,0.69347657033171,0.0,-0.7204791783257647,3.929013079667063,3.929013079667063
135.1543638967437,913.489888705708,-180.49597777000182,124.55745516871181,924.9342189713255,-190.6829551837996,0.69347657033171,0.0,-0.7204791783257647,3.929013079667063,3.929013079667063
126.21272091355596,900.7636520249137,-189.02768943895546,135.1543638967437,913.489888705708,-180.49597777000182,0.69347657033171,0.0,-0.7204791783257647,3.929013079667063,3.929013079667063
135.1543638967437,913.489888705708,-180.49597777000182,144.09600687993142,926.2161253865024,-171.96426610104822,0.69347657033171,0.0,-0.7204791783257647,3.929013079667063,3.929013079667063
144.09600687993145,926.2161253865023,-171.9642661010482,133.49909815189957,937.6604556521198,-182.15124351484596,0.69347657033171,0.0,-0.7204791783257647,3.929013079667063,3.929013079667063
133.49909815189957,937.6604556521198,-182.15124351484596,122.90218942386768,949.1047859177373,-192.33822092864372,0.69347657033171,0.0,-0.7204791783257647,3.929013079667063,3.929013079667063
124.55745516871183,924.9342189713254,-190.68295518379958,133.49909815189957,937.6604556521198,-182.15124351484596,0.69347657033171,0.0,-0.7204791783257647,3.929013079667063,3.929013079667063
133.49909815189957,937.6604556521198,-182.15124351484596,142.4407411350873,950.3866923329142,-173.61953184589234,0.69347657033171,0.0,-0.7204791783257647,3.929013079667063,3.929013079667063
142.4407411350873,950.3866923329141,-173.61953184589234,131.84383240705543,961.8310225985317,-183.8065092596901,0.69347657033171,0.0,-0.7204791783257647,3.929013079667063,3.929013079667063
131.84383240705543,961.8310225985317,-183.8065092596901,121.24692367902354,973.2753528641491,-193.99348667348787,0.69347657033171,0.0,-0.7204791783257647,3.929013079667063,3.929013079667063
122.9021894238677,949.1047859177372,-192.33822092864372,131.84383240705543,961.8310225985317,-183.8065092596901,0.69347657033171,0.0,-0.7204791783257647,3.929013079667063,3.929013079667063
131.84383240705543,961.8310225985317,-183.8065092596901,140.78547539024316,974.557259279326,-175.27479759073648,0.69347657033171,0.0,-0.7204791783257647,3.929013079667063,3.929013079667063
140.78547539024316,974.557259279326,-175.27479759073648,130.1885666622113,986.0015895449436,-185.46177500453425,0.69347657033171,0.0,-0.7204791783257647,3.929013079667063,3.929013079667063
130.1885666622113,986.0015895449436,-185.46177500453425,119.5916579341794,997.4459198105611,-195.648752418332,0.69347657033171,0.0,-0.7204791783257647,3.929013079667063,3.929013079667063
121.24692367902354,973.2753528641491,-193.99348667348787,130.1885666622113,986.0015895449436,-185.46177500453425,0.69347657033171,0.0,-0.7204791783257647,3.929013079667063,3.929013079667063
130.1885666622113,986.0015895449436,-185.46177500453425,139.13020964539902,998.7278262257379,-176.93006333558063,0.69347657033171,0.0,-0.7204791783257647,3.929013079667063,3.929013079667063
139.13020964539902,998.7278262257379,-176.9300633355806,128.53330091736714,1010.1721564913554,-187.1170407493784,0.69347657033171,0.0,-0.7204791783257647,3.929013079667063,3.929013079667063
128.53330091736714,1010.1721564913554,-187.1170407493784,117.93639218933527,1021.6164867569729,-197.30401816317612,0.69347657033171,0.0,-0.7204791783257647,3.929013079667063,3.929013079667063
119.59165793417941,997.4459198105611,-195.64875241833198,128.53330091736714,1010.1721564913554,-187.1170407493784,0.69347657033171,0.0,-0.7204791783257647,3.929013079667063,3.929013079667063
128.53330091736714,1010.1721564913554,-187.1170407493784,137.47494390055488,1022.8983931721497,-178.58532908042474,0.69347657033171,0.0,-0.7204791783257647,3.929013079667063,3.929013079667063
137.47494390055488,1022.8983931721497,-178.58532908042474,126.878035172523,1034.3427234377673,-188.77230649422253,0.69347657033171,0.0,-0.7204791783257647,3.929013079667063,3.929013079667063
126.878035172523,1034.3427234377673,-188.77230649422253,116.28112644449112,1045.7870537033848,-198.95928390802027,0.69347657033171,0.0,-0.7204791783257647,3.929013079667063,3.929013079667063
117.93639218933527,1021.6164867569729,-197.30401816317612,126.878035172523,1034.3427234377673,-188.77230649422253,0.69347657033171,0.0,-0.7204791783257647,3.929013079667063,3.929013079667063
126.878035172523,1034.3427234377673,-188.77230649422253,135.81967815571073,1047.0689601185616,-180.2405948252689,0.69347657033171,0.0,-0.7204791783257647,3.929013079667063,3.929013079667063
135.81967815571073,1047.0689601185616,-180.2405948252689,125.22276942767886,1058.513290384179,-190.42757223906668,0.69347657033171,0.0,-0.7204791783257647,3.929013079667063,3.929013079667063
125.22276942767886,1058.513290384179,-190.42757223906668,114.62586069964699,1069.9576206497966,-200.6145496528644,0.69347657033171,0.0,-0.7204791783257647,3.929013079667063,3.929013079667063
116.28112644449112,1045.7870537033848,-198.95928390802027,125.22276942767886,1058.513290384179,-190.42757223906668,0.69347657033171,0.0,-0.7204791783257647,3.929013079667063,3.929013079667063
125.22276942767886,1058.513290384179,-190.42757223906668,134.16441241086662,1071.2395270649733,-181.89586057011303,0.69347657033171,0.0,-0.7204791783257647,3.929013079667063,3.929013079667063
134.16441241086662,1071.2395270649733,-181.89586057011303,123.56750368283473,1082.6838573305909,-192.0828379839108,0.69347657033171,0.0,-0.7204791783257647,3.929013079667063,3.929013079667063
123.56750368283473,1082.6838573305909,-192.0828379839108,112.97059495480285,1094.1281875962084,-202.26981539770856,0.69347657033171,0.0,-0.7204791783257647,3.929013079667063,3.929013079667063
114.62586069964699,1069.9576206497966,-200.6145496528644,123.56750368283473,1082.6838573305909,-192.0828379839108,0.69347657033171,0.0,-0.7204791783257647,3.929013079667063,3.929013079667063
123.56750368283473,1082.6838573305909,-192.0828379839108,132.50914666602247,1095.4100940113851,-183.55112631495717,0.69347657033171,0.0,-0.7204791783257647,3.929013079667063,3.929013079667063
132.50914666602247,1095.4100940113851,-183.55112631495717,121.91223793799058,1106.8544242770029,-193.73810372875494,0.69347657033171,0.0,-0.7204791783257647,3.929013079667063,3.929013079667063
121.91223793799058,1106.8544242770029,-193.73810372875494,111.3153292099587,1118.2987545426204,-203.9250811425527,0.69347657033171,0.0,-0.7204791783257647,3.929013079667063,3.929013079667063
112.97059495480285,1094.1281875962084,-202.26981539770856,121.91223793799058,1106.8544242770029,-193.73810372875494,0.69347657033171,0.0,-0.7204791783257647,3.929013079667063,3.929013079667063
121.91223793799058,1106.8544242770029,-193.73810372875494,130.85388092117833,1119.5806609577971,-185.20639205980132,0.69347657033171,0.0,-0.7204791783257647,3.929013079667063,3.929013079667063
130.85388092117833,1119.5806609577971,-185.20639205980132,120.25697219314644,1131.0249912234146,-195.39336947359908,0.69347657033171,0.0,-0.7204791783257647,3.929013079667063,3.929013079667063
120.25697219314644,1131.0249912234146,-195.39336947359908,109.66006346511456,1142.4693214890324,-205.58034688739684,0.69347657033171,0.0,-0.7204791783257647,3.929013079667063,3.929013079667063
111.3153292099587,1118.2987545426204,-203.9250811425527,120.25697219314644,1131.0249912234146,-195.39336947359908,0.69347657033171,0.0,-0.7204791783257647,3.929013079667063,3.929013079667063
120.25697219314644,1131.0249912234146,-195.39336947359908,129.1986151763342,1143.7512279042091,-186.86165780464546,0.69347657033171,0.0,-0.7204791783257647,3.929013079667063,3.929013079667063
187.9872385111393,0.0,-108.5344827586208,201.13390588085548,24.170566946411853,-110.18974850346494,0.0,0.0,1.0,3.929013079667063,3.929013079667063
171.53003965173485,24.170566946411853,-110.18974850346494,184.67670702145102,48.341133892823706,-111.84501424830907,0.0,0.0,1.0,3.929013079667063,3.929013079667063
184.67670702145102,48.341133892823706,-111.84501424830907,197.8233743911672,72.51170083923556,-113.50027999315321,0.0,0.0,1.0,3.929013079667063,3.929013079667063
201.13390588085548,24.170566946411853,-110.18974850346494,184.67670702145102,48.341133892823706,-111.84501424830907,0.0,0.0,1.0,3.929013079667063,3.929013079667063
184.67670702145102,48.341133892823706,-111.84501424830907,168.21950816204657,72.51170083923556,-113.50027999315321,0.0,0.0,1.0,3.929013079667063,3.929013079667063
168.21950816204657,72.51170083923556,-113.50027999315321,181.36617553176274,96.68226778564741,-115.15554573799736,0.0,0.0,1.0,3.929013079667063,3.929013079667063
181.36617553176274,96.68226778564741,-115.15554573799736,194.5128429014789,120.85283473205928,-116.81081148284149,0.0,0.0,1.0,3.929013079667063,3.929013079667063
197.8233743911672,72.51170083923556,-113.50027999315321,181.36617553176274,96.68226778564741,-115.15554573799736,0.0,0.0,1.0,3.929013079667063,3.929013079667063
181.36617553176274,96.68226778564741,-115.15554573799736,164.90897667235828,120.85283473205928,-116.81081148284149,0.0,0.0,1.0,3.929013079667063,3.929013079667063
164.90897667235828,120.85283473205928,-116.81081148284149,178.05564404207448,145.02340167847112,-118.46607722768563,0.0,0.0,1.0,3.929013079667063,3.929013079667063
178.05564404207448,145.02340167847112,-118.46607722768563,191.20231141179065,169.19396862488296,-120.12134297252976,0.0,0.0,1.0,3.929013079667063,3.929013079667063
194.5128429014789,120.85283473205928,-116.81081148284149,178.05564404207448,145.02340167847112,-118.46607722768563,0.0,0.0,1.0,3.929013079667063,3.929013079667063
178.05564404207448,145.02340167847112,-118.46607722768563,161.59844518267002,169.19396862488296,-120.12134297252976,0.0,0.0,1.0,3.929013079667063,3.929013079667063
161.59844518267002,169.19396862488296,-120.12134297252976,174.7451125523862,193.36453557129482,-121.7766087173739,0.0,0.0,1.0,3.929013079667063,3.929013079667063
174.7451125523862,193.36453557129482,-121.7766087173739,187.89177992210236,217.53510251770663,-123.43187446221805,0.0,0.0,1.0,3.929013079667063,3.929013079667063
191.20231141179065,169.19396862488296,-120.12134297252976,174.7451125523862,193.36453557129482,-121.7766087173739,0.0,0.0,1.0,3.929013079667063,3.929013079667063
174.7451125523862,193.36453557129482,-121.7766087173739,158.28791369298173,217.53510251770663,-123.43187446221805,0.0,0.0,1.0,3.929013079667063,3.929013079667063
158.28791369298173,217.53510251770663,-123.43187446221805,171.4345810626979,241.70566946411853,-125.08714020706219,0.0,0.0,1.0,3.929013079667063,3.929013079667063
171.4345810626979,241.70566946411853,-125.08714020706219,184.58124843241407,265.8762364105303,-126.74240595190632,0.0,0.0,1.0,3.929013079667063,3.929013079667063
187.89177992210236,217.53510251770663,-123.43187446221805,171.4345810626979,241.70566946411853,-125.08714020706219,0.0,0.0,1.0,3.929013079667063,3.929013079667063
171.4345810626979,241.70566946411853,-125.08714020706219,154.97738220329344,265.8762364105303,-126.74240595190632,0.0,0.0,1.0,3.929013079667063,3.929013079667063
154.97738220329344,265.8762364105303,-126.74240595190632,168.12404957300961,290.0468033569422,-128.39767169675045,0.0,0.0,1.0,3.929013079667063,3.929013079667063
168.12404957300961,290.0468033569422,-128.39767169675045,181.27071694272578,314.2173703033541,-130.0529374415946,0.0,0.0,1.0,3.929013079667063,3.929013079667063
184.58124843241407,265.8762364105303,-126.74240595190632,168.12404957300961,290.0468033569422,-128.39767169675045,0.0,0.0,1.0,3.929013079667063,3.929013079667063
168.12404957300961,290.0468033569422,-128.39767169675045,151.66685071360516,314.2173703033541,-130.0529374415946,0.0,0.0,1.0,3.929013079667063,3.929013079667063
151.66685071360516,314.2173703033541,-130.0529374415946,164.81351808332136,338.38793724976586,-131.70820318643874,0.0,0.0,1.0,3.929013079667063,3.929013079667063
164.81351808332136,338.38793724976586,-131.70820318643874,177.9601854530375,362.55850419617775,-133.36346893128288,0.0,0.0,1.0,3.929013079667063,3.929013079667063
181.27071694272578,314.2173703033541,-130.0529374415946,164.81351808332136,338.38793724976586,-131.70820318643874,0.0,0.0,1.0,3.929013079667063,3.929013079667063
164.81351808332136,338.38793724976586,-131.70820318643874,148.35631922391687,362.55850419617775,-133.36346893128288,0.0,0.0,1.0,3.929013079667063,3.929013079667063
148.3563192239169,362.55850419617764,-133.36346893128288,161.50298659363307,386.72907114258965,-135.01873467612702,0.0,0.0,1.0,3.929013079667063,3.929013079667063
161.50298659363307,386.72907114258965,-135.01873467612702,174.64965396334924,410.8996380890014,-136.67400042097114,0.0,0.0,1.0,3.929013079667063,3.929013079667063
177.96018545303752,362.55850419617764,-133.36346893128288,161.50298659363307,386.72907114258965,-135.01873467612702,0.0,0.0,1.0,3.929013079667063,3.929013079667063
161.50298659363307,386.72907114258965,-135.01873467612702,145.0457877342286,410.8996380890014,-136.67400042097114,0.0,0.0,1.0,3.929013079667063,3.929013079667063
145.0457877342286,410.8996380890014,-136.67400042097114,158.19245510394478,435.0702050354133,-138.32926616581528,0.0,0.0,1.0,3.929013079667063,3.929013079667063
158.19245510394478,435.0702050354133,-138.32926616581528,171.33912247366095,459.2407719818251,-139.98453191065943,0.0,0.0,1.0,3.929013079667063,3.929013079667063
174.64965396334924,410.8996380890014,-136.67400042097114,158.19245510394478,435.0702050354133,-138.32926616581528,0.0,0.0,1.0,3.929013079667063,3.929013079667063
158.19245510394478,435.0702050354133,-138.32926616581528,141.73525624454032,459.2407719818251,-139.98453191065943,0.0,0.0,1.0,3.929013079667063,3.929013079667063
141.73525624454032,459.2407719818251,-139.98453191065943,154.8819236142565,483.4113389282371,-141.63979765550357,0.0,0.0,1.0,3.929013079667063,3.929013079667063
154.8819236142565,483.4113389282371,-141.63979765550357,168.02859098397266,507.5819058746489,-143.29506340034771,0.0,0.0,1.0,3.929013079667063,3.929013079667063
171.33912247366095,459.2407719818251,-139.98453191065943,154.8819236142565,483.4113389282371,-141.63979765550357,0.0,0.0,1.0,3.929013079667063,3.929013079667063
154.8819236142565,483.4113389282371,-141.63979765550357,138.42472475485204,507.5819058746489,-143.29506340034771,0.0,0.0,1.0,3.929013079667063,3.929013079667063
138.42472475485204,507.5819058746489,-143.29506340034771,151.5713921245682,531.7524728210607,-144.95032914519186,0.0,0.0,1.0,3.929013079667063,3.929013079667063
151.5713921245682,531.7524728210607,-144.95032914519186,164.71805949428438,555.9230397674727,-146.605594890036,0.0,0.0,1.0,3.929013079667063,3.929013079667063
168.02859098397266,507.5819058746489,-143.29506340034771,151.5713921245682,531.7524728210607,-144.95032914519186,0.0,0.0,1.0,3.929013079667063,3.929013079667063
151.5713921245682,531.7524728210607,-144.95032914519186,135.11419326516375,555.9230397674727,-146.605594890036,0.0,0.0,1.0,3.929013079667063,3.929013079667063
135.11419326516375,555.9230397674726,-146.60559489003597,148.26086063487992,580.0936067138845,-148.26086063488012,0.0,0.0,1.0,3.929013079667063,3.929013079667063
148.26086063487992,580.0936067138845,-148.26086063488012,161.40752800459612,604.2641736602963,-149.91612637972426,0.0,0.0,1.0,3.929013079667063,3.929013079667063
164.71805949428438,555.9230397674726,-146.60559489003597,148.26086063487992,580.0936067138845,-148.26086063488012,0.0,0.0,1.0,3.929013079667063,3.929013079667063
148.26086063487992,580.0936067138845,-148.26086063488012,131.8036617754755,604.2641736602963,-149.91612637972426,0.0,0.0,1.0,3.929013079667063,3.929013079667063
131.80366177547546,604.2641736602964,-149.91612637972426,144.95032914519163,628.4347406067081,-151.5713921245684,0.0,0.0,1.0,3.929013079667063,3.929013079667063
144.95032914519163,628.4347406067081,-151.5713921245684,158.09699651490783,652.60530755312,-153.22665786941255,0.0,0.0,1.0,3.929013079667063,3.929013079667063
161.4075280045961,604.2641736602964,-149.91612637972426,144.95032914519163,628.4347406067081,-151.5713921245684,0.0,0.0,1.0,3.929013079667063,3.929013079667063
144.95032914519163,628.4347406067081,-151.5713921245684,128.4931302857872,652.60530755312,-153.22665786941255,0.0,0.0,1.0,3.929013079667063,3.929013079667063
128.49313028578717,652.6053075531202,-153.22665786941255,141.63979765550337,676.7758744995319,-154.8819236142567,0.0,0.0,1.0,3.929013079667063,3.929013079667063
141.63979765550337,676.7758744995319,-154.8819236142567,154.78646502521954,700.9464414459437,-156.5371893591008,0.0,0.0,1.0,3.929013079667063,3.929013079667063
158.0969965149078,652.6053075531202,-153.22665786941255,141.63979765550337,676.7758744995319,-154.8819236142567,0.0,0.0,1.0,3.929013079667063,3.929013079667063
141.63979765550337,676.7758744995319,-154.8819236142567,125.18259879609892,700.9464414459437,-156.5371893591008,0.0,0.0,1.0,3.929013079667063,3.929013079667063
125.18259879609892,700.9464414459437,-156.5371893591008,138.32926616581508,725.1170083923555,-158.19245510394495,0.0,0.0,1.0,3.929013079667063,3.929013079667063
138.32926616581508,725.1170083923555,-158.19245510394495,151.47593353553125,749.2875753387674,-159.8477208487891,0.0,0.0,1.0,3.929013079667063,3.929013079667063
154.78646502521954,700.9464414459437,-156.5371893591008,138.32926616581508,725.1170083923555,-158.19245510394495,0.0,0.0,1.0,3.929013079667063,3.929013079667063
138.32926616581508,725.1170083923555,-158.19245510394495,121.87206730641063,749.2875753387674,-159.8477208487891,0.0,0.0,1.0,3.929013079667063,3.929013079667063
121.87206730641063,749.2875753387675,-159.8477208487891,135.0187346761268,773.4581422851793,-161.50298659363324,0.0,0.0,1.0,3.929013079667063,3.929013079667063
135.0187346761268,773.4581422851793,-161.50298659363324,148.165402045843,797.6287092315911,-163.15825233847738,0.0,0.0,1.0,3.929013079667063,3.929013079667063
151.47593353553125,749.2875753387675,-159.8477208487891,135.0187346761268,773.4581422851793,-161.50298659363324,0.0,0.0,1.0,3.929013079667063,3.929013079667063
135.0187346761268,773.4581422851793,-161.50298659363324,118.56153581672237,797.6287092315911,-163.15825233847738,0.0,0.0,1.0,3.929013079667063,3.929013079667063
118.56153581672234,797.6287092315912,-163.15825233847738,131.7082031864385,821.799276178003,-164.81351808332153,0.0,0.0,1.0,3.929013079667063,3.929013079667063
131.7082031864385,821.799276178003,-164.81351808332153,144.8548705561547,845.9698431244149,-166.46878382816567,0.0,0.0,1.0,3.929013079667063,3.929013079667063
148.16540204584297,797.6287092315912,-163.15825233847738,131.7082031864385,821.799276178003,-164.81351808332153,0.0,0.0,1.0,3.929013079667063,3.929013079667063
131.7082031864385,821.799276178003,-164.81351808332153,115.25100432703408,845.9698431244149,-166.46878382816567,0.0,0.0,1.0,3.929013079667063,3.929013079667063
115.25100432703405,845.969843124415,-166.46878382816567,128.39767169675025,870.1404100708268,-168.1240495730098,0.0,0.0,1.0,3.929013079667063,3.929013079667063
128.39767169675025,870.1404100708268,-168.1240495730098,141.54433906646642,894.3109770172385,-169.77931531785393,0.0,0.0,1.0,3.929013079667063,3.929013079667063
144.85487055615468,845.969843124415,-166.46878382816567,128.39767169675025,870.1404100708268,-168.1240495730098,0.0,0.0,1.0,3.929013079667063,3.929013079667063
128.39767169675025,870.1404100708268,-168.1240495730098,111.9404728373458,894.3109770172385,-169.77931531785393,0.0,0.0,1.0,3.929013079667063,3.929013079667063
111.94047283734578,894.3109770172387,-169.77931531785396,125.08714020706196,918.4815439636504,-171.43458106269807,0.0,0.0,1.0,3.929013079667063,3.929013079667063
125.08714020706196,918.4815439636504,-171.43458106269807,138.23380757677813,942.6521109100623,-173.08984680754222,0.0,0.0,1.0,3.929013079667063,3.929013079667063
141.54433906646642,894.3109770172387,-169.77931531785396,125.08714020706196,918.4815439636504,-171.43458106269807,0.0,0.0,1.0,3.929013079667063,3.929013079667063
125.08714020706196,918.4815439636504,-171.43458106269807,108.6299413476575,942.6521109100623,-173.08984680754222,0.0,0.0,1.0,3.929013079667063,3.929013079667063
108.6299413476575,942.6521109100623,-173.08984680754222,121.77660871737368,966.8226778564741,-174.74511255238633,0.0,0.0,1.0,3.929013079667063,3.929013079667063
121.77660871737368,966.8226778564741,-174.74511255238633,134.92327608708985,990.9932448028859,-176.40037829723047,0.0,0.0,1.0,3.929013079667063,3.929013079667063
138.23380757677813,942.6521109100623,-173.08984680754222,121.77660871737368,966.8226778564741,-174.74511255238633,0.0,0.0,1.0,3.929013079667063,3.929013079667063
121.77660871737368,966.8226778564741,-174.74511255238633,105.31940985796922,990.9932448028859,-176.40037829723047,0.0,0.0,1.0,3.929013079667063,3.929013079667063
105.31940985796922,990.9932448028859,-176.40037829723047,118.46607722768539,1015.1638117492977,-178.05564404207462,0.0,0.0,1.0,3.929013079667063,3.929013079667063
118.46607722768539,1015.1638117492977,-178.05564404207462,131.6127445974016,1039.3343786957096,-179.71090978691876,0.0,0.0,1.0,3.929013079667063,3.929013079667063
134.92327608708985,990.9932448028859,-176.40037829723047,118.46607722768539,1015.1638117492977,-178.05564404207462,0.0,0.0,1.0,3.929013079667063,3.929013079667063
118.46607722768539,1015.1638117492977,-178.05564404207462,102.00887836828095,1039.3343786957096,-179.71090978691876,0.0,0.0,1.0,3.929013079667063,3.929013079667063
102.00887836828093,1039.3343786957098,-179.71090978691876,115.15554573799712,1063.5049456421214,-181.3661755317629,0.0,0.0,1.0,3.929013079667063,3.929013079667063
115.15554573799712,1063.5049456421214,-181.3661755317629,128.3022131077133,1087.6755125885334,-183.02144127660705,0.0,0.0,1.0,3.929013079667063,3.929013079667063
131.61274459740156,1039.3343786957098,-179.71090978691876,115.15554573799712,1063.5049456421214,-181.3661755317629,0.0,0.0,1.0,3.929013079667063,3.929013079667063
115.15554573799712,1063.5049456421214,-181.3661755317629,98.69834687859266,1087.6755125885334,-183.02144127660705,0.0,0.0,1.0,3.929013079667063,3.929013079667063
98.69834687859267,1087.6755125885331,-183.02144127660702,111.84501424830884,1111.8460795349451,-184.67670702145116,0.0,0.0,1.0,3.929013079667063,3.929013079667063
111.84501424830884,1111.8460795349451,-184.67670702145116,124.99168161802501,1136.016646481357,-186.3319727662953,0.0,0.0,1.0,3.929013079667063,3.929013079667063
128.3022131077133,1087.6755125885331,-183.02144127660702,111.84501424830884,1111.8460795349451,-184.67670702145116,0.0,0.0,1.0,3.929013079667063,3.929013079667063
111.84501424830884,1111.8460795349451,-184.67670702145116,95.38781538890439,1136.016646481357,-186.3319727662953,0.0,0.0,1.0,3.929013079667063,3.929013079667063
108.53448275862056,1160.187213427769,-187.98723851113945,124.99168161802501,1136.016646481357,-186.3319727662953,0.0,0.0,1.0,3.929013079667063,3.929013079667063
168.21950816204657,72.51170083923556,-113.50027999315321,162.95320452703714,80.24628226208736,-114.02996503150332,0.0,0.0,1.0,3.929013079667063,3.929013079667063
197.8233743911672,72.51170083923556,-113.50027999315321,202.03030794947637,80.24628226208736,-114.02996503150335,0.0,0.0,1.0,3.929013079667063,3.929013079667063
164.90897667235828,120.85283473205928,-116.81081148284149,159.64267303734886,128.58741615491107,-117.3404965211916,0.0,0.0,1.0,3.929013079667063,3.929013079667063
194.5128429014789,120.85283473205928,-116.81081148284149,198.71977645978808,128.58741615491107,-117.34049652119162,0.0,0.0,1.0,3.929013079667063,3.929013079667063
161.59844518267002,169.19396862488296,-120.12134297252976,156.3321415476606,176.92855004773477,-120.65102801087988,0.0,0.0,1.0,3.929013079667063,3.929013079667063
191.20231141179065,169.19396862488296,-120.12134297252976,195.40924497009982,176.92855004773477,-120.65102801087991,0.0,0.0,1.0,3.929013079667063,3.929013079667063
158.28791369298173,217.53510251770663,-123.43187446221805,153.0216100579723,225.26968394055845,-123.96155950056816,0.0,0.0,1.0,3.929013079667063,3.929013079667063
187.89177992210236,217.53510251770663,-123.43187446221805,192.09871348041153,225.26968394055845,-123.96155950056819,0.0,0.0,1.0,3.929013079667063,3.929013079667063
154.97738220329344,265.8762364105303,-126.74240595190632,149.71107856828402,273.61081783338216,-127.27209099025643,0.0,0.0,1.0,3.929013079667063,3.929013079667063
184.58124843241407,265.8762364105303,-126.74240595190632,188.78818199072325,273.61081783338216,-127.27209099025646,0.0,0.0,1.0,3.929013079667063,3.929013079667063
151.66685071360516,314.2173703033541,-130.0529374415946,146.40054707859574,321.95195172620583,-130.58262247994472,0.0,0.0,1.0,3.929013079667063,3.929013079667063
181.27071694272578,314.2173703033541,-130.0529374415946,185.47765050103496,321.95195172620583,-130.58262247994472,0.0,0.0,1.0,3.929013079667063,3.929013079667063
148.35631922391687,362.55850419617775,-133.36346893128288,143.09001558890745,370.2930856190296,-133.893153969633,0.0,0.0,1.0,3.929013079667063,3.929013079667063
177.9601854530375,362.55850419617775,-133.36346893128288,182.16711901134667,370.2930856190296,-133.893153969633,0.0,0.0,1.0,3.929013079667063,3.929013079667063
145.0457877342286,410.8996380890014,-136.67400042097114,139.7794840992192,418.6342195118532,-137.20368545932126,0.0,0.0,1.0,3.929013079667063,3.929013079667063
174.64965396334924,410.8996380890014,-136.67400042097114,178.8565875216584,418.6342195118532,-137.20368545932126,0.0,0.0,1.0,3.929013079667063,3.929013079667063
141.73525624454032,459.2407719818251,-139.98453191065943,136.4689526095309,466.975353404677,-140.51421694900955,0.0,0.0,1.0,3.929013079667063,3.929013079667063
171.33912247366095,459.2407719818251,-139.98453191065943,175.54605603197012,466.975353404677,-140.51421694900955,0.0,0.0,1.0,3.929013079667063,3.929013079667063
138.42472475485204,507.5819058746489,-143.29506340034771,133.15842111984261,515.3164872975008,-143.82474843869784,0.0,0.0,1.0,3.929013079667063,3.929013079667063
168.02859098397266,507.5819058746489,-143.29506340034771,172.23552454228184,515.3164872975008,-143.82474843869784,0.0,0.0,1.0,3.929013079667063,3.929013079667063
135.11419326516375,555.9230397674727,-146.605594890036,129.84788963015433,563.6576211903244,-147.13527992838613,0.0,0.0,1.0,3.929013079667063,3.929013079667063
164.71805949428438,555.9230397674727,-146.605594890036,168.92499305259355,563.6576211903244,-147.13527992838613,0.0,0.0,1.0,3.929013079667063,3.929013079667063
131.8036617754755,604.2641736602963,-149.91612637972426,126.53735814046604,611.9987550831481,-150.44581141807438,0.0,0.0,1.0,3.929013079667063,3.929013079667063
161.40752800459612,604.2641736602963,-149.91612637972426,165.61446156290526,611.9987550831481,-150.44581141807438,0.0,0.0,1.0,3.929013079667063,3.929013079667063
128.4931302857872,652.60530755312,-153.22665786941255,123.22682665077778,660.3398889759718,-153.75634290776267,0.0,0.0,1.0,3.929013079667063,3.929013079667063
158.09699651490783,652.60530755312,-153.22665786941255,162.303930073217,660.3398889759718,-153.75634290776267,0.0,0.0,1.0,3.929013079667063,3.929013079667063
125.18259879609892,700.9464414459437,-156.5371893591008,119.9162951610895,708.6810228687956,-157.06687439745093,0.0,0.0,1.0,3.929013079667063,3.929013079667063
154.78646502521954,700.9464414459437,-156.5371893591008,158.99339858352872,708.6810228687956,-157.06687439745093,0.0,0.0,1.0,3.929013079667063,3.929013079667063
121.87206730641063,749.2875753387674,-159.8477208487891,116.6057636714012,757.0221567616192,-160.37740588713922,0.0,0.0,1.0,3.929013079667063,3.929013079667063
151.47593353553125,749.2875753387674,-159.8477208487891,155.68286709384043,757.0221567616192,-160.37740588713922,0.0,0.0,1.0,3.929013079667063,3.929013079667063
118.56153581672237,797.6287092315911,-163.15825233847738,113.29523218171295,805.363290654443,-163.6879373768275,0.0,0.0,1.0,3.929013079667063,3.929013079667063
148.165402045843,797.6287092315911,-163.15825233847738,152.37233560415217,805.363290654443,-163.6879373768275,0.0,0.0,1.0,3.929013079667063,3.929013079667063
115.25100432703408,845.9698431244149,-166.46878382816567,109.98470069202466,853.7044245472666,-166.9984688665158,0.0,0.0,1.0,3.929013079667063,3.929013079667063
144.8548705561547,845.9698431244149,-166.46878382816567,149.06180411446388,853.7044245472666,-166.9984688665158,0.0,0.0,1.0,3.929013079667063,3.929013079667063
111.9404728373458,894.3109770172385,-169.77931531785393,106.67416920233637,902.0455584400904,-170.30900035620405,0.0,0.0,1.0,3.929013079667063,3.929013079667063
141.54433906646642,894.3109770172385,-169.77931531785393,145.7512726247756,902.0455584400904,-170.30900035620405,0.0,0.0,1.0,3.929013079667063,3.929013079667063
108.6299413476575,942.6521109100623,-173.08984680754222,103.36363771264809,950.3866923329141,-173.61953184589234,0.0,0.0,1.0,3.929013079667063,3.929013079667063
138.23380757677813,942.6521109100623,-173.08984680754222,142.4407411350873,950.3866923329141,-173.61953184589234,0.0,0.0,1.0,3.929013079667063,3.929013079667063
105.31940985796922,990.9932448028859,-176.40037829723047,100.0531062229598,998.7278262257377,-176.9300633355806,0.0,0.0,1.0,3.929013079667063,3.929013079667063
134.92327608708985,990.9932448028859,-176.40037829723047,139.13020964539902,998.7278262257377,-176.9300633355806,0.0,0.0,1.0,3.929013079667063,3.929013079667063
102.00887836828095,1039.3343786957096,-179.71090978691876,96.74257473327151,1047.0689601185613,-180.2405948252689,0.0,0.0,1.0,3.929013079667063,3.929013079667063
131.6127445974016,1039.3343786957096,-179.71090978691876,135.81967815571076,1047.0689601185613,-180.2405948252689,0.0,0.0,1.0,3.929013079667063,3.929013079667063
98.69834687859266,1087.6755125885334,-183.02144127660705,93.43204324358322,1095.4100940113851,-183.55112631495717,0.0,0.0,1.0,3.929013079667063,3.929013079667063
128.3022131077133,1087.6755125885334,-183.02144127660705,132.50914666602247,1095.4100940113851,-183.55112631495717,0.0,0.0,1.0,3.929013079667063,3.929013079667063
95.38781538890439,1136.016646481357,-186.3319727662953,90.12151175389496,1143.751227904209,-186.86165780464546,0.0,0.0,1.0,3.929013079667063,3.929013079667063
124.99168161802501,1136.016646481357,-186.3319727662953,129.1986151763342,1143.751227904209,-186.86165780464546,0.0,0.0,1.0,3.929013079667063,3.929013079667063
108.53448275862056,1160.187213427769,-187.98723851113945,95.38781538890439,1136.016646481357,-186.3319727662953,0.0,0.0,1.0,3.929013079667063,3.929013079667063
130.9490136411987,0.0,-75.60344827586214,118.4699463783864,24.170566946411846,-81.47683374169353,0.0,0.0,1.0,3.929013079667063,3.929013079667063
140.86009892692408,32.79759409354693,-89.72594545379329,127.87939150425657,44.43665470461121,-85.7535953527362,-0.6900981947236448,0.0,-0.7237157464358271,3.929013079667063,3.929013079667063
127.87939150425657,44.43665470461121,-85.7535953527362,114.89868408158908,56.0757153156755,-81.78124525167912,-0.6900981947236448,0.0,-0.7237157464358271,3.929013079667063,3.929013079667063
114.47664485428648,31.905148369263635,-83.35631709075959,127.87939150425657,44.43665470461121,-85.7535953527362,-0.6900981947236448,0.0,-0.7237157464358271,3.929013079667063,3.929013079667063
127.87939150425657,44.43665470461121,-85.7535953527362,141.2821381542267,56.968161039958794,-88.15087361471282,-0.6900981947236448,0.0,-0.7237157464358271,3.929013079667063,3.929013079667063
141.2821381542267,56.968161039958794,-88.15087361471282,128.30143073155918,68.60722165102305,-84.17852351365573,-0.6900981947236448,0.0,-0.7237157464358271,3.929013079667063,3.929013079667063
128.30143073155918,68.60722165102305,-84.17852351365573,115.32072330889169,80.24628226208736,-80.20617341259866,-0.6900981947236448,0.0,-0.7237157464358271,3.929013079667063,3.929013079667063
114.89868408158908,56.0757153156755,-81.78124525167912,128.30143073155918,68.60722165102305,-84.17852351365573,-0.6900981947236448,0.0,-0.7237157464358271,3.929013079667063,3.929013079667063
128.30143073155918,68.60722165102305,-84.17852351365573,141.7041773815293,81.13872798637064,-86.57580177563236,-0.6900981947236448,0.0,-0.7237157464358271,3.929013079667063,3.929013079667063
141.7041773815293,81.13872798637064,-86.57580177563236,128.72346995886178,92.77778859743492,-82.60345167457527,-0.6900981947236448,0.0,-0.7237157464358271,3.929013079667063,3.929013079667063
128.72346995886178,92.77778859743492,-82.60345167457527,115.74276253619432,104.41684920849923,-78.6311015735182,-0.6900981947236448,0.0,-0.7237157464358271,3.929013079667063,3.929013079667063
115.32072330889169,80.24628226208736,-80.20617341259866,128.72346995886178,92.77778859743492,-82.60345167457527,-0.6900981947236448,0.0,-0.7237157464358271,3.929013079667063,3.929013079667063
128.72346995886178,92.77778859743492,-82.60345167457527,142.12621660883192,105.3092949327825,-85.00072993655189,-0.6900981947236448,0.0,-0.7237157464358271,3.929013079667063,3.929013079667063
142.12621660883192,105.30929493278248,-85.00072993655189,129.14550918616442,116.94835554384679,-81.0283798354948,-0.6900981947236448,0.0,-0.7237157464358271,3.929013079667063,3.929013079667063
129.14550918616442,116.94835554384679,-81.0283798354948,116.16480176349692,128.5874161549111,-77.05602973443774,-0.6900981947236448,0.0,-0.7237157464358271,3.929013079667063,3.929013079667063
115.74276253619432,104.4168492084992,-78.6311015735182,129.14550918616442,116.94835554384679,-81.0283798354948,-0.6900981947236448,0.0,-0.7237157464358271,3.929013079667063,3.929013079667063
129.14550918616442,116.94835554384679,-81.0283798354948,142.54825583613453,129.47986187919437,-83.42565809747144,-0.6900981947236448,0.0,-0.7237157464358271,3.929013079667063,3.929013079667063
142.54825583613453,129.47986187919437,-83.42565809747144,129.56754841346702,141.11892249025868,-79.45330799641437,-0.6900981947236448,0.0,-0.7237157464358271,3.929013079667063,3.929013079667063
129.56754841346702,141.11892249025868,-79.45330799641437,116.58684099079953,152.75798310132296,-75.48095789535728,-0.6900981947236448,0.0,-0.7237157464358271,3.929013079667063,3.929013079667063
116.16480176349692,128.5874161549111,-77.05602973443774,129.56754841346702,141.11892249025868,-79.45330799641437,-0.6900981947236448,0.0,-0.7237157464358271,3.929013079667063,3.929013079667063
129.56754841346702,141.11892249025868,-79.45330799641437,142.97029506343713,153.65042882560624,-81.85058625839098,-0.6900981947236448,0.0,-0.7237157464358271,3.929013079667063,3.929013079667063
142.97029506343713,153.65042882560624,-81.85058625839098,129.98958764076963,165.28948943667055,-77.8782361573339,-0.6900981947236448,0.0,-0.7237157464358271,3.929013079667063,3.929013079667063
129.98958764076963,165.28948943667055,-77.8782361573339,117.00888021810216,176.92855004773483,-73.90588605627681,-0.6900981947236448,0.0,-0.7237157464358271,3.929013079667063,3.929013079667063
116.58684099079953,152.75798310132296,-75.48095789535728,129.98958764076963,165.28948943667055,-77.8782361573339,-0.6900981947236448,0.0,-0.7237157464358271,3.929013079667063,3.929013079667063
129.98958764076963,165.28948943667055,-77.8782361573339,143.39233429073977,177.8209957720181,-80.27551441931051,-0.6900981947236448,0.0,-0.7237157464358271,3.929013079667063,3.929013079667063
143.39233429073977,177.8209957720181,-80.27551441931051,130.41162686807226,189.4600563830824,-76.30316431825344,-0.6900981947236448,0.0,-0.7237157464358271,3.929013079667063,3.929013079667063
130.41162686807226,189.4600563830824,-76.30316431825344,117.43091944540477,201.09911699414667,-72.33081421719635,-0.6900981947236448,0.0,-0.7237157464358271,3.929013079667063,3.929013079667063
117.00888021810216,176.92855004773483,-73.90588605627681,130.41162686807226,189.4600563830824,-76.30316431825344,-0.6900981947236448,0.0,-0.7237157464358271,3.929013079667063,3.929013079667063
130.41162686807226,189.4600563830824,-76.30316431825344,143.81437351804237,201.99156271842995,-78.70044258023005,-0.6900981947236448,0.0,-0.7237157464358271,3.929013079667063,3.929013079667063
143.81437351804237,201.99156271842998,-78.70044258023005,130.83366609537487,213.63062332949428,-74.72809247917297,-0.6900981947236448,0.0,-0.7237157464358271,3.929013079667063,3.929013079667063
130.83366609537487,213.63062332949428,-74.72809247917297,117.85295867270737,225.2696839405585,-70.75574237811588,-0.6900981947236448,0.0,-0.7237157464358271,3.929013079667063,3.929013079667063
117.43091944540477,201.0991169941467,-72.33081421719635,130.83366609537487,213.63062332949428,-74.72809247917297,-0.6900981947236448,0.0,-0.7237157464358271,3.929013079667063,3.929013079667063
130.83366609537487,213.63062332949428,-74.72809247917297,144.23641274534498,226.16212966484179,-77.1253707411496,-0.6900981947236448,0.0,-0.7237157464358271,3.929013079667063,3.929013079667063
144.23641274534498,226.16212966484184,-77.12537074114958,131.25570532267747,237.80119027590612,-73.1530206400925,-0.6900981947236448,0.0,-0.7237157464358271,3.929013079667063,3.929013079667063
131.25570532267747,237.80119027590612,-73.1530206400925,118.27499790000998,249.4402508869704,-69.18067053903542,-0.6900981947236448,0.0,-0.7237157464358271,3.929013079667063,3.929013079667063
117.85295867270737,225.26968394055856,-70.75574237811588,131.25570532267747,237.80119027590612,-73.1530206400925,-0.6900981947236448,0.0,-0.7237157464358271,3.929013079667063,3.929013079667063
131.25570532267747,237.80119027590612,-73.1530206400925,144.65845197264758,250.33269661125368,-75.55029890206913,-0.6900981947236448,0.0,-0.7237157464358271,3.929013079667063,3.929013079667063
144.65845197264758,250.33269661125368,-75.55029890206913,131.6777445499801,261.97175722231805,-71.57794880101204,-0.6900981947236448,0.0,-0.7237157464358271,3.929013079667063,3.929013079667063
131.6777445499801,261.97175722231805,-71.57794880101204,118.69703712731261,273.61081783338227,-67.60559869995497,-0.6900981947236448,0.0,-0.7237157464358271,3.929013079667063,3.929013079667063
118.27499790000998,249.4402508869704,-69.18067053903542,131.6777445499801,261.97175722231805,-71.57794880101204,-0.6900981947236448,0.0,-0.7237157464358271,3.929013079667063,3.929013079667063
131.6777445499801,261.97175722231805,-71.57794880101204,145.08049119995022,274.50326355766555,-73.97522706298867,-0.6900981947236448,0.0,-0.7237157464358271,3.929013079667063,3.929013079667063
145.08049119995022,274.50326355766555,-73.97522706298867,132.0997837772827,286.1423241687299,-70.00287696193158,-0.6900981947236448,0.0,-0.7237157464358271,3.929013079667063,3.929013079667063
132.0997837772827,286.1423241687299,-70.00287696193158,119.11907635461522,297.7813847797941,-66.0305268608745,-0.6900981947236448,0.0,-0.7237157464358271,3.929013079667063,3.929013079667063
118.69703712731261,273.61081783338227,-67.60559869995497,132.0997837772827,286.1423241687299,-70.00287696193158,-0.6900981947236448,0.0,-0.7237157464358271,3.929013079667063,3.929013079667063
132.0997837772827,286.1423241687299,-70.00287696193158,145.50253042725282,298.6738305040774,-72.4001552239082,-0.6900981947236448,0.0,-0.7237157464358271,3.929013079667063,3.929013079667063
145.50253042725282,298.6738305040774,-72.4001552239082,132.52182300458531,310.3128911151417,-68.42780512285111,-0.6900981947236448,0.0,-0.7237157464358271,3.929013079667063,3.929013079667063
132.52182300458531,310.3128911151417,-68.42780512285111,119.54111558191782,321.95195172620595,-64.45545502179404,-0.6900981947236448,0.0,-0.7237157464358271,3.929013079667063,3.929013079667063
119.11907635461522,297.7813847797941,-66.0305268608745,132.52182300458531,310.3128911151417,-68.42780512285111,-0.6900981947236448,0.0,-0.7237157464358271,3.929013079667063,3.929013079667063
132.52182300458531,310.3128911151417,-68.42780512285111,145.92456965455543,322.8443974504892,-70.82508338482775,-0.6900981947236448,0.0,-0.7237157464358271,3.929013079667063,3.929013079667063
145.92456965455543,322.8443974504892,-70.82508338482775,132.94386223188792,334.48345806155356,-66.85273328377066,-0.6900981947236448,0.0,-0.7237157464358271,3.929013079667063,3.929013079667063
132.94386223188792,334.48345806155356,-66.85273328377066,119.96315480922046,346.12251867261784,-62.88038318271358,-0.6900981947236448,0.0,-0.7237157464358271,3.929013079667063,3.929013079667063
119.54111558191782,321.95195172620595,-64.45545502179404,132.94386223188792,334.48345806155356,-66.85273328377066,-0.6900981947236448,0.0,-0.7237157464358271,3.929013079667063,3.929013079667063
132.94386223188792,334.48345806155356,-66.85273328377066,146.34660888185806,347.0149643969011,-69.25001154574728,-0.6900981947236448,0.0,-0.7237157464358271,3.929013079667063,3.929013079667063
146.34660888185806,347.0149643969011,-69.25001154574728,133.36590145919055,358.6540250079654,-65.27766144469021,-0.6900981947236448,0.0,-0.7237157464358271,3.929013079667063,3.929013079667063
133.36590145919055,358.6540250079654,-65.27766144469021,120.38519403652306,370.2930856190297,-61.305311343633115,-0.6900981947236448,0.0,-0.7237157464358271,3.929013079667063,3.929013079667063
119.96315480922046,346.12251867261784,-62.88038318271358,133.36590145919055,358.6540250079654,-65.27766144469021,-0.6900981947236448,0.0,-0.7237157464358271,3.929013079667063,3.929013079667063
133.36590145919055,358.6540250079654,-65.27766144469021,146.76864810916067,371.18553134331296,-67.67493970666682,-0.6900981947236448,0.0,-0.7237157464358271,3.929013079667063,3.929013079667063
146.76864810916067,371.18553134331296,-67.67493970666682,133.78794068649316,382.82459195437724,-63.70258960560974,-0.6900981947236448,0.0,-0.7237157464358271,3.929013079667063,3.929013079667063
133.78794068649316,382.82459195437724,-63.70258960560974,120.80723326382567,394.4636525654415,-59.73023950455265,-0.6900981947236448,0.0,-0.7237157464358271,3.929013079667063,3.929013079667063
120.38519403652306,370.2930856190297,-61.305311343633115,133.78794068649316,382.82459195437724,-63.70258960560974,-0.6900981947236448,0.0,-0.7237157464358271,3.929013079667063,3.929013079667063
133.78794068649316,382.82459195437724,-63.70258960560974,147.19068733646327,395.3560982897248,-66.09986786758635,-0.6900981947236448,0.0,-0.7237157464358271,3.929013079667063,3.929013079667063
147.19068733646327,395.3560982897249,-66.09986786758635,134.20997991379576,406.9951589007892,-62.12751776652927,-0.6900981947236448,0.0,-0.7237157464358271,3.929013079667063,3.929013079667063
134.20997991379576,406.9951589007892,-62.12751776652927,121.2292724911283,418.6342195118535,-58.155167665472185,-0.6900981947236448,0.0,-0.7237157464358271,3.929013079667063,3.929013079667063
120.80723326382567,394.46365256544163,-59.73023950455265,134.20997991379576,406.9951589007892,-62.12751776652927,-0.6900981947236448,0.0,-0.7237157464358271,3.929013079667063,3.929013079667063
134.20997991379576,406.9951589007892,-62.12751776652927,147.6127265637659,419.52666523613675,-64.52479602850589,-0.6900981947236448,0.0,-0.7237157464358271,3.929013079667063,3.929013079667063
147.6127265637659,419.52666523613675,-64.52479602850589,134.6320191410984,431.16572584720103,-60.55244592744881,-0.6900981947236448,0.0,-0.7237157464358271,3.929013079667063,3.929013079667063
134.6320191410984,431.16572584720103,-60.55244592744881,121.6513117184309,442.8047864582653,-56.58009582639173,-0.6900981947236448,0.0,-0.7237157464358271,3.929013079667063,3.929013079667063
121.2292724911283,418.6342195118535,-58.155167665472185,134.6320191410984,431.16572584720103,-60.55244592744881,-0.6900981947236448,0.0,-0.7237157464358271,3.929013079667063,3.929013079667063
134.6320191410984,431.16572584720103,-60.55244592744881,148.0347657910685,443.6972321825486,-62.94972418942544,-0.6900981947236448,0.0,-0.7237157464358271,3.929013079667063,3.929013079667063
148.0347657910685,443.6972321825486,-62.94972418942544,135.054058368401,455.33629279361287,-58.97737408836835,-0.6900981947236448,0.0,-0.7237157464358271,3.929013079667063,3.929013079667063
135.054058368401,455.33629279361287,-58.97737408836835,122.07335094573351,466.9753534046772,-55.00502398731127,-0.6900981947236448,0.0,-0.7237157464358271,3.929013079667063,3.929013079667063
121.6513117184309,442.8047864582653,-56.58009582639173,135.054058368401,455.33629279361287,-58.97737408836835,-0.6900981947236448,0.0,-0.7237157464358271,3.929013079667063,3.929013079667063
135.054058368401,455.33629279361287,-58.97737408836835,148.4568050183711,467.86779912896054,-61.374652350344974,-0.6900981947236448,0.0,-0.7237157464358271,3.929013079667063,3.929013079667063
148.4568050183711,467.86779912896054,-61.374652350344974,135.4760975957036,479.50685974002477,-57.40230224928789,-0.6900981947236448,0.0,-0.7237157464358271,3.929013079667063,3.929013079667063
135.4760975957036,479.50685974002477,-57.40230224928789,122.49539017303611,491.145920351089,-53.429952148230804,-0.6900981947236448,0.0,-0.7237157464358271,3.929013079667063,3.929013079667063
122.07335094573351,466.9753534046772,-55.00502398731127,135.4760975957036,479.50685974002477,-57.40230224928789,-0.6900981947236448,0.0,-0.7237157464358271,3.929013079667063,3.929013079667063
135.4760975957036,479.50685974002477,-57.40230224928789,148.87884424567372,492.0383660753723,-59.79958051126451,-0.6900981947236448,0.0,-0.7237157464358271,3.929013079667063,3.929013079667063
148.87884424567372,492.0383660753723,-59.79958051126451,135.89813682300624,503.67742668643666,-55.82723041020743,-0.6900981947236448,0.0,-0.7237157464358271,3.929013079667063,3.929013079667063
135.89813682300624,503.67742668643666,-55.82723041020743,122.91742940033875,515.3164872975009,-51.854880309150346,-0.6900981947236448,0.0,-0.7237157464358271,3.929013079667063,3.929013079667063
122.49539017303611,491.145920351089,-53.429952148230804,135.89813682300624,503.67742668643666,-55.82723041020743,-0.6900981947236448,0.0,-0.7237157464358271,3.929013079667063,3.929013079667063
135.89813682300624,503.67742668643666,-55.82723041020743,149.30088347297635,516.2089330217842,-58.22450867218406,-0.6900981947236448,0.0,-0.7237157464358271,3.929013079667063,3.929013079667063
149.30088347297635,516.2089330217843,-58.224508672184044,136.32017605030885,527.8479936328486,-54.25215857112696,-0.6900981947236448,0.0,-0.7237157464358271,3.929013079667063,3.929013079667063
136.32017605030885,527.8479936328486,-54.25215857112696,123.33946862764135,539.4870542439128,-50.279808470069874,-0.6900981947236448,0.0,-0.7237157464358271,3.929013079667063,3.929013079667063
122.91742940033875,515.316487297501,-51.85488030915034,136.32017605030885,527.8479936328486,-54.25215857112696,-0.6900981947236448,0.0,-0.7237157464358271,3.929013079667063,3.929013079667063
136.32017605030885,527.8479936328486,-54.25215857112696,149.72292270027896,540.3794999681961,-56.64943683310358,-0.6900981947236448,0.0,-0.7237157464358271,3.929013079667063,3.929013079667063
149.72292270027896,540.3794999681961,-56.64943683310358,136.74221527761145,552.0185605792603,-52.677086732046504,-0.6900981947236448,0.0,-0.7237157464358271,3.929013079667063,3.929013079667063
136.74221527761145,552.0185605792603,-52.677086732046504,123.76150785494396,563.6576211903247,-48.704736630989416,-0.6900981947236448,0.0,-0.7237157464358271,3.929013079667063,3.929013079667063
123.33946862764135,539.4870542439128,-50.279808470069874,136.74221527761145,552.0185605792603,-52.677086732046504,-0.6900981947236448,0.0,-0.7237157464358271,3.929013079667063,3.929013079667063
136.74221527761145,552.0185605792603,-52.677086732046504,150.14496192758156,564.550066914608,-55.07436499402313,-0.6900981947236448,0.0,-0.7237157464358271,3.929013079667063,3.929013079667063
150.14496192758156,564.550066914608,-55.07436499402313,137.16425450491408,576.1891275256722,-51.10201489296604,-0.6900981947236448,0.0,-0.7237157464358271,3.929013079667063,3.929013079667063
137.16425450491408,576.1891275256722,-51.10201489296604,124.18354708224659,587.8281881367365,-47.12966479190895,-0.6900981947236448,0.0,-0.7237157464358271,3.929013079667063,3.929013079667063
123.76150785494396,563.6576211903247,-48.704736630989416,137.16425450491408,576.1891275256722,-51.10201489296604,-0.6900981947236448,0.0,-0.7237157464358271,3.929013079667063,3.929013079667063
137.16425450491408,576.1891275256722,-51.10201489296604,150.5670011548842,588.7206338610198,-53.49929315494266,-0.6900981947236448,0.0,-0.7237157464358271,3.929013079667063,3.929013079667063
150.5670011548842,588.7206338610198,-53.49929315494266,137.5862937322167,600.359694472084,-49.52694305388558,-0.6900981947236448,0.0,-0.7237157464358271,3.929013079667063,3.929013079667063
137.5862937322167,600.359694472084,-49.52694305388558,124.6055863095492,611.9987550831484,-45.55459295282849,-0.6900981947236448,0.0,-0.7237157464358271,3.929013079667063,3.929013079667063
124.18354708224659,587.8281881367365,-47.12966479190895,137.5862937322167,600.359694472084,-49.52694305388558,-0.6900981947236448,0.0,-0.7237157464358271,3.929013079667063,3.929013079667063
137.5862937322167,600.359694472084,-49.52694305388558,150.9890403821868,612.8912008074317,-51.9242213158622,-0.6900981947236448,0.0,-0.7237157464358271,3.929013079667063,3.929013079667063
150.9890403821868,612.8912008074317,-51.9242213158622,138.0083329595193,624.5302614184959,-47.95187121480512,-0.6900981947236448,0.0,-0.7237157464358271,3.929013079667063,3.929013079667063
138.0083329595193,624.5302614184959,-47.95187121480512,125.0276255368518,636.1693220295601,-43.979521113748035,-0.6900981947236448,0.0,-0.7237157464358271,3.929013079667063,3.929013079667063
124.6055863095492,611.9987550831484,-45.55459295282849,138.0083329595193,624.5302614184959,-47.95187121480512,-0.6900981947236448,0.0,-0.7237157464358271,3.929013079667063,3.929013079667063
138.0083329595193,624.5302614184959,-47.95187121480512,151.4110796094894,637.0617677538435,-50.34914947678175,-0.6900981947236448,0.0,-0.7237157464358271,3.929013079667063,3.929013079667063
151.4110796094894,637.0617677538436,-50.34914947678173,138.4303721868219,648.7008283649079,-46.37679937572465,-0.6900981947236448,0.0,-0.7237157464358271,3.929013079667063,3.929013079667063
138.4303721868219,648.7008283649079,-46.37679937572465,125.44966476415443,660.3398889759721,-42.40444927466756,-0.6900981947236448,0.0,-0.7237157464358271,3.929013079667063,3.929013079667063
125.0276255368518,636.1693220295602,-43.97952111374803,138.4303721868219,648.7008283649079,-46.37679937572465,-0.6900981947236448,0.0,-0.7237157464358271,3.929013079667063,3.929013079667063
138.4303721868219,648.7008283649079,-46.37679937572465,151.83311883679204,661.2323347002555,-48.77407763770127,-0.6900981947236448,0.0,-0.7237157464358271,3.929013079667063,3.929013079667063
151.83311883679204,661.2323347002555,-48.77407763770127,138.85241141412453,672.8713953113197,-44.801727536644194,-0.6900981947236448,0.0,-0.7237157464358271,3.929013079667063,3.929013079667063
138.85241141412453,672.8713953113197,-44.801727536644194,125.87170399145704,684.5104559223839,-40.829377435587105,-0.6900981947236448,0.0,-0.7237157464358271,3.929013079667063,3.929013079667063
125.44966476415443,660.3398889759721,-42.40444927466756,138.85241141412453,672.8713953113197,-44.801727536644194,-0.6900981947236448,0.0,-0.7237157464358271,3.929013079667063,3.929013079667063
138.85241141412453,672.8713953113197,-44.801727536644194,152.25515806409464,685.4029016466673,-47.19900579862082,-0.6900981947236448,0.0,-0.7237157464358271,3.929013079667063,3.929013079667063
152.25515806409464,685.4029016466673,-47.19900579862082,139.27445064142714,697.0419622577316,-43.22665569756373,-0.6900981947236448,0.0,-0.7237157464358271,3.929013079667063,3.929013079667063
139.27445064142714,697.0419622577316,-43.22665569756373,126.29374321875964,708.6810228687958,-39.25430559650664,-0.6900981947236448,0.0,-0.7237157464358271,3.929013079667063,3.929013079667063
125.87170399145704,684.5104559223839,-40.829377435587105,139.27445064142714,697.0419622577316,-43.22665569756373,-0.6900981947236448,0.0,-0.7237157464358271,3.929013079667063,3.929013079667063
139.27445064142714,697.0419622577316,-43.22665569756373,152.67719729139725,709.5734685930792,-45.62393395954035,-0.6900981947236448,0.0,-0.7237157464358271,3.929013079667063,3.929013079667063
152.67719729139725,709.5734685930792,-45.62393395954035,139.69648986872974,721.2125292041434,-41.65158385848327,-0.6900981947236448,0.0,-0.7237157464358271,3.929013079667063,3.929013079667063
139.69648986872974,721.2125292041434,-41.65158385848327,126.71578244606225,732.8515898152076,-37.67923375742618,-0.6900981947236448,0.0,-0.7237157464358271,3.929013079667063,3.929013079667063
126.29374321875964,708.6810228687958,-39.25430559650664,139.69648986872974,721.2125292041434,-41.65158385848327,-0.6900981947236448,0.0,-0.7237157464358271,3.929013079667063,3.929013079667063
139.69648986872974,721.2125292041434,-41.65158385848327,153.09923651869985,733.7440355394909,-44.04886212045989,-0.6900981947236448,0.0,-0.7237157464358271,3.929013079667063,3.929013079667063
153.09923651869985,733.7440355394909,-44.04886212045989,140.11852909603238,745.3830961505553,-40.076512019402806,-0.6900981947236448,0.0,-0.7237157464358271,3.929013079667063,3.929013079667063
140.11852909603238,745.3830961505553,-40.076512019402806,127.13782167336488,757.0221567616195,-36.104161918345724,-0.6900981947236448,0.0,-0.7237157464358271,3.929013079667063,3.929013079667063
126.71578244606225,732.8515898152076,-37.67923375742618,140.11852909603238,745.3830961505553,-40.076512019402806,-0.6900981947236448,0.0,-0.7237157464358271,3.929013079667063,3.929013079667063
140.11852909603238,745.3830961505553,-40.076512019402806,153.5212757460025,757.9146024859028,-42.473790281379436,-0.6900981947236448,0.0,-0.7237157464358271,3.929013079667063,3.929013079667063
153.5212757460025,757.914602485903,-42.47379028137942,140.54056832333498,769.5536630969672,-38.50144018032234,-0.6900981947236448,0.0,-0.7237157464358271,3.929013079667063,3.929013079667063
140.54056832333498,769.5536630969672,-38.50144018032234,127.55986090066749,781.1927237080315,-34.52909007926525,-0.6900981947236448,0.0,-0.7237157464358271,3.929013079667063,3.929013079667063
127.13782167336488,757.0221567616196,-36.10416191834572,140.54056832333498,769.5536630969672,-38.50144018032234,-0.6900981947236448,0.0,-0.7237157464358271,3.929013079667063,3.929013079667063
140.54056832333498,769.5536630969672,-38.50144018032234,153.9433149733051,782.0851694323148,-40.89871844229896,-0.6900981947236448,0.0,-0.7237157464358271,3.929013079667063,3.929013079667063
153.9433149733051,782.0851694323148,-40.89871844229896,140.96260755063759,793.7242300433791,-36.92636834124188,-0.6900981947236448,0.0,-0.7237157464358271,3.929013079667063,3.929013079667063
140.96260755063759,793.7242300433791,-36.92636834124188,127.98190012797009,805.3632906544433,-32.954018240184794,-0.6900981947236448,0.0,-0.7237157464358271,3.929013079667063,3.929013079667063
127.55986090066749,781.1927237080315,-34.52909007926525,140.96260755063759,793.7242300433791,-36.92636834124188,-0.6900981947236448,0.0,-0.7237157464358271,3.929013079667063,3.929013079667063
140.96260755063759,793.7242300433791,-36.92636834124188,154.3653542006077,806.2557363787266,-39.323646603218506,-0.6900981947236448,0.0,-0.7237157464358271,3.929013079667063,3.929013079667063
154.3653542006077,806.2557363787266,-39.323646603218506,141.3846467779402,817.8947969897908,-35.35129650216142,-0.6900981947236448,0.0,-0.7237157464358271,3.929013079667063,3.929013079667063
141.3846467779402,817.8947969897908,-35.35129650216142,128.40393935527274,829.5338576008552,-31.378946401104336,-0.6900981947236448,0.0,-0.7237157464358271,3.929013079667063,3.929013079667063
127.98190012797009,805.3632906544433,-32.954018240184794,141.3846467779402,817.8947969897908,-35.35129650216142,-0.6900981947236448,0.0,-0.7237157464358271,3.929013079667063,3.929013079667063
141.3846467779402,817.8947969897908,-35.35129650216142,154.78739342791033,830.4263033251385,-37.74857476413804,-0.6900981947236448,0.0,-0.7237157464358271,3.929013079667063,3.929013079667063
154.78739342791033,830.4263033251385,-37.74857476413804,141.80668600524282,842.0653639362027,-33.77622466308096,-0.6900981947236448,0.0,-0.7237157464358271,3.929013079667063,3.929013079667063
141.80668600524282,842.0653639362027,-33.77622466308096,128.82597858257535,853.704424547267,-29.80387456202387,-0.6900981947236448,0.0,-0.7237157464358271,3.929013079667063,3.929013079667063
128.40393935527274,829.5338576008552,-31.378946401104336,141.80668600524282,842.0653639362027,-33.77622466308096,-0.6900981947236448,0.0,-0.7237157464358271,3.929013079667063,3.929013079667063
141.80668600524282,842.0653639362027,-33.77622466308096,155.20943265521294,854.5968702715503,-36.173502925057576,-0.6900981947236448,0.0,-0.7237157464358271,3.929013079667063,3.929013079667063
155.20943265521294,854.5968702715503,-36.173502925057576,142.22872523254543,866.2359308826145,-32.201152824000495,-0.6900981947236448,0.0,-0.7237157464358271,3.929013079667063,3.929013079667063
142.22872523254543,866.2359308826145,-32.201152824000495,129.24801780987795,877.8749914936789,-28.228802722943414,-0.6900981947236448,0.0,-0.7237157464358271,3.929013079667063,3.929013079667063
128.82597858257535,853.704424547267,-29.80387456202387,142.22872523254543,866.2359308826145,-32.201152824000495,-0.6900981947236448,0.0,-0.7237157464358271,3.929013079667063,3.929013079667063
142.22872523254543,866.2359308826145,-32.201152824000495,155.63147188251554,878.7674372179622,-34.598431085977126,-0.6900981947236448,0.0,-0.7237157464358271,3.929013079667063,3.929013079667063
155.63147188251554,878.7674372179623,-34.59843108597711,142.65076445984803,890.4064978290265,-30.62608098492003,-0.6900981947236448,0.0,-0.7237157464358271,3.929013079667063,3.929013079667063
142.65076445984803,890.4064978290265,-30.62608098492003,129.67005703718058,902.0455584400908,-26.65373088386294,-0.6900981947236448,0.0,-0.7237157464358271,3.929013079667063,3.929013079667063
129.24801780987795,877.874991493679,-28.228802722943406,142.65076445984803,890.4064978290265,-30.62608098492003,-0.6900981947236448,0.0,-0.7237157464358271,3.929013079667063,3.929013079667063
142.65076445984803,890.4064978290265,-30.62608098492003,156.05351110981817,902.9380041643741,-33.023359246896646,-0.6900981947236448,0.0,-0.7237157464358271,3.929013079667063,3.929013079667063
156.05351110981817,902.9380041643741,-33.023359246896646,143.07280368715067,914.5770647754384,-29.051009145839572,-0.6900981947236448,0.0,-0.7237157464358271,3.929013079667063,3.929013079667063
143.07280368715067,914.5770647754384,-29.051009145839572,130.0920962644832,926.2161253865027,-25.078659044782484,-0.6900981947236448,0.0,-0.7237157464358271,3.929013079667063,3.929013079667063
129.67005703718058,902.0455584400908,-26.65373088386294,143.07280368715067,914.5770647754384,-29.051009145839572,-0.6900981947236448,0.0,-0.7237157464358271,3.929013079667063,3.929013079667063
143.07280368715067,914.5770647754384,-29.051009145839572,156.47555033712078,927.108571110786,-31.448287407816192,-0.6900981947236448,0.0,-0.7237157464358271,3.929013079667063,3.929013079667063
156.47555033712078,927.108571110786,-31.448287407816192,143.49484291445327,938.7476317218502,-27.475937306759107,-0.6900981947236448,0.0,-0.7237157464358271,3.929013079667063,3.929013079667063
143.49484291445327,938.7476317218502,-27.475937306759107,130.5141354917858,950.3866923329144,-23.503587205702026,-0.6900981947236448,0.0,-0.7237157464358271,3.929013079667063,3.929013079667063
130.0920962644832,926.2161253865027,-25.078659044782484,143.49484291445327,938.7476317218502,-27.475937306759107,-0.6900981947236448,0.0,-0.7237157464358271,3.929013079667063,3.929013079667063
143.49484291445327,938.7476317218502,-27.475937306759107,156.89758956442338,951.2791380571978,-29.873215568735734,-0.6900981947236448,0.0,-0.7237157464358271,3.929013079667063,3.929013079667063
156.89758956442338,951.2791380571978,-29.873215568735734,143.91688214175588,962.9181986682621,-25.90086546767865,-0.6900981947236448,0.0,-0.7237157464358271,3.929013079667063,3.929013079667063
143.91688214175588,962.9181986682621,-25.90086546767865,130.9361747190884,974.5572592793263,-21.92851536662156,-0.6900981947236448,0.0,-0.7237157464358271,3.929013079667063,3.929013079667063
130.5141354917858,950.3866923329144,-23.503587205702026,143.91688214175588,962.9181986682621,-25.90086546767865,-0.6900981947236448,0.0,-0.7237157464358271,3.929013079667063,3.929013079667063
143.91688214175588,962.9181986682621,-25.90086546767865,157.319628791726,975.4497050036097,-28.29814372965527,-0.6900981947236448,0.0,-0.7237157464358271,3.929013079667063,3.929013079667063
157.319628791726,975.4497050036097,-28.29814372965527,144.3389213690585,987.088765614674,-24.325793628598184,-0.6900981947236448,0.0,-0.7237157464358271,3.929013079667063,3.929013079667063
144.3389213690585,987.088765614674,-24.325793628598184,131.35821394639103,998.7278262257382,-20.353443527541096,-0.6900981947236448,0.0,-0.7237157464358271,3.929013079667063,3.929013079667063
130.9361747190884,974.5572592793263,-21.92851536662156,144.3389213690585,987.088765614674,-24.325793628598184,-0.6900981947236448,0.0,-0.7237157464358271,3.929013079667063,3.929013079667063
144.3389213690585,987.088765614674,-24.325793628598184,157.74166801902862,999.6202719500216,-26.723071890574804,-0.6900981947236448,0.0,-0.7237157464358271,3.929013079667063,3.929013079667063
157.74166801902862,999.6202719500216,-26.723071890574804,144.76096059636112,1011.259332561086,-22.75072178951772,-0.6900981947236448,0.0,-0.7237157464358271,3.929013079667063,3.929013079667063
144.76096059636112,1011.259332561086,-22.75072178951772,131.78025317369364,1022.8983931721502,-18.77837168846063,-0.6900981947236448,0.0,-0.7237157464358271,3.929013079667063,3.929013079667063
131.35821394639103,998.7278262257382,-20.353443527541096,144.76096059636112,1011.259332561086,-22.75072178951772,-0.6900981947236448,0.0,-0.7237157464358271,3.929013079667063,3.929013079667063
144.76096059636112,1011.259332561086,-22.75072178951772,158.16370724633123,1023.7908388964336,-25.14800005149434,-0.6900981947236448,0.0,-0.7237157464358271,3.929013079667063,3.929013079667063
158.16370724633123,1023.7908388964336,-25.14800005149434,145.18299982366372,1035.4298995074978,-21.175649950437254,-0.6900981947236448,0.0,-0.7237157464358271,3.929013079667063,3.929013079667063
145.18299982366372,1035.4298995074978,-21.175649950437254,132.20229240099624,1047.068960118562,-17.203299849380166,-0.6900981947236448,0.0,-0.7237157464358271,3.929013079667063,3.929013079667063
131.78025317369364,1022.8983931721502,-18.77837168846063,145.18299982366372,1035.4298995074978,-21.175649950437254,-0.6900981947236448,0.0,-0.7237157464358271,3.929013079667063,3.929013079667063
145.18299982366372,1035.4298995074978,-21.175649950437254,158.58574647363383,1047.9614058428454,-23.572928212413874,-0.6900981947236448,0.0,-0.7237157464358271,3.929013079667063,3.929013079667063
158.58574647363383,1047.9614058428454,-23.572928212413874,145.60503905096635,1059.6004664539096,-19.600578111356803,-0.6900981947236448,0.0,-0.7237157464358271,3.929013079667063,3.929013079667063
145.60503905096635,1059.6004664539096,-19.600578111356803,132.62433162829888,1071.2395270649738,-15.628228010299717,-0.6900981947236448,0.0,-0.7237157464358271,3.929013079667063,3.929013079667063
132.20229240099624,1047.068960118562,-17.203299849380166,145.60503905096635,1059.6004664539096,-19.600578111356803,-0.6900981947236448,0.0,-0.7237157464358271,3.929013079667063,3.929013079667063
145.60503905096635,1059.6004664539096,-19.600578111356803,159.00778570093647,1072.1319727892571,-21.997856373333423,-0.6900981947236448,0.0,-0.7237157464358271,3.929013079667063,3.929013079667063
159.00778570093647,1072.1319727892571,-21.997856373333423,146.02707827826896,1083.7710334003214,-18.02550627227634,-0.6900981947236448,0.0,-0.7237157464358271,3.929013079667063,3.929013079667063
146.02707827826896,1083.7710334003214,-18.02550627227634,133.04637085560148,1095.4100940113856,-14.053156171219252,-0.6900981947236448,0.0,-0.7237157464358271,3.929013079667063,3.929013079667063
132.62433162829888,1071.2395270649738,-15.628228010299717,146.02707827826896,1083.7710334003214,-18.02550627227634,-0.6900981947236448,0.0,-0.7237157464358271,3.929013079667063,3.929013079667063
146.02707827826896,1083.7710334003214,-18.02550627227634,159.42982492823907,1096.302539735669,-20.42278453425296,-0.6900981947236448,0.0,-0.7237157464358271,3.929013079667063,3.929013079667063
159.42982492823907,1096.302539735669,-20.42278453425296,146.44911750557156,1107.9416003467331,-16.450434433195873,-0.6900981947236448,0.0,-0.7237157464358271,3.929013079667063,3.929013079667063
146.44911750557156,1107.9416003467331,-16.450434433195873,133.4684100829041,1119.5806609577976,-12.478084332138787,-0.6900981947236448,0.0,-0.7237157464358271,3.929013079667063,3.929013079667063
133.04637085560148,1095.4100940113856,-14.053156171219252,146.44911750557156,1107.9416003467331,-16.450434433195873,-0.6900981947236448,0.0,-0.7237157464358271,3.929013079667063,3.929013079667063
146.44911750557156,1107.9416003467331,-16.450434433195873,159.85186415554168,1120.473106682081,-18.847712695172493,-0.6900981947236448,0.0,-0.7237157464358271,3.929013079667063,3.929013079667063
159.85186415554168,1120.473106682081,-18.847712695172493,146.87115673287417,1132.1121672931451,-14.875362594115423,-0.6900981947236448,0.0,-0.7237157464358271,3.929013079667063,3.929013079667063
146.87115673287417,1132.1121672931451,-14.875362594115423,133.89044931020672,1143.7512279042094,-10.903012493058336,-0.6900981947236448,0.0,-0.7237157464358271,3.929013079667063,3.929013079667063
133.4684100829041,1119.5806609577976,-12.478084332138787,146.87115673287417,1132.1121672931451,-14.875362594115423,-0.6900981947236448,0.0,-0.7237157464358271,3.929013079667063,3.929013079667063
146.87115673287417,1132.1121672931451,-14.875362594115423,160.2739033828443,1144.6436736284927,-17.272640856092043,-0.6900981947236448,0.0,-0.7237157464358271,3.929013079667063,3.929013079667063
148.5355659881898,31.905148369263635,-63.69238980579228,144.90885207120826,44.43665470461121,-75.92163171025256,0.6900981947236448,0.0,-0.7237157464358271,3.929013079667063,3.929013079667063
144.90885207120826,44.43665470461121,-75.92163171025256,141.2821381542267,56.968161039958794,-88.15087361471282,0.6900981947236448,0.0,-0.7237157464358271,3.929013079667063,3.929013079667063
140.86009892692408,32.79759409354693,-89.72594545379329,144.90885207120826,44.43665470461121,-75.92163171025256,0.6900981947236448,0.0,-0.7237157464358271,3.929013079667063,3.929013079667063
144.90885207120826,44.43665470461121,-75.92163171025256,148.9576052154924,56.0757153156755,-62.117317966711816,0.6900981947236448,0.0,-0.7237157464358271,3.929013079667063,3.929013079667063
148.9576052154924,56.0757153156755,-62.117317966711816,145.33089129851086,68.60722165102305,-74.34655987117209,0.6900981947236448,0.0,-0.7237157464358271,3.929013079667063,3.929013079667063
145.33089129851086,68.60722165102305,-74.34655987117209,141.7041773815293,81.13872798637064,-86.57580177563236,0.6900981947236448,0.0,-0.7237157464358271,3.929013079667063,3.929013079667063
141.2821381542267,56.968161039958794,-88.15087361471282,145.33089129851086,68.60722165102305,-74.34655987117209,0.6900981947236448,0.0,-0.7237157464358271,3.929013079667063,3.929013079667063
145.33089129851086,68.60722165102305,-74.34655987117209,149.379644442795,80.24628226208736,-60.54224612763135,0.6900981947236448,0.0,-0.7237157464358271,3.929013079667063,3.929013079667063
149.379644442795,80.24628226208736,-60.54224612763135,145.75293052581347,92.77778859743492,-72.77148803209163,0.6900981947236448,0.0,-0.7237157464358271,3.929013079667063,3.929013079667063
145.75293052581347,92.77778859743492,-72.77148803209163,142.12621660883192,105.3092949327825,-85.00072993655189,0.6900981947236448,0.0,-0.7237157464358271,3.929013079667063,3.929013079667063
141.7041773815293,81.13872798637064,-86.57580177563236,145.75293052581347,92.77778859743492,-72.77148803209163,0.6900981947236448,0.0,-0.7237157464358271,3.929013079667063,3.929013079667063
145.75293052581347,92.77778859743492,-72.77148803209163,149.80168367009765,104.41684920849923,-58.967174288550886,0.6900981947236448,0.0,-0.7237157464358271,3.929013079667063,3.929013079667063
149.80168367009765,104.4168492084992,-58.967174288550886,146.1749697531161,116.94835554384679,-71.19641619301116,0.6900981947236448,0.0,-0.7237157464358271,3.929013079667063,3.929013079667063
146.1749697531161,116.94835554384679,-71.19641619301116,142.54825583613453,129.47986187919437,-83.42565809747144,0.6900981947236448,0.0,-0.7237157464358271,3.929013079667063,3.929013079667063
142.12621660883192,105.30929493278248,-85.00072993655189,146.1749697531161,116.94835554384679,-71.19641619301116,0.6900981947236448,0.0,-0.7237157464358271,3.929013079667063,3.929013079667063
146.1749697531161,116.94835554384679,-71.19641619301116,150.22372289740025,128.5874161549111,-57.392102449470435,0.6900981947236448,0.0,-0.7237157464358271,3.929013079667063,3.929013079667063
150.22372289740025,128.5874161549111,-57.392102449470435,146.5970089804187,141.11892249025868,-69.62134435393071,0.6900981947236448,0.0,-0.7237157464358271,3.929013079667063,3.929013079667063
146.5970089804187,141.11892249025868,-69.62134435393071,142.97029506343713,153.65042882560624,-81.85058625839098,0.6900981947236448,0.0,-0.7237157464358271,3.929013079667063,3.929013079667063
142.54825583613453,129.47986187919437,-83.42565809747144,146.5970089804187,141.11892249025868,-69.62134435393071,0.6900981947236448,0.0,-0.7237157464358271,3.929013079667063,3.929013079667063
146.5970089804187,141.11892249025868,-69.62134435393071,150.64576212470286,152.75798310132296,-55.81703061038997,0.6900981947236448,0.0,-0.7237157464358271,3.929013079667063,3.929013079667063
150.64576212470286,152.75798310132296,-55.81703061038997,147.0190482077213,165.28948943667055,-68.04627251485024,0.6900981947236448,0.0,-0.7237157464358271,3.929013079667063,3.929013079667063
147.0190482077213,165.28948943667055,-68.04627251485024,143.39233429073977,177.8209957720181,-80.27551441931051,0.6900981947236448,0.0,-0.7237157464358271,3.929013079667063,3.929013079667063
142.97029506343713,153.65042882560624,-81.85058625839098,147.0190482077213,165.28948943667055,-68.04627251485024,0.6900981947236448,0.0,-0.7237157464358271,3.929013079667063,3.929013079667063
147.0190482077213,165.28948943667055,-68.04627251485024,151.0678013520055,176.92855004773483,-54.241958771309505,0.6900981947236448,0.0,-0.7237157464358271,3.929013079667063,3.929013079667063
151.0678013520055,176.92855004773483,-54.241958771309505,147.44108743502395,189.4600563830824,-66.47120067576978,0.6900981947236448,0.0,-0.7237157464358271,3.929013079667063,3.929013079667063
147.44108743502395,189.4600563830824,-66.47120067576978,143.81437351804237,201.99156271842995,-78.70044258023005,0.6900981947236448,0.0,-0.7237157464358271,3.929013079667063,3.929013079667063
143.39233429073977,177.8209957720181,-80.27551441931051,147.44108743502395,189.4600563830824,-66.47120067576978,0.6900981947236448,0.0,-0.7237157464358271,3.929013079667063,3.929013079667063
147.44108743502395,189.4600563830824,-66.47120067576978,151.4898405793081,201.09911699414667,-52.66688693222904,0.6900981947236448,0.0,-0.7237157464358271,3.929013079667063,3.929013079667063
151.4898405793081,201.0991169941467,-52.66688693222904,147.86312666232655,213.63062332949428,-64.89612883668931,0.6900981947236448,0.0,-0.7237157464358271,3.929013079667063,3.929013079667063
147.86312666232655,213.63062332949428,-64.89612883668931,144.23641274534498,226.16212966484179,-77.1253707411496,0.6900981947236448,0.0,-0.7237157464358271,3.929013079667063,3.929013079667063
143.81437351804237,201.99156271842998,-78.70044258023005,147.86312666232655,213.63062332949428,-64.89612883668931,0.6900981947236448,0.0,-0.7237157464358271,3.929013079667063,3.929013079667063
147.86312666232655,213.63062332949428,-64.89612883668931,151.9118798066107,225.2696839405585,-51.09181509314858,0.6900981947236448,0.0,-0.7237157464358271,3.929013079667063,3.929013079667063
151.9118798066107,225.26968394055856,-51.091815093148575,148.28516588962916,237.80119027590612,-63.32105699760885,0.6900981947236448,0.0,-0.7237157464358271,3.929013079667063,3.929013079667063
148.28516588962916,237.80119027590612,-63.32105699760885,144.65845197264758,250.33269661125368,-75.55029890206913,0.6900981947236448,0.0,-0.7237157464358271,3.929013079667063,3.929013079667063
144.23641274534498,226.16212966484184,-77.12537074114958,148.28516588962916,237.80119027590612,-63.32105699760885,0.6900981947236448,0.0,-0.7237157464358271,3.929013079667063,3.929013079667063
148.28516588962916,237.80119027590612,-63.32105699760885,152.3339190339133,249.4402508869704,-49.51674325406812,0.6900981947236448,0.0,-0.7237157464358271,3.929013079667063,3.929013079667063
152.3339190339133,249.4402508869704,-49.51674325406812,148.7072051169318,261.97175722231805,-61.745985158528384,0.6900981947236448,0.0,-0.7237157464358271,3.929013079667063,3.929013079667063
148.7072051169318,261.97175722231805,-61.745985158528384,145.08049119995022,274.50326355766555,-73.97522706298867,0.6900981947236448,0.0,-0.7237157464358271,3.929013079667063,3.929013079667063
144.65845197264758,250.33269661125368,-75.55029890206913,148.7072051169318,261.97175722231805,-61.745985158528384,0.6900981947236448,0.0,-0.7237157464358271,3.929013079667063,3.929013079667063
148.7072051169318,261.97175722231805,-61.745985158528384,152.75595826121594,273.61081783338227,-47.94167141498766,0.6900981947236448,0.0,-0.7237157464358271,3.929013079667063,3.929013079667063
152.75595826121594,273.61081783338227,-47.94167141498766,149.1292443442344,286.1423241687299,-60.17091331944793,0.6900981947236448,0.0,-0.7237157464358271,3.929013079667063,3.929013079667063
149.1292443442344,286.1423241687299,-60.17091331944793,145.50253042725282,298.6738305040774,-72.4001552239082,0.6900981947236448,0.0,-0.7237157464358271,3.929013079667063,3.929013079667063
145.08049119995022,274.50326355766555,-73.97522706298867,149.1292443442344,286.1423241687299,-60.17091331944793,0.6900981947236448,0.0,-0.7237157464358271,3.929013079667063,3.929013079667063
149.1292443442344,286.1423241687299,-60.17091331944793,153.17799748851854,297.7813847797941,-46.366599575907195,0.6900981947236448,0.0,-0.7237157464358271,3.929013079667063,3.929013079667063
153.17799748851854,297.7813847797941,-46.366599575907195,149.551283571537,310.3128911151417,-58.59584148036747,0.6900981947236448,0.0,-0.7237157464358271,3.929013079667063,3.929013079667063
149.551283571537,310.3128911151417,-58.59584148036747,145.92456965455543,322.8443974504892,-70.82508338482775,0.6900981947236448,0.0,-0.7237157464358271,3.929013079667063,3.929013079667063
145.50253042725282,298.6738305040774,-72.4001552239082,149.551283571537,310.3128911151417,-58.59584148036747,0.6900981947236448,0.0,-0.7237157464358271,3.929013079667063,3.929013079667063
149.551283571537,310.3128911151417,-58.59584148036747,153.60003671582115,321.95195172620595,-44.79152773682674,0.6900981947236448,0.0,-0.7237157464358271,3.929013079667063,3.929013079667063
153.60003671582115,321.95195172620595,-44.79152773682674,149.9733227988396,334.48345806155356,-57.020769641287,0.6900981947236448,0.0,-0.7237157464358271,3.929013079667063,3.929013079667063
149.9733227988396,334.48345806155356,-57.020769641287,146.34660888185806,347.0149643969011,-69.25001154574728,0.6900981947236448,0.0,-0.7237157464358271,3.929013079667063,3.929013079667063
145.92456965455543,322.8443974504892,-70.82508338482775,149.9733227988396,334.48345806155356,-57.020769641287,0.6900981947236448,0.0,-0.7237157464358271,3.929013079667063,3.929013079667063
149.9733227988396,334.48345806155356,-57.020769641287,154.02207594312378,346.12251867261784,-43.21645589774628,0.6900981947236448,0.0,-0.7237157464358271,3.929013079667063,3.929013079667063
154.02207594312378,346.12251867261784,-43.21645589774628,150.39536202614224,358.6540250079654,-55.44569780220655,0.6900981947236448,0.0,-0.7237157464358271,3.929013079667063,3.929013079667063
150.39536202614224,358.6540250079654,-55.44569780220655,146.76864810916067,371.18553134331296,-67.67493970666682,0.6900981947236448,0.0,-0.7237157464358271,3.929013079667063,3.929013079667063
146.34660888185806,347.0149643969011,-69.25001154574728,150.39536202614224,358.6540250079654,-55.44569780220655,0.6900981947236448,0.0,-0.7237157464358271,3.929013079667063,3.929013079667063
150.39536202614224,358.6540250079654,-55.44569780220655,154.4441151704264,370.2930856190297,-41.641384058665814,0.6900981947236448,0.0,-0.7237157464358271,3.929013079667063,3.929013079667063
154.4441151704264,370.2930856190297,-41.641384058665814,150.81740125344484,382.82459195437724,-53.87062596312609,0.6900981947236448,0.0,-0.7237157464358271,3.929013079667063,3.929013079667063
150.81740125344484,382.82459195437724,-53.87062596312609,147.19068733646327,395.3560982897248,-66.09986786758635,0.6900981947236448,0.0,-0.7237157464358271,3.929013079667063,3.929013079667063
146.76864810916067,371.18553134331296,-67.67493970666682,150.81740125344484,382.82459195437724,-53.87062596312609,0.6900981947236448,0.0,-0.7237157464358271,3.929013079667063,3.929013079667063
150.81740125344484,382.82459195437724,-53.87062596312609,154.866154397729,394.4636525654415,-40.06631221958535,0.6900981947236448,0.0,-0.7237157464358271,3.929013079667063,3.929013079667063
154.866154397729,394.46365256544163,-40.06631221958535,151.23944048074745,406.9951589007892,-52.29555412404562,0.6900981947236448,0.0,-0.7237157464358271,3.929013079667063,3.929013079667063
151.23944048074745,406.9951589007892,-52.29555412404562,147.6127265637659,419.52666523613675,-64.52479602850589,0.6900981947236448,0.0,-0.7237157464358271,3.929013079667063,3.929013079667063
147.19068733646327,395.3560982897249,-66.09986786758635,151.23944048074745,406.9951589007892,-52.29555412404562,0.6900981947236448,0.0,-0.7237157464358271,3.929013079667063,3.929013079667063
151.23944048074745,406.9951589007892,-52.29555412404562,155.28819362503162,418.6342195118535,-38.491240380504884,0.6900981947236448,0.0,-0.7237157464358271,3.929013079667063,3.929013079667063
155.28819362503162,418.6342195118535,-38.491240380504884,151.66147970805008,431.16572584720103,-50.72048228496516,0.6900981947236448,0.0,-0.7237157464358271,3.929013079667063,3.929013079667063
151.66147970805008,431.16572584720103,-50.72048228496516,148.0347657910685,443.6972321825486,-62.94972418942544,0.6900981947236448,0.0,-0.7237157464358271,3.929013079667063,3.929013079667063
147.6127265637659,419.52666523613675,-64.52479602850589,151.66147970805008,431.16572584720103,-50.72048228496516,0.6900981947236448,0.0,-0.7237157464358271,3.929013079667063,3.929013079667063
151.66147970805008,431.16572584720103,-50.72048228496516,155.71023285233423,442.8047864582653,-36.916168541424426,0.6900981947236448,0.0,-0.7237157464358271,3.929013079667063,3.929013079667063
155.71023285233423,442.8047864582653,-36.916168541424426,152.08351893535269,455.33629279361287,-49.14541044588469,0.6900981947236448,0.0,-0.7237157464358271,3.929013079667063,3.929013079667063
152.08351893535269,455.33629279361287,-49.14541044588469,148.4568050183711,467.86779912896054,-61.374652350344974,0.6900981947236448,0.0,-0.7237157464358271,3.929013079667063,3.929013079667063
148.0347657910685,443.6972321825486,-62.94972418942544,152.08351893535269,455.33629279361287,-49.14541044588469,0.6900981947236448,0.0,-0.7237157464358271,3.929013079667063,3.929013079667063
152.08351893535269,455.33629279361287,-49.14541044588469,156.13227207963683,466.9753534046772,-35.34109670234397,0.6900981947236448,0.0,-0.7237157464358271,3.929013079667063,3.929013079667063
156.13227207963683,466.9753534046772,-35.34109670234397,152.5055581626553,479.50685974002477,-47.57033860680424,0.6900981947236448,0.0,-0.7237157464358271,3.929013079667063,3.929013079667063
152.5055581626553,479.50685974002477,-47.57033860680424,148.87884424567372,492.0383660753723,-59.79958051126451,0.6900981947236448,0.0,-0.7237157464358271,3.929013079667063,3.929013079667063
148.4568050183711,467.86779912896054,-61.374652350344974,152.5055581626553,479.50685974002477,-47.57033860680424,0.6900981947236448,0.0,-0.7237157464358271,3.929013079667063,3.929013079667063
152.5055581626553,479.50685974002477,-47.57033860680424,156.55431130693944,491.145920351089,-33.7660248632635,0.6900981947236448,0.0,-0.7237157464358271,3.929013079667063,3.929013079667063
156.55431130693944,491.145920351089,-33.7660248632635,152.92759738995792,503.67742668643666,-45.99526676772378,0.6900981947236448,0.0,-0.7237157464358271,3.929013079667063,3.929013079667063
152.92759738995792,503.67742668643666,-45.99526676772378,149.30088347297635,516.2089330217842,-58.22450867218406,0.6900981947236448,0.0,-0.7237157464358271,3.929013079667063,3.929013079667063
148.87884424567372,492.0383660753723,-59.79958051126451,152.92759738995792,503.67742668643666,-45.99526676772378,0.6900981947236448,0.0,-0.7237157464358271,3.929013079667063,3.929013079667063
152.92759738995792,503.67742668643666,-45.99526676772378,156.97635053424207,515.3164872975009,-32.190953024183045,0.6900981947236448,0.0,-0.7237157464358271,3.929013079667063,3.929013079667063
156.97635053424207,515.316487297501,-32.19095302418304,153.34963661726053,527.8479936328486,-44.42019492864331,0.6900981947236448,0.0,-0.7237157464358271,3.929013079667063,3.929013079667063
153.34963661726053,527.8479936328486,-44.42019492864331,149.72292270027896,540.3794999681961,-56.64943683310358,0.6900981947236448,0.0,-0.7237157464358271,3.929013079667063,3.929013079667063
149.30088347297635,516.2089330217843,-58.224508672184044,153.34963661726053,527.8479936328486,-44.42019492864331,0.6900981947236448,0.0,-0.7237157464358271,3.929013079667063,3.929013079667063
153.34963661726053,527.8479936328486,-44.42019492864331,157.39838976154468,539.4870542439128,-30.615881185102573,0.6900981947236448,0.0,-0.7237157464358271,3.929013079667063,3.929013079667063
157.39838976154468,539.4870542439128,-30.615881185102573,153.77167584456313,552.0185605792603,-42.84512308956285,0.6900981947236448,0.0,-0.7237157464358271,3.929013079667063,3.929013079667063
153.77167584456313,552.0185605792603,-42.84512308956285,150.14496192758156,564.550066914608,-55.07436499402313,0.6900981947236448,0.0,-0.7237157464358271,3.929013079667063,3.929013079667063
149.72292270027896,540.3794999681961,-56.64943683310358,153.77167584456313,552.0185605792603,-42.84512308956285,0.6900981947236448,0.0,-0.7237157464358271,3.929013079667063,3.929013079667063
153.77167584456313,552.0185605792603,-42.84512308956285,157.82042898884728,563.6576211903247,-29.040809346022115,0.6900981947236448,0.0,-0.7237157464358271,3.929013079667063,3.929013079667063
157.82042898884728,563.6576211903247,-29.040809346022115,154.19371507186577,576.1891275256722,-41.27005125048238,0.6900981947236448,0.0,-0.7237157464358271,3.929013079667063,3.929013079667063
154.19371507186577,576.1891275256722,-41.27005125048238,150.5670011548842,588.7206338610198,-53.49929315494266,0.6900981947236448,0.0,-0.7237157464358271,3.929013079667063,3.929013079667063
150.14496192758156,564.550066914608,-55.07436499402313,154.19371507186577,576.1891275256722,-41.27005125048238,0.6900981947236448,0.0,-0.7237157464358271,3.929013079667063,3.929013079667063
154.19371507186577,576.1891275256722,-41.27005125048238,158.24246821614992,587.8281881367365,-27.46573750694165,0.6900981947236448,0.0,-0.7237157464358271,3.929013079667063,3.929013079667063
158.24246821614992,587.8281881367365,-27.46573750694165,154.61575429916837,600.359694472084,-39.69497941140193,0.6900981947236448,0.0,-0.7237157464358271,3.929013079667063,3.929013079667063
154.61575429916837,600.359694472084,-39.69497941140193,150.9890403821868,612.8912008074317,-51.9242213158622,0.6900981947236448,0.0,-0.7237157464358271,3.929013079667063,3.929013079667063
150.5670011548842,588.7206338610198,-53.49929315494266,154.61575429916837,600.359694472084,-39.69497941140193,0.6900981947236448,0.0,-0.7237157464358271,3.929013079667063,3.929013079667063
154.61575429916837,600.359694472084,-39.69497941140193,158.66450744345252,611.9987550831484,-25.890665667861192,0.6900981947236448,0.0,-0.7237157464358271,3.929013079667063,3.929013079667063
158.66450744345252,611.9987550831484,-25.890665667861192,155.03779352647098,624.5302614184959,-38.119907572321466,0.6900981947236448,0.0,-0.7237157464358271,3.929013079667063,3.929013079667063
155.03779352647098,624.5302614184959,-38.119907572321466,151.4110796094894,637.0617677538435,-50.34914947678175,0.6900981947236448,0.0,-0.7237157464358271,3.929013079667063,3.929013079667063
150.9890403821868,612.8912008074317,-51.9242213158622,155.03779352647098,624.5302614184959,-38.119907572321466,0.6900981947236448,0.0,-0.7237157464358271,3.929013079667063,3.929013079667063
155.03779352647098,624.5302614184959,-38.119907572321466,159.08654667075513,636.1693220295601,-24.315593828780734,0.6900981947236448,0.0,-0.7237157464358271,3.929013079667063,3.929013079667063
159.08654667075513,636.1693220295602,-24.315593828780727,155.45983275377358,648.7008283649079,-36.544835733241,0.6900981947236448,0.0,-0.7237157464358271,3.929013079667063,3.929013079667063
155.45983275377358,648.7008283649079,-36.544835733241,151.83311883679204,661.2323347002555,-48.77407763770127,0.6900981947236448,0.0,-0.7237157464358271,3.929013079667063,3.929013079667063
151.4110796094894,637.0617677538436,-50.34914947678173,155.45983275377358,648.7008283649079,-36.544835733241,0.6900981947236448,0.0,-0.7237157464358271,3.929013079667063,3.929013079667063
155.45983275377358,648.7008283649079,-36.544835733241,159.50858589805776,660.3398889759721,-22.740521989700262,0.6900981947236448,0.0,-0.7237157464358271,3.929013079667063,3.929013079667063
159.50858589805776,660.3398889759721,-22.740521989700262,155.88187198107622,672.8713953113197,-34.969763894160536,0.6900981947236448,0.0,-0.7237157464358271,3.929013079667063,3.929013079667063
155.88187198107622,672.8713953113197,-34.969763894160536,152.25515806409464,685.4029016466673,-47.19900579862082,0.6900981947236448,0.0,-0.7237157464358271,3.929013079667063,3.929013079667063
151.83311883679204,661.2323347002555,-48.77407763770127,155.88187198107622,672.8713953113197,-34.969763894160536,0.6900981947236448,0.0,-0.7237157464358271,3.929013079667063,3.929013079667063
155.88187198107622,672.8713953113197,-34.969763894160536,159.93062512536036,684.5104559223839,-21.165450150619805,0.6900981947236448,0.0,-0.7237157464358271,3.929013079667063,3.929013079667063
159.93062512536036,684.5104559223839,-21.165450150619805,156.30391120837882,697.0419622577316,-33.39469205508007,0.6900981947236448,0.0,-0.7237157464358271,3.929013079667063,3.929013079667063
156.30391120837882,697.0419622577316,-33.39469205508007,152.67719729139725,709.5734685930792,-45.62393395954035,0.6900981947236448,0.0,-0.7237157464358271,3.929013079667063,3.929013079667063
152.25515806409464,685.4029016466673,-47.19900579862082,156.30391120837882,697.0419622577316,-33.39469205508007,0.6900981947236448,0.0,-0.7237157464358271,3.929013079667063,3.929013079667063
156.30391120837882,697.0419622577316,-33.39469205508007,160.35266435266297,708.6810228687958,-19.59037831153934,0.6900981947236448,0.0,-0.7237157464358271,3.929013079667063,3.929013079667063
160.35266435266297,708.6810228687958,-19.59037831153934,156.72595043568143,721.2125292041434,-31.819620215999617,0.6900981947236448,0.0,-0.7237157464358271,3.929013079667063,3.929013079667063
156.72595043568143,721.2125292041434,-31.819620215999617,153.09923651869985,733.7440355394909,-44.04886212045989,0.6900981947236448,0.0,-0.7237157464358271,3.929013079667063,3.929013079667063
152.67719729139725,709.5734685930792,-45.62393395954035,156.72595043568143,721.2125292041434,-31.819620215999617,0.6900981947236448,0.0,-0.7237157464358271,3.929013079667063,3.929013079667063
156.72595043568143,721.2125292041434,-31.819620215999617,160.77470357996557,732.8515898152076,-18.01530647245888,0.6900981947236448,0.0,-0.7237157464358271,3.929013079667063,3.929013079667063
160.77470357996557,732.8515898152076,-18.01530647245888,157.14798966298406,745.3830961505553,-30.244548376919152,0.6900981947236448,0.0,-0.7237157464358271,3.929013079667063,3.929013079667063
157.14798966298406,745.3830961505553,-30.244548376919152,153.5212757460025,757.9146024859028,-42.473790281379436,0.6900981947236448,0.0,-0.7237157464358271,3.929013079667063,3.929013079667063
153.09923651869985,733.7440355394909,-44.04886212045989,157.14798966298406,745.3830961505553,-30.244548376919152,0.6900981947236448,0.0,-0.7237157464358271,3.929013079667063,3.929013079667063
157.14798966298406,745.3830961505553,-30.244548376919152,161.1967428072682,757.0221567616195,-16.440234633378424,0.6900981947236448,0.0,-0.7237157464358271,3.929013079667063,3.929013079667063
161.1967428072682,757.0221567616196,-16.440234633378417,157.57002889028666,769.5536630969672,-28.669476537838687,0.6900981947236448,0.0,-0.7237157464358271,3.929013079667063,3.929013079667063
157.57002889028666,769.5536630969672,-28.669476537838687,153.9433149733051,782.0851694323148,-40.89871844229896,0.6900981947236448,0.0,-0.7237157464358271,3.929013079667063,3.929013079667063
153.5212757460025,757.914602485903,-42.47379028137942,157.57002889028666,769.5536630969672,-28.669476537838687,0.6900981947236448,0.0,-0.7237157464358271,3.929013079667063,3.929013079667063
157.57002889028666,769.5536630969672,-28.669476537838687,161.6187820345708,781.1927237080315,-14.86516279429795,0.6900981947236448,0.0,-0.7237157464358271,3.929013079667063,3.929013079667063
161.6187820345708,781.1927237080315,-14.86516279429795,157.99206811758927,793.7242300433791,-27.09440469875823,0.6900981947236448,0.0,-0.7237157464358271,3.929013079667063,3.929013079667063
157.99206811758927,793.7242300433791,-27.09440469875823,154.3653542006077,806.2557363787266,-39.323646603218506,0.6900981947236448,0.0,-0.7237157464358271,3.929013079667063,3.929013079667063
153.9433149733051,782.0851694323148,-40.89871844229896,157.99206811758927,793.7242300433791,-27.09440469875823,0.6900981947236448,0.0,-0.7237157464358271,3.929013079667063,3.929013079667063
157.99206811758927,793.7242300433791,-27.09440469875823,162.04082126187342,805.3632906544433,-13.290090955217492,0.6900981947236448,0.0,-0.7237157464358271,3.929013079667063,3.929013079667063
162.04082126187342,805.3632906544433,-13.290090955217492,158.41410734489187,817.8947969897908,-25.519332859677764,0.6900981947236448,0.0,-0.7237157464358271,3.929013079667063,3.929013079667063
158.41410734489187,817.8947969897908,-25.519332859677764,154.78739342791033,830.4263033251385,-37.74857476413804,0.6900981947236448,0.0,-0.7237157464358271,3.929013079667063,3.929013079667063
154.3653542006077,806.2557363787266,-39.323646603218506,158.41410734489187,817.8947969897908,-25.519332859677764,0.6900981947236448,0.0,-0.7237157464358271,3.929013079667063,3.929013079667063
158.41410734489187,817.8947969897908,-25.519332859677764,162.46286048917605,829.5338576008552,-11.715019116137034,0.6900981947236448,0.0,-0.7237157464358271,3.929013079667063,3.929013079667063
162.46286048917605,829.5338576008552,-11.715019116137034,158.8361465721945,842.0653639362027,-23.944261020597306,0.6900981947236448,0.0,-0.7237157464358271,3.929013079667063,3.929013079667063
158.8361465721945,842.0653639362027,-23.944261020597306,155.20943265521294,854.5968702715503,-36.173502925057576,0.6900981947236448,0.0,-0.7237157464358271,3.929013079667063,3.929013079667063
154.78739342791033,830.4263033251385,-37.74857476413804,158.8361465721945,842.0653639362027,-23.944261020597306,0.6900981947236448,0.0,-0.7237157464358271,3.929013079667063,3.929013079667063
158.8361465721945,842.0653639362027,-23.944261020597306,162.88489971647866,853.704424547267,-10.139947277056569,0.6900981947236448,0.0,-0.7237157464358271,3.929013079667063,3.929013079667063
162.88489971647866,853.704424547267,-10.139947277056569,159.2581857994971,866.2359308826145,-22.36918918151684,0.6900981947236448,0.0,-0.7237157464358271,3.929013079667063,3.929013079667063
159.2581857994971,866.2359308826145,-22.36918918151684,155.63147188251554,878.7674372179622,-34.598431085977126,0.6900981947236448,0.0,-0.7237157464358271,3.929013079667063,3.929013079667063
155.20943265521294,854.5968702715503,-36.173502925057576,159.2581857994971,866.2359308826145,-22.36918918151684,0.6900981947236448,0.0,-0.7237157464358271,3.929013079667063,3.929013079667063
159.2581857994971,866.2359308826145,-22.36918918151684,163.30693894378126,877.8749914936789,-8.564875437976111,0.6900981947236448,0.0,-0.7237157464358271,3.929013079667063,3.929013079667063
163.30693894378126,877.874991493679,-8.564875437976104,159.68022502679972,890.4064978290265,-20.794117342436376,0.6900981947236448,0.0,-0.7237157464358271,3.929013079667063,3.929013079667063
159.68022502679972,890.4064978290265,-20.794117342436376,156.05351110981817,902.9380041643741,-33.023359246896646,0.6900981947236448,0.0,-0.7237157464358271,3.929013079667063,3.929013079667063
155.63147188251554,878.7674372179623,-34.59843108597711,159.68022502679972,890.4064978290265,-20.794117342436376,0.6900981947236448,0.0,-0.7237157464358271,3.929013079667063,3.929013079667063
159.68022502679972,890.4064978290265,-20.794117342436376,163.7289781710839,902.0455584400908,-6.989803598895639,0.6900981947236448,0.0,-0.7237157464358271,3.929013079667063,3.929013079667063
163.7289781710839,902.0455584400908,-6.989803598895639,160.10226425410235,914.5770647754384,-19.219045503355918,0.6900981947236448,0.0,-0.7237157464358271,3.929013079667063,3.929013079667063
160.10226425410235,914.5770647754384,-19.219045503355918,156.47555033712078,927.108571110786,-31.448287407816192,0.6900981947236448,0.0,-0.7237157464358271,3.929013079667063,3.929013079667063
156.05351110981817,902.9380041643741,-33.023359246896646,160.10226425410235,914.5770647754384,-19.219045503355918,0.6900981947236448,0.0,-0.7237157464358271,3.929013079667063,3.929013079667063
160.10226425410235,914.5770647754384,-19.219045503355918,164.1510173983865,926.2161253865027,-5.414731759815181,0.6900981947236448,0.0,-0.7237157464358271,3.929013079667063,3.929013079667063
164.1510173983865,926.2161253865027,-5.414731759815181,160.52430348140496,938.7476317218502,-17.643973664275453,0.6900981947236448,0.0,-0.7237157464358271,3.929013079667063,3.929013079667063
160.52430348140496,938.7476317218502,-17.643973664275453,156.89758956442338,951.2791380571978,-29.873215568735734,0.6900981947236448,0.0,-0.7237157464358271,3.929013079667063,3.929013079667063
156.47555033712078,927.108571110786,-31.448287407816192,160.52430348140496,938.7476317218502,-17.643973664275453,0.6900981947236448,0.0,-0.7237157464358271,3.929013079667063,3.929013079667063
160.52430348140496,938.7476317218502,-17.643973664275453,164.5730566256891,950.3866923329144,-3.8396599207347233,0.6900981947236448,0.0,-0.7237157464358271,3.929013079667063,3.929013079667063
164.5730566256891,950.3866923329144,-3.8396599207347233,160.94634270870756,962.9181986682621,-16.068901825194995,0.6900981947236448,0.0,-0.7237157464358271,3.929013079667063,3.929013079667063
160.94634270870756,962.9181986682621,-16.068901825194995,157.319628791726,975.4497050036097,-28.29814372965527,0.6900981947236448,0.0,-0.7237157464358271,3.929013079667063,3.929013079667063
156.89758956442338,951.2791380571978,-29.873215568735734,160.94634270870756,962.9181986682621,-16.068901825194995,0.6900981947236448,0.0,-0.7237157464358271,3.929013079667063,3.929013079667063
160.94634270870756,962.9181986682621,-16.068901825194995,164.9950958529917,974.5572592793263,-2.2645880816542583,0.6900981947236448,0.0,-0.7237157464358271,3.929013079667063,3.929013079667063
164.9950958529917,974.5572592793263,-2.2645880816542583,161.3683819360102,987.088765614674,-14.49382998611453,0.6900981947236448,0.0,-0.7237157464358271,3.929013079667063,3.929013079667063
161.3683819360102,987.088765614674,-14.49382998611453,157.74166801902862,999.6202719500216,-26.723071890574804,0.6900981947236448,0.0,-0.7237157464358271,3.929013079667063,3.929013079667063
157.319628791726,975.4497050036097,-28.29814372965527,161.3683819360102,987.088765614674,-14.49382998611453,0.6900981947236448,0.0,-0.7237157464358271,3.929013079667063,3.929013079667063
161.3683819360102,987.088765614674,-14.49382998611453,165.41713508029434,998.7278262257382,-0.6895162425737933,0.6900981947236448,0.0,-0.7237157464358271,3.929013079667063,3.929013079667063
165.41713508029434,998.7278262257382,-0.6895162425737933,161.7904211633128,1011.259332561086,-12.918758147034065,0.6900981947236448,0.0,-0.7237157464358271,3.929013079667063,3.929013079667063
161.7904211633128,1011.259332561086,-12.918758147034065,158.16370724633123,1023.7908388964336,-25.14800005149434,0.6900981947236448,0.0,-0.7237157464358271,3.929013079667063,3.929013079667063
157.74166801902862,999.6202719500216,-26.723071890574804,161.7904211633128,1011.259332561086,-12.918758147034065,0.6900981947236448,0.0,-0.7237157464358271,3.929013079667063,3.929013079667063
161.7904211633128,1011.259332561086,-12.918758147034065,165.83917430759695,1022.8983931721502,0.8855555965066717,0.6900981947236448,0.0,-0.7237157464358271,3.929013079667063,3.929013079667063
165.83917430759695,1022.8983931721502,0.8855555965066717,162.2124603906154,1035.4298995074978,-11.3436863079536,0.6900981947236448,0.0,-0.7237157464358271,3.929013079667063,3.929013079667063
162.2124603906154,1035.4298995074978,-11.3436863079536,158.58574647363383,1047.9614058428454,-23.572928212413874,0.6900981947236448,0.0,-0.7237157464358271,3.929013079667063,3.929013079667063
158.16370724633123,1023.7908388964336,-25.14800005149434,162.2124603906154,1035.4298995074978,-11.3436863079536,0.6900981947236448,0.0,-0.7237157464358271,3.929013079667063,3.929013079667063
162.2124603906154,1035.4298995074978,-11.3436863079536,166.26121353489955,1047.068960118562,2.4606274355871367,0.6900981947236448,0.0,-0.7237157464358271,3.929013079667063,3.929013079667063
166.26121353489955,1047.068960118562,2.4606274355871367,162.63449961791804,1059.6004664539096,-9.76861446887315,0.6900981947236448,0.0,-0.7237157464358271,3.929013079667063,3.929013079667063
162.63449961791804,1059.6004664539096,-9.76861446887315,159.00778570093647,1072.1319727892571,-21.997856373333423,0.6900981947236448,0.0,-0.7237157464358271,3.929013079667063,3.929013079667063
158.58574647363383,1047.9614058428454,-23.572928212413874,162.63449961791804,1059.6004664539096,-9.76861446887315,0.6900981947236448,0.0,-0.7237157464358271,3.929013079667063,3.929013079667063
162.63449961791804,1059.6004664539096,-9.76861446887315,166.6832527622022,1071.2395270649738,4.0356992746675875,0.6900981947236448,0.0,-0.7237157464358271,3.929013079667063,3.929013079667063
166.6832527622022,1071.2395270649738,4.0356992746675875,163.05653884522064,1083.7710334003214,-8.193542629792685,0.6900981947236448,0.0,-0.7237157464358271,3.929013079667063,3.929013079667063
163.05653884522064,1083.7710334003214,-8.193542629792685,159.42982492823907,1096.302539735669,-20.42278453425296,0.6900981947236448,0.0,-0.7237157464358271,3.929013079667063,3.929013079667063
159.00778570093647,1072.1319727892571,-21.997856373333423,163.05653884522064,1083.7710334003214,-8.193542629792685,0.6900981947236448,0.0,-0.7237157464358271,3.929013079667063,3.929013079667063
163.05653884522064,1083.7710334003214,-8.193542629792685,167.1052919895048,1095.4100940113856,5.6107711137480525,0.6900981947236448,0.0,-0.7237157464358271,3.929013079667063,3.929013079667063
167.1052919895048,1095.4100940113856,5.6107711137480525,163.47857807252325,1107.9416003467331,-6.6184707907122196,0.6900981947236448,0.0,-0.7237157464358271,3.929013079667063,3.929013079667063
163.47857807252325,1107.9416003467331,-6.6184707907122196,159.85186415554168,1120.473106682081,-18.847712695172493,0.6900981947236448,0.0,-0.7237157464358271,3.929013079667063,3.929013079667063
159.42982492823907,1096.302539735669,-20.42278453425296,163.47857807252325,1107.9416003467331,-6.6184707907122196,0.6900981947236448,0.0,-0.7237157464358271,3.929013079667063,3.929013079667063
163.47857807252325,1107.9416003467331,-6.6184707907122196,167.5273312168074,1119.5806609577976,7.1858429528285175,0.6900981947236448,0.0,-0.7237157464358271,3.929013079667063,3.929013079667063
167.5273312168074,1119.5806609577976,7.1858429528285175,163.90061729982585,1132.1121672931451,-5.043398951631769,0.6900981947236448,0.0,-0.7237157464358271,3.929013079667063,3.929013079667063
163.90061729982585,1132.1121672931451,-5.043398951631769,160.2739033828443,1144.6436736284927,-17.272640856092043,0.6900981947236448,0.0,-0.7237157464358271,3.929013079667063,3.929013079667063
159.85186415554168,1120.473106682081,-18.847712695172493,163.90061729982585,1132.1121672931451,-5.043398951631769,0.6900981947236448,0.0,-0.7237157464358271,3.929013079667063,3.929013079667063
163.90061729982585,1132.1121672931451,-5.043398951631769,167.94937044411003,1143.7512279042094,8.760914791908968,0.6900981947236448,0.0,-0.7237157464358271,3.929013079667063,3.929013079667063
130.9490136411987,0.0,-75.60344827586214,144.2721593586162,24.170566946411846,-66.57991913186981,0.0,0.0,1.0,3.929013079667063,3.929013079667063
118.4699463783864,24.170566946411846,-81.47683374169353,131.79309209580393,48.34113389282371,-72.45330459770122,0.0,0.0,1.0,3.929013079667063,3.929013079667063
131.79309209580393,48.34113389282371,-72.45330459770122,145.11623781322143,72.51170083923554,-63.4297754537089,0.0,0.0,1.0,3.929013079667063,3.929013079667063
144.2721593586162,24.170566946411846,-66.57991913186981,131.79309209580393,48.34113389282371,-72.45330459770122,0.0,0.0,1.0,3.929013079667063,3.929013079667063
131.79309209580393,48.34113389282371,-72.45330459770122,119.31402483299163,72.51170083923554,-78.32669006353261,0.0,0.0,1.0,3.929013079667063,3.929013079667063
119.31402483299163,72.51170083923554,-78.32669006353261,132.63717055040914,96.68226778564741,-69.30316091954029,0.0,0.0,1.0,3.929013079667063,3.929013079667063
132.63717055040914,96.68226778564741,-69.30316091954029,145.96031626782664,120.85283473205928,-60.27963177554797,0.0,0.0,1.0,3.929013079667063,3.929013079667063
145.11623781322143,72.51170083923554,-63.4297754537089,132.63717055040914,96.68226778564741,-69.30316091954029,0.0,0.0,1.0,3.929013079667063,3.929013079667063
132.63717055040914,96.68226778564741,-69.30316091954029,120.15810328759684,120.85283473205928,-75.17654638537168,0.0,0.0,1.0,3.929013079667063,3.929013079667063
120.15810328759684,120.85283473205928,-75.17654638537168,133.48124900501438,145.02340167847112,-66.15301724137937,0.0,0.0,1.0,3.929013079667063,3.929013079667063
133.48124900501438,145.02340167847112,-66.15301724137937,146.80439472243188,169.19396862488298,-57.12948809738705,0.0,0.0,1.0,3.929013079667063,3.929013079667063
145.96031626782664,120.85283473205928,-60.27963177554797,133.48124900501438,145.02340167847112,-66.15301724137937,0.0,0.0,1.0,3.929013079667063,3.929013079667063
133.48124900501438,145.02340167847112,-66.15301724137937,121.00218174220208,169.19396862488298,-72.02640270721076,0.0,0.0,1.0,3.929013079667063,3.929013079667063
121.00218174220208,169.19396862488296,-72.02640270721076,134.3253274596196,193.36453557129482,-63.002873563218444,0.0,0.0,1.0,3.929013079667063,3.929013079667063
134.3253274596196,193.36453557129482,-63.002873563218444,147.64847317703712,217.5351025177067,-53.97934441922613,0.0,0.0,1.0,3.929013079667063,3.929013079667063
146.80439472243188,169.19396862488296,-57.12948809738705,134.3253274596196,193.36453557129482,-63.002873563218444,0.0,0.0,1.0,3.929013079667063,3.929013079667063
134.3253274596196,193.36453557129482,-63.002873563218444,121.84626019680732,217.5351025177067,-68.87625902904985,0.0,0.0,1.0,3.929013079667063,3.929013079667063
121.84626019680732,217.5351025177067,-68.87625902904983,135.16940591422482,241.70566946411853,-59.85272988505752,0.0,0.0,1.0,3.929013079667063,3.929013079667063
135.16940591422482,241.70566946411853,-59.85272988505752,148.49255163164233,265.8762364105304,-50.82920074106521,0.0,0.0,1.0,3.929013079667063,3.929013079667063
147.64847317703712,217.5351025177067,-53.97934441922612,135.16940591422482,241.70566946411853,-59.85272988505752,0.0,0.0,1.0,3.929013079667063,3.929013079667063
135.16940591422482,241.70566946411853,-59.85272988505752,122.69033865141253,265.8762364105304,-65.72611535088892,0.0,0.0,1.0,3.929013079667063,3.929013079667063
122.69033865141253,265.8762364105304,-65.72611535088892,136.01348436883006,290.04680335694223,-56.7025862068966,0.0,0.0,1.0,3.929013079667063,3.929013079667063
136.01348436883006,290.04680335694223,-56.7025862068966,149.33663008624757,314.2173703033541,-47.679057062904285,0.0,0.0,1.0,3.929013079667063,3.929013079667063
148.49255163164233,265.8762364105304,-50.82920074106521,136.01348436883006,290.04680335694223,-56.7025862068966,0.0,0.0,1.0,3.929013079667063,3.929013079667063
136.01348436883006,290.04680335694223,-56.7025862068966,123.53441710601777,314.2173703033541,-62.575971672727995,0.0,0.0,1.0,3.929013079667063,3.929013079667063
123.53441710601777,314.2173703033541,-62.575971672727995,136.85756282343527,338.3879372497659,-53.55244252873568,0.0,0.0,1.0,3.929013079667063,3.929013079667063
136.85756282343527,338.3879372497659,-53.55244252873568,150.18070854085278,362.55850419617775,-44.52891338474336,0.0,0.0,1.0,3.929013079667063,3.929013079667063
149.33663008624757,314.2173703033541,-47.679057062904285,136.85756282343527,338.3879372497659,-53.55244252873568,0.0,0.0,1.0,3.929013079667063,3.929013079667063
136.85756282343527,338.3879372497659,-53.55244252873568,124.37849556062298,362.55850419617775,-59.42582799456707,0.0,0.0,1.0,3.929013079667063,3.929013079667063
124.37849556062298,362.5585041961778,-59.42582799456707,137.7016412780405,386.72907114258965,-50.40229885057475,0.0,0.0,1.0,3.929013079667063,3.929013079667063
137.7016412780405,386.72907114258965,-50.40229885057475,151.02478699545802,410.8996380890015,-41.37876970658244,0.0,0.0,1.0,3.929013079667063,3.929013079667063
150.18070854085278,362.5585041961778,-44.52891338474336,137.7016412780405,386.72907114258965,-50.40229885057475,0.0,0.0,1.0,3.929013079667063,3.929013079667063
137.7016412780405,386.72907114258965,-50.40229885057475,125.22257401522822,410.8996380890015,-56.27568431640615,0.0,0.0,1.0,3.929013079667063,3.929013079667063
125.22257401522822,410.8996380890015,-56.27568431640615,138.54571973264572,435.0702050354134,-47.252155172413836,0.0,0.0,1.0,3.929013079667063,3.929013079667063
138.54571973264572,435.0702050354134,-47.252155172413836,151.86886545006325,459.2407719818252,-38.228626028421516,0.0,0.0,1.0,3.929013079667063,3.929013079667063
151.02478699545802,410.8996380890015,-41.37876970658244,138.54571973264572,435.0702050354134,-47.252155172413836,0.0,0.0,1.0,3.929013079667063,3.929013079667063
138.54571973264572,435.0702050354134,-47.252155172413836,126.06665246983346,459.2407719818252,-53.125540638245226,0.0,0.0,1.0,3.929013079667063,3.929013079667063
126.06665246983346,459.2407719818252,-53.125540638245226,139.38979818725096,483.4113389282371,-44.102011494252906,0.0,0.0,1.0,3.929013079667063,3.929013079667063
139.38979818725096,483.4113389282371,-44.102011494252906,152.71294390466846,507.5819058746489,-35.07848235026059,0.0,0.0,1.0,3.929013079667063,3.929013079667063
151.86886545006325,459.2407719818252,-38.228626028421516,139.38979818725096,483.4113389282371,-44.102011494252906,0.0,0.0,1.0,3.929013079667063,3.929013079667063
139.38979818725096,483.4113389282371,-44.102011494252906,126.91073092443867,507.5819058746489,-49.9753969600843,0.0,0.0,1.0,3.929013079667063,3.929013079667063
126.91073092443867,507.581905874649,-49.9753969600843,140.23387664185617,531.7524728210608,-40.95186781609198,0.0,0.0,1.0,3.929013079667063,3.929013079667063
140.23387664185617,531.7524728210608,-40.95186781609198,153.5570223592737,555.9230397674726,-31.92833867209967,0.0,0.0,1.0,3.929013079667063,3.929013079667063
152.71294390466846,507.581905874649,-35.07848235026059,140.23387664185617,531.7524728210608,-40.95186781609198,0.0,0.0,1.0,3.929013079667063,3.929013079667063
140.23387664185617,531.7524728210608,-40.95186781609198,127.7548093790439,555.9230397674726,-46.82525328192338,0.0,0.0,1.0,3.929013079667063,3.929013079667063
127.7548093790439,555.9230397674726,-46.82525328192338,141.0779550964614,580.0936067138845,-37.80172413793107,0.0,0.0,1.0,3.929013079667063,3.929013079667063
141.0779550964614,580.0936067138845,-37.80172413793107,154.4011008138789,604.2641736602964,-28.778194993938747,0.0,0.0,1.0,3.929013079667063,3.929013079667063
153.5570223592737,555.9230397674726,-31.92833867209967,141.0779550964614,580.0936067138845,-37.80172413793107,0.0,0.0,1.0,3.929013079667063,3.929013079667063
141.0779550964614,580.0936067138845,-37.80172413793107,128.59888783364912,604.2641736602964,-43.67510960376246,0.0,0.0,1.0,3.929013079667063,3.929013079667063
128.59888783364912,604.2641736602964,-43.67510960376246,141.92203355106665,628.4347406067081,-34.651580459770145,0.0,0.0,1.0,3.929013079667063,3.929013079667063
141.92203355106665,628.4347406067081,-34.651580459770145,155.24517926848415,652.60530755312,-25.62805131577783,0.0,0.0,1.0,3.929013079667063,3.929013079667063
154.4011008138789,604.2641736602964,-28.778194993938747,141.92203355106665,628.4347406067081,-34.651580459770145,0.0,0.0,1.0,3.929013079667063,3.929013079667063
141.92203355106665,628.4347406067081,-34.651580459770145,129.44296628825435,652.60530755312,-40.52496592560154,0.0,0.0,1.0,3.929013079667063,3.929013079667063
129.44296628825435,652.60530755312,-40.52496592560154,142.76611200567186,676.7758744995318,-31.501436781609222,0.0,0.0,1.0,3.929013079667063,3.929013079667063
142.76611200567186,676.7758744995318,-31.501436781609222,156.08925772308936,700.9464414459437,-22.47790763761691,0.0,0.0,1.0,3.929013079667063,3.929013079667063
155.24517926848415,652.60530755312,-25.62805131577783,142.76611200567186,676.7758744995318,-31.501436781609222,0.0,0.0,1.0,3.929013079667063,3.929013079667063
142.76611200567186,676.7758744995318,-31.501436781609222,130.28704474285956,700.9464414459437,-37.37482224744062,0.0,0.0,1.0,3.929013079667063,3.929013079667063
130.2870447428596,700.9464414459438,-37.37482224744061,143.6101904602771,725.1170083923556,-28.351293103448292,0.0,0.0,1.0,3.929013079667063,3.929013079667063
143.6101904602771,725.1170083923556,-28.351293103448292,156.9333361776946,749.2875753387675,-19.32776395945598,0.0,0.0,1.0,3.929013079667063,3.929013079667063
156.0892577230894,700.9464414459438,-22.4779076376169,143.6101904602771,725.1170083923556,-28.351293103448292,0.0,0.0,1.0,3.929013079667063,3.929013079667063
143.6101904602771,725.1170083923556,-28.351293103448292,131.1311231974648,749.2875753387675,-34.22467856927969,0.0,0.0,1.0,3.929013079667063,3.929013079667063
131.1311231974648,749.2875753387675,-34.22467856927969,144.4542689148823,773.4581422851793,-25.201149425287376,0.0,0.0,1.0,3.929013079667063,3.929013079667063
144.4542689148823,773.4581422851793,-25.201149425287376,157.77741463229984,797.6287092315912,-16.177620281295056,0.0,0.0,1.0,3.929013079667063,3.929013079667063
156.9333361776946,749.2875753387675,-19.32776395945598,144.4542689148823,773.4581422851793,-25.201149425287376,0.0,0.0,1.0,3.929013079667063,3.929013079667063
144.4542689148823,773.4581422851793,-25.201149425287376,131.97520165207004,797.6287092315912,-31.074534891118766,0.0,0.0,1.0,3.929013079667063,3.929013079667063
131.97520165207004,797.6287092315912,-31.074534891118766,145.29834736948754,821.799276178003,-22.051005747126453,0.0,0.0,1.0,3.929013079667063,3.929013079667063
145.29834736948754,821.799276178003,-22.051005747126453,158.62149308690505,845.9698431244149,-13.027476603134131,0.0,0.0,1.0,3.929013079667063,3.929013079667063
157.77741463229984,797.6287092315912,-16.177620281295056,145.29834736948754,821.799276178003,-22.051005747126453,0.0,0.0,1.0,3.929013079667063,3.929013079667063
145.29834736948754,821.799276178003,-22.051005747126453,132.81928010667525,845.9698431244149,-27.924391212957843,0.0,0.0,1.0,3.929013079667063,3.929013079667063
132.81928010667525,845.9698431244149,-27.924391212957843,146.14242582409278,870.1404100708268,-18.90086206896553,0.0,0.0,1.0,3.929013079667063,3.929013079667063
146.14242582409278,870.1404100708268,-18.90086206896553,159.4655715415103,894.3109770172385,-9.877332924973215,0.0,0.0,1.0,3.929013079667063,3.929013079667063
158.62149308690505,845.9698431244149,-13.027476603134131,146.14242582409278,870.1404100708268,-18.90086206896553,0.0,0.0,1.0,3.929013079667063,3.929013079667063
146.14242582409278,870.1404100708268,-18.90086206896553,133.6633585612805,894.3109770172385,-24.774247534796928,0.0,0.0,1.0,3.929013079667063,3.929013079667063
133.6633585612805,894.3109770172385,-24.774247534796928,146.986504278698,918.4815439636504,-15.750718390804607,0.0,0.0,1.0,3.929013079667063,3.929013079667063
146.986504278698,918.4815439636504,-15.750718390804607,160.3096499961155,942.6521109100622,-6.7271892468122925,0.0,0.0,1.0,3.929013079667063,3.929013079667063
159.4655715415103,894.3109770172385,-9.877332924973215,146.986504278698,918.4815439636504,-15.750718390804607,0.0,0.0,1.0,3.929013079667063,3.929013079667063
146.986504278698,918.4815439636504,-15.750718390804607,134.5074370158857,942.6521109100622,-21.624103856636005,0.0,0.0,1.0,3.929013079667063,3.929013079667063
134.50743701588573,942.6521109100623,-21.624103856635998,147.83058273330323,966.8226778564742,-12.600574712643677,0.0,0.0,1.0,3.929013079667063,3.929013079667063
147.83058273330323,966.8226778564742,-12.600574712643677,161.15372845072073,990.993244802886,-3.5770455686513696,0.0,0.0,1.0,3.929013079667063,3.929013079667063
160.30964999611552,942.6521109100623,-6.727189246812285,147.83058273330323,966.8226778564742,-12.600574712643677,0.0,0.0,1.0,3.929013079667063,3.929013079667063
147.83058273330323,966.8226778564742,-12.600574712643677,135.35151547049094,990.993244802886,-18.47396017847508,0.0,0.0,1.0,3.929013079667063,3.929013079667063
135.35151547049094,990.993244802886,-18.47396017847508,148.67466118790844,1015.163811749298,-9.450431034482762,0.0,0.0,1.0,3.929013079667063,3.929013079667063
148.67466118790844,1015.163811749298,-9.450431034482762,161.99780690532597,1039.3343786957098,-0.4269018904904396,0.0,0.0,1.0,3.929013079667063,3.929013079667063
161.15372845072073,990.993244802886,-3.5770455686513696,148.67466118790844,1015.163811749298,-9.450431034482762,0.0,0.0,1.0,3.929013079667063,3.929013079667063
148.67466118790844,1015.163811749298,-9.450431034482762,136.19559392509618,1039.3343786957098,-15.323816500314154,0.0,0.0,1.0,3.929013079667063,3.929013079667063
136.19559392509618,1039.3343786957098,-15.323816500314154,149.51873964251368,1063.5049456421216,-6.300287356321832,0.0,0.0,1.0,3.929013079667063,3.929013079667063
149.51873964251368,1063.5049456421216,-6.300287356321832,162.84188535993118,1087.6755125885334,2.723241787670476,0.0,0.0,1.0,3.929013079667063,3.929013079667063
161.99780690532597,1039.3343786957098,-0.4269018904904396,149.51873964251368,1063.5049456421216,-6.300287356321832,0.0,0.0,1.0,3.929013079667063,3.929013079667063
149.51873964251368,1063.5049456421216,-6.300287356321832,137.0396723797014,1087.6755125885334,-12.173672822153238,0.0,0.0,1.0,3.929013079667063,3.929013079667063
137.0396723797014,1087.6755125885334,-12.173672822153238,150.36281809711892,1111.8460795349451,-3.150143678160916,0.0,0.0,1.0,3.929013079667063,3.929013079667063
150.36281809711892,1111.8460795349451,-3.150143678160916,163.68596381453642,1136.0166464813572,5.873385465831406,0.0,0.0,1.0,3.929013079667063,3.929013079667063
162.84188535993118,1087.6755125885334,2.723241787670476,150.36281809711892,1111.8460795349451,-3.150143678160916,0.0,0.0,1.0,3.929013079667063,3.929013079667063
150.36281809711892,1111.8460795349451,-3.150143678160916,137.88375083430662,1136.0166464813572,-9.023529143992308,0.0,0.0,1.0,3.929013079667063,3.929013079667063
151.20689655172413,1160.187213427769,0.0,163.68596381453642,1136.0166464813572,5.873385465831406,0.0,0.0,1.0,3.929013079667063,3.929013079667063
119.31402483299163,72.51170083923554,-78.32669006353261,115.32072330889169,80.24628226208736,-80.20617341259866,0.0,0.0,1.0,3.929013079667063,3.929013079667063
145.11623781322143,72.51170083923554,-63.4297754537089,149.379644442795,80.24628226208736,-60.54224612763135,0.0,0.0,1.0,3.929013079667063,3.929013079667063
120.15810328759684,120.85283473205928,-75.17654638537168,116.16480176349692,128.5874161549111,-77.05602973443774,0.0,0.0,1.0,3.929013079667063,3.929013079667063
145.96031626782664,120.85283473205928,-60.27963177554797,150.22372289740025,128.5874161549111,-57.392102449470435,0.0,0.0,1.0,3.929013079667063,3.929013079667063
121.00218174220208,169.19396862488298,-72.02640270721076,117.00888021810216,176.92855004773477,-73.90588605627681,0.0,0.0,1.0,3.929013079667063,3.929013079667063
146.80439472243188,169.19396862488298,-57.12948809738705,151.0678013520055,176.92855004773477,-54.241958771309505,0.0,0.0,1.0,3.929013079667063,3.929013079667063
121.84626019680732,217.5351025177067,-68.87625902904985,117.85295867270737,225.26968394055845,-70.75574237811588,0.0,0.0,1.0,3.929013079667063,3.929013079667063
147.64847317703712,217.5351025177067,-53.97934441922613,151.9118798066107,225.26968394055845,-51.09181509314858,0.0,0.0,1.0,3.929013079667063,3.929013079667063
122.69033865141253,265.8762364105304,-65.72611535088892,118.69703712731261,273.61081783338216,-67.60559869995497,0.0,0.0,1.0,3.929013079667063,3.929013079667063
148.49255163164233,265.8762364105304,-50.82920074106521,152.75595826121594,273.61081783338216,-47.94167141498766,0.0,0.0,1.0,3.929013079667063,3.929013079667063
123.53441710601777,314.2173703033541,-62.575971672727995,119.54111558191782,321.95195172620583,-64.45545502179405,0.0,0.0,1.0,3.929013079667063,3.929013079667063
149.33663008624757,314.2173703033541,-47.679057062904285,153.60003671582115,321.95195172620583,-44.791527736826744,0.0,0.0,1.0,3.929013079667063,3.929013079667063
124.37849556062298,362.55850419617775,-59.42582799456707,120.38519403652306,370.29308561902957,-61.30531134363312,0.0,0.0,1.0,3.929013079667063,3.929013079667063
150.18070854085278,362.55850419617775,-44.52891338474336,154.4441151704264,370.29308561902957,-41.64138405866582,0.0,0.0,1.0,3.929013079667063,3.929013079667063
125.22257401522822,410.8996380890015,-56.27568431640615,121.22927249112827,418.63421951185336,-58.15516766547219,0.0,0.0,1.0,3.929013079667063,3.929013079667063
151.02478699545802,410.8996380890015,-41.37876970658244,155.2881936250316,418.63421951185336,-38.49124038050489,0.0,0.0,1.0,3.929013079667063,3.929013079667063
126.06665246983346,459.2407719818252,-53.125540638245226,122.07335094573351,466.9753534046771,-55.00502398731127,0.0,0.0,1.0,3.929013079667063,3.929013079667063
151.86886545006325,459.2407719818252,-38.228626028421516,156.13227207963683,466.9753534046771,-35.34109670234397,0.0,0.0,1.0,3.929013079667063,3.929013079667063
126.91073092443867,507.5819058746489,-49.9753969600843,122.91742940033875,515.3164872975008,-51.85488030915035,0.0,0.0,1.0,3.929013079667063,3.929013079667063
152.71294390466846,507.5819058746489,-35.07848235026059,156.97635053424207,515.3164872975008,-32.19095302418305,0.0,0.0,1.0,3.929013079667063,3.929013079667063
127.7548093790439,555.9230397674726,-46.82525328192338,123.76150785494396,563.6576211903244,-48.70473663098943,0.0,0.0,1.0,3.929013079667063,3.929013079667063
153.5570223592737,555.9230397674726,-31.92833867209967,157.82042898884728,563.6576211903244,-29.04080934602213,0.0,0.0,1.0,3.929013079667063,3.929013079667063
128.59888783364912,604.2641736602964,-43.67510960376246,124.6055863095492,611.9987550831481,-45.55459295282851,0.0,0.0,1.0,3.929013079667063,3.929013079667063
154.4011008138789,604.2641736602964,-28.778194993938747,158.66450744345252,611.9987550831481,-25.890665667861207,0.0,0.0,1.0,3.929013079667063,3.929013079667063
129.44296628825435,652.60530755312,-40.52496592560154,125.4496647641544,660.3398889759718,-42.404449274667584,0.0,0.0,1.0,3.929013079667063,3.929013079667063
155.24517926848415,652.60530755312,-25.62805131577783,159.50858589805773,660.3398889759718,-22.740521989700284,0.0,0.0,1.0,3.929013079667063,3.929013079667063
130.28704474285956,700.9464414459437,-37.37482224744062,126.29374321875964,708.6810228687955,-39.25430559650667,0.0,0.0,1.0,3.929013079667063,3.929013079667063
156.08925772308936,700.9464414459437,-22.47790763761691,160.35266435266297,708.6810228687955,-19.590378311539368,0.0,0.0,1.0,3.929013079667063,3.929013079667063
131.1311231974648,749.2875753387675,-34.22467856927969,127.13782167336488,757.0221567616193,-36.10416191834574,0.0,0.0,1.0,3.929013079667063,3.929013079667063
156.9333361776946,749.2875753387675,-19.32776395945598,161.1967428072682,757.0221567616193,-16.440234633378438,0.0,0.0,1.0,3.929013079667063,3.929013079667063
131.97520165207004,797.6287092315912,-31.074534891118766,127.98190012797009,805.363290654443,-32.954018240184816,0.0,0.0,1.0,3.929013079667063,3.929013079667063
157.77741463229984,797.6287092315912,-16.177620281295056,162.04082126187342,805.363290654443,-13.290090955217513,0.0,0.0,1.0,3.929013079667063,3.929013079667063
132.81928010667525,845.9698431244149,-27.924391212957843,128.82597858257535,853.7044245472666,-29.803874562023893,0.0,0.0,1.0,3.929013079667063,3.929013079667063
158.62149308690505,845.9698431244149,-13.027476603134131,162.88489971647866,853.7044245472666,-10.13994727705659,0.0,0.0,1.0,3.929013079667063,3.929013079667063
133.6633585612805,894.3109770172385,-24.774247534796928,129.67005703718056,902.0455584400903,-26.65373088386297,0.0,0.0,1.0,3.929013079667063,3.929013079667063
159.4655715415103,894.3109770172385,-9.877332924973215,163.72897817108387,902.0455584400903,-6.9898035988956675,0.0,0.0,1.0,3.929013079667063,3.929013079667063
134.5074370158857,942.6521109100622,-21.624103856636005,130.5141354917858,950.386692332914,-23.503587205702054,0.0,0.0,1.0,3.929013079667063,3.929013079667063
160.3096499961155,942.6521109100622,-6.7271892468122925,164.5730566256891,950.386692332914,-3.8396599207347517,0.0,0.0,1.0,3.929013079667063,3.929013079667063
135.35151547049094,990.993244802886,-18.47396017847508,131.35821394639103,998.7278262257378,-20.353443527541124,0.0,0.0,1.0,3.929013079667063,3.929013079667063
161.15372845072073,990.993244802886,-3.5770455686513696,165.41713508029434,998.7278262257378,-0.6895162425738217,0.0,0.0,1.0,3.929013079667063,3.929013079667063
136.19559392509618,1039.3343786957098,-15.323816500314154,132.20229240099624,1047.0689601185616,-17.20329984938021,0.0,0.0,1.0,3.929013079667063,3.929013079667063
161.99780690532597,1039.3343786957098,-0.4269018904904396,166.26121353489955,1047.0689601185616,2.460627435587094,0.0,0.0,1.0,3.929013079667063,3.929013079667063
137.0396723797014,1087.6755125885334,-12.173672822153238,133.04637085560148,1095.4100940113851,-14.05315617121928,0.0,0.0,1.0,3.929013079667063,3.929013079667063
162.84188535993118,1087.6755125885334,2.723241787670476,167.1052919895048,1095.4100940113851,5.610771113748024,0.0,0.0,1.0,3.929013079667063,3.929013079667063
137.88375083430662,1136.0166464813572,-9.023529143992308,133.8904493102067,1143.751227904209,-10.903012493058364,0.0,0.0,1.0,3.929013079667063,3.929013079667063
163.68596381453642,1136.0166464813572,5.873385465831406,167.94937044411,1143.751227904209,8.76091479190894,0.0,0.0,1.0,3.929013079667063,3.929013079667063
151.20689655172413,1160.187213427769,0.0,137.88375083430662,1136.0166464813572,-9.023529143992308,0.0,0.0,1.0,3.929013079667063,3.929013079667063
159.46812607616906,2320.374426855538,-92.06896551724137,159.46812607616906,2320.374426855538,92.06896551724137,0.0,0.0,1.0,3.929013079667063,3.929013079667063
159.46812607616906,2320.374426855538,-92.06896551724137,187.9872385111394,2320.374426855538,-108.53448275862068,0.0,0.0,1.0,3.929013079667063,3.929013079667063
159.46812607616906,2320.374426855538,-92.06896551724137,130.94901364119875,2320.374426855538,-75.60344827586205,0.0,0.0,1.0,3.929013079667063,3.929013079667063
187.9872385111394,2320.374426855538,-108.53448275862068,187.9872385111394,2320.374426855538,108.53448275862068,0.0,0.0,1.0,3.929013079667063,3.929013079667063
130.94901364119875,2320.374426855538,-75.60344827586205,130.94901364119875,2320.374426855538,75.60344827586205,0.0,0.0,1.0,3.929013079667063,3.929013079667063
217.0689655172414,1160.187213427769,0.0,203.6442461022869,1184.3577803741807,-9.66210161475142,0.0,0.0,1.0,3.929013079667063,3.929013079667063
225.6285625659493,1190.8104553818557,-19.195558547067204,212.18551457141183,1203.5366920626502,-17.10533386800517,-0.69347657033171,0.0,-0.7204791783257647,3.929013079667063,3.929013079667063
212.18551457141183,1203.5366920626502,-17.10533386800517,198.74246657687436,1216.2629287434445,-15.01510918894314,-0.69347657033171,0.0,-0.7204791783257647,3.929013079667063,3.929013079667063
199.3483358895015,1192.0923617970325,-12.753974131471875,212.18551457141183,1203.5366920626502,-17.10533386800517,-0.69347657033171,0.0,-0.7204791783257647,3.929013079667063,3.929013079667063
212.18551457141183,1203.5366920626502,-17.10533386800517,225.02269325332216,1214.9810223282677,-21.45669360453847,-0.69347657033171,0.0,-0.7204791783257647,3.929013079667063,3.929013079667063
225.02269325332216,1214.9810223282677,-21.45669360453847,211.5796452587847,1227.707259009062,-19.366468925476436,-0.69347657033171,0.0,-0.7204791783257647,3.929013079667063,3.929013079667063
211.5796452587847,1227.707259009062,-19.366468925476436,198.13659726424723,1240.4334956898563,-17.276244246414404,-0.69347657033171,0.0,-0.7204791783257647,3.929013079667063,3.929013079667063
198.74246657687436,1216.2629287434445,-15.01510918894314,211.5796452587847,1227.707259009062,-19.366468925476436,-0.69347657033171,0.0,-0.7204791783257647,3.929013079667063,3.929013079667063
211.5796452587847,1227.707259009062,-19.366468925476436,224.41682394069502,1239.1515892746795,-23.717828662009733,-0.69347657033171,0.0,-0.7204791783257647,3.929013079667063,3.929013079667063
224.41682394069502,1239.1515892746795,-23.717828662009733,210.97377594615756,1251.8778259554738,-21.6276039829477,-0.69347657033171,0.0,-0.7204791783257647,3.929013079667063,3.929013079667063
210.97377594615756,1251.8778259554738,-21.6276039829477,197.53072795162012,1264.604062636268,-19.53737930388567,-0.69347657033171,0.0,-0.7204791783257647,3.929013079667063,3.929013079667063
198.13659726424723,1240.4334956898563,-17.276244246414404,210.97377594615756,1251.8778259554738,-21.6276039829477,-0.69347657033171,0.0,-0.7204791783257647,3.929013079667063,3.929013079667063
210.97377594615756,1251.8778259554738,-21.6276039829477,223.81095462806792,1263.3221562210913,-25.978963719480998,-0.69347657033171,0.0,-0.7204791783257647,3.929013079667063,3.929013079667063
223.81095462806792,1263.3221562210913,-25.978963719480998,210.36790663353045,1276.0483929018858,-23.888739040418965,-0.69347657033171,0.0,-0.7204791783257647,3.929013079667063,3.929013079667063
210.36790663353045,1276.0483929018858,-23.888739040418965,196.924858638993,1288.77462958268,-21.798514361356933,-0.69347657033171,0.0,-0.7204791783257647,3.929013079667063,3.929013079667063
197.53072795162012,1264.604062636268,-19.53737930388567,210.36790663353045,1276.0483929018858,-23.888739040418965,-0.69347657033171,0.0,-0.7204791783257647,3.929013079667063,3.929013079667063
210.36790663353045,1276.0483929018858,-23.888739040418965,223.20508531544078,1287.4927231675033,-28.240098776952262,-0.69347657033171,0.0,-0.7204791783257647,3.929013079667063,3.929013079667063
223.20508531544078,1287.4927231675033,-28.240098776952262,209.76203732090332,1300.2189598482976,-26.149874097890226,-0.69347657033171,0.0,-0.7204791783257647,3.929013079667063,3.929013079667063
209.76203732090332,1300.2189598482976,-26.149874097890226,196.31898932636585,1312.9451965290918,-24.0596494188282,-0.69347657033171,0.0,-0.7204791783257647,3.929013079667063,3.929013079667063
196.924858638993,1288.77462958268,-21.798514361356933,209.76203732090332,1300.2189598482976,-26.149874097890226,-0.69347657033171,0.0,-0.7204791783257647,3.929013079667063,3.929013079667063
209.76203732090332,1300.2189598482976,-26.149874097890226,222.59921600281365,1311.663290113915,-30.50123383442353,-0.69347657033171,0.0,-0.7204791783257647,3.929013079667063,3.929013079667063
222.59921600281365,1311.663290113915,-30.501233834423527,209.15616800827618,1324.3895267947094,-28.411009155361494,-0.69347657033171,0.0,-0.7204791783257647,3.929013079667063,3.929013079667063
209.15616800827618,1324.3895267947094,-28.411009155361494,195.71312001373875,1337.1157634755036,-26.320784476299462,-0.69347657033171,0.0,-0.7204791783257647,3.929013079667063,3.929013079667063
196.31898932636585,1312.9451965290918,-24.059649418828197,209.15616800827618,1324.3895267947094,-28.411009155361494,-0.69347657033171,0.0,-0.7204791783257647,3.929013079667063,3.929013079667063
209.15616800827618,1324.3895267947094,-28.411009155361494,221.99334669018654,1335.8338570603269,-32.762368891894795,-0.69347657033171,0.0,-0.7204791783257647,3.929013079667063,3.929013079667063
221.99334669018654,1335.8338570603269,-32.762368891894795,208.55029869564908,1348.5600937411214,-30.67214421283276,-0.69347657033171,0.0,-0.7204791783257647,3.929013079667063,3.929013079667063
208.55029869564908,1348.5600937411214,-30.67214421283276,195.1072507011116,1361.2863304219156,-28.581919533770726,-0.69347657033171,0.0,-0.7204791783257647,3.929013079667063,3.929013079667063
195.71312001373875,1337.1157634755036,-26.320784476299462,208.55029869564908,1348.5600937411214,-30.67214421283276,-0.69347657033171,0.0,-0.7204791783257647,3.929013079667063,3.929013079667063
208.55029869564908,1348.5600937411214,-30.67214421283276,221.3874773775594,1360.0044240067389,-35.02350394936606,-0.69347657033171,0.0,-0.7204791783257647,3.929013079667063,3.929013079667063
221.3874773775594,1360.0044240067389,-35.02350394936606,207.94442938302194,1372.7306606875331,-32.93327927030403,-0.69347657033171,0.0,-0.7204791783257647,3.929013079667063,3.929013079667063
207.94442938302194,1372.7306606875331,-32.93327927030403,194.50138138848448,1385.4568973683274,-30.843054591241994,-0.69347657033171,0.0,-0.7204791783257647,3.929013079667063,3.929013079667063
195.1072507011116,1361.2863304219156,-28.581919533770726,207.94442938302194,1372.7306606875331,-32.93327927030403,-0.69347657033171,0.0,-0.7204791783257647,3.929013079667063,3.929013079667063
207.94442938302194,1372.7306606875331,-32.93327927030403,220.78160806493227,1384.1749909531507,-37.284639006837324,-0.69347657033171,0.0,-0.7204791783257647,3.929013079667063,3.929013079667063
220.78160806493227,1384.1749909531507,-37.284639006837324,207.33856007039483,1396.901227633945,-35.19441432777529,-0.69347657033171,0.0,-0.7204791783257647,3.929013079667063,3.929013079667063
207.33856007039483,1396.901227633945,-35.19441432777529,193.89551207585737,1409.6274643147392,-33.10418964871326,-0.69347657033171,0.0,-0.7204791783257647,3.929013079667063,3.929013079667063
194.50138138848448,1385.4568973683274,-30.843054591241994,207.33856007039483,1396.901227633945,-35.19441432777529,-0.69347657033171,0.0,-0.7204791783257647,3.929013079667063,3.929013079667063
207.33856007039483,1396.901227633945,-35.19441432777529,220.17573875230516,1408.3455578995624,-39.54577406430859,-0.69347657033171,0.0,-0.7204791783257647,3.929013079667063,3.929013079667063
220.17573875230516,1408.3455578995624,-39.54577406430859,206.7326907577677,1421.071794580357,-37.455549385246556,-0.69347657033171,0.0,-0.7204791783257647,3.929013079667063,3.929013079667063
206.7326907577677,1421.071794580357,-37.455549385246556,193.28964276323023,1433.7980312611512,-35.36532470618452,-0.69347657033171,0.0,-0.7204791783257647,3.929013079667063,3.929013079667063
193.89551207585737,1409.6274643147392,-33.10418964871326,206.7326907577677,1421.071794580357,-37.455549385246556,-0.69347657033171,0.0,-0.7204791783257647,3.929013079667063,3.929013079667063
206.7326907577677,1421.071794580357,-37.455549385246556,219.56986943967803,1432.5161248459744,-41.80690912177985,-0.69347657033171,0.0,-0.7204791783257647,3.929013079667063,3.929013079667063
219.56986943967803,1432.5161248459742,-41.806909121779846,206.12682144514056,1445.2423615267687,-39.71668444271782,-0.69347657033171,0.0,-0.7204791783257647,3.929013079667063,3.929013079667063
206.12682144514056,1445.2423615267687,-39.71668444271782,192.6837734506031,1457.968598207563,-37.62645976365579,-0.69347657033171,0.0,-0.7204791783257647,3.929013079667063,3.929013079667063
193.28964276323023,1433.798031261151,-35.365324706184516,206.12682144514056,1445.2423615267687,-39.71668444271782,-0.69347657033171,0.0,-0.7204791783257647,3.929013079667063,3.929013079667063
206.12682144514056,1445.2423615267687,-39.71668444271782,218.9640001270509,1456.6866917923862,-44.06804417925112,-0.69347657033171,0.0,-0.7204791783257647,3.929013079667063,3.929013079667063
218.9640001270509,1456.6866917923862,-44.06804417925112,205.52095213251343,1469.4129284731807,-41.977819500189085,-0.69347657033171,0.0,-0.7204791783257647,3.929013079667063,3.929013079667063
205.52095213251343,1469.4129284731807,-41.977819500189085,192.077904137976,1482.1391651539748,-39.88759482112705,-0.69347657033171,0.0,-0.7204791783257647,3.929013079667063,3.929013079667063
192.6837734506031,1457.968598207563,-37.62645976365579,205.52095213251343,1469.4129284731807,-41.977819500189085,-0.69347657033171,0.0,-0.7204791783257647,3.929013079667063,3.929013079667063
205.52095213251343,1469.4129284731807,-41.977819500189085,218.3581308144238,1480.857258738798,-46.32917923672238,-0.69347657033171,0.0,-0.7204791783257647,3.929013079667063,3.929013079667063
218.3581308144238,1480.8572587387982,-46.32917923672239,204.91508281988632,1493.5834954195925,-44.23895455766035,-0.69347657033171,0.0,-0.7204791783257647,3.929013079667063,3.929013079667063
204.91508281988632,1493.5834954195925,-44.23895455766035,191.47203482534886,1506.3097321003868,-42.14872987859832,-0.69347657033171,0.0,-0.7204791783257647,3.929013079667063,3.929013079667063
192.077904137976,1482.139165153975,-39.88759482112706,204.91508281988632,1493.5834954195925,-44.23895455766035,-0.69347657033171,0.0,-0.7204791783257647,3.929013079667063,3.929013079667063
204.91508281988632,1493.5834954195925,-44.23895455766035,217.75226150179665,1505.02782568521,-48.59031429419365,-0.69347657033171,0.0,-0.7204791783257647,3.929013079667063,3.929013079667063
217.75226150179665,1505.02782568521,-48.59031429419365,204.3092135072592,1517.7540623660043,-46.50008961513162,-0.69347657033171,0.0,-0.7204791783257647,3.929013079667063,3.929013079667063
204.3092135072592,1517.7540623660043,-46.50008961513162,190.86616551272172,1530.4802990467986,-44.40986493606958,-0.69347657033171,0.0,-0.7204791783257647,3.929013079667063,3.929013079667063
191.47203482534886,1506.3097321003868,-42.14872987859832,204.3092135072592,1517.7540623660043,-46.50008961513162,-0.69347657033171,0.0,-0.7204791783257647,3.929013079667063,3.929013079667063
204.3092135072592,1517.7540623660043,-46.50008961513162,217.14639218916952,1529.1983926316218,-50.85144935166491,-0.69347657033171,0.0,-0.7204791783257647,3.929013079667063,3.929013079667063
217.14639218916952,1529.1983926316218,-50.85144935166491,203.70334419463208,1541.924629312416,-48.76122467260288,-0.69347657033171,0.0,-0.7204791783257647,3.929013079667063,3.929013079667063
203.70334419463208,1541.924629312416,-48.76122467260288,190.26029620009461,1554.6508659932103,-46.67099999354084,-0.69347657033171,0.0,-0.7204791783257647,3.929013079667063,3.929013079667063
190.86616551272172,1530.4802990467986,-44.40986493606958,203.70334419463208,1541.924629312416,-48.76122467260288,-0.69347657033171,0.0,-0.7204791783257647,3.929013079667063,3.929013079667063
203.70334419463208,1541.924629312416,-48.76122467260288,216.5405228765424,1553.3689595780336,-53.11258440913617,-0.69347657033171,0.0,-0.7204791783257647,3.929013079667063,3.929013079667063
216.5405228765424,1553.3689595780338,-53.11258440913618,203.09747488200495,1566.0951962588279,-51.02235973007414,-0.69347657033171,0.0,-0.7204791783257647,3.929013079667063,3.929013079667063
203.09747488200495,1566.0951962588279,-51.02235973007414,189.65442688746748,1578.8214329396224,-48.93213505101211,-0.69347657033171,0.0,-0.7204791783257647,3.929013079667063,3.929013079667063
190.26029620009461,1554.6508659932106,-46.67099999354085,203.09747488200495,1566.0951962588279,-51.02235973007414,-0.69347657033171,0.0,-0.7204791783257647,3.929013079667063,3.929013079667063
203.09747488200495,1566.0951962588279,-51.02235973007414,215.93465356391528,1577.5395265244456,-55.37371946660744,-0.69347657033171,0.0,-0.7204791783257647,3.929013079667063,3.929013079667063
215.93465356391528,1577.5395265244456,-55.37371946660744,202.4916055693778,1590.2657632052399,-53.28349478754541,-0.69347657033171,0.0,-0.7204791783257647,3.929013079667063,3.929013079667063
202.4916055693778,1590.2657632052399,-53.28349478754541,189.04855757484037,1602.9919998860341,-51.19327010848337,-0.69347657033171,0.0,-0.7204791783257647,3.929013079667063,3.929013079667063
189.65442688746748,1578.8214329396224,-48.93213505101211,202.4916055693778,1590.2657632052399,-53.28349478754541,-0.69347657033171,0.0,-0.7204791783257647,3.929013079667063,3.929013079667063
202.4916055693778,1590.2657632052399,-53.28349478754541,215.32878425128817,1601.7100934708574,-57.6348545240787,-0.69347657033171,0.0,-0.7204791783257647,3.929013079667063,3.929013079667063
215.32878425128814,1601.7100934708576,-57.63485452407871,201.8857362567507,1614.4363301516516,-55.54462984501667,-0.69347657033171,0.0,-0.7204791783257647,3.929013079667063,3.929013079667063
201.8857362567507,1614.4363301516516,-55.54462984501667,188.44268826221324,1627.1625668324461,-53.45440516595464,-0.69347657033171,0.0,-0.7204791783257647,3.929013079667063,3.929013079667063
189.04855757484034,1602.9919998860344,-51.19327010848338,201.8857362567507,1614.4363301516516,-55.54462984501667,-0.69347657033171,0.0,-0.7204791783257647,3.929013079667063,3.929013079667063
201.8857362567507,1614.4363301516516,-55.54462984501667,214.72291493866103,1625.8806604172694,-59.89598958154997,-0.69347657033171,0.0,-0.7204791783257647,3.929013079667063,3.929013079667063
214.72291493866103,1625.8806604172694,-59.89598958154997,201.27986694412357,1638.6068970980637,-57.805764902487944,-0.69347657033171,0.0,-0.7204791783257647,3.929013079667063,3.929013079667063
201.27986694412357,1638.6068970980637,-57.805764902487944,187.8368189495861,1651.333133778858,-55.715540223425904,-0.69347657033171,0.0,-0.7204791783257647,3.929013079667063,3.929013079667063
188.44268826221324,1627.1625668324461,-53.45440516595464,201.27986694412357,1638.6068970980637,-57.805764902487944,-0.69347657033171,0.0,-0.7204791783257647,3.929013079667063,3.929013079667063
201.27986694412357,1638.6068970980637,-57.805764902487944,214.1170456260339,1650.0512273636812,-62.157124639021234,-0.69347657033171,0.0,-0.7204791783257647,3.929013079667063,3.929013079667063
214.1170456260339,1650.0512273636812,-62.157124639021234,200.67399763149643,1662.7774640444754,-60.0668999599592,-0.69347657033171,0.0,-0.7204791783257647,3.929013079667063,3.929013079667063
200.67399763149643,1662.7774640444754,-60.0668999599592,187.230949636959,1675.5037007252697,-57.97667528089716,-0.69347657033171,0.0,-0.7204791783257647,3.929013079667063,3.929013079667063
187.8368189495861,1651.333133778858,-55.715540223425904,200.67399763149643,1662.7774640444754,-60.0668999599592,-0.69347657033171,0.0,-0.7204791783257647,3.929013079667063,3.929013079667063
200.67399763149643,1662.7774640444754,-60.0668999599592,213.5111763134068,1674.221794310093,-64.4182596964925,-0.69347657033171,0.0,-0.7204791783257647,3.929013079667063,3.929013079667063
213.51117631340676,1674.221794310093,-64.4182596964925,200.06812831886933,1686.9480309908872,-62.328035017430466,-0.69347657033171,0.0,-0.7204791783257647,3.929013079667063,3.929013079667063
200.06812831886933,1686.9480309908872,-62.328035017430466,186.62508032433186,1699.6742676716815,-60.23781033836843,-0.69347657033171,0.0,-0.7204791783257647,3.929013079667063,3.929013079667063
187.23094963695897,1675.5037007252697,-57.976675280897176,200.06812831886933,1686.9480309908872,-62.328035017430466,-0.69347657033171,0.0,-0.7204791783257647,3.929013079667063,3.929013079667063
200.06812831886933,1686.9480309908872,-62.328035017430466,212.90530700077966,1698.3923612565047,-66.67939475396376,-0.69347657033171,0.0,-0.7204791783257647,3.929013079667063,3.929013079667063
212.90530700077966,1698.3923612565047,-66.67939475396376,199.4622590062422,1711.118597937299,-64.58917007490174,-0.69347657033171,0.0,-0.7204791783257647,3.929013079667063,3.929013079667063
199.4622590062422,1711.118597937299,-64.58917007490174,186.01921101170473,1723.8448346180933,-62.4989453958397,-0.69347657033171,0.0,-0.7204791783257647,3.929013079667063,3.929013079667063
186.62508032433186,1699.6742676716815,-60.23781033836843,199.4622590062422,1711.118597937299,-64.58917007490174,-0.69347657033171,0.0,-0.7204791783257647,3.929013079667063,3.929013079667063
199.4622590062422,1711.118597937299,-64.58917007490174,212.29943768815252,1722.5629282029165,-68.94052981143503,-0.69347657033171,0.0,-0.7204791783257647,3.929013079667063,3.929013079667063
212.29943768815252,1722.5629282029165,-68.94052981143503,198.85638969361506,1735.289164883711,-66.850305132373,-0.69347657033171,0.0,-0.7204791783257647,3.929013079667063,3.929013079667063
198.85638969361506,1735.289164883711,-66.850305132373,185.41334169907762,1748.0154015645053,-64.76008045331096,-0.69347657033171,0.0,-0.7204791783257647,3.929013079667063,3.929013079667063
186.01921101170473,1723.8448346180933,-62.4989453958397,198.85638969361506,1735.289164883711,-66.850305132373,-0.69347657033171,0.0,-0.7204791783257647,3.929013079667063,3.929013079667063
198.85638969361506,1735.289164883711,-66.850305132373,211.69356837552542,1746.7334951493285,-71.20166486890629,-0.69347657033171,0.0,-0.7204791783257647,3.929013079667063,3.929013079667063
211.69356837552542,1746.7334951493283,-71.20166486890628,198.25052038098795,1759.4597318301228,-69.11144018984425,-0.69347657033171,0.0,-0.7204791783257647,3.929013079667063,3.929013079667063
198.25052038098795,1759.4597318301228,-69.11144018984425,184.80747238645048,1772.1859685109173,-67.02121551078223,-0.69347657033171,0.0,-0.7204791783257647,3.929013079667063,3.929013079667063
185.41334169907762,1748.015401564505,-64.76008045331096,198.25052038098795,1759.4597318301228,-69.11144018984425,-0.69347657033171,0.0,-0.7204791783257647,3.929013079667063,3.929013079667063
198.25052038098795,1759.4597318301228,-69.11144018984425,211.08769906289828,1770.9040620957405,-73.46279992637756,-0.69347657033171,0.0,-0.7204791783257647,3.929013079667063,3.929013079667063
211.08769906289828,1770.9040620957405,-73.46279992637756,197.64465106836082,1783.6302987765348,-71.37257524731552,-0.69347657033171,0.0,-0.7204791783257647,3.929013079667063,3.929013079667063
197.64465106836082,1783.6302987765348,-71.37257524731552,184.20160307382335,1796.356535457329,-69.28235056825349,-0.69347657033171,0.0,-0.7204791783257647,3.929013079667063,3.929013079667063
184.80747238645048,1772.1859685109173,-67.02121551078223,197.64465106836082,1783.6302987765348,-71.37257524731552,-0.69347657033171,0.0,-0.7204791783257647,3.929013079667063,3.929013079667063
197.64465106836082,1783.6302987765348,-71.37257524731552,210.48182975027115,1795.0746290421523,-75.72393498384884,-0.69347657033171,0.0,-0.7204791783257647,3.929013079667063,3.929013079667063
210.48182975027115,1795.0746290421523,-75.7239349838488,197.0387817557337,1807.8008657229466,-73.63371030478679,-0.69347657033171,0.0,-0.7204791783257647,3.929013079667063,3.929013079667063
197.0387817557337,1807.8008657229466,-73.63371030478679,183.59573376119624,1820.5271024037409,-71.54348562572476,-0.69347657033171,0.0,-0.7204791783257647,3.929013079667063,3.929013079667063
184.20160307382335,1796.356535457329,-69.28235056825349,197.0387817557337,1807.8008657229466,-73.63371030478679,-0.69347657033171,0.0,-0.7204791783257647,3.929013079667063,3.929013079667063
197.0387817557337,1807.8008657229466,-73.63371030478679,209.87596043764404,1819.245195988564,-77.98507004132009,-0.69347657033171,0.0,-0.7204791783257647,3.929013079667063,3.929013079667063
209.87596043764404,1819.245195988564,-77.98507004132009,196.43291244310657,1831.9714326693584,-75.89484536225805,-0.69347657033171,0.0,-0.7204791783257647,3.929013079667063,3.929013079667063
196.43291244310657,1831.9714326693584,-75.89484536225805,182.9898644485691,1844.6976693501526,-73.80462068319603,-0.69347657033171,0.0,-0.7204791783257647,3.929013079667063,3.929013079667063
183.59573376119624,1820.5271024037409,-71.54348562572476,196.43291244310657,1831.9714326693584,-75.89484536225805,-0.69347657033171,0.0,-0.7204791783257647,3.929013079667063,3.929013079667063
196.43291244310657,1831.9714326693584,-75.89484536225805,209.2700911250169,1843.4157629349759,-80.24620509879136,-0.69347657033171,0.0,-0.7204791783257647,3.929013079667063,3.929013079667063
209.2700911250169,1843.4157629349759,-80.24620509879135,195.82704313047944,1856.1419996157701,-78.15598041972933,-0.69347657033171,0.0,-0.7204791783257647,3.929013079667063,3.929013079667063
195.82704313047944,1856.1419996157701,-78.15598041972933,182.38399513594197,1868.8682362965646,-76.06575574066729,-0.69347657033171,0.0,-0.7204791783257647,3.929013079667063,3.929013079667063
182.9898644485691,1844.6976693501526,-73.80462068319602,195.82704313047944,1856.1419996157701,-78.15598041972933,-0.69347657033171,0.0,-0.7204791783257647,3.929013079667063,3.929013079667063
195.82704313047944,1856.1419996157701,-78.15598041972933,208.66422181238977,1867.5863298813879,-82.50734015626261,-0.69347657033171,0.0,-0.7204791783257647,3.929013079667063,3.929013079667063
208.6642218123898,1867.5863298813877,-82.5073401562626,195.22117381785233,1880.312566562182,-80.41711547720058,-0.69347657033171,0.0,-0.7204791783257647,3.929013079667063,3.929013079667063
195.22117381785233,1880.312566562182,-80.41711547720058,181.77812582331487,1893.0388032429764,-78.32689079813855,-0.69347657033171,0.0,-0.7204791783257647,3.929013079667063,3.929013079667063
182.383995135942,1868.8682362965644,-76.06575574066727,195.22117381785233,1880.312566562182,-80.41711547720058,-0.69347657033171,0.0,-0.7204791783257647,3.929013079667063,3.929013079667063
195.22117381785233,1880.312566562182,-80.41711547720058,208.05835249976266,1891.7568968277997,-84.76847521373388,-0.69347657033171,0.0,-0.7204791783257647,3.929013079667063,3.929013079667063
208.05835249976266,1891.7568968277997,-84.76847521373388,194.6153045052252,1904.483133508594,-82.67825053467186,-0.69347657033171,0.0,-0.7204791783257647,3.929013079667063,3.929013079667063
194.6153045052252,1904.483133508594,-82.67825053467186,181.17225651068773,1917.2093701893884,-80.58802585560981,-0.69347657033171,0.0,-0.7204791783257647,3.929013079667063,3.929013079667063
181.77812582331487,1893.0388032429764,-78.32689079813855,194.6153045052252,1904.483133508594,-82.67825053467186,-0.69347657033171,0.0,-0.7204791783257647,3.929013079667063,3.929013079667063
194.6153045052252,1904.483133508594,-82.67825053467186,207.45248318713553,1915.9274637742117,-87.02961027120514,-0.69347657033171,0.0,-0.7204791783257647,3.929013079667063,3.929013079667063
207.45248318713553,1915.9274637742114,-87.02961027120514,194.00943519259806,1928.653700455006,-84.93938559214311,-0.69347657033171,0.0,-0.7204791783257647,3.929013079667063,3.929013079667063
194.00943519259806,1928.653700455006,-84.93938559214311,180.5663871980606,1941.3799371358002,-82.84916091308108,-0.69347657033171,0.0,-0.7204791783257647,3.929013079667063,3.929013079667063
181.17225651068773,1917.2093701893882,-80.58802585560981,194.00943519259806,1928.653700455006,-84.93938559214311,-0.69347657033171,0.0,-0.7204791783257647,3.929013079667063,3.929013079667063
194.00943519259806,1928.653700455006,-84.93938559214311,206.8466138745084,1940.0980307206235,-89.29074532867641,-0.69347657033171,0.0,-0.7204791783257647,3.929013079667063,3.929013079667063
206.8466138745084,1940.0980307206235,-89.29074532867641,193.40356587997096,1952.8242674014177,-87.20052064961439,-0.69347657033171,0.0,-0.7204791783257647,3.929013079667063,3.929013079667063
193.40356587997096,1952.8242674014177,-87.20052064961439,179.9605178854335,1965.550504082212,-85.11029597055236,-0.69347657033171,0.0,-0.7204791783257647,3.929013079667063,3.929013079667063
180.5663871980606,1941.3799371358002,-82.84916091308108,193.40356587997096,1952.8242674014177,-87.20052064961439,-0.69347657033171,0.0,-0.7204791783257647,3.929013079667063,3.929013079667063
193.40356587997096,1952.8242674014177,-87.20052064961439,206.2407445618813,1964.2685976670352,-91.55188038614769,-0.69347657033171,0.0,-0.7204791783257647,3.929013079667063,3.929013079667063
206.2407445618813,1964.2685976670352,-91.55188038614767,192.79769656734382,1976.9948343478295,-89.46165570708564,-0.69347657033171,0.0,-0.7204791783257647,3.929013079667063,3.929013079667063
192.79769656734382,1976.9948343478295,-89.46165570708564,179.35464857280635,1989.7210710286238,-87.37143102802361,-0.69347657033171,0.0,-0.7204791783257647,3.929013079667063,3.929013079667063
179.9605178854335,1965.550504082212,-85.11029597055234,192.79769656734382,1976.9948343478295,-89.46165570708564,-0.69347657033171,0.0,-0.7204791783257647,3.929013079667063,3.929013079667063
192.79769656734382,1976.9948343478295,-89.46165570708564,205.63487524925415,1988.439164613447,-93.81301544361894,-0.69347657033171,0.0,-0.7204791783257647,3.929013079667063,3.929013079667063
205.63487524925415,1988.439164613447,-93.81301544361894,192.19182725471669,2001.165401294241,-91.72279076455689,-0.69347657033171,0.0,-0.7204791783257647,3.929013079667063,3.929013079667063
192.19182725471669,2001.165401294241,-91.72279076455689,178.74877926017925,2013.8916379750356,-89.63256608549487,-0.69347657033171,0.0,-0.7204791783257647,3.929013079667063,3.929013079667063
179.35464857280635,1989.7210710286238,-87.37143102802361,192.19182725471669,2001.165401294241,-91.72279076455689,-0.69347657033171,0.0,-0.7204791783257647,3.929013079667063,3.929013079667063
192.19182725471669,2001.165401294241,-91.72279076455689,205.02900593662704,2012.6097315598588,-96.0741505010902,-0.69347657033171,0.0,-0.7204791783257647,3.929013079667063,3.929013079667063
205.02900593662704,2012.6097315598588,-96.0741505010902,191.58595794208958,2025.3359682406528,-93.98392582202817,-0.69347657033171,0.0,-0.7204791783257647,3.929013079667063,3.929013079667063
191.58595794208958,2025.3359682406528,-93.98392582202817,178.1429099475521,2038.0622049214473,-91.89370114296614,-0.69347657033171,0.0,-0.7204791783257647,3.929013079667063,3.929013079667063
178.74877926017925,2013.8916379750356,-89.63256608549487,191.58595794208958,2025.3359682406528,-93.98392582202817,-0.69347657033171,0.0,-0.7204791783257647,3.929013079667063,3.929013079667063
191.58595794208958,2025.3359682406528,-93.98392582202817,204.4231366239999,2036.7802985062706,-98.33528555856147,-0.69347657033171,0.0,-0.7204791783257647,3.929013079667063,3.929013079667063
204.4231366239999,2036.7802985062706,-98.33528555856147,190.98008862946244,2049.5065351870644,-96.24506087949942,-0.69347657033171,0.0,-0.7204791783257647,3.929013079667063,3.929013079667063
190.98008862946244,2049.5065351870644,-96.24506087949942,177.53704063492498,2062.2327718678594,-94.1548362004374,-0.69347657033171,0.0,-0.7204791783257647,3.929013079667063,3.929013079667063
178.1429099475521,2038.0622049214473,-91.89370114296614,190.98008862946244,2049.5065351870644,-96.24506087949942,-0.69347657033171,0.0,-0.7204791783257647,3.929013079667063,3.929013079667063
190.98008862946244,2049.5065351870644,-96.24506087949942,203.81726731137277,2060.9508654526826,-100.59642061603273,-0.69347657033171,0.0,-0.7204791783257647,3.929013079667063,3.929013079667063
203.81726731137277,2060.9508654526826,-100.59642061603273,190.3742193168353,2073.6771021334766,-98.5061959369707,-0.69347657033171,0.0,-0.7204791783257647,3.929013079667063,3.929013079667063
190.3742193168353,2073.6771021334766,-98.5061959369707,176.93117132229784,2086.403338814271,-96.41597125790868,-0.69347657033171,0.0,-0.7204791783257647,3.929013079667063,3.929013079667063
177.53704063492498,2062.2327718678594,-94.1548362004374,190.3742193168353,2073.6771021334766,-98.5061959369707,-0.69347657033171,0.0,-0.7204791783257647,3.929013079667063,3.929013079667063
190.3742193168353,2073.6771021334766,-98.5061959369707,203.21139799874564,2085.1214323990944,-102.85755567350401,-0.69347657033171,0.0,-0.7204791783257647,3.929013079667063,3.929013079667063
203.21139799874567,2085.1214323990944,-102.857555673504,189.7683500042082,2097.8476690798884,-100.76733099444198,-0.69347657033171,0.0,-0.7204791783257647,3.929013079667063,3.929013079667063
189.7683500042082,2097.8476690798884,-100.76733099444198,176.32530200967074,2110.573905760683,-98.67710631537993,-0.69347657033171,0.0,-0.7204791783257647,3.929013079667063,3.929013079667063
176.93117132229787,2086.403338814271,-96.41597125790867,189.7683500042082,2097.8476690798884,-100.76733099444198,-0.69347657033171,0.0,-0.7204791783257647,3.929013079667063,3.929013079667063
189.7683500042082,2097.8476690798884,-100.76733099444198,202.60552868611853,2109.291999345506,-105.11869073097526,-0.69347657033171,0.0,-0.7204791783257647,3.929013079667063,3.929013079667063
202.60552868611853,2109.291999345506,-105.11869073097526,189.16248069158107,2122.0182360263,-103.02846605191323,-0.69347657033171,0.0,-0.7204791783257647,3.929013079667063,3.929013079667063
189.16248069158107,2122.0182360263,-103.02846605191323,175.7194326970436,2134.7444727070947,-100.9382413728512,-0.69347657033171,0.0,-0.7204791783257647,3.929013079667063,3.929013079667063
176.32530200967074,2110.573905760683,-98.67710631537993,189.16248069158107,2122.0182360263,-103.02846605191323,-0.69347657033171,0.0,-0.7204791783257647,3.929013079667063,3.929013079667063
189.16248069158107,2122.0182360263,-103.02846605191323,201.9996593734914,2133.462566291918,-107.37982578844652,-0.69347657033171,0.0,-0.7204791783257647,3.929013079667063,3.929013079667063
201.9996593734914,2133.462566291918,-107.37982578844652,188.55661137895393,2146.188802972712,-105.2896011093845,-0.69347657033171,0.0,-0.7204791783257647,3.929013079667063,3.929013079667063
188.55661137895393,2146.188802972712,-105.2896011093845,175.1135633844165,2158.915039653507,-103.19937643032246,-0.69347657033171,0.0,-0.7204791783257647,3.929013079667063,3.929013079667063
175.7194326970436,2134.7444727070947,-100.9382413728512,188.55661137895393,2146.188802972712,-105.2896011093845,-0.69347657033171,0.0,-0.7204791783257647,3.929013079667063,3.929013079667063
188.55661137895393,2146.188802972712,-105.2896011093845,201.3937900608643,2157.63313323833,-109.64096084591779,-0.69347657033171,0.0,-0.7204791783257647,3.929013079667063,3.929013079667063
201.3937900608643,2157.6331332383297,-109.64096084591779,187.95074206632682,2170.3593699191238,-107.55073616685576,-0.69347657033171,0.0,-0.7204791783257647,3.929013079667063,3.929013079667063
187.95074206632682,2170.3593699191238,-107.55073616685576,174.50769407178936,2183.0856065999183,-105.46051148779371,-0.69347657033171,0.0,-0.7204791783257647,3.929013079667063,3.929013079667063
175.1135633844165,2158.9150396535065,-103.19937643032246,187.95074206632682,2170.3593699191238,-107.55073616685576,-0.69347657033171,0.0,-0.7204791783257647,3.929013079667063,3.929013079667063
187.95074206632682,2170.3593699191238,-107.55073616685576,200.78792074823716,2181.8037001847415,-111.90209590338904,-0.69347657033171,0.0,-0.7204791783257647,3.929013079667063,3.929013079667063
200.78792074823716,2181.8037001847415,-111.90209590338904,187.3448727536997,2194.529936865536,-109.811871224327,-0.69347657033171,0.0,-0.7204791783257647,3.929013079667063,3.929013079667063
187.3448727536997,2194.529936865536,-109.811871224327,173.90182475916222,2207.2561735463305,-107.72164654526499,-0.69347657033171,0.0,-0.7204791783257647,3.929013079667063,3.929013079667063
174.50769407178936,2183.0856065999183,-105.46051148779371,187.3448727536997,2194.529936865536,-109.811871224327,-0.69347657033171,0.0,-0.7204791783257647,3.929013079667063,3.929013079667063
187.3448727536997,2194.529936865536,-109.811871224327,200.18205143561002,2205.9742671311537,-114.16323096086032,-0.69347657033171,0.0,-0.7204791783257647,3.929013079667063,3.929013079667063
200.18205143561002,2205.9742671311537,-114.16323096086032,186.73900344107258,2218.700503811948,-112.07300628179829,-0.69347657033171,0.0,-0.7204791783257647,3.929013079667063,3.929013079667063
186.73900344107258,2218.700503811948,-112.07300628179829,173.29595544653512,2231.4267404927423,-109.98278160273624,-0.69347657033171,0.0,-0.7204791783257647,3.929013079667063,3.929013079667063
173.90182475916222,2207.2561735463305,-107.72164654526499,186.73900344107258,2218.700503811948,-112.07300628179829,-0.69347657033171,0.0,-0.7204791783257647,3.929013079667063,3.929013079667063
186.73900344107258,2218.700503811948,-112.07300628179829,199.5761821229829,2230.1448340775655,-116.42436601833157,-0.69347657033171,0.0,-0.7204791783257647,3.929013079667063,3.929013079667063
199.5761821229829,2230.1448340775655,-116.42436601833157,186.13313412844545,2242.8710707583596,-114.33414133926954,-0.69347657033171,0.0,-0.7204791783257647,3.929013079667063,3.929013079667063
186.13313412844545,2242.8710707583596,-114.33414133926954,172.69008613390798,2255.597307439154,-112.2439166602075,-0.69347657033171,0.0,-0.7204791783257647,3.929013079667063,3.929013079667063
173.29595544653512,2231.4267404927423,-109.98278160273624,186.13313412844545,2242.8710707583596,-114.33414133926954,-0.69347657033171,0.0,-0.7204791783257647,3.929013079667063,3.929013079667063
186.13313412844545,2242.8710707583596,-114.33414133926954,198.97031281035578,2254.3154010239773,-118.68550107580283,-0.69347657033171,0.0,-0.7204791783257647,3.929013079667063,3.929013079667063
198.97031281035578,2254.3154010239773,-118.68550107580283,185.5272648158183,2267.0416377047713,-116.59527639674081,-0.69347657033171,0.0,-0.7204791783257647,3.929013079667063,3.929013079667063
185.5272648158183,2267.0416377047713,-116.59527639674081,172.08421682128085,2279.767874385566,-114.50505171767878,-0.69347657033171,0.0,-0.7204791783257647,3.929013079667063,3.929013079667063
172.69008613390798,2255.597307439154,-112.2439166602075,185.5272648158183,2267.0416377047713,-116.59527639674081,-0.69347657033171,0.0,-0.7204791783257647,3.929013079667063,3.929013079667063
185.5272648158183,2267.0416377047713,-116.59527639674081,198.36444349772864,2278.485967970389,-120.94663613327411,-0.69347657033171,0.0,-0.7204791783257647,3.929013079667063,3.929013079667063
198.36444349772864,2278.485967970389,-120.94663613327411,184.9213955031912,2291.212204651183,-118.85641145421206,-0.69347657033171,0.0,-0.7204791783257647,3.929013079667063,3.929013079667063
184.9213955031912,2291.212204651183,-118.85641145421206,171.47834750865374,2303.9384413319776,-116.76618677515005,-0.69347657033171,0.0,-0.7204791783257647,3.929013079667063,3.929013079667063
172.08421682128085,2279.767874385566,-114.50505171767878,184.9213955031912,2291.212204651183,-118.85641145421206,-0.69347657033171,0.0,-0.7204791783257647,3.929013079667063,3.929013079667063
184.9213955031912,2291.212204651183,-118.85641145421206,197.75857418510154,2302.656534916801,-123.20777119074538,-0.69347657033171,0.0,-0.7204791783257647,3.929013079667063,3.929013079667063
233.1901001596457,1192.0923617970325,6.784577579747737,229.10639670648393,1203.5366920626502,-7.336058012395364,0.69347657033171,0.0,-0.7204791783257647,3.929013079667063,3.929013079667063
229.10639670648393,1203.5366920626502,-7.336058012395364,225.02269325332216,1214.9810223282677,-21.45669360453847,0.69347657033171,0.0,-0.7204791783257647,3.929013079667063,3.929013079667063
225.6285625659493,1190.8104553818557,-19.195558547067204,229.10639670648393,1203.5366920626502,-7.336058012395364,0.69347657033171,0.0,-0.7204791783257647,3.929013079667063,3.929013079667063
229.10639670648393,1203.5366920626502,-7.336058012395364,232.58423084701857,1216.2629287434445,4.523442522276473,0.69347657033171,0.0,-0.7204791783257647,3.929013079667063,3.929013079667063
232.58423084701857,1216.2629287434445,4.523442522276473,228.5005273938568,1227.707259009062,-9.597193069866629,0.69347657033171,0.0,-0.7204791783257647,3.929013079667063,3.929013079667063
228.5005273938568,1227.707259009062,-9.597193069866629,224.41682394069502,1239.1515892746795,-23.717828662009733,0.69347657033171,0.0,-0.7204791783257647,3.929013079667063,3.929013079667063
225.02269325332216,1214.9810223282677,-21.45669360453847,228.5005273938568,1227.707259009062,-9.597193069866629,0.69347657033171,0.0,-0.7204791783257647,3.929013079667063,3.929013079667063
228.5005273938568,1227.707259009062,-9.597193069866629,231.97836153439144,1240.4334956898563,2.2623074648052075,0.69347657033171,0.0,-0.7204791783257647,3.929013079667063,3.929013079667063
231.97836153439144,1240.4334956898563,2.2623074648052075,227.89465808122966,1251.8778259554738,-11.858328127337895,0.69347657033171,0.0,-0.7204791783257647,3.929013079667063,3.929013079667063
227.89465808122966,1251.8778259554738,-11.858328127337895,223.81095462806792,1263.3221562210913,-25.978963719480998,0.69347657033171,0.0,-0.7204791783257647,3.929013079667063,3.929013079667063
224.41682394069502,1239.1515892746795,-23.717828662009733,227.89465808122966,1251.8778259554738,-11.858328127337895,0.69347657033171,0.0,-0.7204791783257647,3.929013079667063,3.929013079667063
227.89465808122966,1251.8778259554738,-11.858328127337895,231.37249222176433,1264.604062636268,0.0011724073339429708,0.69347657033171,0.0,-0.7204791783257647,3.929013079667063,3.929013079667063
231.37249222176433,1264.604062636268,0.0011724073339429708,227.28878876860256,1276.0483929018858,-14.11946318480916,0.69347657033171,0.0,-0.7204791783257647,3.929013079667063,3.929013079667063
227.28878876860256,1276.0483929018858,-14.11946318480916,223.20508531544078,1287.4927231675033,-28.240098776952262,0.69347657033171,0.0,-0.7204791783257647,3.929013079667063,3.929013079667063
223.81095462806792,1263.3221562210913,-25.978963719480998,227.28878876860256,1276.0483929018858,-14.11946318480916,0.69347657033171,0.0,-0.7204791783257647,3.929013079667063,3.929013079667063
227.28878876860256,1276.0483929018858,-14.11946318480916,230.7666229091372,1288.77462958268,-2.2599626501373216,0.69347657033171,0.0,-0.7204791783257647,3.929013079667063,3.929013079667063
230.7666229091372,1288.77462958268,-2.2599626501373216,226.68291945597542,1300.2189598482976,-16.38059824228042,0.69347657033171,0.0,-0.7204791783257647,3.929013079667063,3.929013079667063
226.68291945597542,1300.2189598482976,-16.38059824228042,222.59921600281365,1311.663290113915,-30.50123383442353,0.69347657033171,0.0,-0.7204791783257647,3.929013079667063,3.929013079667063
223.20508531544078,1287.4927231675033,-28.240098776952262,226.68291945597542,1300.2189598482976,-16.38059824228042,0.69347657033171,0.0,-0.7204791783257647,3.929013079667063,3.929013079667063
226.68291945597542,1300.2189598482976,-16.38059824228042,230.16075359651006,1312.9451965290918,-4.521097707608588,0.69347657033171,0.0,-0.7204791783257647,3.929013079667063,3.929013079667063
230.16075359651006,1312.9451965290918,-4.521097707608586,226.0770501433483,1324.3895267947094,-18.64173329975169,0.69347657033171,0.0,-0.7204791783257647,3.929013079667063,3.929013079667063
226.0770501433483,1324.3895267947094,-18.64173329975169,221.99334669018654,1335.8338570603269,-32.762368891894795,0.69347657033171,0.0,-0.7204791783257647,3.929013079667063,3.929013079667063
222.59921600281365,1311.663290113915,-30.501233834423527,226.0770501433483,1324.3895267947094,-18.64173329975169,0.69347657033171,0.0,-0.7204791783257647,3.929013079667063,3.929013079667063
226.0770501433483,1324.3895267947094,-18.64173329975169,229.55488428388296,1337.1157634755036,-6.782232765079851,0.69347657033171,0.0,-0.7204791783257647,3.929013079667063,3.929013079667063
229.55488428388296,1337.1157634755036,-6.782232765079851,225.47118083072118,1348.5600937411214,-20.902868357222953,0.69347657033171,0.0,-0.7204791783257647,3.929013079667063,3.929013079667063
225.47118083072118,1348.5600937411214,-20.902868357222953,221.3874773775594,1360.0044240067389,-35.02350394936606,0.69347657033171,0.0,-0.7204791783257647,3.929013079667063,3.929013079667063
221.99334669018654,1335.8338570603269,-32.762368891894795,225.47118083072118,1348.5600937411214,-20.902868357222953,0.69347657033171,0.0,-0.7204791783257647,3.929013079667063,3.929013079667063
225.47118083072118,1348.5600937411214,-20.902868357222953,228.94901497125582,1361.2863304219156,-9.043367822551115,0.69347657033171,0.0,-0.7204791783257647,3.929013079667063,3.929013079667063
228.94901497125582,1361.2863304219156,-9.043367822551115,224.86531151809405,1372.7306606875331,-23.164003414694218,0.69347657033171,0.0,-0.7204791783257647,3.929013079667063,3.929013079667063
224.86531151809405,1372.7306606875331,-23.164003414694218,220.78160806493227,1384.1749909531507,-37.284639006837324,0.69347657033171,0.0,-0.7204791783257647,3.929013079667063,3.929013079667063
221.3874773775594,1360.0044240067389,-35.02350394936606,224.86531151809405,1372.7306606875331,-23.164003414694218,0.69347657033171,0.0,-0.7204791783257647,3.929013079667063,3.929013079667063
224.86531151809405,1372.7306606875331,-23.164003414694218,228.34314565862869,1385.4568973683274,-11.304502880022383,0.69347657033171,0.0,-0.7204791783257647,3.929013079667063,3.929013079667063
228.34314565862869,1385.4568973683274,-11.304502880022383,224.25944220546694,1396.901227633945,-25.425138472165482,0.69347657033171,0.0,-0.7204791783257647,3.929013079667063,3.929013079667063
224.25944220546694,1396.901227633945,-25.425138472165482,220.17573875230516,1408.3455578995624,-39.54577406430859,0.69347657033171,0.0,-0.7204791783257647,3.929013079667063,3.929013079667063
220.78160806493227,1384.1749909531507,-37.284639006837324,224.25944220546694,1396.901227633945,-25.425138472165482,0.69347657033171,0.0,-0.7204791783257647,3.929013079667063,3.929013079667063
224.25944220546694,1396.901227633945,-25.425138472165482,227.73727634600158,1409.6274643147392,-13.565637937493648,0.69347657033171,0.0,-0.7204791783257647,3.929013079667063,3.929013079667063
227.73727634600158,1409.6274643147392,-13.565637937493648,223.6535728928398,1421.071794580357,-27.68627352963675,0.69347657033171,0.0,-0.7204791783257647,3.929013079667063,3.929013079667063
223.6535728928398,1421.071794580357,-27.68627352963675,219.56986943967803,1432.5161248459744,-41.80690912177985,0.69347657033171,0.0,-0.7204791783257647,3.929013079667063,3.929013079667063
220.17573875230516,1408.3455578995624,-39.54577406430859,223.6535728928398,1421.071794580357,-27.68627352963675,0.69347657033171,0.0,-0.7204791783257647,3.929013079667063,3.929013079667063
223.6535728928398,1421.071794580357,-27.68627352963675,227.13140703337444,1433.7980312611512,-15.826772994964916,0.69347657033171,0.0,-0.7204791783257647,3.929013079667063,3.929013079667063
227.13140703337444,1433.798031261151,-15.826772994964905,223.04770358021267,1445.2423615267687,-29.94740858710801,0.69347657033171,0.0,-0.7204791783257647,3.929013079667063,3.929013079667063
223.04770358021267,1445.2423615267687,-29.94740858710801,218.9640001270509,1456.6866917923862,-44.06804417925112,0.69347657033171,0.0,-0.7204791783257647,3.929013079667063,3.929013079667063
219.56986943967803,1432.5161248459742,-41.806909121779846,223.04770358021267,1445.2423615267687,-29.94740858710801,0.69347657033171,0.0,-0.7204791783257647,3.929013079667063,3.929013079667063
223.04770358021267,1445.2423615267687,-29.94740858710801,226.5255377207473,1457.968598207563,-18.087908052436177,0.69347657033171,0.0,-0.7204791783257647,3.929013079667063,3.929013079667063
226.5255377207473,1457.968598207563,-18.087908052436177,222.44183426758553,1469.4129284731807,-32.20854364457928,0.69347657033171,0.0,-0.7204791783257647,3.929013079667063,3.929013079667063
222.44183426758553,1469.4129284731807,-32.20854364457928,218.3581308144238,1480.857258738798,-46.32917923672238,0.69347657033171,0.0,-0.7204791783257647,3.929013079667063,3.929013079667063
218.9640001270509,1456.6866917923862,-44.06804417925112,222.44183426758553,1469.4129284731807,-32.20854364457928,0.69347657033171,0.0,-0.7204791783257647,3.929013079667063,3.929013079667063
222.44183426758553,1469.4129284731807,-32.20854364457928,225.9196684081202,1482.1391651539748,-20.349043109907438,0.69347657033171,0.0,-0.7204791783257647,3.929013079667063,3.929013079667063
225.9196684081202,1482.139165153975,-20.34904310990745,221.83596495495843,1493.5834954195925,-34.469678702050544,0.69347657033171,0.0,-0.7204791783257647,3.929013079667063,3.929013079667063
221.83596495495843,1493.5834954195925,-34.469678702050544,217.75226150179665,1505.02782568521,-48.59031429419365,0.69347657033171,0.0,-0.7204791783257647,3.929013079667063,3.929013079667063
218.3581308144238,1480.8572587387982,-46.32917923672239,221.83596495495843,1493.5834954195925,-34.469678702050544,0.69347657033171,0.0,-0.7204791783257647,3.929013079667063,3.929013079667063
221.83596495495843,1493.5834954195925,-34.469678702050544,225.31379909549307,1506.3097321003868,-22.610178167378706,0.69347657033171,0.0,-0.7204791783257647,3.929013079667063,3.929013079667063
225.31379909549307,1506.3097321003868,-22.610178167378706,221.2300956423313,1517.7540623660043,-36.730813759521816,0.69347657033171,0.0,-0.7204791783257647,3.929013079667063,3.929013079667063
221.2300956423313,1517.7540623660043,-36.730813759521816,217.14639218916952,1529.1983926316218,-50.85144935166491,0.69347657033171,0.0,-0.7204791783257647,3.929013079667063,3.929013079667063
217.75226150179665,1505.02782568521,-48.59031429419365,221.2300956423313,1517.7540623660043,-36.730813759521816,0.69347657033171,0.0,-0.7204791783257647,3.929013079667063,3.929013079667063
221.2300956423313,1517.7540623660043,-36.730813759521816,224.70792978286593,1530.4802990467986,-24.87131322484997,0.69347657033171,0.0,-0.7204791783257647,3.929013079667063,3.929013079667063
224.70792978286593,1530.4802990467986,-24.87131322484997,220.6242263297042,1541.924629312416,-38.99194881699307,0.69347657033171,0.0,-0.7204791783257647,3.929013079667063,3.929013079667063
220.6242263297042,1541.924629312416,-38.99194881699307,216.5405228765424,1553.3689595780336,-53.11258440913617,0.69347657033171,0.0,-0.7204791783257647,3.929013079667063,3.929013079667063
217.14639218916952,1529.1983926316218,-50.85144935166491,220.6242263297042,1541.924629312416,-38.99194881699307,0.69347657033171,0.0,-0.7204791783257647,3.929013079667063,3.929013079667063
220.6242263297042,1541.924629312416,-38.99194881699307,224.10206047023883,1554.6508659932103,-27.132448282321228,0.69347657033171,0.0,-0.7204791783257647,3.929013079667063,3.929013079667063
224.10206047023883,1554.6508659932106,-27.132448282321242,220.01835701707705,1566.0951962588279,-41.25308387446434,0.69347657033171,0.0,-0.7204791783257647,3.929013079667063,3.929013079667063
220.01835701707705,1566.0951962588279,-41.25308387446434,215.93465356391528,1577.5395265244456,-55.37371946660744,0.69347657033171,0.0,-0.7204791783257647,3.929013079667063,3.929013079667063
216.5405228765424,1553.3689595780338,-53.11258440913618,220.01835701707705,1566.0951962588279,-41.25308387446434,0.69347657033171,0.0,-0.7204791783257647,3.929013079667063,3.929013079667063
220.01835701707705,1566.0951962588279,-41.25308387446434,223.4961911576117,1578.8214329396224,-29.3935833397925,0.69347657033171,0.0,-0.7204791783257647,3.929013079667063,3.929013079667063
223.4961911576117,1578.8214329396224,-29.3935833397925,219.41248770444992,1590.2657632052399,-43.5142189319356,0.69347657033171,0.0,-0.7204791783257647,3.929013079667063,3.929013079667063
219.41248770444992,1590.2657632052399,-43.5142189319356,215.32878425128817,1601.7100934708574,-57.6348545240787,0.69347657033171,0.0,-0.7204791783257647,3.929013079667063,3.929013079667063
215.93465356391528,1577.5395265244456,-55.37371946660744,219.41248770444992,1590.2657632052399,-43.5142189319356,0.69347657033171,0.0,-0.7204791783257647,3.929013079667063,3.929013079667063
219.41248770444992,1590.2657632052399,-43.5142189319356,222.89032184498458,1602.9919998860341,-31.654718397263757,0.69347657033171,0.0,-0.7204791783257647,3.929013079667063,3.929013079667063
222.89032184498456,1602.9919998860344,-31.65471839726377,218.8066183918228,1614.4363301516516,-45.77535398940687,0.69347657033171,0.0,-0.7204791783257647,3.929013079667063,3.929013079667063
218.8066183918228,1614.4363301516516,-45.77535398940687,214.72291493866103,1625.8806604172694,-59.89598958154997,0.69347657033171,0.0,-0.7204791783257647,3.929013079667063,3.929013079667063
215.32878425128814,1601.7100934708576,-57.63485452407871,218.8066183918228,1614.4363301516516,-45.77535398940687,0.69347657033171,0.0,-0.7204791783257647,3.929013079667063,3.929013079667063
218.8066183918228,1614.4363301516516,-45.77535398940687,222.28445253235745,1627.1625668324461,-33.91585345473503,0.69347657033171,0.0,-0.7204791783257647,3.929013079667063,3.929013079667063
222.28445253235745,1627.1625668324461,-33.91585345473503,218.20074907919567,1638.6068970980637,-48.03648904687814,0.69347657033171,0.0,-0.7204791783257647,3.929013079667063,3.929013079667063
218.20074907919567,1638.6068970980637,-48.03648904687814,214.1170456260339,1650.0512273636812,-62.157124639021234,0.69347657033171,0.0,-0.7204791783257647,3.929013079667063,3.929013079667063
214.72291493866103,1625.8806604172694,-59.89598958154997,218.20074907919567,1638.6068970980637,-48.03648904687814,0.69347657033171,0.0,-0.7204791783257647,3.929013079667063,3.929013079667063
218.20074907919567,1638.6068970980637,-48.03648904687814,221.6785832197303,1651.333133778858,-36.17698851220629,0.69347657033171,0.0,-0.7204791783257647,3.929013079667063,3.929013079667063
221.6785832197303,1651.333133778858,-36.17698851220629,217.59487976656854,1662.7774640444754,-50.297624104349396,0.69347657033171,0.0,-0.7204791783257647,3.929013079667063,3.929013079667063
217.59487976656854,1662.7774640444754,-50.297624104349396,213.5111763134068,1674.221794310093,-64.4182596964925,0.69347657033171,0.0,-0.7204791783257647,3.929013079667063,3.929013079667063
214.1170456260339,1650.0512273636812,-62.157124639021234,217.59487976656854,1662.7774640444754,-50.297624104349396,0.69347657033171,0.0,-0.7204791783257647,3.929013079667063,3.929013079667063
217.59487976656854,1662.7774640444754,-50.297624104349396,221.0727139071032,1675.5037007252697,-38.43812356967755,0.69347657033171,0.0,-0.7204791783257647,3.929013079667063,3.929013079667063
221.07271390710318,1675.5037007252697,-38.438123569677565,216.98901045394143,1686.9480309908872,-52.55875916182066,0.69347657033171,0.0,-0.7204791783257647,3.929013079667063,3.929013079667063
216.98901045394143,1686.9480309908872,-52.55875916182066,212.90530700077966,1698.3923612565047,-66.67939475396376,0.69347657033171,0.0,-0.7204791783257647,3.929013079667063,3.929013079667063
213.51117631340676,1674.221794310093,-64.4182596964925,216.98901045394143,1686.9480309908872,-52.55875916182066,0.69347657033171,0.0,-0.7204791783257647,3.929013079667063,3.929013079667063
216.98901045394143,1686.9480309908872,-52.55875916182066,220.46684459447607,1699.6742676716815,-40.69925862714882,0.69347657033171,0.0,-0.7204791783257647,3.929013079667063,3.929013079667063
220.46684459447607,1699.6742676716815,-40.69925862714882,216.3831411413143,1711.118597937299,-54.81989421929193,0.69347657033171,0.0,-0.7204791783257647,3.929013079667063,3.929013079667063
216.3831411413143,1711.118597937299,-54.81989421929193,212.29943768815252,1722.5629282029165,-68.94052981143503,0.69347657033171,0.0,-0.7204791783257647,3.929013079667063,3.929013079667063
212.90530700077966,1698.3923612565047,-66.67939475396376,216.3831411413143,1711.118597937299,-54.81989421929193,0.69347657033171,0.0,-0.7204791783257647,3.929013079667063,3.929013079667063
216.3831411413143,1711.118597937299,-54.81989421929193,219.86097528184894,1723.8448346180933,-42.96039368462009,0.69347657033171,0.0,-0.7204791783257647,3.929013079667063,3.929013079667063
219.86097528184894,1723.8448346180933,-42.96039368462009,215.77727182868716,1735.289164883711,-57.08102927676319,0.69347657033171,0.0,-0.7204791783257647,3.929013079667063,3.929013079667063
215.77727182868716,1735.289164883711,-57.08102927676319,211.69356837552542,1746.7334951493285,-71.20166486890629,0.69347657033171,0.0,-0.7204791783257647,3.929013079667063,3.929013079667063
212.29943768815252,1722.5629282029165,-68.94052981143503,215.77727182868716,1735.289164883711,-57.08102927676319,0.69347657033171,0.0,-0.7204791783257647,3.929013079667063,3.929013079667063
215.77727182868716,1735.289164883711,-57.08102927676319,219.25510596922183,1748.0154015645053,-45.22152874209135,0.69347657033171,0.0,-0.7204791783257647,3.929013079667063,3.929013079667063
219.25510596922183,1748.015401564505,-45.221528742091344,215.17140251606006,1759.4597318301228,-59.34216433423445,0.69347657033171,0.0,-0.7204791783257647,3.929013079667063,3.929013079667063
215.17140251606006,1759.4597318301228,-59.34216433423445,211.08769906289828,1770.9040620957405,-73.46279992637756,0.69347657033171,0.0,-0.7204791783257647,3.929013079667063,3.929013079667063
211.69356837552542,1746.7334951493283,-71.20166486890628,215.17140251606006,1759.4597318301228,-59.34216433423445,0.69347657033171,0.0,-0.7204791783257647,3.929013079667063,3.929013079667063
215.17140251606006,1759.4597318301228,-59.34216433423445,218.6492366565947,1772.1859685109173,-47.482663799562616,0.69347657033171,0.0,-0.7204791783257647,3.929013079667063,3.929013079667063
218.6492366565947,1772.1859685109173,-47.482663799562616,214.56553320343292,1783.6302987765348,-61.60329939170572,0.69347657033171,0.0,-0.7204791783257647,3.929013079667063,3.929013079667063
214.56553320343292,1783.6302987765348,-61.60329939170572,210.48182975027115,1795.0746290421523,-75.72393498384884,0.69347657033171,0.0,-0.7204791783257647,3.929013079667063,3.929013079667063
211.08769906289828,1770.9040620957405,-73.46279992637756,214.56553320343292,1783.6302987765348,-61.60329939170572,0.69347657033171,0.0,-0.7204791783257647,3.929013079667063,3.929013079667063
214.56553320343292,1783.6302987765348,-61.60329939170572,218.04336734396756,1796.356535457329,-49.74379885703389,0.69347657033171,0.0,-0.7204791783257647,3.929013079667063,3.929013079667063
218.04336734396756,1796.356535457329,-49.74379885703387,213.9596638908058,1807.8008657229466,-63.86443444917698,0.69347657033171,0.0,-0.7204791783257647,3.929013079667063,3.929013079667063
213.9596638908058,1807.8008657229466,-63.86443444917698,209.87596043764404,1819.245195988564,-77.98507004132009,0.69347657033171,0.0,-0.7204791783257647,3.929013079667063,3.929013079667063
210.48182975027115,1795.0746290421523,-75.7239349838488,213.9596638908058,1807.8008657229466,-63.86443444917698,0.69347657033171,0.0,-0.7204791783257647,3.929013079667063,3.929013079667063
213.9596638908058,1807.8008657229466,-63.86443444917698,217.43749803134045,1820.5271024037409,-52.004933914505145,0.69347657033171,0.0,-0.7204791783257647,3.929013079667063,3.929013079667063
217.43749803134045,1820.5271024037409,-52.004933914505145,213.35379457817868,1831.9714326693584,-66.12556950664825,0.69347657033171,0.0,-0.7204791783257647,3.929013079667063,3.929013079667063
213.35379457817868,1831.9714326693584,-66.12556950664825,209.2700911250169,1843.4157629349759,-80.24620509879136,0.69347657033171,0.0,-0.7204791783257647,3.929013079667063,3.929013079667063
209.87596043764404,1819.245195988564,-77.98507004132009,213.35379457817868,1831.9714326693584,-66.12556950664825,0.69347657033171,0.0,-0.7204791783257647,3.929013079667063,3.929013079667063
213.35379457817868,1831.9714326693584,-66.12556950664825,216.83162871871332,1844.6976693501526,-54.26606897197642,0.69347657033171,0.0,-0.7204791783257647,3.929013079667063,3.929013079667063
216.83162871871332,1844.6976693501526,-54.26606897197641,212.74792526555154,1856.1419996157701,-68.38670456411951,0.69347657033171,0.0,-0.7204791783257647,3.929013079667063,3.929013079667063
212.74792526555154,1856.1419996157701,-68.38670456411951,208.66422181238977,1867.5863298813879,-82.50734015626261,0.69347657033171,0.0,-0.7204791783257647,3.929013079667063,3.929013079667063
209.2700911250169,1843.4157629349759,-80.24620509879135,212.74792526555154,1856.1419996157701,-68.38670456411951,0.69347657033171,0.0,-0.7204791783257647,3.929013079667063,3.929013079667063
212.74792526555154,1856.1419996157701,-68.38670456411951,216.22575940608618,1868.8682362965646,-56.527204029447674,0.69347657033171,0.0,-0.7204791783257647,3.929013079667063,3.929013079667063
216.2257594060862,1868.8682362965644,-56.52720402944766,212.14205595292444,1880.312566562182,-70.64783962159076,0.69347657033171,0.0,-0.7204791783257647,3.929013079667063,3.929013079667063
212.14205595292444,1880.312566562182,-70.64783962159076,208.05835249976266,1891.7568968277997,-84.76847521373388,0.69347657033171,0.0,-0.7204791783257647,3.929013079667063,3.929013079667063
208.6642218123898,1867.5863298813877,-82.5073401562626,212.14205595292444,1880.312566562182,-70.64783962159076,0.69347657033171,0.0,-0.7204791783257647,3.929013079667063,3.929013079667063
212.14205595292444,1880.312566562182,-70.64783962159076,215.61989009345908,1893.0388032429764,-58.78833908691894,0.69347657033171,0.0,-0.7204791783257647,3.929013079667063,3.929013079667063
215.61989009345908,1893.0388032429764,-58.78833908691894,211.5361866402973,1904.483133508594,-72.90897467906204,0.69347657033171,0.0,-0.7204791783257647,3.929013079667063,3.929013079667063
211.5361866402973,1904.483133508594,-72.90897467906204,207.45248318713553,1915.9274637742117,-87.02961027120514,0.69347657033171,0.0,-0.7204791783257647,3.929013079667063,3.929013079667063
208.05835249976266,1891.7568968277997,-84.76847521373388,211.5361866402973,1904.483133508594,-72.90897467906204,0.69347657033171,0.0,-0.7204791783257647,3.929013079667063,3.929013079667063
211.5361866402973,1904.483133508594,-72.90897467906204,215.01402078083194,1917.2093701893884,-61.0494741443902,0.69347657033171,0.0,-0.7204791783257647,3.929013079667063,3.929013079667063
215.01402078083194,1917.2093701893882,-61.0494741443902,210.93031732767017,1928.653700455006,-75.17010973653329,0.69347657033171,0.0,-0.7204791783257647,3.929013079667063,3.929013079667063
210.93031732767017,1928.653700455006,-75.17010973653329,206.8466138745084,1940.0980307206235,-89.29074532867641,0.69347657033171,0.0,-0.7204791783257647,3.929013079667063,3.929013079667063
207.45248318713553,1915.9274637742114,-87.02961027120514,210.93031732767017,1928.653700455006,-75.17010973653329,0.69347657033171,0.0,-0.7204791783257647,3.929013079667063,3.929013079667063
210.93031732767017,1928.653700455006,-75.17010973653329,214.4081514682048,1941.3799371358002,-63.31060920186147,0.69347657033171,0.0,-0.7204791783257647,3.929013079667063,3.929013079667063
214.4081514682048,1941.3799371358002,-63.31060920186147,210.32444801504306,1952.8242674014177,-77.43124479400457,0.69347657033171,0.0,-0.7204791783257647,3.929013079667063,3.929013079667063
210.32444801504306,1952.8242674014177,-77.43124479400457,206.2407445618813,1964.2685976670352,-91.55188038614769,0.69347657033171,0.0,-0.7204791783257647,3.929013079667063,3.929013079667063
206.8466138745084,1940.0980307206235,-89.29074532867641,210.32444801504306,1952.8242674014177,-77.43124479400457,0.69347657033171,0.0,-0.7204791783257647,3.929013079667063,3.929013079667063
210.32444801504306,1952.8242674014177,-77.43124479400457,213.8022821555777,1965.550504082212,-65.57174425933275,0.69347657033171,0.0,-0.7204791783257647,3.929013079667063,3.929013079667063
213.8022821555777,1965.550504082212,-65.57174425933273,209.71857870241593,1976.9948343478295,-79.69237985147583,0.69347657033171,0.0,-0.7204791783257647,3.929013079667063,3.929013079667063
209.71857870241593,1976.9948343478295,-79.69237985147583,205.63487524925415,1988.439164613447,-93.81301544361894,0.69347657033171,0.0,-0.7204791783257647,3.929013079667063,3.929013079667063
206.2407445618813,1964.2685976670352,-91.55188038614767,209.71857870241593,1976.9948343478295,-79.69237985147583,0.69347657033171,0.0,-0.7204791783257647,3.929013079667063,3.929013079667063
209.71857870241593,1976.9948343478295,-79.69237985147583,213.19641284295056,1989.7210710286238,-67.832879316804,0.69347657033171,0.0,-0.7204791783257647,3.929013079667063,3.929013079667063
213.19641284295056,1989.7210710286238,-67.832879316804,209.1127093897888,2001.165401294241,-81.95351490894708,0.69347657033171,0.0,-0.7204791783257647,3.929013079667063,3.929013079667063
209.1127093897888,2001.165401294241,-81.95351490894708,205.02900593662704,2012.6097315598588,-96.0741505010902,0.69347657033171,0.0,-0.7204791783257647,3.929013079667063,3.929013079667063
205.63487524925415,1988.439164613447,-93.81301544361894,209.1127093897888,2001.165401294241,-81.95351490894708,0.69347657033171,0.0,-0.7204791783257647,3.929013079667063,3.929013079667063
209.1127093897888,2001.165401294241,-81.95351490894708,212.59054353032346,2013.8916379750356,-70.09401437427526,0.69347657033171,0.0,-0.7204791783257647,3.929013079667063,3.929013079667063
212.59054353032346,2013.8916379750356,-70.09401437427526,208.50684007716168,2025.3359682406528,-84.21464996641836,0.69347657033171,0.0,-0.7204791783257647,3.929013079667063,3.929013079667063
208.50684007716168,2025.3359682406528,-84.21464996641836,204.4231366239999,2036.7802985062706,-98.33528555856147,0.69347657033171,0.0,-0.7204791783257647,3.929013079667063,3.929013079667063
205.02900593662704,2012.6097315598588,-96.0741505010902,208.50684007716168,2025.3359682406528,-84.21464996641836,0.69347657033171,0.0,-0.7204791783257647,3.929013079667063,3.929013079667063
208.50684007716168,2025.3359682406528,-84.21464996641836,211.98467421769632,2038.0622049214473,-72.35514943174653,0.69347657033171,0.0,-0.7204791783257647,3.929013079667063,3.929013079667063
211.98467421769632,2038.0622049214473,-72.35514943174653,207.90097076453455,2049.5065351870644,-86.47578502388961,0.69347657033171,0.0,-0.7204791783257647,3.929013079667063,3.929013079667063
207.90097076453455,2049.5065351870644,-86.47578502388961,203.81726731137277,2060.9508654526826,-100.59642061603273,0.69347657033171,0.0,-0.7204791783257647,3.929013079667063,3.929013079667063
204.4231366239999,2036.7802985062706,-98.33528555856147,207.90097076453455,2049.5065351870644,-86.47578502388961,0.69347657033171,0.0,-0.7204791783257647,3.929013079667063,3.929013079667063
207.90097076453455,2049.5065351870644,-86.47578502388961,211.3788049050692,2062.2327718678594,-74.61628448921779,0.69347657033171,0.0,-0.7204791783257647,3.929013079667063,3.929013079667063
211.3788049050692,2062.2327718678594,-74.61628448921779,207.2951014519074,2073.6771021334766,-88.73692008136089,0.69347657033171,0.0,-0.7204791783257647,3.929013079667063,3.929013079667063
207.2951014519074,2073.6771021334766,-88.73692008136089,203.21139799874564,2085.1214323990944,-102.85755567350401,0.69347657033171,0.0,-0.7204791783257647,3.929013079667063,3.929013079667063
203.81726731137277,2060.9508654526826,-100.59642061603273,207.2951014519074,2073.6771021334766,-88.73692008136089,0.69347657033171,0.0,-0.7204791783257647,3.929013079667063,3.929013079667063
207.2951014519074,2073.6771021334766,-88.73692008136089,210.77293559244205,2086.403338814271,-76.87741954668907,0.69347657033171,0.0,-0.7204791783257647,3.929013079667063,3.929013079667063
210.77293559244208,2086.403338814271,-76.87741954668905,206.6892321392803,2097.8476690798884,-90.99805513883216,0.69347657033171,0.0,-0.7204791783257647,3.929013079667063,3.929013079667063
206.6892321392803,2097.8476690798884,-90.99805513883216,202.60552868611853,2109.291999345506,-105.11869073097526,0.69347657033171,0.0,-0.7204791783257647,3.929013079667063,3.929013079667063
203.21139799874567,2085.1214323990944,-102.857555673504,206.6892321392803,2097.8476690798884,-90.99805513883216,0.69347657033171,0.0,-0.7204791783257647,3.929013079667063,3.929013079667063
206.6892321392803,2097.8476690798884,-90.99805513883216,210.16706627981495,2110.573905760683,-79.13855460416032,0.69347657033171,0.0,-0.7204791783257647,3.929013079667063,3.929013079667063
210.16706627981495,2110.573905760683,-79.13855460416032,206.08336282665317,2122.0182360263,-93.25919019630341,0.69347657033171,0.0,-0.7204791783257647,3.929013079667063,3.929013079667063
206.08336282665317,2122.0182360263,-93.25919019630341,201.9996593734914,2133.462566291918,-107.37982578844652,0.69347657033171,0.0,-0.7204791783257647,3.929013079667063,3.929013079667063
202.60552868611853,2109.291999345506,-105.11869073097526,206.08336282665317,2122.0182360263,-93.25919019630341,0.69347657033171,0.0,-0.7204791783257647,3.929013079667063,3.929013079667063
206.08336282665317,2122.0182360263,-93.25919019630341,209.5611969671878,2134.7444727070947,-81.39968966163158,0.69347657033171,0.0,-0.7204791783257647,3.929013079667063,3.929013079667063
209.5611969671878,2134.7444727070947,-81.39968966163158,205.47749351402604,2146.188802972712,-95.52032525377469,0.69347657033171,0.0,-0.7204791783257647,3.929013079667063,3.929013079667063
205.47749351402604,2146.188802972712,-95.52032525377469,201.3937900608643,2157.63313323833,-109.64096084591779,0.69347657033171,0.0,-0.7204791783257647,3.929013079667063,3.929013079667063
201.9996593734914,2133.462566291918,-107.37982578844652,205.47749351402604,2146.188802972712,-95.52032525377469,0.69347657033171,0.0,-0.7204791783257647,3.929013079667063,3.929013079667063
205.47749351402604,2146.188802972712,-95.52032525377469,208.9553276545607,2158.915039653507,-83.66082471910285,0.69347657033171,0.0,-0.7204791783257647,3.929013079667063,3.929013079667063
208.9553276545607,2158.9150396535065,-83.66082471910285,204.87162420139893,2170.3593699191238,-97.78146031124594,0.69347657033171,0.0,-0.7204791783257647,3.929013079667063,3.929013079667063
204.87162420139893,2170.3593699191238,-97.78146031124594,200.78792074823716,2181.8037001847415,-111.90209590338904,0.69347657033171,0.0,-0.7204791783257647,3.929013079667063,3.929013079667063
201.3937900608643,2157.6331332383297,-109.64096084591779,204.87162420139893,2170.3593699191238,-97.78146031124594,0.69347657033171,0.0,-0.7204791783257647,3.929013079667063,3.929013079667063
204.87162420139893,2170.3593699191238,-97.78146031124594,208.34945834193357,2183.0856065999183,-85.9219597765741,0.69347657033171,0.0,-0.7204791783257647,3.929013079667063,3.929013079667063
208.34945834193357,2183.0856065999183,-85.9219597765741,204.2657548887718,2194.529936865536,-100.0425953687172,0.69347657033171,0.0,-0.7204791783257647,3.929013079667063,3.929013079667063
204.2657548887718,2194.529936865536,-100.0425953687172,200.18205143561002,2205.9742671311537,-114.16323096086032,0.69347657033171,0.0,-0.7204791783257647,3.929013079667063,3.929013079667063
200.78792074823716,2181.8037001847415,-111.90209590338904,204.2657548887718,2194.529936865536,-100.0425953687172,0.69347657033171,0.0,-0.7204791783257647,3.929013079667063,3.929013079667063
204.2657548887718,2194.529936865536,-100.0425953687172,207.74358902930643,2207.2561735463305,-88.18309483404538,0.69347657033171,0.0,-0.7204791783257647,3.929013079667063,3.929013079667063
207.74358902930643,2207.2561735463305,-88.18309483404538,203.6598855761447,2218.700503811948,-102.30373042618848,0.69347657033171,0.0,-0.7204791783257647,3.929013079667063,3.929013079667063
203.6598855761447,2218.700503811948,-102.30373042618848,199.5761821229829,2230.1448340775655,-116.42436601833157,0.69347657033171,0.0,-0.7204791783257647,3.929013079667063,3.929013079667063
200.18205143561002,2205.9742671311537,-114.16323096086032,203.6598855761447,2218.700503811948,-102.30373042618848,0.69347657033171,0.0,-0.7204791783257647,3.929013079667063,3.929013079667063
203.6598855761447,2218.700503811948,-102.30373042618848,207.13771971667933,2231.4267404927423,-90.44422989151663,0.69347657033171,0.0,-0.7204791783257647,3.929013079667063,3.929013079667063
207.13771971667933,2231.4267404927423,-90.44422989151663,203.05401626351755,2242.8710707583596,-104.56486548365973,0.69347657033171,0.0,-0.7204791783257647,3.929013079667063,3.929013079667063
203.05401626351755,2242.8710707583596,-104.56486548365973,198.97031281035578,2254.3154010239773,-118.68550107580283,0.69347657033171,0.0,-0.7204791783257647,3.929013079667063,3.929013079667063
199.5761821229829,2230.1448340775655,-116.42436601833157,203.05401626351755,2242.8710707583596,-104.56486548365973,0.69347657033171,0.0,-0.7204791783257647,3.929013079667063,3.929013079667063
203.05401626351755,2242.8710707583596,-104.56486548365973,206.5318504040522,2255.597307439154,-92.70536494898789,0.69347657033171,0.0,-0.7204791783257647,3.929013079667063,3.929013079667063
206.5318504040522,2255.597307439154,-92.70536494898789,202.44814695089042,2267.0416377047713,-106.826000541131,0.69347657033171,0.0,-0.7204791783257647,3.929013079667063,3.929013079667063
202.44814695089042,2267.0416377047713,-106.826000541131,198.36444349772864,2278.485967970389,-120.94663613327411,0.69347657033171,0.0,-0.7204791783257647,3.929013079667063,3.929013079667063
198.97031281035578,2254.3154010239773,-118.68550107580283,202.44814695089042,2267.0416377047713,-106.826000541131,0.69347657033171,0.0,-0.7204791783257647,3.929013079667063,3.929013079667063
202.44814695089042,2267.0416377047713,-106.826000541131,205.92598109142506,2279.767874385566,-94.96650000645917,0.69347657033171,0.0,-0.7204791783257647,3.929013079667063,3.929013079667063
205.92598109142506,2279.767874385566,-94.96650000645917,201.8422776382633,2291.212204651183,-109.08713559860226,0.69347657033171,0.0,-0.7204791783257647,3.929013079667063,3.929013079667063
201.8422776382633,2291.212204651183,-109.08713559860226,197.75857418510154,2302.656534916801,-123.20777119074538,0.69347657033171,0.0,-0.7204791783257647,3.929013079667063,3.929013079667063
198.36444349772864,2278.485967970389,-120.94663613327411,201.8422776382633,2291.212204651183,-109.08713559860226,0.69347657033171,0.0,-0.7204791783257647,3.929013079667063,3.929013079667063
201.8422776382633,2291.212204651183,-109.08713559860226,205.32011177879795,2303.9384413319776,-97.22763506393044,0.69347657033171,0.0,-0.7204791783257647,3.929013079667063,3.929013079667063
217.0689655172414,1160.187213427769,0.0,229.28194630694162,1184.3577803741807,5.13983149980889,0.0,0.0,1.0,3.929013079667063,3.929013079667063
203.6442461022869,1184.3577803741807,-9.66210161475142,215.85722689198715,1208.5283473205927,-4.522270114942529,0.0,0.0,1.0,3.929013079667063,3.929013079667063
215.85722689198715,1208.5283473205927,-4.522270114942529,228.07020768168738,1232.6989142670045,0.6175613848663621,0.0,0.0,1.0,3.929013079667063,3.929013079667063
229.28194630694162,1184.3577803741807,5.13983149980889,215.85722689198715,1208.5283473205927,-4.522270114942529,0.0,0.0,1.0,3.929013079667063,3.929013079667063
215.85722689198715,1208.5283473205927,-4.522270114942529,202.43250747703266,1232.6989142670045,-14.184371729693947,0.0,0.0,1.0,3.929013079667063,3.929013079667063
202.43250747703266,1232.6989142670045,-14.184371729693947,214.64548826673288,1256.8694812134163,-9.044540229885058,0.0,0.0,1.0,3.929013079667063,3.929013079667063
214.64548826673288,1256.8694812134163,-9.044540229885058,226.85846905643314,1281.0400481598283,-3.904708730076166,0.0,0.0,1.0,3.929013079667063,3.929013079667063
228.07020768168738,1232.6989142670045,0.6175613848663621,214.64548826673288,1256.8694812134163,-9.044540229885058,0.0,0.0,1.0,3.929013079667063,3.929013079667063
214.64548826673288,1256.8694812134163,-9.044540229885058,201.22076885177842,1281.0400481598283,-18.706641844636476,0.0,0.0,1.0,3.929013079667063,3.929013079667063
201.22076885177842,1281.0400481598283,-18.706641844636476,213.43374964147864,1305.21061510624,-13.566810344827585,0.0,0.0,1.0,3.929013079667063,3.929013079667063
213.43374964147864,1305.21061510624,-13.566810344827585,225.64673043117887,1329.3811820526519,-8.426978845018693,0.0,0.0,1.0,3.929013079667063,3.929013079667063
226.85846905643314,1281.0400481598283,-3.904708730076166,213.43374964147864,1305.21061510624,-13.566810344827585,0.0,0.0,1.0,3.929013079667063,3.929013079667063
213.43374964147864,1305.21061510624,-13.566810344827585,200.00903022652415,1329.3811820526519,-23.228911959579,0.0,0.0,1.0,3.929013079667063,3.929013079667063
200.00903022652415,1329.3811820526519,-23.228911959579,212.2220110162244,1353.5517489990636,-18.089080459770116,0.0,0.0,1.0,3.929013079667063,3.929013079667063
212.2220110162244,1353.5517489990636,-18.089080459770116,224.43499180592462,1377.7223159454757,-12.949248959961222,0.0,0.0,1.0,3.929013079667063,3.929013079667063
225.64673043117887,1329.3811820526519,-8.426978845018693,212.2220110162244,1353.5517489990636,-18.089080459770116,0.0,0.0,1.0,3.929013079667063,3.929013079667063
212.2220110162244,1353.5517489990636,-18.089080459770116,198.7972916012699,1377.7223159454757,-27.75118207452153,0.0,0.0,1.0,3.929013079667063,3.929013079667063
198.7972916012699,1377.7223159454757,-27.75118207452153,211.01027239097016,1401.8928828918874,-22.61135057471264,0.0,0.0,1.0,3.929013079667063,3.929013079667063
211.01027239097016,1401.8928828918874,-22.61135057471264,223.22325318067038,1426.0634498382992,-17.471519074903753,0.0,0.0,1.0,3.929013079667063,3.929013079667063
224.43499180592462,1377.7223159454757,-12.949248959961222,211.01027239097016,1401.8928828918874,-22.61135057471264,0.0,0.0,1.0,3.929013079667063,3.929013079667063
211.01027239097016,1401.8928828918874,-22.61135057471264,197.58555297601566,1426.0634498382992,-32.27345218946406,0.0,0.0,1.0,3.929013079667063,3.929013079667063
197.58555297601566,1426.0634498382992,-32.27345218946406,209.7985337657159,1450.2340167847112,-27.13362068965517,0.0,0.0,1.0,3.929013079667063,3.929013079667063
209.7985337657159,1450.2340167847112,-27.13362068965517,222.01151455541614,1474.404583731123,-21.993789189846282,0.0,0.0,1.0,3.929013079667063,3.929013079667063
223.22325318067038,1426.0634498382992,-17.471519074903753,209.7985337657159,1450.2340167847112,-27.13362068965517,0.0,0.0,1.0,3.929013079667063,3.929013079667063
209.7985337657159,1450.2340167847112,-27.13362068965517,196.37381435076142,1474.404583731123,-36.795722304406596,0.0,0.0,1.0,3.929013079667063,3.929013079667063
196.37381435076142,1474.404583731123,-36.795722304406596,208.58679514046165,1498.5751506775348,-31.655890804597696,0.0,0.0,1.0,3.929013079667063,3.929013079667063
208.58679514046165,1498.5751506775348,-31.655890804597696,220.79977593016187,1522.7457176239468,-26.51605930478881,0.0,0.0,1.0,3.929013079667063,3.929013079667063
222.01151455541614,1474.404583731123,-21.993789189846282,208.58679514046165,1498.5751506775348,-31.655890804597696,0.0,0.0,1.0,3.929013079667063,3.929013079667063
208.58679514046165,1498.5751506775348,-31.655890804597696,195.16207572550715,1522.7457176239468,-41.317992419349125,0.0,0.0,1.0,3.929013079667063,3.929013079667063
195.16207572550715,1522.7457176239466,-41.31799241934912,207.3750565152074,1546.9162845703586,-36.17816091954023,0.0,0.0,1.0,3.929013079667063,3.929013079667063
207.3750565152074,1546.9162845703586,-36.17816091954023,219.58803730490763,1571.0868515167704,-31.038329419731333,0.0,0.0,1.0,3.929013079667063,3.929013079667063
220.79977593016187,1522.7457176239466,-26.516059304788804,207.3750565152074,1546.9162845703586,-36.17816091954023,0.0,0.0,1.0,3.929013079667063,3.929013079667063
207.3750565152074,1546.9162845703586,-36.17816091954023,193.9503371002529,1571.0868515167704,-45.84026253429165,0.0,0.0,1.0,3.929013079667063,3.929013079667063
193.9503371002529,1571.0868515167704,-45.84026253429165,206.16331788995313,1595.2574184631824,-40.70043103448276,0.0,0.0,1.0,3.929013079667063,3.929013079667063
206.16331788995313,1595.2574184631824,-40.70043103448276,218.3762986796534,1619.4279854095942,-35.56059953467386,0.0,0.0,1.0,3.929013079667063,3.929013079667063
219.58803730490763,1571.0868515167704,-31.038329419731333,206.16331788995313,1595.2574184631824,-40.70043103448276,0.0,0.0,1.0,3.929013079667063,3.929013079667063
206.16331788995313,1595.2574184631824,-40.70043103448276,192.73859847499867,1619.4279854095942,-50.362532649234176,0.0,0.0,1.0,3.929013079667063,3.929013079667063
192.73859847499867,1619.4279854095942,-50.362532649234176,204.9515792646989,1643.598552356006,-45.22270114942529,0.0,0.0,1.0,3.929013079667063,3.929013079667063
204.9515792646989,1643.598552356006,-45.22270114942529,217.16456005439912,1667.7691193024177,-40.0828696496164,0.0,0.0,1.0,3.929013079667063,3.929013079667063
218.3762986796534,1619.4279854095942,-35.56059953467386,204.9515792646989,1643.598552356006,-45.22270114942529,0.0,0.0,1.0,3.929013079667063,3.929013079667063
204.9515792646989,1643.598552356006,-45.22270114942529,191.5268598497444,1667.7691193024177,-54.88480276417671,0.0,0.0,1.0,3.929013079667063,3.929013079667063
191.5268598497444,1667.7691193024177,-54.88480276417671,203.73984063944465,1691.9396862488295,-49.74497126436781,0.0,0.0,1.0,3.929013079667063,3.929013079667063
203.73984063944465,1691.9396862488295,-49.74497126436781,215.95282142914488,1716.1102531952417,-44.60513976455893,0.0,0.0,1.0,3.929013079667063,3.929013079667063
217.16456005439912,1667.7691193024177,-40.0828696496164,203.73984063944465,1691.9396862488295,-49.74497126436781,0.0,0.0,1.0,3.929013079667063,3.929013079667063
203.73984063944465,1691.9396862488295,-49.74497126436781,190.31512122449016,1716.1102531952417,-59.40707287911924,0.0,0.0,1.0,3.929013079667063,3.929013079667063
190.31512122449016,1716.1102531952415,-59.40707287911923,202.52810201419038,1740.2808201416535,-54.26724137931034,0.0,0.0,1.0,3.929013079667063,3.929013079667063
202.52810201419038,1740.2808201416535,-54.26724137931034,214.74108280389063,1764.4513870880653,-49.12740987950145,0.0,0.0,1.0,3.929013079667063,3.929013079667063
215.95282142914488,1716.1102531952415,-44.60513976455891,202.52810201419038,1740.2808201416535,-54.26724137931034,0.0,0.0,1.0,3.929013079667063,3.929013079667063
202.52810201419038,1740.2808201416535,-54.26724137931034,189.1033825992359,1764.4513870880653,-63.92934299406176,0.0,0.0,1.0,3.929013079667063,3.929013079667063
189.1033825992359,1764.4513870880653,-63.92934299406177,201.31636338893614,1788.621954034477,-58.78951149425288,0.0,0.0,1.0,3.929013079667063,3.929013079667063
201.31636338893614,1788.621954034477,-58.78951149425288,213.5293441786364,1812.7925209808889,-53.64967999444398,0.0,0.0,1.0,3.929013079667063,3.929013079667063
214.74108280389063,1764.4513870880653,-49.12740987950146,201.31636338893614,1788.621954034477,-58.78951149425288,0.0,0.0,1.0,3.929013079667063,3.929013079667063
201.31636338893614,1788.621954034477,-58.78951149425288,187.89164397398167,1812.7925209808889,-68.45161310900428,0.0,0.0,1.0,3.929013079667063,3.929013079667063
187.89164397398167,1812.792520980889,-68.4516131090043,200.1046247636819,1836.9630879273009,-63.31178160919541,0.0,0.0,1.0,3.929013079667063,3.929013079667063
200.1046247636819,1836.9630879273009,-63.31178160919541,212.31760555338212,1861.1336548737127,-58.171950109386515,0.0,0.0,1.0,3.929013079667063,3.929013079667063
213.5293441786364,1812.792520980889,-53.64967999444399,200.1046247636819,1836.9630879273009,-63.31178160919541,0.0,0.0,1.0,3.929013079667063,3.929013079667063
200.1046247636819,1836.9630879273009,-63.31178160919541,186.6799053487274,1861.1336548737127,-72.97388322394683,0.0,0.0,1.0,3.929013079667063,3.929013079667063
186.6799053487274,1861.1336548737127,-72.97388322394683,198.89288613842766,1885.3042218201244,-67.83405172413792,0.0,0.0,1.0,3.929013079667063,3.929013079667063
198.89288613842766,1885.3042218201244,-67.83405172413792,211.10586692812788,1909.4747887665364,-62.69422022432903,0.0,0.0,1.0,3.929013079667063,3.929013079667063
212.31760555338212,1861.1336548737127,-58.171950109386515,198.89288613842766,1885.3042218201244,-67.83405172413792,0.0,0.0,1.0,3.929013079667063,3.929013079667063
198.89288613842766,1885.3042218201244,-67.83405172413792,185.46816672347316,1909.4747887665364,-77.49615333888934,0.0,0.0,1.0,3.929013079667063,3.929013079667063
185.46816672347316,1909.4747887665364,-77.49615333888936,197.68114751317339,1933.6453557129482,-72.35632183908046,0.0,0.0,1.0,3.929013079667063,3.929013079667063
197.68114751317339,1933.6453557129482,-72.35632183908046,209.89412830287364,1957.81592265936,-67.21649033927156,0.0,0.0,1.0,3.929013079667063,3.929013079667063
211.10586692812788,1909.4747887665364,-62.694220224329044,197.68114751317339,1933.6453557129482,-72.35632183908046,0.0,0.0,1.0,3.929013079667063,3.929013079667063
197.68114751317339,1933.6453557129482,-72.35632183908046,184.25642809821892,1957.81592265936,-82.01842345383187,0.0,0.0,1.0,3.929013079667063,3.929013079667063
184.25642809821892,1957.81592265936,-82.01842345383189,196.46940888791914,1981.9864896057718,-76.878591954023,0.0,0.0,1.0,3.929013079667063,3.929013079667063
196.46940888791914,1981.9864896057718,-76.878591954023,208.68238967761937,2006.1570565521836,-71.73876045421409,0.0,0.0,1.0,3.929013079667063,3.929013079667063
209.89412830287364,1957.81592265936,-67.21649033927157,196.46940888791914,1981.9864896057718,-76.878591954023,0.0,0.0,1.0,3.929013079667063,3.929013079667063
196.46940888791914,1981.9864896057718,-76.878591954023,183.04468947296465,2006.1570565521836,-86.5406935687744,0.0,0.0,1.0,3.929013079667063,3.929013079667063
183.04468947296465,2006.157056552184,-86.54069356877442,195.2576702626649,2030.3276234985958,-81.40086206896552,0.0,0.0,1.0,3.929013079667063,3.929013079667063
195.2576702626649,2030.3276234985958,-81.40086206896552,207.47065105236513,2054.4981904450074,-76.26103056915663,0.0,0.0,1.0,3.929013079667063,3.929013079667063
208.68238967761937,2006.157056552184,-71.7387604542141,195.2576702626649,2030.3276234985958,-81.40086206896552,0.0,0.0,1.0,3.929013079667063,3.929013079667063
195.2576702626649,2030.3276234985958,-81.40086206896552,181.8329508477104,2054.4981904450074,-91.06296368371694,0.0,0.0,1.0,3.929013079667063,3.929013079667063
181.8329508477104,2054.4981904450074,-91.06296368371694,194.04593163741063,2078.668757391419,-85.92313218390805,0.0,0.0,1.0,3.929013079667063,3.929013079667063
194.04593163741063,2078.668757391419,-85.92313218390805,206.2589124271109,2102.839324337831,-80.78330068409916,0.0,0.0,1.0,3.929013079667063,3.929013079667063
207.47065105236513,2054.4981904450074,-76.26103056915663,194.04593163741063,2078.668757391419,-85.92313218390805,0.0,0.0,1.0,3.929013079667063,3.929013079667063
194.04593163741063,2078.668757391419,-85.92313218390805,180.62121222245617,2102.839324337831,-95.58523379865947,0.0,0.0,1.0,3.929013079667063,3.929013079667063
180.62121222245617,2102.839324337831,-95.58523379865947,192.8341930121564,2127.0098912842427,-90.44540229885057,0.0,0.0,1.0,3.929013079667063,3.929013079667063
192.8341930121564,2127.0098912842427,-90.44540229885057,205.04717380185664,2151.1804582306545,-85.30557079904167,0.0,0.0,1.0,3.929013079667063,3.929013079667063
206.2589124271109,2102.839324337831,-80.78330068409916,192.8341930121564,2127.0098912842427,-90.44540229885057,0.0,0.0,1.0,3.929013079667063,3.929013079667063
192.8341930121564,2127.0098912842427,-90.44540229885057,179.40947359720192,2151.1804582306545,-100.10750391360199,0.0,0.0,1.0,3.929013079667063,3.929013079667063
179.4094735972019,2151.180458230655,-100.107503913602,191.62245438690215,2175.3510251770667,-94.96767241379311,0.0,0.0,1.0,3.929013079667063,3.929013079667063
191.62245438690215,2175.3510251770667,-94.96767241379311,203.83543517660237,2199.5215921234785,-89.8278409139842,0.0,0.0,1.0,3.929013079667063,3.929013079667063
205.04717380185662,2151.180458230655,-85.30557079904169,191.62245438690215,2175.3510251770667,-94.96767241379311,0.0,0.0,1.0,3.929013079667063,3.929013079667063
191.62245438690215,2175.3510251770667,-94.96767241379311,178.19773497194765,2199.5215921234785,-104.62977402854452,0.0,0.0,1.0,3.929013079667063,3.929013079667063
178.19773497194765,2199.5215921234785,-104.62977402854453,190.4107157616479,2223.6921590698903,-99.48994252873563,0.0,0.0,1.0,3.929013079667063,3.929013079667063
190.4107157616479,2223.6921590698903,-99.48994252873563,202.62369655134813,2247.862726016302,-94.35011102892673,0.0,0.0,1.0,3.929013079667063,3.929013079667063
203.83543517660237,2199.5215921234785,-89.82784091398422,190.4107157616479,2223.6921590698903,-99.48994252873563,0.0,0.0,1.0,3.929013079667063,3.929013079667063
190.4107157616479,2223.6921590698903,-99.48994252873563,176.9859963466934,2247.862726016302,-109.15204414348705,0.0,0.0,1.0,3.929013079667063,3.929013079667063
176.9859963466934,2247.862726016302,-109.15204414348703,189.19897713639364,2272.033292962714,-104.01221264367814,0.0,0.0,1.0,3.929013079667063,3.929013079667063
189.19897713639364,2272.033292962714,-104.01221264367814,201.4119579260939,2296.2038599091256,-98.87238114386926,0.0,0.0,1.0,3.929013079667063,3.929013079667063
202.62369655134813,2247.862726016302,-94.35011102892672,189.19897713639364,2272.033292962714,-104.01221264367814,0.0,0.0,1.0,3.929013079667063,3.929013079667063
189.19897713639364,2272.033292962714,-104.01221264367814,175.77425772143917,2296.2038599091256,-113.67431425842958,0.0,0.0,1.0,3.929013079667063,3.929013079667063
187.9872385111394,2320.3744268555374,-108.53448275862068,201.4119579260939,2296.2038599091256,-98.87238114386926,0.0,0.0,1.0,3.929013079667063,3.929013079667063
202.43250747703266,1232.6989142670045,-14.184371729693947,198.13659726424723,1240.4334956898563,-17.276244246414404,0.0,0.0,1.0,3.929013079667063,3.929013079667063
228.07020768168738,1232.6989142670045,0.6175613848663621,231.97836153439144,1240.4334956898563,2.2623074648052075,0.0,0.0,1.0,3.929013079667063,3.929013079667063
201.22076885177842,1281.0400481598283,-18.706641844636476,196.924858638993,1288.77462958268,-21.798514361356933,0.0,0.0,1.0,3.929013079667063,3.929013079667063
226.85846905643314,1281.0400481598283,-3.904708730076166,230.7666229091372,1288.77462958268,-2.2599626501373216,0.0,0.0,1.0,3.929013079667063,3.929013079667063
200.00903022652415,1329.3811820526519,-23.228911959579,195.71312001373875,1337.1157634755036,-26.320784476299462,0.0,0.0,1.0,3.929013079667063,3.929013079667063
225.64673043117887,1329.3811820526519,-8.426978845018693,229.55488428388296,1337.1157634755036,-6.782232765079851,0.0,0.0,1.0,3.929013079667063,3.929013079667063
198.7972916012699,1377.7223159454757,-27.75118207452153,194.50138138848448,1385.4568973683274,-30.843054591241987,0.0,0.0,1.0,3.929013079667063,3.929013079667063
224.43499180592462,1377.7223159454757,-12.949248959961222,228.34314565862869,1385.4568973683274,-11.304502880022376,0.0,0.0,1.0,3.929013079667063,3.929013079667063
197.58555297601566,1426.0634498382992,-32.27345218946406,193.28964276323023,1433.798031261151,-35.365324706184516,0.0,0.0,1.0,3.929013079667063,3.929013079667063
223.22325318067038,1426.0634498382992,-17.471519074903753,227.13140703337444,1433.798031261151,-15.826772994964905,0.0,0.0,1.0,3.929013079667063,3.929013079667063
196.37381435076142,1474.404583731123,-36.795722304406596,192.077904137976,1482.1391651539748,-39.88759482112705,0.0,0.0,1.0,3.929013079667063,3.929013079667063
222.01151455541614,1474.404583731123,-21.993789189846282,225.9196684081202,1482.1391651539748,-20.349043109907438,0.0,0.0,1.0,3.929013079667063,3.929013079667063
195.16207572550715,1522.7457176239468,-41.317992419349125,190.86616551272172,1530.4802990467986,-44.40986493606958,0.0,0.0,1.0,3.929013079667063,3.929013079667063
220.79977593016187,1522.7457176239468,-26.51605930478881,224.70792978286593,1530.4802990467986,-24.87131322484997,0.0,0.0,1.0,3.929013079667063,3.929013079667063
193.9503371002529,1571.0868515167704,-45.84026253429165,189.65442688746748,1578.8214329396221,-48.932135051012104,0.0,0.0,1.0,3.929013079667063,3.929013079667063
219.58803730490763,1571.0868515167704,-31.038329419731333,223.4961911576117,1578.8214329396221,-29.393583339792492,0.0,0.0,1.0,3.929013079667063,3.929013079667063
192.73859847499867,1619.4279854095942,-50.362532649234176,188.44268826221324,1627.162566832446,-53.45440516595463,0.0,0.0,1.0,3.929013079667063,3.929013079667063
218.3762986796534,1619.4279854095942,-35.56059953467386,222.28445253235745,1627.162566832446,-33.91585345473502,0.0,0.0,1.0,3.929013079667063,3.929013079667063
191.5268598497444,1667.7691193024177,-54.88480276417671,187.230949636959,1675.5037007252697,-57.97667528089716,0.0,0.0,1.0,3.929013079667063,3.929013079667063
217.16456005439912,1667.7691193024177,-40.0828696496164,221.0727139071032,1675.5037007252697,-38.43812356967755,0.0,0.0,1.0,3.929013079667063,3.929013079667063
190.31512122449016,1716.1102531952417,-59.40707287911924,186.01921101170473,1723.8448346180933,-62.4989453958397,0.0,0.0,1.0,3.929013079667063,3.929013079667063
215.95282142914488,1716.1102531952417,-44.60513976455893,219.86097528184894,1723.8448346180933,-42.96039368462009,0.0,0.0,1.0,3.929013079667063,3.929013079667063
189.1033825992359,1764.4513870880653,-63.92934299406176,184.80747238645048,1772.185968510917,-67.02121551078221,0.0,0.0,1.0,3.929013079667063,3.929013079667063
214.74108280389063,1764.4513870880653,-49.12740987950145,218.6492366565947,1772.185968510917,-47.4826637995626,0.0,0.0,1.0,3.929013079667063,3.929013079667063
187.89164397398167,1812.7925209808889,-68.45161310900428,183.59573376119624,1820.5271024037409,-71.54348562572474,0.0,0.0,1.0,3.929013079667063,3.929013079667063
213.5293441786364,1812.7925209808889,-53.64967999444398,217.43749803134045,1820.5271024037409,-52.00493391450514,0.0,0.0,1.0,3.929013079667063,3.929013079667063
186.6799053487274,1861.1336548737127,-72.97388322394683,182.383995135942,1868.8682362965644,-76.06575574066727,0.0,0.0,1.0,3.929013079667063,3.929013079667063
212.31760555338212,1861.1336548737127,-58.171950109386515,216.2257594060862,1868.8682362965644,-56.52720402944766,0.0,0.0,1.0,3.929013079667063,3.929013079667063
185.46816672347316,1909.4747887665364,-77.49615333888934,181.17225651068773,1917.209370189388,-80.5880258556098,0.0,0.0,1.0,3.929013079667063,3.929013079667063
211.10586692812788,1909.4747887665364,-62.69422022432903,215.01402078083194,1917.209370189388,-61.04947414439019,0.0,0.0,1.0,3.929013079667063,3.929013079667063
184.25642809821892,1957.81592265936,-82.01842345383187,179.9605178854335,1965.550504082212,-85.11029597055233,0.0,0.0,1.0,3.929013079667063,3.929013079667063
209.89412830287364,1957.81592265936,-67.21649033927156,213.8022821555777,1965.550504082212,-65.57174425933272,0.0,0.0,1.0,3.929013079667063,3.929013079667063
183.04468947296465,2006.1570565521836,-86.5406935687744,178.74877926017925,2013.8916379750356,-89.63256608549486,0.0,0.0,1.0,3.929013079667063,3.929013079667063
208.68238967761937,2006.1570565521836,-71.73876045421409,212.59054353032346,2013.8916379750356,-70.09401437427525,0.0,0.0,1.0,3.929013079667063,3.929013079667063
181.8329508477104,2054.4981904450074,-91.06296368371694,177.53704063492498,2062.232771867859,-94.15483620043739,0.0,0.0,1.0,3.929013079667063,3.929013079667063
207.47065105236513,2054.4981904450074,-76.26103056915663,211.3788049050692,2062.232771867859,-74.61628448921778,0.0,0.0,1.0,3.929013079667063,3.929013079667063
180.62121222245617,2102.839324337831,-95.58523379865947,176.32530200967074,2110.573905760683,-98.67710631537993,0.0,0.0,1.0,3.929013079667063,3.929013079667063
206.2589124271109,2102.839324337831,-80.78330068409916,210.16706627981495,2110.573905760683,-79.13855460416032,0.0,0.0,1.0,3.929013079667063,3.929013079667063
179.40947359720192,2151.1804582306545,-100.10750391360199,175.1135633844165,2158.9150396535065,-103.19937643032245,0.0,0.0,1.0,3.929013079667063,3.929013079667063
205.04717380185664,2151.1804582306545,-85.30557079904167,208.9553276545607,2158.9150396535065,-83.66082471910283,0.0,0.0,1.0,3.929013079667063,3.929013079667063
178.19773497194765,2199.5215921234785,-104.62977402854452,173.90182475916222,2207.25617354633,-107.72164654526496,0.0,0.0,1.0,3.929013079667063,3.929013079667063
203.83543517660237,2199.5215921234785,-89.8278409139842,207.74358902930643,2207.25617354633,-88.18309483404535,0.0,0.0,1.0,3.929013079667063,3.929013079667063
176.9859963466934,2247.862726016302,-109.15204414348705,172.69008613390798,2255.597307439154,-112.2439166602075,0.0,0.0,1.0,3.929013079667063,3.929013079667063
202.62369655134813,2247.862726016302,-94.35011102892673,206.5318504040522,2255.597307439154,-92.70536494898789,0.0,0.0,1.0,3.929013079667063,3.929013079667063
175.77425772143917,2296.2038599091256,-113.67431425842958,171.47834750865374,2303.9384413319776,-116.76618677515003,0.0,0.0,1.0,3.929013079667063,3.929013079667063
201.4119579260939,2296.2038599091256,-98.87238114386926,205.32011177879795,2303.9384413319776,-97.22763506393042,0.0,0.0,1.0,3.929013079667063,3.929013079667063
187.9872385111394,2320.3744268555374,-108.53448275862068,175.77425772143917,2296.2038599091256,-113.67431425842958,0.0,0.0,1.0,3.929013079667063,3.929013079667063
151.20689655172413,1160.187213427769,0.0,143.33640001950965,1184.3577803741807,-11.326034651034432,0.0,0.0,1.0,3.929013079667063,3.929013079667063
166.851396777202,1192.9848075213158,-7.2748986780997384,153.62359933955022,1204.6238681323803,-10.325096289192363,-0.6900981947236448,0.0,-0.7237157464358271,3.929013079667063,3.929013079667063
153.62359933955022,1204.6238681323803,-10.325096289192363,140.3958019018984,1216.2629287434445,-13.37529390028499,-0.6900981947236448,0.0,-0.7237157464358271,3.929013079667063,3.929013079667063
140.817841129201,1192.0923617970325,-14.95036573936545,153.62359933955022,1204.6238681323803,-10.325096289192363,-0.6900981947236448,0.0,-0.7237157464358271,3.929013079667063,3.929013079667063
153.62359933955022,1204.6238681323803,-10.325096289192363,166.4293575498994,1217.1553744677278,-5.699826839019279,-0.6900981947236448,0.0,-0.7237157464358271,3.929013079667063,3.929013079667063
166.4293575498994,1217.1553744677278,-5.699826839019279,153.20156011224762,1228.794435078792,-8.750024450111903,-0.6900981947236448,0.0,-0.7237157464358271,3.929013079667063,3.929013079667063
153.20156011224762,1228.794435078792,-8.750024450111903,139.9737626745958,1240.4334956898563,-11.80022206120453,-0.6900981947236448,0.0,-0.7237157464358271,3.929013079667063,3.929013079667063
140.3958019018984,1216.2629287434445,-13.37529390028499,153.20156011224762,1228.794435078792,-8.750024450111903,-0.6900981947236448,0.0,-0.7237157464358271,3.929013079667063,3.929013079667063
153.20156011224762,1228.794435078792,-8.750024450111903,166.0073183225968,1241.3259414141396,-4.124754999938818,-0.6900981947236448,0.0,-0.7237157464358271,3.929013079667063,3.929013079667063
166.0073183225968,1241.3259414141396,-4.124754999938818,152.77952088494501,1252.9650020252038,-7.174952611031443,-0.6900981947236448,0.0,-0.7237157464358271,3.929013079667063,3.929013079667063
152.77952088494501,1252.9650020252038,-7.174952611031443,139.5517234472932,1264.6040626362683,-10.22515022212407,-0.6900981947236448,0.0,-0.7237157464358271,3.929013079667063,3.929013079667063
139.9737626745958,1240.4334956898563,-11.80022206120453,152.77952088494501,1252.9650020252038,-7.174952611031443,-0.6900981947236448,0.0,-0.7237157464358271,3.929013079667063,3.929013079667063
152.77952088494501,1252.9650020252038,-7.174952611031443,165.5852790952942,1265.4965083605516,-2.5496831608583577,-0.6900981947236448,0.0,-0.7237157464358271,3.929013079667063,3.929013079667063
165.5852790952942,1265.4965083605514,-2.5496831608583594,152.35748165764238,1277.1355689716158,-5.599880771950984,-0.6900981947236448,0.0,-0.7237157464358271,3.929013079667063,3.929013079667063
152.35748165764238,1277.1355689716158,-5.599880771950984,139.12968421999057,1288.77462958268,-8.650078383043612,-0.6900981947236448,0.0,-0.7237157464358271,3.929013079667063,3.929013079667063
139.5517234472932,1264.604062636268,-10.225150222124071,152.35748165764238,1277.1355689716158,-5.599880771950984,-0.6900981947236448,0.0,-0.7237157464358271,3.929013079667063,3.929013079667063
152.35748165764238,1277.1355689716158,-5.599880771950984,165.16323986799156,1289.6670753069634,-0.9746113217778998,-0.6900981947236448,0.0,-0.7237157464358271,3.929013079667063,3.929013079667063
165.16323986799156,1289.6670753069634,-0.9746113217778998,151.93544243033978,1301.3061359180276,-4.024808932870522,-0.6900981947236448,0.0,-0.7237157464358271,3.929013079667063,3.929013079667063
151.93544243033978,1301.3061359180276,-4.024808932870522,138.70764499268796,1312.9451965290918,-7.07500654396315,-0.6900981947236448,0.0,-0.7237157464358271,3.929013079667063,3.929013079667063
139.12968421999057,1288.77462958268,-8.650078383043612,151.93544243033978,1301.3061359180276,-4.024808932870522,-0.6900981947236448,0.0,-0.7237157464358271,3.929013079667063,3.929013079667063
151.93544243033978,1301.3061359180276,-4.024808932870522,164.74120064068896,1313.8376422533752,0.6004605173025617,-0.6900981947236448,0.0,-0.7237157464358271,3.929013079667063,3.929013079667063
164.74120064068896,1313.8376422533752,0.6004605173025617,151.51340320303717,1325.4767028644394,-2.4497370937900627,-0.6900981947236448,0.0,-0.7237157464358271,3.929013079667063,3.929013079667063
151.51340320303717,1325.4767028644394,-2.4497370937900627,138.28560576538536,1337.1157634755039,-5.4999347048826905,-0.6900981947236448,0.0,-0.7237157464358271,3.929013079667063,3.929013079667063
138.70764499268796,1312.9451965290918,-7.07500654396315,151.51340320303717,1325.4767028644394,-2.4497370937900627,-0.6900981947236448,0.0,-0.7237157464358271,3.929013079667063,3.929013079667063
151.51340320303717,1325.4767028644394,-2.4497370937900627,164.31916141338635,1338.0082091997872,2.1755323563830213,-0.6900981947236448,0.0,-0.7237157464358271,3.929013079667063,3.929013079667063
164.31916141338635,1338.0082091997872,2.1755323563830213,151.09136397573457,1349.6472698108514,-0.874665254709603,-0.6900981947236448,0.0,-0.7237157464358271,3.929013079667063,3.929013079667063
151.09136397573457,1349.6472698108514,-0.874665254709603,137.86356653808275,1361.2863304219156,-3.924862865802231,-0.6900981947236448,0.0,-0.7237157464358271,3.929013079667063,3.929013079667063
138.28560576538536,1337.1157634755039,-5.4999347048826905,151.09136397573457,1349.6472698108514,-0.874665254709603,-0.6900981947236448,0.0,-0.7237157464358271,3.929013079667063,3.929013079667063
151.09136397573457,1349.6472698108514,-0.874665254709603,163.89712218608375,1362.178776146199,3.750604195463481,-0.6900981947236448,0.0,-0.7237157464358271,3.929013079667063,3.929013079667063
163.89712218608375,1362.178776146199,3.750604195463483,150.66932474843193,1373.8178367572632,0.7004065843708567,-0.6900981947236448,0.0,-0.7237157464358271,3.929013079667063,3.929013079667063
150.66932474843193,1373.8178367572632,0.7004065843708567,137.44152731078012,1385.4568973683274,-2.349791026721771,-0.6900981947236448,0.0,-0.7237157464358271,3.929013079667063,3.929013079667063
137.86356653808275,1361.2863304219156,-3.924862865802229,150.66932474843193,1373.8178367572632,0.7004065843708567,-0.6900981947236448,0.0,-0.7237157464358271,3.929013079667063,3.929013079667063
150.66932474843193,1373.8178367572632,0.7004065843708567,163.47508295878112,1386.3493430926108,5.325676034543941,-0.6900981947236448,0.0,-0.7237157464358271,3.929013079667063,3.929013079667063
163.47508295878112,1386.3493430926108,5.3256760345439424,150.24728552112933,1397.9884037036752,2.2754784234513163,-0.6900981947236448,0.0,-0.7237157464358271,3.929013079667063,3.929013079667063
150.24728552112933,1397.9884037036752,2.2754784234513163,137.0194880834775,1409.6274643147394,-0.7747191876413098,-0.6900981947236448,0.0,-0.7237157464358271,3.929013079667063,3.929013079667063
137.44152731078012,1385.4568973683274,-2.3497910267217694,150.24728552112933,1397.9884037036752,2.2754784234513163,-0.6900981947236448,0.0,-0.7237157464358271,3.929013079667063,3.929013079667063
150.24728552112933,1397.9884037036752,2.2754784234513163,163.0530437314785,1410.5199100390228,6.900747873624402,-0.6900981947236448,0.0,-0.7237157464358271,3.929013079667063,3.929013079667063
163.0530437314785,1410.5199100390228,6.900747873624402,149.82524629382672,1422.158970650087,3.850550262531776,-0.6900981947236448,0.0,-0.7237157464358271,3.929013079667063,3.929013079667063
149.82524629382672,1422.158970650087,3.850550262531776,136.5974488561749,1433.7980312611512,0.8003526514391517,-0.6900981947236448,0.0,-0.7237157464358271,3.929013079667063,3.929013079667063
137.0194880834775,1409.6274643147394,-0.7747191876413098,149.82524629382672,1422.158970650087,3.850550262531776,-0.6900981947236448,0.0,-0.7237157464358271,3.929013079667063,3.929013079667063
149.82524629382672,1422.158970650087,3.850550262531776,162.6310045041759,1434.6904769854345,8.475819712704864,-0.6900981947236448,0.0,-0.7237157464358271,3.929013079667063,3.929013079667063
162.6310045041759,1434.6904769854345,8.475819712704864,149.40320706652412,1446.3295375964988,5.4256221016122375,-0.6900981947236448,0.0,-0.7237157464358271,3.929013079667063,3.929013079667063
149.40320706652412,1446.3295375964988,5.4256221016122375,136.1754096288723,1457.968598207563,2.3754244905196096,-0.6900981947236448,0.0,-0.7237157464358271,3.929013079667063,3.929013079667063
136.5974488561749,1433.7980312611512,0.8003526514391517,149.40320706652412,1446.3295375964988,5.4256221016122375,-0.6900981947236448,0.0,-0.7237157464358271,3.929013079667063,3.929013079667063
149.40320706652412,1446.3295375964988,5.4256221016122375,162.2089652768733,1458.8610439318463,10.050891551785321,-0.6900981947236448,0.0,-0.7237157464358271,3.929013079667063,3.929013079667063
162.2089652768733,1458.8610439318463,10.050891551785321,148.98116783922148,1470.5001045429105,7.000693940692695,-0.6900981947236448,0.0,-0.7237157464358271,3.929013079667063,3.929013079667063
148.98116783922148,1470.5001045429105,7.000693940692695,135.75337040156967,1482.1391651539748,3.9504963296000675,-0.6900981947236448,0.0,-0.7237157464358271,3.929013079667063,3.929013079667063
136.1754096288723,1457.968598207563,2.3754244905196096,148.98116783922148,1470.5001045429105,7.000693940692695,-0.6900981947236448,0.0,-0.7237157464358271,3.929013079667063,3.929013079667063
148.98116783922148,1470.5001045429105,7.000693940692695,161.78692604957067,1483.031610878258,11.62596339086578,-0.6900981947236448,0.0,-0.7237157464358271,3.929013079667063,3.929013079667063
161.78692604957067,1483.031610878258,11.62596339086578,148.55912861191888,1494.6706714893226,8.575765779773153,-0.6900981947236448,0.0,-0.7237157464358271,3.929013079667063,3.929013079667063
148.55912861191888,1494.6706714893226,8.575765779773153,135.33133117426706,1506.3097321003868,5.525568168680525,-0.6900981947236448,0.0,-0.7237157464358271,3.929013079667063,3.929013079667063
135.75337040156967,1482.1391651539748,3.9504963296000675,148.55912861191888,1494.6706714893226,8.575765779773153,-0.6900981947236448,0.0,-0.7237157464358271,3.929013079667063,3.929013079667063
148.55912861191888,1494.6706714893226,8.575765779773153,161.36488682226806,1507.2021778246701,13.201035229946237,-0.6900981947236448,0.0,-0.7237157464358271,3.929013079667063,3.929013079667063
161.36488682226806,1507.2021778246701,13.201035229946237,148.13708938461627,1518.8412384357343,10.150837618853611,-0.6900981947236448,0.0,-0.7237157464358271,3.929013079667063,3.929013079667063
148.13708938461627,1518.8412384357343,10.150837618853611,134.90929194696446,1530.4802990467986,7.100640007760983,-0.6900981947236448,0.0,-0.7237157464358271,3.929013079667063,3.929013079667063
135.33133117426706,1506.3097321003868,5.525568168680525,148.13708938461627,1518.8412384357343,10.150837618853611,-0.6900981947236448,0.0,-0.7237157464358271,3.929013079667063,3.929013079667063
148.13708938461627,1518.8412384357343,10.150837618853611,160.94284759496546,1531.372744771082,14.776107069026695,-0.6900981947236448,0.0,-0.7237157464358271,3.929013079667063,3.929013079667063
160.94284759496546,1531.372744771082,14.776107069026695,147.71505015731367,1543.0118053821461,11.725909457934069,-0.6900981947236448,0.0,-0.7237157464358271,3.929013079667063,3.929013079667063
147.71505015731367,1543.0118053821461,11.725909457934069,134.48725271966185,1554.6508659932106,8.675711846841445,-0.6900981947236448,0.0,-0.7237157464358271,3.929013079667063,3.929013079667063
134.90929194696446,1530.4802990467986,7.100640007760983,147.71505015731367,1543.0118053821461,11.725909457934069,-0.6900981947236448,0.0,-0.7237157464358271,3.929013079667063,3.929013079667063
147.71505015731367,1543.0118053821461,11.725909457934069,160.52080836766285,1555.543311717494,16.35117890810716,-0.6900981947236448,0.0,-0.7237157464358271,3.929013079667063,3.929013079667063
160.52080836766282,1555.543311717494,16.351178908107165,147.29301093001104,1567.1823723285581,13.300981297014538,-0.6900981947236448,0.0,-0.7237157464358271,3.929013079667063,3.929013079667063
147.29301093001104,1567.1823723285581,13.300981297014538,134.06521349235922,1578.8214329396224,10.25078368592191,-0.6900981947236448,0.0,-0.7237157464358271,3.929013079667063,3.929013079667063
134.48725271966183,1554.6508659932106,8.675711846841452,147.29301093001104,1567.1823723285581,13.300981297014538,-0.6900981947236448,0.0,-0.7237157464358271,3.929013079667063,3.929013079667063
147.29301093001104,1567.1823723285581,13.300981297014538,160.09876914036022,1579.7138786639057,17.926250747187623,-0.6900981947236448,0.0,-0.7237157464358271,3.929013079667063,3.929013079667063
160.09876914036022,1579.7138786639057,17.926250747187623,146.87097170270843,1591.35293927497,14.876053136094995,-0.6900981947236448,0.0,-0.7237157464358271,3.929013079667063,3.929013079667063
146.87097170270843,1591.35293927497,14.876053136094995,133.64317426505662,1602.9919998860341,11.825855525002368,-0.6900981947236448,0.0,-0.7237157464358271,3.929013079667063,3.929013079667063
134.06521349235922,1578.8214329396224,10.25078368592191,146.87097170270843,1591.35293927497,14.876053136094995,-0.6900981947236448,0.0,-0.7237157464358271,3.929013079667063,3.929013079667063
146.87097170270843,1591.35293927497,14.876053136094995,159.6767299130576,1603.8844456103175,19.50132258626808,-0.6900981947236448,0.0,-0.7237157464358271,3.929013079667063,3.929013079667063
159.6767299130576,1603.8844456103175,19.50132258626808,146.44893247540583,1615.5235062213817,16.451124975175453,-0.6900981947236448,0.0,-0.7237157464358271,3.929013079667063,3.929013079667063
146.44893247540583,1615.5235062213817,16.451124975175453,133.221135037754,1627.1625668324461,13.400927364082825,-0.6900981947236448,0.0,-0.7237157464358271,3.929013079667063,3.929013079667063
133.64317426505662,1602.9919998860341,11.825855525002368,146.44893247540583,1615.5235062213817,16.451124975175453,-0.6900981947236448,0.0,-0.7237157464358271,3.929013079667063,3.929013079667063
146.44893247540583,1615.5235062213817,16.451124975175453,159.254690685755,1628.0550125567295,21.07639442534854,-0.6900981947236448,0.0,-0.7237157464358271,3.929013079667063,3.929013079667063
159.254690685755,1628.0550125567295,21.07639442534854,146.02689324810322,1639.6940731677937,18.02619681425591,-0.6900981947236448,0.0,-0.7237157464358271,3.929013079667063,3.929013079667063
146.02689324810322,1639.6940731677937,18.02619681425591,132.7990958104514,1651.333133778858,14.975999203163283,-0.6900981947236448,0.0,-0.7237157464358271,3.929013079667063,3.929013079667063
133.221135037754,1627.1625668324461,13.400927364082825,146.02689324810322,1639.6940731677937,18.02619681425591,-0.6900981947236448,0.0,-0.7237157464358271,3.929013079667063,3.929013079667063
146.02689324810322,1639.6940731677937,18.02619681425591,158.8326514584524,1652.2255795031413,22.651466264428997,-0.6900981947236448,0.0,-0.7237157464358271,3.929013079667063,3.929013079667063
158.8326514584524,1652.2255795031413,22.651466264428997,145.6048540208006,1663.8646401142055,19.601268653336373,-0.6900981947236448,0.0,-0.7237157464358271,3.929013079667063,3.929013079667063
145.6048540208006,1663.8646401142055,19.601268653336373,132.37705658314877,1675.50370072527,16.55107104224374,-0.6900981947236448,0.0,-0.7237157464358271,3.929013079667063,3.929013079667063
132.7990958104514,1651.333133778858,14.975999203163283,145.6048540208006,1663.8646401142055,19.601268653336373,-0.6900981947236448,0.0,-0.7237157464358271,3.929013079667063,3.929013079667063
145.6048540208006,1663.8646401142055,19.601268653336373,158.41061223114977,1676.3961464495533,24.226538103509455,-0.6900981947236448,0.0,-0.7237157464358271,3.929013079667063,3.929013079667063
158.41061223114977,1676.3961464495533,24.226538103509462,145.18281479349798,1688.0352070606175,21.176340492416838,-0.6900981947236448,0.0,-0.7237157464358271,3.929013079667063,3.929013079667063
145.18281479349798,1688.0352070606175,21.176340492416838,131.95501735584617,1699.6742676716817,18.126142881324206,-0.6900981947236448,0.0,-0.7237157464358271,3.929013079667063,3.929013079667063
132.37705658314877,1675.50370072527,16.55107104224375,145.18281479349798,1688.0352070606175,21.176340492416838,-0.6900981947236448,0.0,-0.7237157464358271,3.929013079667063,3.929013079667063
145.18281479349798,1688.0352070606175,21.176340492416838,157.98857300384716,1700.566713395965,25.80160994258992,-0.6900981947236448,0.0,-0.7237157464358271,3.929013079667063,3.929013079667063
157.98857300384716,1700.566713395965,25.80160994258992,144.76077556619538,1712.2057740070293,22.751412331497296,-0.6900981947236448,0.0,-0.7237157464358271,3.929013079667063,3.929013079667063
144.76077556619538,1712.2057740070293,22.751412331497296,131.53297812854356,1723.8448346180935,19.70121472040467,-0.6900981947236448,0.0,-0.7237157464358271,3.929013079667063,3.929013079667063
131.95501735584617,1699.6742676716817,18.126142881324206,144.76077556619538,1712.2057740070293,22.751412331497296,-0.6900981947236448,0.0,-0.7237157464358271,3.929013079667063,3.929013079667063
144.76077556619538,1712.2057740070293,22.751412331497296,157.56653377654456,1724.7372803423768,27.376681781670385,-0.6900981947236448,0.0,-0.7237157464358271,3.929013079667063,3.929013079667063
157.56653377654456,1724.7372803423768,27.376681781670385,144.33873633889277,1736.376340953441,24.326484170577753,-0.6900981947236448,0.0,-0.7237157464358271,3.929013079667063,3.929013079667063
144.33873633889277,1736.376340953441,24.326484170577753,131.11093890124093,1748.0154015645053,21.27628655948513,-0.6900981947236448,0.0,-0.7237157464358271,3.929013079667063,3.929013079667063
131.53297812854356,1723.8448346180935,19.70121472040467,144.33873633889277,1736.376340953441,24.326484170577753,-0.6900981947236448,0.0,-0.7237157464358271,3.929013079667063,3.929013079667063
144.33873633889277,1736.376340953441,24.326484170577753,157.14449454924193,1748.9078472887886,28.951753620750843,-0.6900981947236448,0.0,-0.7237157464358271,3.929013079667063,3.929013079667063
157.14449454924193,1748.9078472887886,28.951753620750843,143.91669711159014,1760.5469078998528,25.90155600965821,-0.6900981947236448,0.0,-0.7237157464358271,3.929013079667063,3.929013079667063
143.91669711159014,1760.5469078998528,25.90155600965821,130.68889967393832,1772.1859685109173,22.851358398565587,-0.6900981947236448,0.0,-0.7237157464358271,3.929013079667063,3.929013079667063
131.11093890124093,1748.0154015645053,21.27628655948513,143.91669711159014,1760.5469078998528,25.90155600965821,-0.6900981947236448,0.0,-0.7237157464358271,3.929013079667063,3.929013079667063
143.91669711159014,1760.5469078998528,25.90155600965821,156.72245532193932,1773.0784142352006,30.5268254598313,-0.6900981947236448,0.0,-0.7237157464358271,3.929013079667063,3.929013079667063
156.72245532193932,1773.0784142352006,30.5268254598313,143.49465788428753,1784.7174748462648,27.47662784873867,-0.6900981947236448,0.0,-0.7237157464358271,3.929013079667063,3.929013079667063
143.49465788428753,1784.7174748462648,27.47662784873867,130.26686044663572,1796.356535457329,24.426430237646045,-0.6900981947236448,0.0,-0.7237157464358271,3.929013079667063,3.929013079667063
130.68889967393832,1772.1859685109173,22.851358398565587,143.49465788428753,1784.7174748462648,27.47662784873867,-0.6900981947236448,0.0,-0.7237157464358271,3.929013079667063,3.929013079667063
143.49465788428753,1784.7174748462648,27.47662784873867,156.30041609463672,1797.2489811816124,32.10189729891176,-0.6900981947236448,0.0,-0.7237157464358271,3.929013079667063,3.929013079667063
156.30041609463672,1797.2489811816126,32.101897298911766,143.07261865698493,1808.8880417926769,29.051699687819134,-0.6900981947236448,0.0,-0.7237157464358271,3.929013079667063,3.929013079667063
143.07261865698493,1808.8880417926769,29.051699687819134,129.8448212193331,1820.527102403741,26.00150207672651,-0.6900981947236448,0.0,-0.7237157464358271,3.929013079667063,3.929013079667063
130.26686044663572,1796.3565354573293,24.426430237646052,143.07261865698493,1808.8880417926769,29.051699687819134,-0.6900981947236448,0.0,-0.7237157464358271,3.929013079667063,3.929013079667063
143.07261865698493,1808.8880417926769,29.051699687819134,155.8783768673341,1821.4195481280244,33.676969137992224,-0.6900981947236448,0.0,-0.7237157464358271,3.929013079667063,3.929013079667063
155.8783768673341,1821.4195481280244,33.676969137992224,142.65057942968232,1833.0586087390886,30.6267715268996,-0.6900981947236448,0.0,-0.7237157464358271,3.929013079667063,3.929013079667063
142.65057942968232,1833.0586087390886,30.6267715268996,129.42278199203048,1844.6976693501529,27.576573915806968,-0.6900981947236448,0.0,-0.7237157464358271,3.929013079667063,3.929013079667063
129.8448212193331,1820.527102403741,26.00150207672651,142.65057942968232,1833.0586087390886,30.6267715268996,-0.6900981947236448,0.0,-0.7237157464358271,3.929013079667063,3.929013079667063
142.65057942968232,1833.0586087390886,30.6267715268996,155.45633764003148,1845.5901150744362,35.25204097707268,-0.6900981947236448,0.0,-0.7237157464358271,3.929013079667063,3.929013079667063
155.45633764003148,1845.5901150744362,35.25204097707268,142.2285402023797,1857.2291756855004,32.201843365980054,-0.6900981947236448,0.0,-0.7237157464358271,3.929013079667063,3.929013079667063
142.2285402023797,1857.2291756855004,32.201843365980054,129.00074276472787,1868.8682362965646,29.151645754887426,-0.6900981947236448,0.0,-0.7237157464358271,3.929013079667063,3.929013079667063
129.42278199203048,1844.6976693501529,27.576573915806968,142.2285402023797,1857.2291756855004,32.201843365980054,-0.6900981947236448,0.0,-0.7237157464358271,3.929013079667063,3.929013079667063
142.2285402023797,1857.2291756855004,32.201843365980054,155.03429841272887,1869.760682020848,36.82711281615314,-0.6900981947236448,0.0,-0.7237157464358271,3.929013079667063,3.929013079667063
155.03429841272887,1869.760682020848,36.82711281615314,141.80650097507709,1881.3997426319122,33.77691520506052,-0.6900981947236448,0.0,-0.7237157464358271,3.929013079667063,3.929013079667063
141.80650097507709,1881.3997426319122,33.77691520506052,128.57870353742527,1893.0388032429764,30.726717593967884,-0.6900981947236448,0.0,-0.7237157464358271,3.929013079667063,3.929013079667063
129.00074276472787,1868.8682362965646,29.151645754887426,141.80650097507709,1881.3997426319122,33.77691520506052,-0.6900981947236448,0.0,-0.7237157464358271,3.929013079667063,3.929013079667063
141.80650097507709,1881.3997426319122,33.77691520506052,154.61225918542627,1893.9312489672598,38.4021846552336,-0.6900981947236448,0.0,-0.7237157464358271,3.929013079667063,3.929013079667063
154.61225918542627,1893.9312489672598,38.4021846552336,141.38446174777448,1905.5703095783242,35.35198704414097,-0.6900981947236448,0.0,-0.7237157464358271,3.929013079667063,3.929013079667063
141.38446174777448,1905.5703095783242,35.35198704414097,128.15666431012266,1917.2093701893884,32.30178943304834,-0.6900981947236448,0.0,-0.7237157464358271,3.929013079667063,3.929013079667063
128.57870353742527,1893.0388032429764,30.726717593967884,141.38446174777448,1905.5703095783242,35.35198704414097,-0.6900981947236448,0.0,-0.7237157464358271,3.929013079667063,3.929013079667063
141.38446174777448,1905.5703095783242,35.35198704414097,154.19021995812366,1918.1018159136718,39.977256494314055,-0.6900981947236448,0.0,-0.7237157464358271,3.929013079667063,3.929013079667063
154.19021995812366,1918.101815913672,39.97725649431406,140.96242252047188,1929.7408765247362,36.927058883221434,-0.6900981947236448,0.0,-0.7237157464358271,3.929013079667063,3.929013079667063
140.96242252047188,1929.7408765247362,36.927058883221434,127.73462508282003,1941.3799371358004,33.876861272128814,-0.6900981947236448,0.0,-0.7237157464358271,3.929013079667063,3.929013079667063
128.15666431012266,1917.2093701893887,32.30178943304835,140.96242252047188,1929.7408765247362,36.927058883221434,-0.6900981947236448,0.0,-0.7237157464358271,3.929013079667063,3.929013079667063
140.96242252047188,1929.7408765247362,36.927058883221434,153.76818073082103,1942.2723828600838,41.55232833339453,-0.6900981947236448,0.0,-0.7237157464358271,3.929013079667063,3.929013079667063
153.76818073082103,1942.2723828600838,41.55232833339453,140.54038329316924,1953.911443471148,38.5021307223019,-0.6900981947236448,0.0,-0.7237157464358271,3.929013079667063,3.929013079667063
140.54038329316924,1953.911443471148,38.5021307223019,127.31258585551743,1965.5505040822122,35.45193311120927,-0.6900981947236448,0.0,-0.7237157464358271,3.929013079667063,3.929013079667063
127.73462508282003,1941.3799371358004,33.876861272128814,140.54038329316924,1953.911443471148,38.5021307223019,-0.6900981947236448,0.0,-0.7237157464358271,3.929013079667063,3.929013079667063
140.54038329316924,1953.911443471148,38.5021307223019,153.34614150351842,1966.4429498064956,43.127400172474985,-0.6900981947236448,0.0,-0.7237157464358271,3.929013079667063,3.929013079667063
153.34614150351842,1966.4429498064956,43.127400172474985,140.11834406586664,1978.0820104175598,40.07720256138235,-0.6900981947236448,0.0,-0.7237157464358271,3.929013079667063,3.929013079667063
140.11834406586664,1978.0820104175598,40.07720256138235,126.89054662821482,1989.721071028624,37.02700495028973,-0.6900981947236448,0.0,-0.7237157464358271,3.929013079667063,3.929013079667063
127.31258585551743,1965.5505040822122,35.45193311120927,140.11834406586664,1978.0820104175598,40.07720256138235,-0.6900981947236448,0.0,-0.7237157464358271,3.929013079667063,3.929013079667063
140.11834406586664,1978.0820104175598,40.07720256138235,152.92410227621582,1990.6135167529073,44.70247201155544,-0.6900981947236448,0.0,-0.7237157464358271,3.929013079667063,3.929013079667063
152.92410227621582,1990.6135167529073,44.70247201155544,139.69630483856403,2002.2525773639713,41.652274400462815,-0.6900981947236448,0.0,-0.7237157464358271,3.929013079667063,3.929013079667063
139.69630483856403,2002.2525773639713,41.652274400462815,126.46850740091222,2013.8916379750358,38.60207678937019,-0.6900981947236448,0.0,-0.7237157464358271,3.929013079667063,3.929013079667063
126.89054662821482,1989.721071028624,37.02700495028973,139.69630483856403,2002.2525773639713,41.652274400462815,-0.6900981947236448,0.0,-0.7237157464358271,3.929013079667063,3.929013079667063
139.69630483856403,2002.2525773639713,41.652274400462815,152.50206304891321,2014.7840836993191,46.2775438506359,-0.6900981947236448,0.0,-0.7237157464358271,3.929013079667063,3.929013079667063
152.50206304891321,2014.7840836993191,46.2775438506359,139.2742656112614,2026.4231443103831,43.227346239543266,-0.6900981947236448,0.0,-0.7237157464358271,3.929013079667063,3.929013079667063
139.2742656112614,2026.4231443103831,43.227346239543266,126.04646817360958,2038.062204921448,40.177148628450645,-0.6900981947236448,0.0,-0.7237157464358271,3.929013079667063,3.929013079667063
126.46850740091222,2013.8916379750358,38.60207678937019,139.2742656112614,2026.4231443103831,43.227346239543266,-0.6900981947236448,0.0,-0.7237157464358271,3.929013079667063,3.929013079667063
139.2742656112614,2026.4231443103831,43.227346239543266,152.08002382161058,2038.9546506457314,47.85261568971636,-0.6900981947236448,0.0,-0.7237157464358271,3.929013079667063,3.929013079667063
152.08002382161058,2038.9546506457314,47.852615689716366,138.8522263839588,2050.5937112567954,44.802418078623745,-0.6900981947236448,0.0,-0.7237157464358271,3.929013079667063,3.929013079667063
138.8522263839588,2050.5937112567954,44.802418078623745,125.62442894630698,2062.23277186786,41.75222046753111,-0.6900981947236448,0.0,-0.7237157464358271,3.929013079667063,3.929013079667063
126.04646817360958,2038.062204921448,40.17714862845065,138.8522263839588,2050.5937112567954,44.802418078623745,-0.6900981947236448,0.0,-0.7237157464358271,3.929013079667063,3.929013079667063
138.8522263839588,2050.5937112567954,44.802418078623745,151.65798459430798,2063.125217592143,49.427687528796824,-0.6900981947236448,0.0,-0.7237157464358271,3.929013079667063,3.929013079667063
151.65798459430798,2063.125217592143,49.427687528796824,138.4301871566562,2074.764278203207,46.377489917704196,-0.6900981947236448,0.0,-0.7237157464358271,3.929013079667063,3.929013079667063
138.4301871566562,2074.764278203207,46.377489917704196,125.20238971900437,2086.4033388142716,43.32729230661157,-0.6900981947236448,0.0,-0.7237157464358271,3.929013079667063,3.929013079667063
125.62442894630698,2062.23277186786,41.75222046753111,138.4301871566562,2074.764278203207,46.377489917704196,-0.6900981947236448,0.0,-0.7237157464358271,3.929013079667063,3.929013079667063
138.4301871566562,2074.764278203207,46.377489917704196,151.23594536700537,2087.295784538555,51.00275936787728,-0.6900981947236448,0.0,-0.7237157464358271,3.929013079667063,3.929013079667063
151.23594536700537,2087.295784538555,51.00275936787728,138.00814792935358,2098.934845149619,47.95256175678466,-0.6900981947236448,0.0,-0.7237157464358271,3.929013079667063,3.929013079667063
138.00814792935358,2098.934845149619,47.95256175678466,124.78035049170177,2110.5739057606834,44.902364145692026,-0.6900981947236448,0.0,-0.7237157464358271,3.929013079667063,3.929013079667063
125.20238971900437,2086.4033388142716,43.32729230661157,138.00814792935358,2098.934845149619,47.95256175678466,-0.6900981947236448,0.0,-0.7237157464358271,3.929013079667063,3.929013079667063
138.00814792935358,2098.934845149619,47.95256175678466,150.81390613970277,2111.4663514849667,52.57783120695774,-0.6900981947236448,0.0,-0.7237157464358271,3.929013079667063,3.929013079667063
150.81390613970277,2111.4663514849667,52.57783120695774,137.58610870205098,2123.1054120960307,49.52763359586511,-0.6900981947236448,0.0,-0.7237157464358271,3.929013079667063,3.929013079667063
137.58610870205098,2123.1054120960307,49.52763359586511,124.35831126439913,2134.744472707095,46.477435984772484,-0.6900981947236448,0.0,-0.7237157464358271,3.929013079667063,3.929013079667063
124.78035049170177,2110.5739057606834,44.902364145692026,137.58610870205098,2123.1054120960307,49.52763359586511,-0.6900981947236448,0.0,-0.7237157464358271,3.929013079667063,3.929013079667063
137.58610870205098,2123.1054120960307,49.52763359586511,150.39186691240013,2135.6369184313785,54.1529030460382,-0.6900981947236448,0.0,-0.7237157464358271,3.929013079667063,3.929013079667063
150.39186691240013,2135.6369184313785,54.1529030460382,137.16406947474835,2147.2759790424425,51.10270543494558,-0.6900981947236448,0.0,-0.7237157464358271,3.929013079667063,3.929013079667063
137.16406947474835,2147.2759790424425,51.10270543494558,123.93627203709653,2158.915039653507,48.05250782385295,-0.6900981947236448,0.0,-0.7237157464358271,3.929013079667063,3.929013079667063
124.35831126439913,2134.744472707095,46.477435984772484,137.16406947474835,2147.2759790424425,51.10270543494558,-0.6900981947236448,0.0,-0.7237157464358271,3.929013079667063,3.929013079667063
137.16406947474835,2147.2759790424425,51.10270543494558,149.96982768509753,2159.8074853777903,55.72797488511866,-0.6900981947236448,0.0,-0.7237157464358271,3.929013079667063,3.929013079667063
149.96982768509753,2159.8074853777903,55.72797488511866,136.74203024744574,2171.4465459888547,52.67777727402604,-0.6900981947236448,0.0,-0.7237157464358271,3.929013079667063,3.929013079667063
136.74203024744574,2171.4465459888547,52.67777727402604,123.51423280979392,2183.085606599919,49.627579662933414,-0.6900981947236448,0.0,-0.7237157464358271,3.929013079667063,3.929013079667063
123.93627203709653,2158.915039653507,48.05250782385295,136.74203024744574,2171.4465459888547,52.67777727402604,-0.6900981947236448,0.0,-0.7237157464358271,3.929013079667063,3.929013079667063
136.74203024744574,2171.4465459888547,52.67777727402604,149.54778845779492,2183.9780523242025,57.30304672419913,-0.6900981947236448,0.0,-0.7237157464358271,3.929013079667063,3.929013079667063
149.54778845779492,2183.9780523242025,57.30304672419913,136.31999102014314,2195.6171129352665,54.25284911310651,-0.6900981947236448,0.0,-0.7237157464358271,3.929013079667063,3.929013079667063
136.31999102014314,2195.6171129352665,54.25284911310651,123.09219358249132,2207.256173546331,51.202651502013865,-0.6900981947236448,0.0,-0.7237157464358271,3.929013079667063,3.929013079667063
123.51423280979392,2183.085606599919,49.627579662933414,136.31999102014314,2195.6171129352665,54.25284911310651,-0.6900981947236448,0.0,-0.7237157464358271,3.929013079667063,3.929013079667063
136.31999102014314,2195.6171129352665,54.25284911310651,149.12574923049232,2208.1486192706143,58.87811856327958,-0.6900981947236448,0.0,-0.7237157464358271,3.929013079667063,3.929013079667063
149.12574923049232,2208.1486192706143,58.87811856327958,135.8979517928405,2219.7876798816783,55.82792095218696,-0.6900981947236448,0.0,-0.7237157464358271,3.929013079667063,3.929013079667063
135.8979517928405,2219.7876798816783,55.82792095218696,122.67015435518869,2231.4267404927427,52.77772334109433,-0.6900981947236448,0.0,-0.7237157464358271,3.929013079667063,3.929013079667063
123.09219358249132,2207.256173546331,51.202651502013865,135.8979517928405,2219.7876798816783,55.82792095218696,-0.6900981947236448,0.0,-0.7237157464358271,3.929013079667063,3.929013079667063
135.8979517928405,2219.7876798816783,55.82792095218696,148.70371000318968,2232.319186217026,60.45319040236004,-0.6900981947236448,0.0,-0.7237157464358271,3.929013079667063,3.929013079667063
148.70371000318968,2232.319186217026,60.45319040236004,135.4759125655379,2243.95824682809,57.40299279126742,-0.6900981947236448,0.0,-0.7237157464358271,3.929013079667063,3.929013079667063
135.4759125655379,2243.95824682809,57.40299279126742,122.24811512788608,2255.5973074391545,54.35279518017478,-0.6900981947236448,0.0,-0.7237157464358271,3.929013079667063,3.929013079667063
122.67015435518869,2231.4267404927427,52.77772334109433,135.4759125655379,2243.95824682809,57.40299279126742,-0.6900981947236448,0.0,-0.7237157464358271,3.929013079667063,3.929013079667063
135.4759125655379,2243.95824682809,57.40299279126742,148.28167077588708,2256.489753163438,62.028262241440494,-0.6900981947236448,0.0,-0.7237157464358271,3.929013079667063,3.929013079667063
148.28167077588708,2256.489753163438,62.028262241440494,135.0538733382353,2268.128813774502,58.97806463034787,-0.6900981947236448,0.0,-0.7237157464358271,3.929013079667063,3.929013079667063
135.0538733382353,2268.128813774502,58.97806463034787,121.82607590058348,2279.7678743855668,55.927867019255245,-0.6900981947236448,0.0,-0.7237157464358271,3.929013079667063,3.929013079667063
122.24811512788608,2255.5973074391545,54.35279518017478,135.0538733382353,2268.128813774502,58.97806463034787,-0.6900981947236448,0.0,-0.7237157464358271,3.929013079667063,3.929013079667063
135.0538733382353,2268.128813774502,58.97806463034787,147.85963154858447,2280.66032010985,63.60333408052096,-0.6900981947236448,0.0,-0.7237157464358271,3.929013079667063,3.929013079667063
147.85963154858447,2280.66032010985,63.60333408052096,134.6318341109327,2292.299380720914,60.55313646942834,-0.6900981947236448,0.0,-0.7237157464358271,3.929013079667063,3.929013079667063
134.6318341109327,2292.299380720914,60.55313646942834,121.40403667328087,2303.9384413319785,57.50293885833571,-0.6900981947236448,0.0,-0.7237157464358271,3.929013079667063,3.929013079667063
121.82607590058348,2279.7678743855668,55.927867019255245,134.6318341109327,2292.299380720914,60.55313646942834,-0.6900981947236448,0.0,-0.7237157464358271,3.929013079667063,3.929013079667063
134.6318341109327,2292.299380720914,60.55313646942834,147.43759232128187,2304.830887056262,65.17840591960142,-0.6900981947236448,0.0,-0.7237157464358271,3.929013079667063,3.929013079667063
160.48176841416833,1192.0923617970325,19.10855539453786,163.45556298203388,1204.6238681323803,6.704364277759295,0.6900981947236448,0.0,-0.7237157464358271,3.929013079667063,3.929013079667063
163.45556298203388,1204.6238681323803,6.704364277759295,166.4293575498994,1217.1553744677278,-5.699826839019272,0.6900981947236448,0.0,-0.7237157464358271,3.929013079667063,3.929013079667063
166.851396777202,1192.9848075213158,-7.274898678099731,163.45556298203388,1204.6238681323803,6.704364277759295,0.6900981947236448,0.0,-0.7237157464358271,3.929013079667063,3.929013079667063
163.45556298203388,1204.6238681323803,6.704364277759295,160.05972918686572,1216.2629287434445,20.68362723361832,0.6900981947236448,0.0,-0.7237157464358271,3.929013079667063,3.929013079667063
160.05972918686572,1216.2629287434445,20.68362723361832,163.03352375473128,1228.794435078792,8.279436116839754,0.6900981947236448,0.0,-0.7237157464358271,3.929013079667063,3.929013079667063
163.03352375473128,1228.794435078792,8.279436116839754,166.0073183225968,1241.3259414141396,-4.124754999938811,0.6900981947236448,0.0,-0.7237157464358271,3.929013079667063,3.929013079667063
166.4293575498994,1217.1553744677278,-5.699826839019272,163.03352375473128,1228.794435078792,8.279436116839754,0.6900981947236448,0.0,-0.7237157464358271,3.929013079667063,3.929013079667063
163.03352375473128,1228.794435078792,8.279436116839754,159.63768995956312,1240.4334956898563,22.258699072698782,0.6900981947236448,0.0,-0.7237157464358271,3.929013079667063,3.929013079667063
159.63768995956312,1240.4334956898563,22.258699072698782,162.61148452742867,1252.9650020252038,9.854507955920216,0.6900981947236448,0.0,-0.7237157464358271,3.929013079667063,3.929013079667063
162.61148452742867,1252.9650020252038,9.854507955920216,165.5852790952942,1265.4965083605516,-2.5496831608583506,0.6900981947236448,0.0,-0.7237157464358271,3.929013079667063,3.929013079667063
166.0073183225968,1241.3259414141396,-4.124754999938811,162.61148452742867,1252.9650020252038,9.854507955920216,0.6900981947236448,0.0,-0.7237157464358271,3.929013079667063,3.929013079667063
162.61148452742867,1252.9650020252038,9.854507955920216,159.2156507322605,1264.6040626362683,23.83377091177924,0.6900981947236448,0.0,-0.7237157464358271,3.929013079667063,3.929013079667063
159.2156507322605,1264.604062636268,23.83377091177924,162.18944530012604,1277.1355689716158,11.429579795000674,0.6900981947236448,0.0,-0.7237157464358271,3.929013079667063,3.929013079667063
162.18944530012604,1277.1355689716158,11.429579795000674,165.1632398679916,1289.6670753069634,-0.9746113217778927,0.6900981947236448,0.0,-0.7237157464358271,3.929013079667063,3.929013079667063
165.5852790952942,1265.4965083605514,-2.5496831608583523,162.18944530012604,1277.1355689716158,11.429579795000674,0.6900981947236448,0.0,-0.7237157464358271,3.929013079667063,3.929013079667063
162.18944530012604,1277.1355689716158,11.429579795000674,158.79361150495788,1288.77462958268,25.408842750859698,0.6900981947236448,0.0,-0.7237157464358271,3.929013079667063,3.929013079667063
158.79361150495788,1288.77462958268,25.408842750859698,161.76740607282343,1301.3061359180276,13.004651634081135,0.6900981947236448,0.0,-0.7237157464358271,3.929013079667063,3.929013079667063
161.76740607282343,1301.3061359180276,13.004651634081135,164.741200640689,1313.8376422533752,0.6004605173025688,0.6900981947236448,0.0,-0.7237157464358271,3.929013079667063,3.929013079667063
165.1632398679916,1289.6670753069634,-0.9746113217778927,161.76740607282343,1301.3061359180276,13.004651634081135,0.6900981947236448,0.0,-0.7237157464358271,3.929013079667063,3.929013079667063
161.76740607282343,1301.3061359180276,13.004651634081135,158.37157227765528,1312.9451965290918,26.983914589940163,0.6900981947236448,0.0,-0.7237157464358271,3.929013079667063,3.929013079667063
158.37157227765528,1312.9451965290918,26.983914589940163,161.34536684552083,1325.4767028644394,14.579723473161597,0.6900981947236448,0.0,-0.7237157464358271,3.929013079667063,3.929013079667063
161.34536684552083,1325.4767028644394,14.579723473161597,164.31916141338638,1338.0082091997872,2.1755323563830284,0.6900981947236448,0.0,-0.7237157464358271,3.929013079667063,3.929013079667063
164.741200640689,1313.8376422533752,0.6004605173025688,161.34536684552083,1325.4767028644394,14.579723473161597,0.6900981947236448,0.0,-0.7237157464358271,3.929013079667063,3.929013079667063
161.34536684552083,1325.4767028644394,14.579723473161597,157.94953305035267,1337.1157634755039,28.55898642902062,0.6900981947236448,0.0,-0.7237157464358271,3.929013079667063,3.929013079667063
157.94953305035267,1337.1157634755039,28.55898642902062,160.92332761821822,1349.6472698108514,16.154795312242054,0.6900981947236448,0.0,-0.7237157464358271,3.929013079667063,3.929013079667063
160.92332761821822,1349.6472698108514,16.154795312242054,163.89712218608378,1362.178776146199,3.750604195463488,0.6900981947236448,0.0,-0.7237157464358271,3.929013079667063,3.929013079667063
164.31916141338638,1338.0082091997872,2.1755323563830284,160.92332761821822,1349.6472698108514,16.154795312242054,0.6900981947236448,0.0,-0.7237157464358271,3.929013079667063,3.929013079667063
160.92332761821822,1349.6472698108514,16.154795312242054,157.52749382305007,1361.2863304219156,30.13405826810108,0.6900981947236448,0.0,-0.7237157464358271,3.929013079667063,3.929013079667063
157.52749382305007,1361.2863304219156,30.134058268101082,160.5012883909156,1373.8178367572632,17.729867151322516,0.6900981947236448,0.0,-0.7237157464358271,3.929013079667063,3.929013079667063
160.5012883909156,1373.8178367572632,17.729867151322516,163.47508295878112,1386.3493430926108,5.325676034543948,0.6900981947236448,0.0,-0.7237157464358271,3.929013079667063,3.929013079667063
163.89712218608378,1362.178776146199,3.75060419546349,160.5012883909156,1373.8178367572632,17.729867151322516,0.6900981947236448,0.0,-0.7237157464358271,3.929013079667063,3.929013079667063
160.5012883909156,1373.8178367572632,17.729867151322516,157.10545459574743,1385.4568973683274,31.70913010718154,0.6900981947236448,0.0,-0.7237157464358271,3.929013079667063,3.929013079667063
157.10545459574743,1385.4568973683274,31.709130107181544,160.07924916361299,1397.9884037036752,19.304938990402974,0.6900981947236448,0.0,-0.7237157464358271,3.929013079667063,3.929013079667063
160.07924916361299,1397.9884037036752,19.304938990402974,163.0530437314785,1410.5199100390228,6.900747873624409,0.6900981947236448,0.0,-0.7237157464358271,3.929013079667063,3.929013079667063
163.47508295878112,1386.3493430926108,5.3256760345439496,160.07924916361299,1397.9884037036752,19.304938990402974,0.6900981947236448,0.0,-0.7237157464358271,3.929013079667063,3.929013079667063
160.07924916361299,1397.9884037036752,19.304938990402974,156.68341536844483,1409.6274643147394,33.284201946262,0.6900981947236448,0.0,-0.7237157464358271,3.929013079667063,3.929013079667063
156.68341536844483,1409.6274643147394,33.284201946262,159.65720993631038,1422.158970650087,20.880010829483435,0.6900981947236448,0.0,-0.7237157464358271,3.929013079667063,3.929013079667063
159.65720993631038,1422.158970650087,20.880010829483435,162.6310045041759,1434.6904769854345,8.47581971270487,0.6900981947236448,0.0,-0.7237157464358271,3.929013079667063,3.929013079667063
163.0530437314785,1410.5199100390228,6.900747873624409,159.65720993631038,1422.158970650087,20.880010829483435,0.6900981947236448,0.0,-0.7237157464358271,3.929013079667063,3.929013079667063
159.65720993631038,1422.158970650087,20.880010829483435,156.26137614114222,1433.7980312611512,34.85927378534247,0.6900981947236448,0.0,-0.7237157464358271,3.929013079667063,3.929013079667063
156.26137614114222,1433.7980312611512,34.85927378534247,159.23517070900778,1446.3295375964988,22.455082668563897,0.6900981947236448,0.0,-0.7237157464358271,3.929013079667063,3.929013079667063
159.23517070900778,1446.3295375964988,22.455082668563897,162.2089652768733,1458.8610439318463,10.050891551785329,0.6900981947236448,0.0,-0.7237157464358271,3.929013079667063,3.929013079667063
162.6310045041759,1434.6904769854345,8.47581971270487,159.23517070900778,1446.3295375964988,22.455082668563897,0.6900981947236448,0.0,-0.7237157464358271,3.929013079667063,3.929013079667063
159.23517070900778,1446.3295375964988,22.455082668563897,155.83933691383962,1457.968598207563,36.43434562442292,0.6900981947236448,0.0,-0.7237157464358271,3.929013079667063,3.929013079667063
155.83933691383962,1457.968598207563,36.43434562442292,158.81313148170514,1470.5001045429105,24.030154507644355,0.6900981947236448,0.0,-0.7237157464358271,3.929013079667063,3.929013079667063
158.81313148170514,1470.5001045429105,24.030154507644355,161.7869260495707,1483.031610878258,11.625963390865786,0.6900981947236448,0.0,-0.7237157464358271,3.929013079667063,3.929013079667063
162.2089652768733,1458.8610439318463,10.050891551785329,158.81313148170514,1470.5001045429105,24.030154507644355,0.6900981947236448,0.0,-0.7237157464358271,3.929013079667063,3.929013079667063
158.81313148170514,1470.5001045429105,24.030154507644355,155.41729768653698,1482.1391651539748,38.00941746350338,0.6900981947236448,0.0,-0.7237157464358271,3.929013079667063,3.929013079667063
155.41729768653698,1482.1391651539748,38.00941746350338,158.39109225440254,1494.6706714893226,25.605226346724812,0.6900981947236448,0.0,-0.7237157464358271,3.929013079667063,3.929013079667063
158.39109225440254,1494.6706714893226,25.605226346724812,161.3648868222681,1507.2021778246701,13.201035229946244,0.6900981947236448,0.0,-0.7237157464358271,3.929013079667063,3.929013079667063
161.7869260495707,1483.031610878258,11.625963390865786,158.39109225440254,1494.6706714893226,25.605226346724812,0.6900981947236448,0.0,-0.7237157464358271,3.929013079667063,3.929013079667063
158.39109225440254,1494.6706714893226,25.605226346724812,154.99525845923438,1506.3097321003868,39.58448930258383,0.6900981947236448,0.0,-0.7237157464358271,3.929013079667063,3.929013079667063
154.99525845923438,1506.3097321003868,39.58448930258383,157.96905302709993,1518.8412384357343,27.18029818580527,0.6900981947236448,0.0,-0.7237157464358271,3.929013079667063,3.929013079667063
157.96905302709993,1518.8412384357343,27.18029818580527,160.94284759496549,1531.372744771082,14.776107069026702,0.6900981947236448,0.0,-0.7237157464358271,3.929013079667063,3.929013079667063
161.3648868222681,1507.2021778246701,13.201035229946244,157.96905302709993,1518.8412384357343,27.18029818580527,0.6900981947236448,0.0,-0.7237157464358271,3.929013079667063,3.929013079667063
157.96905302709993,1518.8412384357343,27.18029818580527,154.57321923193177,1530.4802990467986,41.1595611416643,0.6900981947236448,0.0,-0.7237157464358271,3.929013079667063,3.929013079667063
154.57321923193177,1530.4802990467986,41.1595611416643,157.54701379979733,1543.0118053821461,28.75537002488573,0.6900981947236448,0.0,-0.7237157464358271,3.929013079667063,3.929013079667063
157.54701379979733,1543.0118053821461,28.75537002488573,160.52080836766288,1555.543311717494,16.351178908107165,0.6900981947236448,0.0,-0.7237157464358271,3.929013079667063,3.929013079667063
160.94284759496549,1531.372744771082,14.776107069026702,157.54701379979733,1543.0118053821461,28.75537002488573,0.6900981947236448,0.0,-0.7237157464358271,3.929013079667063,3.929013079667063
157.54701379979733,1543.0118053821461,28.75537002488573,154.15118000462917,1554.6508659932106,42.734632980744756,0.6900981947236448,0.0,-0.7237157464358271,3.929013079667063,3.929013079667063
154.15118000462914,1554.6508659932106,42.73463298074476,157.1249745724947,1567.1823723285581,30.330441863966197,0.6900981947236448,0.0,-0.7237157464358271,3.929013079667063,3.929013079667063
157.1249745724947,1567.1823723285581,30.330441863966197,160.09876914036022,1579.7138786639057,17.92625074718763,0.6900981947236448,0.0,-0.7237157464358271,3.929013079667063,3.929013079667063
160.52080836766282,1555.543311717494,16.351178908107173,157.1249745724947,1567.1823723285581,30.330441863966197,0.6900981947236448,0.0,-0.7237157464358271,3.929013079667063,3.929013079667063
157.1249745724947,1567.1823723285581,30.330441863966197,153.72914077732653,1578.8214329396224,44.30970481982522,0.6900981947236448,0.0,-0.7237157464358271,3.929013079667063,3.929013079667063
153.72914077732653,1578.8214329396224,44.30970481982522,156.7029353451921,1591.35293927497,31.905513703046655,0.6900981947236448,0.0,-0.7237157464358271,3.929013079667063,3.929013079667063
156.7029353451921,1591.35293927497,31.905513703046655,159.6767299130576,1603.8844456103175,19.50132258626809,0.6900981947236448,0.0,-0.7237157464358271,3.929013079667063,3.929013079667063
160.09876914036022,1579.7138786639057,17.92625074718763,156.7029353451921,1591.35293927497,31.905513703046655,0.6900981947236448,0.0,-0.7237157464358271,3.929013079667063,3.929013079667063
156.7029353451921,1591.35293927497,31.905513703046655,153.30710155002393,1602.9919998860341,45.88477665890568,0.6900981947236448,0.0,-0.7237157464358271,3.929013079667063,3.929013079667063
153.30710155002393,1602.9919998860341,45.88477665890568,156.28089611788948,1615.5235062213817,33.48058554212711,0.6900981947236448,0.0,-0.7237157464358271,3.929013079667063,3.929013079667063
156.28089611788948,1615.5235062213817,33.48058554212711,159.254690685755,1628.0550125567295,21.076394425348546,0.6900981947236448,0.0,-0.7237157464358271,3.929013079667063,3.929013079667063
159.6767299130576,1603.8844456103175,19.50132258626809,156.28089611788948,1615.5235062213817,33.48058554212711,0.6900981947236448,0.0,-0.7237157464358271,3.929013079667063,3.929013079667063
156.28089611788948,1615.5235062213817,33.48058554212711,152.88506232272132,1627.1625668324461,47.45984849798614,0.6900981947236448,0.0,-0.7237157464358271,3.929013079667063,3.929013079667063
152.88506232272132,1627.1625668324461,47.45984849798614,155.85885689058688,1639.6940731677937,35.05565738120757,0.6900981947236448,0.0,-0.7237157464358271,3.929013079667063,3.929013079667063
155.85885689058688,1639.6940731677937,35.05565738120757,158.8326514584524,1652.2255795031413,22.651466264429004,0.6900981947236448,0.0,-0.7237157464358271,3.929013079667063,3.929013079667063
159.254690685755,1628.0550125567295,21.076394425348546,155.85885689058688,1639.6940731677937,35.05565738120757,0.6900981947236448,0.0,-0.7237157464358271,3.929013079667063,3.929013079667063
155.85885689058688,1639.6940731677937,35.05565738120757,152.46302309541872,1651.333133778858,49.034920337066595,0.6900981947236448,0.0,-0.7237157464358271,3.929013079667063,3.929013079667063
152.46302309541872,1651.333133778858,49.034920337066595,155.43681766328424,1663.8646401142055,36.63072922028803,0.6900981947236448,0.0,-0.7237157464358271,3.929013079667063,3.929013079667063
155.43681766328424,1663.8646401142055,36.63072922028803,158.4106122311498,1676.3961464495533,24.226538103509462,0.6900981947236448,0.0,-0.7237157464358271,3.929013079667063,3.929013079667063
158.8326514584524,1652.2255795031413,22.651466264429004,155.43681766328424,1663.8646401142055,36.63072922028803,0.6900981947236448,0.0,-0.7237157464358271,3.929013079667063,3.929013079667063
155.43681766328424,1663.8646401142055,36.63072922028803,152.0409838681161,1675.50370072527,50.60999217614705,0.6900981947236448,0.0,-0.7237157464358271,3.929013079667063,3.929013079667063
152.0409838681161,1675.50370072527,50.60999217614706,155.01477843598164,1688.0352070606175,38.2058010593685,0.6900981947236448,0.0,-0.7237157464358271,3.929013079667063,3.929013079667063
155.01477843598164,1688.0352070606175,38.2058010593685,157.9885730038472,1700.566713395965,25.801609942589927,0.6900981947236448,0.0,-0.7237157464358271,3.929013079667063,3.929013079667063
158.4106122311498,1676.3961464495533,24.22653810350947,155.01477843598164,1688.0352070606175,38.2058010593685,0.6900981947236448,0.0,-0.7237157464358271,3.929013079667063,3.929013079667063
155.01477843598164,1688.0352070606175,38.2058010593685,151.61894464081348,1699.6742676716817,52.18506401522752,0.6900981947236448,0.0,-0.7237157464358271,3.929013079667063,3.929013079667063
151.61894464081348,1699.6742676716817,52.18506401522752,154.59273920867903,1712.2057740070293,39.780872898448955,0.6900981947236448,0.0,-0.7237157464358271,3.929013079667063,3.929013079667063
154.59273920867903,1712.2057740070293,39.780872898448955,157.5665337765446,1724.7372803423768,27.376681781670392,0.6900981947236448,0.0,-0.7237157464358271,3.929013079667063,3.929013079667063
157.9885730038472,1700.566713395965,25.801609942589927,154.59273920867903,1712.2057740070293,39.780872898448955,0.6900981947236448,0.0,-0.7237157464358271,3.929013079667063,3.929013079667063
154.59273920867903,1712.2057740070293,39.780872898448955,151.19690541351088,1723.8448346180935,53.76013585430798,0.6900981947236448,0.0,-0.7237157464358271,3.929013079667063,3.929013079667063
151.19690541351088,1723.8448346180935,53.76013585430798,154.17069998137643,1736.376340953441,41.35594473752941,0.6900981947236448,0.0,-0.7237157464358271,3.929013079667063,3.929013079667063
154.17069998137643,1736.376340953441,41.35594473752941,157.14449454924193,1748.9078472887886,28.95175362075085,0.6900981947236448,0.0,-0.7237157464358271,3.929013079667063,3.929013079667063
157.5665337765446,1724.7372803423768,27.376681781670392,154.17069998137643,1736.376340953441,41.35594473752941,0.6900981947236448,0.0,-0.7237157464358271,3.929013079667063,3.929013079667063
154.17069998137643,1736.376340953441,41.35594473752941,150.77486618620824,1748.0154015645053,55.33520769338844,0.6900981947236448,0.0,-0.7237157464358271,3.929013079667063,3.929013079667063
150.77486618620824,1748.0154015645053,55.33520769338844,153.7486607540738,1760.5469078998528,42.93101657660987,0.6900981947236448,0.0,-0.7237157464358271,3.929013079667063,3.929013079667063
153.7486607540738,1760.5469078998528,42.93101657660987,156.72245532193932,1773.0784142352006,30.526825459831308,0.6900981947236448,0.0,-0.7237157464358271,3.929013079667063,3.929013079667063
157.14449454924193,1748.9078472887886,28.95175362075085,153.7486607540738,1760.5469078998528,42.93101657660987,0.6900981947236448,0.0,-0.7237157464358271,3.929013079667063,3.929013079667063
153.7486607540738,1760.5469078998528,42.93101657660987,150.35282695890564,1772.1859685109173,56.9102795324689,0.6900981947236448,0.0,-0.7237157464358271,3.929013079667063,3.929013079667063
150.35282695890564,1772.1859685109173,56.9102795324689,153.3266215267712,1784.7174748462648,44.50608841569033,0.6900981947236448,0.0,-0.7237157464358271,3.929013079667063,3.929013079667063
153.3266215267712,1784.7174748462648,44.50608841569033,156.30041609463672,1797.2489811816124,32.101897298911766,0.6900981947236448,0.0,-0.7237157464358271,3.929013079667063,3.929013079667063
156.72245532193932,1773.0784142352006,30.526825459831308,153.3266215267712,1784.7174748462648,44.50608841569033,0.6900981947236448,0.0,-0.7237157464358271,3.929013079667063,3.929013079667063
153.3266215267712,1784.7174748462648,44.50608841569033,149.93078773160303,1796.356535457329,58.485351371549356,0.6900981947236448,0.0,-0.7237157464358271,3.929013079667063,3.929013079667063
149.93078773160303,1796.3565354573293,58.48535137154936,152.9045822994686,1808.8880417926769,46.08116025477079,0.6900981947236448,0.0,-0.7237157464358271,3.929013079667063,3.929013079667063
152.9045822994686,1808.8880417926769,46.08116025477079,155.8783768673341,1821.4195481280244,33.67696913799223,0.6900981947236448,0.0,-0.7237157464358271,3.929013079667063,3.929013079667063
156.30041609463672,1797.2489811816126,32.10189729891177,152.9045822994686,1808.8880417926769,46.08116025477079,0.6900981947236448,0.0,-0.7237157464358271,3.929013079667063,3.929013079667063
152.9045822994686,1808.8880417926769,46.08116025477079,149.50874850430043,1820.527102403741,60.06042321062982,0.6900981947236448,0.0,-0.7237157464358271,3.929013079667063,3.929013079667063
149.50874850430043,1820.527102403741,60.06042321062982,152.48254307216598,1833.0586087390886,47.65623209385126,0.6900981947236448,0.0,-0.7237157464358271,3.929013079667063,3.929013079667063
152.48254307216598,1833.0586087390886,47.65623209385126,155.4563376400315,1845.5901150744362,35.25204097707269,0.6900981947236448,0.0,-0.7237157464358271,3.929013079667063,3.929013079667063
155.8783768673341,1821.4195481280244,33.67696913799223,152.48254307216598,1833.0586087390886,47.65623209385126,0.6900981947236448,0.0,-0.7237157464358271,3.929013079667063,3.929013079667063
152.48254307216598,1833.0586087390886,47.65623209385126,149.0867092769978,1844.6976693501529,61.63549504971028,0.6900981947236448,0.0,-0.7237157464358271,3.929013079667063,3.929013079667063
149.0867092769978,1844.6976693501529,61.63549504971028,152.06050384486335,1857.2291756855004,49.231303932931716,0.6900981947236448,0.0,-0.7237157464358271,3.929013079667063,3.929013079667063
152.06050384486335,1857.2291756855004,49.231303932931716,155.0342984127289,1869.760682020848,36.82711281615315,0.6900981947236448,0.0,-0.7237157464358271,3.929013079667063,3.929013079667063
155.4563376400315,1845.5901150744362,35.25204097707269,152.06050384486335,1857.2291756855004,49.231303932931716,0.6900981947236448,0.0,-0.7237157464358271,3.929013079667063,3.929013079667063
152.06050384486335,1857.2291756855004,49.231303932931716,148.6646700496952,1868.8682362965646,63.21056688879074,0.6900981947236448,0.0,-0.7237157464358271,3.929013079667063,3.929013079667063
148.6646700496952,1868.8682362965646,63.21056688879074,151.63846461756074,1881.3997426319122,50.806375772012174,0.6900981947236448,0.0,-0.7237157464358271,3.929013079667063,3.929013079667063
151.63846461756074,1881.3997426319122,50.806375772012174,154.6122591854263,1893.9312489672598,38.402184655233604,0.6900981947236448,0.0,-0.7237157464358271,3.929013079667063,3.929013079667063
155.0342984127289,1869.760682020848,36.82711281615315,151.63846461756074,1881.3997426319122,50.806375772012174,0.6900981947236448,0.0,-0.7237157464358271,3.929013079667063,3.929013079667063
151.63846461756074,1881.3997426319122,50.806375772012174,148.24263082239258,1893.0388032429764,64.7856387278712,0.6900981947236448,0.0,-0.7237157464358271,3.929013079667063,3.929013079667063
148.24263082239258,1893.0388032429764,64.7856387278712,151.21642539025814,1905.5703095783242,52.38144761109263,0.6900981947236448,0.0,-0.7237157464358271,3.929013079667063,3.929013079667063
151.21642539025814,1905.5703095783242,52.38144761109263,154.1902199581237,1918.1018159136718,39.97725649431406,0.6900981947236448,0.0,-0.7237157464358271,3.929013079667063,3.929013079667063
154.6122591854263,1893.9312489672598,38.402184655233604,151.21642539025814,1905.5703095783242,52.38144761109263,0.6900981947236448,0.0,-0.7237157464358271,3.929013079667063,3.929013079667063
151.21642539025814,1905.5703095783242,52.38144761109263,147.82059159508998,1917.2093701893884,66.36071056695165,0.6900981947236448,0.0,-0.7237157464358271,3.929013079667063,3.929013079667063
147.82059159508998,1917.2093701893887,66.36071056695167,150.79438616295553,1929.7408765247362,53.9565194501731,0.6900981947236448,0.0,-0.7237157464358271,3.929013079667063,3.929013079667063
150.79438616295553,1929.7408765247362,53.9565194501731,153.76818073082103,1942.2723828600838,41.552328333394534,0.6900981947236448,0.0,-0.7237157464358271,3.929013079667063,3.929013079667063
154.1902199581237,1918.101815913672,39.97725649431407,150.79438616295553,1929.7408765247362,53.9565194501731,0.6900981947236448,0.0,-0.7237157464358271,3.929013079667063,3.929013079667063
150.79438616295553,1929.7408765247362,53.9565194501731,147.39855236778735,1941.3799371358004,67.93578240603213,0.6900981947236448,0.0,-0.7237157464358271,3.929013079667063,3.929013079667063
147.39855236778735,1941.3799371358004,67.93578240603213,150.3723469356529,1953.911443471148,55.531591289253555,0.6900981947236448,0.0,-0.7237157464358271,3.929013079667063,3.929013079667063
150.3723469356529,1953.911443471148,55.531591289253555,153.34614150351842,1966.4429498064956,43.12740017247499,0.6900981947236448,0.0,-0.7237157464358271,3.929013079667063,3.929013079667063
153.76818073082103,1942.2723828600838,41.552328333394534,150.3723469356529,1953.911443471148,55.531591289253555,0.6900981947236448,0.0,-0.7237157464358271,3.929013079667063,3.929013079667063
150.3723469356529,1953.911443471148,55.531591289253555,146.97651314048474,1965.5505040822122,69.51085424511258,0.6900981947236448,0.0,-0.7237157464358271,3.929013079667063,3.929013079667063
146.97651314048474,1965.5505040822122,69.51085424511258,149.9503077083503,1978.0820104175598,57.10666312833401,0.6900981947236448,0.0,-0.7237157464358271,3.929013079667063,3.929013079667063
149.9503077083503,1978.0820104175598,57.10666312833401,152.92410227621582,1990.6135167529073,44.70247201155545,0.6900981947236448,0.0,-0.7237157464358271,3.929013079667063,3.929013079667063
153.34614150351842,1966.4429498064956,43.12740017247499,149.9503077083503,1978.0820104175598,57.10666312833401,0.6900981947236448,0.0,-0.7237157464358271,3.929013079667063,3.929013079667063
149.9503077083503,1978.0820104175598,57.10666312833401,146.55447391318214,1989.721071028624,71.08592608419303,0.6900981947236448,0.0,-0.7237157464358271,3.929013079667063,3.929013079667063
146.55447391318214,1989.721071028624,71.08592608419303,149.5282684810477,2002.2525773639713,58.68173496741447,0.6900981947236448,0.0,-0.7237157464358271,3.929013079667063,3.929013079667063
149.5282684810477,2002.2525773639713,58.68173496741447,152.50206304891321,2014.7840836993191,46.27754385063591,0.6900981947236448,0.0,-0.7237157464358271,3.929013079667063,3.929013079667063
152.92410227621582,1990.6135167529073,44.70247201155545,149.5282684810477,2002.2525773639713,58.68173496741447,0.6900981947236448,0.0,-0.7237157464358271,3.929013079667063,3.929013079667063
149.5282684810477,2002.2525773639713,58.68173496741447,146.13243468587953,2013.8916379750358,72.6609979232735,0.6900981947236448,0.0,-0.7237157464358271,3.929013079667063,3.929013079667063
146.13243468587953,2013.8916379750358,72.6609979232735,149.10622925374506,2026.4231443103831,60.25680680649493,0.6900981947236448,0.0,-0.7237157464358271,3.929013079667063,3.929013079667063
149.10622925374506,2026.4231443103831,60.25680680649493,152.0800238216106,2038.9546506457314,47.852615689716366,0.6900981947236448,0.0,-0.7237157464358271,3.929013079667063,3.929013079667063
152.50206304891321,2014.7840836993191,46.27754385063591,149.10622925374506,2026.4231443103831,60.25680680649493,0.6900981947236448,0.0,-0.7237157464358271,3.929013079667063,3.929013079667063
149.10622925374506,2026.4231443103831,60.25680680649493,145.7103954585769,2038.062204921448,74.23606976235396,0.6900981947236448,0.0,-0.7237157464358271,3.929013079667063,3.929013079667063
145.7103954585769,2038.062204921448,74.23606976235396,148.68419002644245,2050.5937112567954,61.8318786455754,0.6900981947236448,0.0,-0.7237157464358271,3.929013079667063,3.929013079667063
148.68419002644245,2050.5937112567954,61.8318786455754,151.657984594308,2063.125217592143,49.42768752879683,0.6900981947236448,0.0,-0.7237157464358271,3.929013079667063,3.929013079667063
152.0800238216106,2038.9546506457314,47.85261568971637,148.68419002644245,2050.5937112567954,61.8318786455754,0.6900981947236448,0.0,-0.7237157464358271,3.929013079667063,3.929013079667063
148.68419002644245,2050.5937112567954,61.8318786455754,145.2883562312743,2062.23277186786,75.81114160143443,0.6900981947236448,0.0,-0.7237157464358271,3.929013079667063,3.929013079667063
145.2883562312743,2062.23277186786,75.81114160143443,148.26215079913985,2074.764278203207,63.40695048465586,0.6900981947236448,0.0,-0.7237157464358271,3.929013079667063,3.929013079667063
148.26215079913985,2074.764278203207,63.40695048465586,151.2359453670054,2087.295784538555,51.00275936787729,0.6900981947236448,0.0,-0.7237157464358271,3.929013079667063,3.929013079667063
151.657984594308,2063.125217592143,49.42768752879683,148.26215079913985,2074.764278203207,63.40695048465586,0.6900981947236448,0.0,-0.7237157464358271,3.929013079667063,3.929013079667063
148.26215079913985,2074.764278203207,63.40695048465586,144.8663170039717,2086.4033388142716,77.38621344051488,0.6900981947236448,0.0,-0.7237157464358271,3.929013079667063,3.929013079667063
144.8663170039717,2086.4033388142716,77.38621344051488,147.84011157183724,2098.934845149619,64.98202232373632,0.6900981947236448,0.0,-0.7237157464358271,3.929013079667063,3.929013079667063
147.84011157183724,2098.934845149619,64.98202232373632,150.8139061397028,2111.4663514849667,52.57783120695775,0.6900981947236448,0.0,-0.7237157464358271,3.929013079667063,3.929013079667063
151.2359453670054,2087.295784538555,51.00275936787729,147.84011157183724,2098.934845149619,64.98202232373632,0.6900981947236448,0.0,-0.7237157464358271,3.929013079667063,3.929013079667063
147.84011157183724,2098.934845149619,64.98202232373632,144.44427777666908,2110.5739057606834,78.96128527959533,0.6900981947236448,0.0,-0.7237157464358271,3.929013079667063,3.929013079667063
144.44427777666908,2110.5739057606834,78.96128527959533,147.41807234453464,2123.1054120960307,66.55709416281677,0.6900981947236448,0.0,-0.7237157464358271,3.929013079667063,3.929013079667063
147.41807234453464,2123.1054120960307,66.55709416281677,150.39186691240013,2135.6369184313785,54.152903046038205,0.6900981947236448,0.0,-0.7237157464358271,3.929013079667063,3.929013079667063
150.8139061397028,2111.4663514849667,52.57783120695775,147.41807234453464,2123.1054120960307,66.55709416281677,0.6900981947236448,0.0,-0.7237157464358271,3.929013079667063,3.929013079667063
147.41807234453464,2123.1054120960307,66.55709416281677,144.02223854936645,2134.744472707095,80.5363571186758,0.6900981947236448,0.0,-0.7237157464358271,3.929013079667063,3.929013079667063
144.02223854936645,2134.744472707095,80.5363571186758,146.996033117232,2147.2759790424425,68.13216600189723,0.6900981947236448,0.0,-0.7237157464358271,3.929013079667063,3.929013079667063
146.996033117232,2147.2759790424425,68.13216600189723,149.96982768509753,2159.8074853777903,55.72797488511867,0.6900981947236448,0.0,-0.7237157464358271,3.929013079667063,3.929013079667063
150.39186691240013,2135.6369184313785,54.152903046038205,146.996033117232,2147.2759790424425,68.13216600189723,0.6900981947236448,0.0,-0.7237157464358271,3.929013079667063,3.929013079667063
146.996033117232,2147.2759790424425,68.13216600189723,143.60019932206384,2158.915039653507,82.11142895775626,0.6900981947236448,0.0,-0.7237157464358271,3.929013079667063,3.929013079667063
143.60019932206384,2158.915039653507,82.11142895775626,146.5739938899294,2171.4465459888547,69.7072378409777,0.6900981947236448,0.0,-0.7237157464358271,3.929013079667063,3.929013079667063
146.5739938899294,2171.4465459888547,69.7072378409777,149.54778845779492,2183.9780523242025,57.303046724199135,0.6900981947236448,0.0,-0.7237157464358271,3.929013079667063,3.929013079667063
149.96982768509753,2159.8074853777903,55.72797488511867,146.5739938899294,2171.4465459888547,69.7072378409777,0.6900981947236448,0.0,-0.7237157464358271,3.929013079667063,3.929013079667063
146.5739938899294,2171.4465459888547,69.7072378409777,143.17816009476124,2183.085606599919,83.68650079683673,0.6900981947236448,0.0,-0.7237157464358271,3.929013079667063,3.929013079667063
143.17816009476124,2183.085606599919,83.68650079683673,146.1519546626268,2195.6171129352665,71.28230968005816,0.6900981947236448,0.0,-0.7237157464358271,3.929013079667063,3.929013079667063
146.1519546626268,2195.6171129352665,71.28230968005816,149.12574923049232,2208.1486192706143,58.878118563279585,0.6900981947236448,0.0,-0.7237157464358271,3.929013079667063,3.929013079667063
149.54778845779492,2183.9780523242025,57.303046724199135,146.1519546626268,2195.6171129352665,71.28230968005816,0.6900981947236448,0.0,-0.7237157464358271,3.929013079667063,3.929013079667063
146.1519546626268,2195.6171129352665,71.28230968005816,142.75612086745863,2207.256173546331,85.26157263591718,0.6900981947236448,0.0,-0.7237157464358271,3.929013079667063,3.929013079667063
142.75612086745863,2207.256173546331,85.26157263591718,145.72991543532416,2219.7876798816783,72.85738151913861,0.6900981947236448,0.0,-0.7237157464358271,3.929013079667063,3.929013079667063
145.72991543532416,2219.7876798816783,72.85738151913861,148.7037100031897,2232.319186217026,60.45319040236005,0.6900981947236448,0.0,-0.7237157464358271,3.929013079667063,3.929013079667063
149.12574923049232,2208.1486192706143,58.878118563279585,145.72991543532416,2219.7876798816783,72.85738151913861,0.6900981947236448,0.0,-0.7237157464358271,3.929013079667063,3.929013079667063
145.72991543532416,2219.7876798816783,72.85738151913861,142.334081640156,2231.4267404927427,86.83664447499764,0.6900981947236448,0.0,-0.7237157464358271,3.929013079667063,3.929013079667063
142.334081640156,2231.4267404927427,86.83664447499764,145.30787620802155,2243.95824682809,74.43245335821908,0.6900981947236448,0.0,-0.7237157464358271,3.929013079667063,3.929013079667063
145.30787620802155,2243.95824682809,74.43245335821908,148.2816707758871,2256.489753163438,62.0282622414405,0.6900981947236448,0.0,-0.7237157464358271,3.929013079667063,3.929013079667063
148.7037100031897,2232.319186217026,60.45319040236005,145.30787620802155,2243.95824682809,74.43245335821908,0.6900981947236448,0.0,-0.7237157464358271,3.929013079667063,3.929013079667063
145.30787620802155,2243.95824682809,74.43245335821908,141.9120424128534,2255.5973074391545,88.41171631407809,0.6900981947236448,0.0,-0.7237157464358271,3.929013079667063,3.929013079667063
141.9120424128534,2255.5973074391545,88.41171631407809,144.88583698071895,2268.128813774502,76.00752519729953,0.6900981947236448,0.0,-0.7237157464358271,3.929013079667063,3.929013079667063
144.88583698071895,2268.128813774502,76.00752519729953,147.8596315485845,2280.66032010985,63.603334080520966,0.6900981947236448,0.0,-0.7237157464358271,3.929013079667063,3.929013079667063
148.2816707758871,2256.489753163438,62.0282622414405,144.88583698071895,2268.128813774502,76.00752519729953,0.6900981947236448,0.0,-0.7237157464358271,3.929013079667063,3.929013079667063
144.88583698071895,2268.128813774502,76.00752519729953,141.4900031855508,2279.7678743855668,89.98678815315856,0.6900981947236448,0.0,-0.7237157464358271,3.929013079667063,3.929013079667063
141.4900031855508,2279.7678743855668,89.98678815315856,144.46379775341634,2292.299380720914,77.58259703638,0.6900981947236448,0.0,-0.7237157464358271,3.929013079667063,3.929013079667063
144.46379775341634,2292.299380720914,77.58259703638,147.4375923212819,2304.830887056262,65.17840591960143,0.6900981947236448,0.0,-0.7237157464358271,3.929013079667063,3.929013079667063
147.8596315485845,2280.66032010985,63.603334080520966,144.46379775341634,2292.299380720914,77.58259703638,0.6900981947236448,0.0,-0.7237157464358271,3.929013079667063,3.929013079667063
144.46379775341634,2292.299380720914,77.58259703638,141.06796395824819,2303.9384413319785,91.56185999223902,0.6900981947236448,0.0,-0.7237157464358271,3.929013079667063,3.929013079667063
151.20689655172413,1160.187213427769,0.0,158.2333146293334,1184.3577803741807,14.476178329195351,0.0,0.0,1.0,3.929013079667063,3.929013079667063
143.33640001950965,1184.3577803741807,-11.326034651034432,150.36281809711892,1208.5283473205927,3.1501436781609184,0.0,0.0,1.0,3.929013079667063,3.929013079667063
150.36281809711892,1208.5283473205927,3.1501436781609184,157.38923617472815,1232.6989142670045,17.62632200735627,0.0,0.0,1.0,3.929013079667063,3.929013079667063
158.2333146293334,1184.3577803741807,14.476178329195351,150.36281809711892,1208.5283473205927,3.1501436781609184,0.0,0.0,1.0,3.929013079667063,3.929013079667063
150.36281809711892,1208.5283473205927,3.1501436781609184,142.49232156490442,1232.6989142670045,-8.175890972873514,0.0,0.0,1.0,3.929013079667063,3.929013079667063
142.49232156490442,1232.6989142670045,-8.175890972873514,149.51873964251368,1256.8694812134163,6.300287356321837,0.0,0.0,1.0,3.929013079667063,3.929013079667063
149.51873964251368,1256.8694812134163,6.300287356321837,156.54515772012294,1281.0400481598283,20.776465685517188,0.0,0.0,1.0,3.929013079667063,3.929013079667063
157.38923617472815,1232.6989142670045,17.62632200735627,149.51873964251368,1256.8694812134163,6.300287356321837,0.0,0.0,1.0,3.929013079667063,3.929013079667063
149.51873964251368,1256.8694812134163,6.300287356321837,141.6482431102992,1281.0400481598283,-5.025747294712595,0.0,0.0,1.0,3.929013079667063,3.929013079667063
141.6482431102992,1281.0400481598283,-5.025747294712595,148.67466118790847,1305.21061510624,9.450431034482756,0.0,0.0,1.0,3.929013079667063,3.929013079667063
148.67466118790847,1305.21061510624,9.450431034482756,155.7010792655177,1329.3811820526519,23.926609363678107,0.0,0.0,1.0,3.929013079667063,3.929013079667063
156.54515772012294,1281.0400481598283,20.776465685517188,148.67466118790847,1305.21061510624,9.450431034482756,0.0,0.0,1.0,3.929013079667063,3.929013079667063
148.67466118790847,1305.21061510624,9.450431034482756,140.80416465569397,1329.3811820526519,-1.8756036165516754,0.0,0.0,1.0,3.929013079667063,3.929013079667063
140.80416465569397,1329.3811820526519,-1.8756036165516772,147.83058273330323,1353.5517489990639,12.600574712643674,0.0,0.0,1.0,3.929013079667063,3.929013079667063
147.83058273330323,1353.5517489990639,12.600574712643674,154.8570008109125,1377.7223159454757,27.076753041839027,0.0,0.0,1.0,3.929013079667063,3.929013079667063
155.7010792655177,1329.3811820526519,23.926609363678104,147.83058273330323,1353.5517489990639,12.600574712643674,0.0,0.0,1.0,3.929013079667063,3.929013079667063
147.83058273330323,1353.5517489990639,12.600574712643674,139.96008620108876,1377.7223159454757,1.2745400616092422,0.0,0.0,1.0,3.929013079667063,3.929013079667063
139.96008620108876,1377.7223159454757,1.274540061609244,146.98650427869802,1401.8928828918874,15.750718390804593,0.0,0.0,1.0,3.929013079667063,3.929013079667063
146.98650427869802,1401.8928828918874,15.750718390804593,154.01292235630726,1426.0634498382992,30.226896719999942,0.0,0.0,1.0,3.929013079667063,3.929013079667063
154.8570008109125,1377.7223159454757,27.076753041839027,146.98650427869802,1401.8928828918874,15.750718390804593,0.0,0.0,1.0,3.929013079667063,3.929013079667063
146.98650427869802,1401.8928828918874,15.750718390804593,139.11600774648352,1426.0634498382992,4.42468373977016,0.0,0.0,1.0,3.929013079667063,3.929013079667063
139.11600774648352,1426.0634498382992,4.42468373977016,146.14242582409278,1450.2340167847112,18.900862068965512,0.0,0.0,1.0,3.929013079667063,3.929013079667063
146.14242582409278,1450.2340167847112,18.900862068965512,153.16884390170205,1474.404583731123,33.37704039816086,0.0,0.0,1.0,3.929013079667063,3.929013079667063
154.01292235630726,1426.0634498382992,30.226896719999942,146.14242582409278,1450.2340167847112,18.900862068965512,0.0,0.0,1.0,3.929013079667063,3.929013079667063
146.14242582409278,1450.2340167847112,18.900862068965512,138.2719292918783,1474.404583731123,7.574827417931079,0.0,0.0,1.0,3.929013079667063,3.929013079667063
138.2719292918783,1474.404583731123,7.574827417931079,145.29834736948757,1498.5751506775348,22.05100574712643,0.0,0.0,1.0,3.929013079667063,3.929013079667063
145.29834736948757,1498.5751506775348,22.05100574712643,152.3247654470968,1522.7457176239468,36.527184076321774,0.0,0.0,1.0,3.929013079667063,3.929013079667063
153.16884390170205,1474.404583731123,33.37704039816086,145.29834736948757,1498.5751506775348,22.05100574712643,0.0,0.0,1.0,3.929013079667063,3.929013079667063
145.29834736948757,1498.5751506775348,22.05100574712643,137.42785083727307,1522.7457176239468,10.724971096091995,0.0,0.0,1.0,3.929013079667063,3.929013079667063
137.42785083727307,1522.7457176239468,10.724971096091998,144.45426891488233,1546.9162845703586,25.201149425287348,0.0,0.0,1.0,3.929013079667063,3.929013079667063
144.45426891488233,1546.9162845703586,25.201149425287348,151.4806869924916,1571.0868515167704,39.677327754482704,0.0,0.0,1.0,3.929013079667063,3.929013079667063
152.3247654470968,1522.7457176239468,36.52718407632178,144.45426891488233,1546.9162845703586,25.201149425287348,0.0,0.0,1.0,3.929013079667063,3.929013079667063
144.45426891488233,1546.9162845703586,25.201149425287348,136.58377238266786,1571.0868515167704,13.875114774252918,0.0,0.0,1.0,3.929013079667063,3.929013079667063
136.58377238266786,1571.0868515167704,13.875114774252918,143.61019046027712,1595.2574184631824,28.351293103448267,0.0,0.0,1.0,3.929013079667063,3.929013079667063
143.61019046027712,1595.2574184631824,28.351293103448267,150.63660853788636,1619.4279854095942,42.82747143264362,0.0,0.0,1.0,3.929013079667063,3.929013079667063
151.4806869924916,1571.0868515167704,39.677327754482704,143.61019046027712,1595.2574184631824,28.351293103448267,0.0,0.0,1.0,3.929013079667063,3.929013079667063
143.61019046027712,1595.2574184631824,28.351293103448267,135.73969392806262,1619.4279854095942,17.025258452413834,0.0,0.0,1.0,3.929013079667063,3.929013079667063
135.73969392806262,1619.4279854095942,17.025258452413834,142.76611200567189,1643.598552356006,31.501436781609183,0.0,0.0,1.0,3.929013079667063,3.929013079667063
142.76611200567189,1643.598552356006,31.501436781609183,149.79253008328115,1667.769119302418,45.977615110804535,0.0,0.0,1.0,3.929013079667063,3.929013079667063
150.63660853788636,1619.4279854095942,42.82747143264362,142.76611200567189,1643.598552356006,31.501436781609183,0.0,0.0,1.0,3.929013079667063,3.929013079667063
142.76611200567189,1643.598552356006,31.501436781609183,134.8956154734574,1667.769119302418,20.175402130574753,0.0,0.0,1.0,3.929013079667063,3.929013079667063
134.8956154734574,1667.769119302418,20.175402130574753,141.92203355106665,1691.9396862488297,34.6515804597701,0.0,0.0,1.0,3.929013079667063,3.929013079667063
141.92203355106665,1691.9396862488297,34.6515804597701,148.9484516286759,1716.1102531952415,49.12775878896545,0.0,0.0,1.0,3.929013079667063,3.929013079667063
149.79253008328115,1667.769119302418,45.977615110804535,141.92203355106665,1691.9396862488297,34.6515804597701,0.0,0.0,1.0,3.929013079667063,3.929013079667063
141.92203355106665,1691.9396862488297,34.6515804597701,134.05153701885217,1716.1102531952415,23.32554580873567,0.0,0.0,1.0,3.929013079667063,3.929013079667063
134.05153701885217,1716.1102531952415,23.32554580873567,141.07795509646144,1740.2808201416533,37.801724137931025,0.0,0.0,1.0,3.929013079667063,3.929013079667063
141.07795509646144,1740.2808201416533,37.801724137931025,148.1043731740707,1764.4513870880653,52.277902467126374,0.0,0.0,1.0,3.929013079667063,3.929013079667063
148.9484516286759,1716.1102531952415,49.12775878896545,141.07795509646144,1740.2808201416533,37.801724137931025,0.0,0.0,1.0,3.929013079667063,3.929013079667063
141.07795509646144,1740.2808201416533,37.801724137931025,133.20745856424696,1764.4513870880653,26.47568948689659,0.0,0.0,1.0,3.929013079667063,3.929013079667063
133.20745856424696,1764.4513870880653,26.47568948689659,140.23387664185623,1788.621954034477,40.95186781609194,0.0,0.0,1.0,3.929013079667063,3.929013079667063
140.23387664185623,1788.621954034477,40.95186781609194,147.26029471946546,1812.792520980889,55.42804614528729,0.0,0.0,1.0,3.929013079667063,3.929013079667063
148.1043731740707,1764.4513870880653,52.277902467126374,140.23387664185623,1788.621954034477,40.95186781609194,0.0,0.0,1.0,3.929013079667063,3.929013079667063
140.23387664185623,1788.621954034477,40.95186781609194,132.36338010964172,1812.792520980889,29.625833165057507,0.0,0.0,1.0,3.929013079667063,3.929013079667063
132.36338010964172,1812.792520980889,29.625833165057507,139.389798187251,1836.9630879273009,44.10201149425286,0.0,0.0,1.0,3.929013079667063,3.929013079667063
139.389798187251,1836.9630879273009,44.10201149425286,146.41621626486025,1861.1336548737127,58.578189823448206,0.0,0.0,1.0,3.929013079667063,3.929013079667063
147.26029471946546,1812.792520980889,55.42804614528729,139.389798187251,1836.9630879273009,44.10201149425286,0.0,0.0,1.0,3.929013079667063,3.929013079667063
139.389798187251,1836.9630879273009,44.10201149425286,131.51930165503651,1861.1336548737127,32.77597684321842,0.0,0.0,1.0,3.929013079667063,3.929013079667063
131.51930165503651,1861.1336548737127,32.77597684321843,138.54571973264575,1885.3042218201244,47.25215517241378,0.0,0.0,1.0,3.929013079667063,3.929013079667063
138.54571973264575,1885.3042218201244,47.25215517241378,145.57213781025501,1909.4747887665364,61.72833350160913,0.0,0.0,1.0,3.929013079667063,3.929013079667063
146.41621626486025,1861.1336548737127,58.57818982344821,138.54571973264575,1885.3042218201244,47.25215517241378,0.0,0.0,1.0,3.929013079667063,3.929013079667063
138.54571973264575,1885.3042218201244,47.25215517241378,130.67522320043128,1909.4747887665364,35.926120521379346,0.0,0.0,1.0,3.929013079667063,3.929013079667063
130.67522320043128,1909.4747887665364,35.926120521379346,137.70164127804054,1933.6453557129482,50.402298850574695,0.0,0.0,1.0,3.929013079667063,3.929013079667063
137.70164127804054,1933.6453557129482,50.402298850574695,144.7280593556498,1957.8159226593602,64.87847717977004,0.0,0.0,1.0,3.929013079667063,3.929013079667063
145.57213781025501,1909.4747887665364,61.72833350160913,137.70164127804054,1933.6453557129482,50.402298850574695,0.0,0.0,1.0,3.929013079667063,3.929013079667063
137.70164127804054,1933.6453557129482,50.402298850574695,129.83114474582607,1957.8159226593602,39.07626419954026,0.0,0.0,1.0,3.929013079667063,3.929013079667063
129.83114474582607,1957.8159226593602,39.07626419954026,136.85756282343533,1981.986489605772,53.55244252873562,0.0,0.0,1.0,3.929013079667063,3.929013079667063
136.85756282343533,1981.986489605772,53.55244252873562,143.88398090104457,2006.1570565521838,68.02862085793097,0.0,0.0,1.0,3.929013079667063,3.929013079667063
144.7280593556498,1957.8159226593602,64.87847717977004,136.85756282343533,1981.986489605772,53.55244252873562,0.0,0.0,1.0,3.929013079667063,3.929013079667063
136.85756282343533,1981.986489605772,53.55244252873562,128.98706629122083,2006.1570565521838,42.226407877701185,0.0,0.0,1.0,3.929013079667063,3.929013079667063
128.98706629122083,2006.1570565521838,42.226407877701185,136.0134843688301,2030.3276234985956,56.702586206896534,0.0,0.0,1.0,3.929013079667063,3.929013079667063
136.0134843688301,2030.3276234985956,56.702586206896534,143.03990244643936,2054.4981904450074,71.17876453609188,0.0,0.0,1.0,3.929013079667063,3.929013079667063
143.88398090104457,2006.1570565521838,68.02862085793097,136.0134843688301,2030.3276234985956,56.702586206896534,0.0,0.0,1.0,3.929013079667063,3.929013079667063
136.0134843688301,2030.3276234985956,56.702586206896534,128.14298783661562,2054.4981904450074,45.3765515558621,0.0,0.0,1.0,3.929013079667063,3.929013079667063
128.14298783661562,2054.4981904450074,45.3765515558621,135.16940591422485,2078.6687573914196,59.85272988505745,0.0,0.0,1.0,3.929013079667063,3.929013079667063
135.16940591422485,2078.6687573914196,59.85272988505745,142.19582399183412,2102.8393243378314,74.3289082142528,0.0,0.0,1.0,3.929013079667063,3.929013079667063
143.03990244643936,2054.4981904450074,71.17876453609188,135.16940591422485,2078.6687573914196,59.85272988505745,0.0,0.0,1.0,3.929013079667063,3.929013079667063
135.16940591422485,2078.6687573914196,59.85272988505745,127.29890938201038,2102.8393243378314,48.526695234023016,0.0,0.0,1.0,3.929013079667063,3.929013079667063
127.29890938201038,2102.8393243378314,48.52669523402302,134.32532745961964,2127.009891284243,63.00287356321837,0.0,0.0,1.0,3.929013079667063,3.929013079667063
134.32532745961964,2127.009891284243,63.00287356321837,141.3517455372289,2151.180458230655,77.47905189241374,0.0,0.0,1.0,3.929013079667063,3.929013079667063
142.19582399183412,2102.8393243378314,74.3289082142528,134.32532745961964,2127.009891284243,63.00287356321837,0.0,0.0,1.0,3.929013079667063,3.929013079667063
134.32532745961964,2127.009891284243,63.00287356321837,126.45483092740517,2151.180458230655,51.676838912183946,0.0,0.0,1.0,3.929013079667063,3.929013079667063
126.45483092740517,2151.180458230655,51.676838912183946,133.48124900501443,2175.3510251770667,66.15301724137929,0.0,0.0,1.0,3.929013079667063,3.929013079667063
133.48124900501443,2175.3510251770667,66.15301724137929,140.50766708262367,2199.5215921234785,80.62919557057464,0.0,0.0,1.0,3.929013079667063,3.929013079667063
141.3517455372289,2151.180458230655,77.47905189241374,133.48124900501443,2175.3510251770667,66.15301724137929,0.0,0.0,1.0,3.929013079667063,3.929013079667063
133.48124900501443,2175.3510251770667,66.15301724137929,125.61075247279993,2199.5215921234785,54.82698259034486,0.0,0.0,1.0,3.929013079667063,3.929013079667063
125.61075247279993,2199.5215921234785,54.82698259034486,132.6371705504092,2223.6921590698903,69.3031609195402,0.0,0.0,1.0,3.929013079667063,3.929013079667063
132.6371705504092,2223.6921590698903,69.3031609195402,139.66358862801846,2247.862726016302,83.77933924873557,0.0,0.0,1.0,3.929013079667063,3.929013079667063
140.50766708262367,2199.5215921234785,80.62919557057464,132.6371705504092,2223.6921590698903,69.3031609195402,0.0,0.0,1.0,3.929013079667063,3.929013079667063
132.6371705504092,2223.6921590698903,69.3031609195402,124.76667401819472,2247.862726016302,57.97712626850578,0.0,0.0,1.0,3.929013079667063,3.929013079667063
124.76667401819472,2247.862726016302,57.97712626850578,131.79309209580396,2272.033292962714,72.45330459770112,0.0,0.0,1.0,3.929013079667063,3.929013079667063
131.79309209580396,2272.033292962714,72.45330459770112,138.81951017341322,2296.203859909126,86.92948292689647,0.0,0.0,1.0,3.929013079667063,3.929013079667063
139.66358862801846,2247.862726016302,83.77933924873557,131.79309209580396,2272.033292962714,72.45330459770112,0.0,0.0,1.0,3.929013079667063,3.929013079667063
131.79309209580396,2272.033292962714,72.45330459770112,123.92259556358948,2296.203859909126,61.127269946666694,0.0,0.0,1.0,3.929013079667063,3.929013079667063
130.94901364119875,2320.374426855538,75.60344827586205,138.81951017341322,2296.203859909126,86.92948292689647,0.0,0.0,1.0,3.929013079667063,3.929013079667063
142.49232156490442,1232.6989142670045,-8.175890972873514,139.9737626745958,1240.4334956898563,-11.80022206120453,0.0,0.0,1.0,3.929013079667063,3.929013079667063
157.38923617472815,1232.6989142670045,17.62632200735627,159.63768995956312,1240.4334956898563,22.258699072698782,0.0,0.0,1.0,3.929013079667063,3.929013079667063
141.6482431102992,1281.0400481598283,-5.025747294712595,139.12968421999057,1288.77462958268,-8.650078383043612,0.0,0.0,1.0,3.929013079667063,3.929013079667063
156.54515772012294,1281.0400481598283,20.776465685517188,158.79361150495788,1288.77462958268,25.408842750859698,0.0,0.0,1.0,3.929013079667063,3.929013079667063
140.80416465569397,1329.3811820526519,-1.8756036165516754,138.28560576538536,1337.1157634755036,-5.499934704882694,0.0,0.0,1.0,3.929013079667063,3.929013079667063
155.7010792655177,1329.3811820526519,23.926609363678107,157.94953305035267,1337.1157634755036,28.558986429020617,0.0,0.0,1.0,3.929013079667063,3.929013079667063
139.96008620108876,1377.7223159454757,1.2745400616092422,137.44152731078012,1385.4568973683274,-2.3497910267217748,0.0,0.0,1.0,3.929013079667063,3.929013079667063
154.8570008109125,1377.7223159454757,27.076753041839027,157.10545459574743,1385.4568973683274,31.709130107181537,0.0,0.0,1.0,3.929013079667063,3.929013079667063
139.11600774648352,1426.0634498382992,4.42468373977016,136.5974488561749,1433.7980312611512,0.800352651439141,0.0,0.0,1.0,3.929013079667063,3.929013079667063
154.01292235630726,1426.0634498382992,30.226896719999942,156.26137614114222,1433.7980312611512,34.85927378534245,0.0,0.0,1.0,3.929013079667063,3.929013079667063
138.2719292918783,1474.404583731123,7.574827417931079,135.75337040156967,1482.1391651539748,3.9504963296000604,0.0,0.0,1.0,3.929013079667063,3.929013079667063
153.16884390170205,1474.404583731123,33.37704039816086,155.41729768653698,1482.1391651539748,38.00941746350337,0.0,0.0,1.0,3.929013079667063,3.929013079667063
137.42785083727307,1522.7457176239468,10.724971096091995,134.90929194696446,1530.4802990467986,7.100640007760976,0.0,0.0,1.0,3.929013079667063,3.929013079667063
152.3247654470968,1522.7457176239468,36.527184076321774,154.57321923193177,1530.4802990467986,41.159561141664284,0.0,0.0,1.0,3.929013079667063,3.929013079667063
136.58377238266786,1571.0868515167704,13.875114774252918,134.06521349235922,1578.8214329396224,10.250783685921903,0.0,0.0,1.0,3.929013079667063,3.929013079667063
151.4806869924916,1571.0868515167704,39.677327754482704,153.72914077732653,1578.8214329396224,44.309704819825214,0.0,0.0,1.0,3.929013079667063,3.929013079667063
135.73969392806262,1619.4279854095942,17.025258452413834,133.221135037754,1627.162566832446,13.400927364082818,0.0,0.0,1.0,3.929013079667063,3.929013079667063
150.63660853788636,1619.4279854095942,42.82747143264362,152.88506232272132,1627.162566832446,47.45984849798613,0.0,0.0,1.0,3.929013079667063,3.929013079667063
134.8956154734574,1667.769119302418,20.175402130574753,132.37705658314877,1675.5037007252697,16.551071042243734,0.0,0.0,1.0,3.929013079667063,3.929013079667063
149.79253008328115,1667.769119302418,45.977615110804535,152.0409838681161,1675.5037007252697,50.609992176147045,0.0,0.0,1.0,3.929013079667063,3.929013079667063
134.05153701885217,1716.1102531952415,23.32554580873567,131.53297812854356,1723.8448346180935,19.70121472040465,0.0,0.0,1.0,3.929013079667063,3.929013079667063
148.9484516286759,1716.1102531952415,49.12775878896545,151.19690541351088,1723.8448346180935,53.76013585430796,0.0,0.0,1.0,3.929013079667063,3.929013079667063
133.20745856424696,1764.4513870880653,26.47568948689659,130.68889967393832,1772.185968510917,22.851358398565573,0.0,0.0,1.0,3.929013079667063,3.929013079667063
148.1043731740707,1764.4513870880653,52.277902467126374,150.35282695890564,1772.185968510917,56.910279532468884,0.0,0.0,1.0,3.929013079667063,3.929013079667063
132.36338010964172,1812.792520980889,29.625833165057507,129.8448212193331,1820.5271024037406,26.00150207672649,0.0,0.0,1.0,3.929013079667063,3.929013079667063
147.26029471946546,1812.792520980889,55.42804614528729,149.50874850430043,1820.5271024037406,60.0604232106298,0.0,0.0,1.0,3.929013079667063,3.929013079667063
131.51930165503651,1861.1336548737127,32.77597684321842,129.00074276472787,1868.8682362965644,29.151645754887404,0.0,0.0,1.0,3.929013079667063,3.929013079667063
146.41621626486025,1861.1336548737127,58.578189823448206,148.6646700496952,1868.8682362965644,63.210566888790716,0.0,0.0,1.0,3.929013079667063,3.929013079667063
130.67522320043128,1909.4747887665364,35.926120521379346,128.15666431012266,1917.2093701893882,32.30178943304833,0.0,0.0,1.0,3.929013079667063,3.929013079667063
145.57213781025501,1909.4747887665364,61.72833350160913,147.82059159508998,1917.2093701893882,66.36071056695164,0.0,0.0,1.0,3.929013079667063,3.929013079667063
129.83114474582607,1957.8159226593602,39.07626419954026,127.31258585551743,1965.5505040822118,35.45193311120925,0.0,0.0,1.0,3.929013079667063,3.929013079667063
144.7280593556498,1957.8159226593602,64.87847717977004,146.97651314048474,1965.5505040822118,69.51085424511257,0.0,0.0,1.0,3.929013079667063,3.929013079667063
128.98706629122083,2006.1570565521838,42.226407877701185,126.46850740091222,2013.8916379750353,38.602076789370166,0.0,0.0,1.0,3.929013079667063,3.929013079667063
143.88398090104457,2006.1570565521838,68.02862085793097,146.13243468587953,2013.8916379750353,72.66099792327347,0.0,0.0,1.0,3.929013079667063,3.929013079667063
128.14298783661562,2054.4981904450074,45.3765515558621,125.62442894630698,2062.2327718678594,41.75222046753108,0.0,0.0,1.0,3.929013079667063,3.929013079667063
143.03990244643936,2054.4981904450074,71.17876453609188,145.2883562312743,2062.2327718678594,75.8111416014344,0.0,0.0,1.0,3.929013079667063,3.929013079667063
127.29890938201038,2102.8393243378314,48.526695234023016,124.78035049170177,2110.573905760683,44.902364145692,0.0,0.0,1.0,3.929013079667063,3.929013079667063
142.19582399183412,2102.8393243378314,74.3289082142528,144.44427777666908,2110.573905760683,78.9612852795953,0.0,0.0,1.0,3.929013079667063,3.929013079667063
126.45483092740517,2151.180458230655,51.676838912183946,123.93627203709653,2158.915039653507,48.05250782385292,0.0,0.0,1.0,3.929013079667063,3.929013079667063
141.3517455372289,2151.180458230655,77.47905189241374,143.60019932206384,2158.915039653507,82.11142895775623,0.0,0.0,1.0,3.929013079667063,3.929013079667063
125.61075247279993,2199.5215921234785,54.82698259034486,123.09219358249132,2207.2561735463305,51.202651502013836,0.0,0.0,1.0,3.929013079667063,3.929013079667063
140.50766708262367,2199.5215921234785,80.62919557057464,142.75612086745863,2207.2561735463305,85.26157263591715,0.0,0.0,1.0,3.929013079667063,3.929013079667063
124.76667401819472,2247.862726016302,57.97712626850578,122.24811512788608,2255.597307439154,54.35279518017475,0.0,0.0,1.0,3.929013079667063,3.929013079667063
139.66358862801846,2247.862726016302,83.77933924873557,141.9120424128534,2255.597307439154,88.41171631407806,0.0,0.0,1.0,3.929013079667063,3.929013079667063
123.92259556358948,2296.203859909126,61.127269946666694,121.40403667328087,2303.9384413319776,57.50293885833567,0.0,0.0,1.0,3.929013079667063,3.929013079667063
138.81951017341322,2296.203859909126,86.92948292689647,141.06796395824819,2303.9384413319776,91.56185999223898,0.0,0.0,1.0,3.929013079667063,3.929013079667063
130.94901364119875,2320.374426855538,75.60344827586205,123.92259556358948,2296.203859909126,61.127269946666694,0.0,0.0,1.0,3.929013079667063,3.929013079667063
159.46812607616906,2320.374426855538,92.06896551724137,1.127519639214977e-14,2320.374426855538,184.13793103448276,0.0,0.0,1.0,3.929013079667063,3.929013079667063
159.46812607616906,2320.374426855538,92.06896551724137,187.9872385111394,2320.374426855538,108.53448275862068,0.0,0.0,1.0,3.929013079667063,3.929013079667063
159.46812607616906,2320.374426855538,92.06896551724137,130.94901364119875,2320.374426855538,75.60344827586205,0.0,0.0,1.0,3.929013079667063,3.929013079667063
187.9872385111394,2320.374426855538,108.53448275862068,1.3291640690745843e-14,2320.374426855538,217.0689655172414,0.0,0.0,1.0,3.929013079667063,3.929013079667063
130.94901364119875,2320.374426855538,75.60344827586205,9.258752093553696e-15,2320.374426855538,151.20689655172413,0.0,0.0,1.0,3.929013079667063,3.929013079667063
108.53448275862073,1160.187213427769,187.98723851113937,110.18974850346487,1184.3577803741807,171.5300396517349,0.0,0.0,1.0,3.929013079667063,3.929013079667063
129.43812262456638,1190.8104553818557,185.8022877279451,120.90641095561276,1203.5366920626502,175.20537899991322,-0.69347657033171,0.0,-0.7204791783257647,3.929013079667063,3.929013079667063
120.90641095561276,1203.5366920626502,175.20537899991322,112.37469928665911,1216.2629287434445,164.60847027188134,-0.69347657033171,0.0,-0.7204791783257647,3.929013079667063,3.929013079667063
110.71943354181498,1192.0923617970325,166.2637360167255,120.90641095561276,1203.5366920626502,175.20537899991322,-0.69347657033171,0.0,-0.7204791783257647,3.929013079667063,3.929013079667063
120.90641095561276,1203.5366920626502,175.20537899991322,131.0933883694105,1214.9810223282677,184.14702198310096,-0.69347657033171,0.0,-0.7204791783257647,3.929013079667063,3.929013079667063
131.0933883694105,1214.9810223282677,184.14702198310096,122.56167670045689,1227.707259009062,173.55011325506908,-0.69347657033171,0.0,-0.7204791783257647,3.929013079667063,3.929013079667063
122.56167670045689,1227.707259009062,173.55011325506908,114.02996503150325,1240.4334956898563,162.9532045270372,-0.69347657033171,0.0,-0.7204791783257647,3.929013079667063,3.929013079667063
112.37469928665911,1216.2629287434445,164.60847027188134,122.56167670045689,1227.707259009062,173.55011325506908,-0.69347657033171,0.0,-0.7204791783257647,3.929013079667063,3.929013079667063
122.56167670045689,1227.707259009062,173.55011325506908,132.74865411425463,1239.1515892746795,182.4917562382568,-0.69347657033171,0.0,-0.7204791783257647,3.929013079667063,3.929013079667063
132.74865411425463,1239.1515892746795,182.4917562382568,124.21694244530103,1251.8778259554738,171.89484751022496,-0.69347657033171,0.0,-0.7204791783257647,3.929013079667063,3.929013079667063
124.21694244530103,1251.8778259554738,171.89484751022496,115.6852307763474,1264.604062636268,161.29793878219309,-0.69347657033171,0.0,-0.7204791783257647,3.929013079667063,3.929013079667063
114.02996503150325,1240.4334956898563,162.9532045270372,124.21694244530103,1251.8778259554738,171.89484751022496,-0.69347657033171,0.0,-0.7204791783257647,3.929013079667063,3.929013079667063
124.21694244530103,1251.8778259554738,171.89484751022496,134.40391985909878,1263.3221562210913,180.8364904934127,-0.69347657033171,0.0,-0.7204791783257647,3.929013079667063,3.929013079667063
134.40391985909878,1263.3221562210913,180.8364904934127,125.87220819014517,1276.0483929018858,170.23958176538082,-0.69347657033171,0.0,-0.7204791783257647,3.929013079667063,3.929013079667063
125.87220819014517,1276.0483929018858,170.23958176538082,117.34049652119153,1288.77462958268,159.64267303734894,-0.69347657033171,0.0,-0.7204791783257647,3.929013079667063,3.929013079667063
115.6852307763474,1264.604062636268,161.29793878219309,125.87220819014517,1276.0483929018858,170.23958176538082,-0.69347657033171,0.0,-0.7204791783257647,3.929013079667063,3.929013079667063
125.87220819014517,1276.0483929018858,170.23958176538082,136.05918560394292,1287.4927231675033,179.18122474856855,-0.69347657033171,0.0,-0.7204791783257647,3.929013079667063,3.929013079667063
136.05918560394292,1287.4927231675033,179.18122474856855,127.5274739349893,1300.2189598482976,168.58431602053668,-0.69347657033171,0.0,-0.7204791783257647,3.929013079667063,3.929013079667063
127.5274739349893,1300.2189598482976,168.58431602053668,118.99576226603567,1312.9451965290918,157.9874072925048,-0.69347657033171,0.0,-0.7204791783257647,3.929013079667063,3.929013079667063
117.34049652119153,1288.77462958268,159.64267303734894,127.5274739349893,1300.2189598482976,168.58431602053668,-0.69347657033171,0.0,-0.7204791783257647,3.929013079667063,3.929013079667063
127.5274739349893,1300.2189598482976,168.58431602053668,137.71445134878707,1311.663290113915,177.5259590037244,-0.69347657033171,0.0,-0.7204791783257647,3.929013079667063,3.929013079667063
137.71445134878707,1311.663290113915,177.5259590037244,129.18273967983345,1324.3895267947094,166.92905027569253,-0.69347657033171,0.0,-0.7204791783257647,3.929013079667063,3.929013079667063
129.18273967983345,1324.3895267947094,166.92905027569253,120.65102801087981,1337.1157634755036,156.33214154766065,-0.69347657033171,0.0,-0.7204791783257647,3.929013079667063,3.929013079667063
118.99576226603567,1312.9451965290918,157.9874072925048,129.18273967983345,1324.3895267947094,166.92905027569253,-0.69347657033171,0.0,-0.7204791783257647,3.929013079667063,3.929013079667063
129.18273967983345,1324.3895267947094,166.92905027569253,139.3697170936312,1335.8338570603269,175.87069325888027,-0.69347657033171,0.0,-0.7204791783257647,3.929013079667063,3.929013079667063
139.3697170936312,1335.8338570603269,175.87069325888027,130.8380054246776,1348.5600937411214,165.2737845308484,-0.69347657033171,0.0,-0.7204791783257647,3.929013079667063,3.929013079667063
130.8380054246776,1348.5600937411214,165.2737845308484,122.30629375572396,1361.2863304219156,154.6768758028165,-0.69347657033171,0.0,-0.7204791783257647,3.929013079667063,3.929013079667063
120.65102801087981,1337.1157634755036,156.33214154766065,130.8380054246776,1348.5600937411214,165.2737845308484,-0.69347657033171,0.0,-0.7204791783257647,3.929013079667063,3.929013079667063
130.8380054246776,1348.5600937411214,165.2737845308484,141.02498283847535,1360.0044240067389,174.21542751403612,-0.69347657033171,0.0,-0.7204791783257647,3.929013079667063,3.929013079667063
141.02498283847535,1360.0044240067389,174.21542751403612,132.4932711695217,1372.7306606875331,163.61851878600424,-0.69347657033171,0.0,-0.7204791783257647,3.929013079667063,3.929013079667063
132.4932711695217,1372.7306606875331,163.61851878600424,123.96155950056809,1385.4568973683274,153.02161005797237,-0.69347657033171,0.0,-0.7204791783257647,3.929013079667063,3.929013079667063
122.30629375572394,1361.2863304219156,154.6768758028165,132.4932711695217,1372.7306606875331,163.61851878600424,-0.69347657033171,0.0,-0.7204791783257647,3.929013079667063,3.929013079667063
132.4932711695217,1372.7306606875331,163.61851878600424,142.6802485833195,1384.1749909531507,172.56016176919198,-0.69347657033171,0.0,-0.7204791783257647,3.929013079667063,3.929013079667063
142.6802485833195,1384.1749909531507,172.56016176919198,134.14853691436585,1396.901227633945,161.9632530411601,-0.69347657033171,0.0,-0.7204791783257647,3.929013079667063,3.929013079667063
134.14853691436585,1396.901227633945,161.9632530411601,125.61682524541223,1409.6274643147392,151.36634431312822,-0.69347657033171,0.0,-0.7204791783257647,3.929013079667063,3.929013079667063
123.96155950056809,1385.4568973683274,153.02161005797237,134.14853691436585,1396.901227633945,161.9632530411601,-0.69347657033171,0.0,-0.7204791783257647,3.929013079667063,3.929013079667063
134.14853691436585,1396.901227633945,161.9632530411601,144.33551432816364,1408.3455578995624,170.90489602434783,-0.69347657033171,0.0,-0.7204791783257647,3.929013079667063,3.929013079667063
144.33551432816364,1408.3455578995624,170.90489602434783,135.80380265921,1421.071794580357,160.30798729631596,-0.69347657033171,0.0,-0.7204791783257647,3.929013079667063,3.929013079667063
135.80380265921,1421.071794580357,160.30798729631596,127.27209099025637,1433.7980312611512,149.7110785682841,-0.69347657033171,0.0,-0.7204791783257647,3.929013079667063,3.929013079667063
125.61682524541223,1409.6274643147392,151.36634431312822,135.80380265921,1421.071794580357,160.30798729631596,-0.69347657033171,0.0,-0.7204791783257647,3.929013079667063,3.929013079667063
135.80380265921,1421.071794580357,160.30798729631596,145.99078007300778,1432.5161248459744,169.24963027950372,-0.69347657033171,0.0,-0.7204791783257647,3.929013079667063,3.929013079667063
145.99078007300776,1432.5161248459742,169.24963027950372,137.45906840405414,1445.2423615267687,158.65272155147184,-0.69347657033171,0.0,-0.7204791783257647,3.929013079667063,3.929013079667063
137.45906840405414,1445.2423615267687,158.65272155147184,128.92735673510052,1457.968598207563,148.05581282343996,-0.69347657033171,0.0,-0.7204791783257647,3.929013079667063,3.929013079667063
127.27209099025636,1433.798031261151,149.7110785682841,137.45906840405414,1445.2423615267687,158.65272155147184,-0.69347657033171,0.0,-0.7204791783257647,3.929013079667063,3.929013079667063
137.45906840405414,1445.2423615267687,158.65272155147184,147.6460458178519,1456.6866917923862,167.59436453465958,-0.69347657033171,0.0,-0.7204791783257647,3.929013079667063,3.929013079667063
147.6460458178519,1456.6866917923862,167.59436453465958,139.11433414889828,1469.4129284731807,156.9974558066277,-0.69347657033171,0.0,-0.7204791783257647,3.929013079667063,3.929013079667063
139.11433414889828,1469.4129284731807,156.9974558066277,130.58262247994466,1482.1391651539748,146.40054707859582,-0.69347657033171,0.0,-0.7204791783257647,3.929013079667063,3.929013079667063
128.92735673510052,1457.968598207563,148.05581282343996,139.11433414889828,1469.4129284731807,156.9974558066277,-0.69347657033171,0.0,-0.7204791783257647,3.929013079667063,3.929013079667063
139.11433414889828,1469.4129284731807,156.9974558066277,149.30131156269604,1480.857258738798,165.93909878981543,-0.69347657033171,0.0,-0.7204791783257647,3.929013079667063,3.929013079667063
149.30131156269604,1480.8572587387982,165.93909878981543,140.76959989374242,1493.5834954195925,155.34219006178355,-0.69347657033171,0.0,-0.7204791783257647,3.929013079667063,3.929013079667063
140.76959989374242,1493.5834954195925,155.34219006178355,132.2378882247888,1506.3097321003868,144.74528133375168,-0.69347657033171,0.0,-0.7204791783257647,3.929013079667063,3.929013079667063
130.58262247994466,1482.139165153975,146.40054707859582,140.76959989374242,1493.5834954195925,155.34219006178355,-0.69347657033171,0.0,-0.7204791783257647,3.929013079667063,3.929013079667063
140.76959989374242,1493.5834954195925,155.34219006178355,150.9565773075402,1505.02782568521,164.2838330449713,-0.69347657033171,0.0,-0.7204791783257647,3.929013079667063,3.929013079667063
150.9565773075402,1505.02782568521,164.2838330449713,142.42486563858657,1517.7540623660043,153.6869243169394,-0.69347657033171,0.0,-0.7204791783257647,3.929013079667063,3.929013079667063
142.42486563858657,1517.7540623660043,153.6869243169394,133.89315396963292,1530.4802990467986,143.09001558890753,-0.69347657033171,0.0,-0.7204791783257647,3.929013079667063,3.929013079667063
132.2378882247888,1506.3097321003868,144.74528133375168,142.42486563858657,1517.7540623660043,153.6869243169394,-0.69347657033171,0.0,-0.7204791783257647,3.929013079667063,3.929013079667063
142.42486563858657,1517.7540623660043,153.6869243169394,152.6118430523843,1529.1983926316218,162.62856730012714,-0.69347657033171,0.0,-0.7204791783257647,3.929013079667063,3.929013079667063
152.6118430523843,1529.1983926316218,162.62856730012714,144.0801313834307,1541.924629312416,152.03165857209527,-0.69347657033171,0.0,-0.7204791783257647,3.929013079667063,3.929013079667063
144.0801313834307,1541.924629312416,152.03165857209527,135.54841971447706,1554.6508659932103,141.4347498440634,-0.69347657033171,0.0,-0.7204791783257647,3.929013079667063,3.929013079667063
133.89315396963292,1530.4802990467986,143.09001558890753,144.0801313834307,1541.924629312416,152.03165857209527,-0.69347657033171,0.0,-0.7204791783257647,3.929013079667063,3.929013079667063
144.0801313834307,1541.924629312416,152.03165857209527,154.26710879722845,1553.3689595780336,160.973301555283,-0.69347657033171,0.0,-0.7204791783257647,3.929013079667063,3.929013079667063
154.26710879722845,1553.3689595780338,160.973301555283,145.73539712827483,1566.0951962588279,150.37639282725115,-0.69347657033171,0.0,-0.7204791783257647,3.929013079667063,3.929013079667063
145.73539712827483,1566.0951962588279,150.37639282725115,137.2036854593212,1578.8214329396224,139.77948409921925,-0.69347657033171,0.0,-0.7204791783257647,3.929013079667063,3.929013079667063
135.54841971447706,1554.6508659932106,141.4347498440634,145.73539712827483,1566.0951962588279,150.37639282725115,-0.69347657033171,0.0,-0.7204791783257647,3.929013079667063,3.929013079667063
145.73539712827483,1566.0951962588279,150.37639282725115,155.9223745420726,1577.5395265244456,159.31803581043886,-0.69347657033171,0.0,-0.7204791783257647,3.929013079667063,3.929013079667063
155.9223745420726,1577.5395265244456,159.31803581043886,147.39066287311897,1590.2657632052399,148.721127082407,-0.69347657033171,0.0,-0.7204791783257647,3.929013079667063,3.929013079667063
147.39066287311897,1590.2657632052399,148.721127082407,138.85895120416535,1602.9919998860341,138.12421835437513,-0.69347657033171,0.0,-0.7204791783257647,3.929013079667063,3.929013079667063
137.2036854593212,1578.8214329396224,139.77948409921925,147.39066287311897,1590.2657632052399,148.721127082407,-0.69347657033171,0.0,-0.7204791783257647,3.929013079667063,3.929013079667063
147.39066287311897,1590.2657632052399,148.721127082407,157.57764028691673,1601.7100934708574,157.66277006559474,-0.69347657033171,0.0,-0.7204791783257647,3.929013079667063,3.929013079667063
157.57764028691673,1601.7100934708576,157.6627700655947,149.0459286179631,1614.4363301516516,147.06586133756286,-0.69347657033171,0.0,-0.7204791783257647,3.929013079667063,3.929013079667063
149.0459286179631,1614.4363301516516,147.06586133756286,140.5142169490095,1627.1625668324461,136.468952609531,-0.69347657033171,0.0,-0.7204791783257647,3.929013079667063,3.929013079667063
138.85895120416535,1602.9919998860344,138.1242183543751,149.0459286179631,1614.4363301516516,147.06586133756286,-0.69347657033171,0.0,-0.7204791783257647,3.929013079667063,3.929013079667063
149.0459286179631,1614.4363301516516,147.06586133756286,159.23290603176088,1625.8806604172694,156.0075043207506,-0.69347657033171,0.0,-0.7204791783257647,3.929013079667063,3.929013079667063
159.23290603176088,1625.8806604172694,156.0075043207506,150.70119436280726,1638.6068970980637,145.41059559271872,-0.69347657033171,0.0,-0.7204791783257647,3.929013079667063,3.929013079667063
150.70119436280726,1638.6068970980637,145.41059559271872,142.16948269385364,1651.333133778858,134.81368686468684,-0.69347657033171,0.0,-0.7204791783257647,3.929013079667063,3.929013079667063
140.5142169490095,1627.1625668324461,136.468952609531,150.70119436280726,1638.6068970980637,145.41059559271872,-0.69347657033171,0.0,-0.7204791783257647,3.929013079667063,3.929013079667063
150.70119436280726,1638.6068970980637,145.41059559271872,160.88817177660502,1650.0512273636812,154.35223857590645,-0.69347657033171,0.0,-0.7204791783257647,3.929013079667063,3.929013079667063
160.88817177660502,1650.0512273636812,154.35223857590645,152.3564601076514,1662.7774640444754,143.75532984787458,-0.69347657033171,0.0,-0.7204791783257647,3.929013079667063,3.929013079667063
152.3564601076514,1662.7774640444754,143.75532984787458,143.82474843869778,1675.5037007252697,133.1584211198427,-0.69347657033171,0.0,-0.7204791783257647,3.929013079667063,3.929013079667063
142.16948269385364,1651.333133778858,134.81368686468684,152.3564601076514,1662.7774640444754,143.75532984787458,-0.69347657033171,0.0,-0.7204791783257647,3.929013079667063,3.929013079667063
152.3564601076514,1662.7774640444754,143.75532984787458,162.54343752144916,1674.221794310093,152.6969728310623,-0.69347657033171,0.0,-0.7204791783257647,3.929013079667063,3.929013079667063
162.54343752144916,1674.221794310093,152.6969728310623,154.01172585249552,1686.9480309908872,142.10006410303043,-0.69347657033171,0.0,-0.7204791783257647,3.929013079667063,3.929013079667063
154.01172585249552,1686.9480309908872,142.10006410303043,145.48001418354193,1699.6742676716815,131.50315537499856,-0.69347657033171,0.0,-0.7204791783257647,3.929013079667063,3.929013079667063
143.82474843869778,1675.5037007252697,133.1584211198427,154.01172585249552,1686.9480309908872,142.10006410303043,-0.69347657033171,0.0,-0.7204791783257647,3.929013079667063,3.929013079667063
154.01172585249552,1686.9480309908872,142.10006410303043,164.1987032662933,1698.3923612565047,151.04170708621817,-0.69347657033171,0.0,-0.7204791783257647,3.929013079667063,3.929013079667063
164.1987032662933,1698.3923612565047,151.04170708621817,155.66699159733966,1711.118597937299,140.4447983581863,-0.69347657033171,0.0,-0.7204791783257647,3.929013079667063,3.929013079667063
155.66699159733966,1711.118597937299,140.4447983581863,147.13527992838604,1723.8448346180933,129.84788963015444,-0.69347657033171,0.0,-0.7204791783257647,3.929013079667063,3.929013079667063
145.48001418354193,1699.6742676716815,131.50315537499856,155.66699159733966,1711.118597937299,140.4447983581863,-0.69347657033171,0.0,-0.7204791783257647,3.929013079667063,3.929013079667063
155.66699159733966,1711.118597937299,140.4447983581863,165.85396901113742,1722.5629282029165,149.38644134137405,-0.69347657033171,0.0,-0.7204791783257647,3.929013079667063,3.929013079667063
165.85396901113742,1722.5629282029165,149.38644134137405,157.3222573421838,1735.289164883711,138.78953261334215,-0.69347657033171,0.0,-0.7204791783257647,3.929013079667063,3.929013079667063
157.3222573421838,1735.289164883711,138.78953261334215,148.79054567323018,1748.0154015645053,128.1926238853103,-0.69347657033171,0.0,-0.7204791783257647,3.929013079667063,3.929013079667063
147.13527992838604,1723.8448346180933,129.84788963015444,157.3222573421838,1735.289164883711,138.78953261334215,-0.69347657033171,0.0,-0.7204791783257647,3.929013079667063,3.929013079667063
157.3222573421838,1735.289164883711,138.78953261334215,167.50923475598157,1746.7334951493285,147.7311755965299,-0.69347657033171,0.0,-0.7204791783257647,3.929013079667063,3.929013079667063
167.50923475598157,1746.7334951493283,147.7311755965299,158.97752308702795,1759.4597318301228,137.13426686849803,-0.69347657033171,0.0,-0.7204791783257647,3.929013079667063,3.929013079667063
158.97752308702795,1759.4597318301228,137.13426686849803,150.44581141807433,1772.1859685109173,126.53735814046615,-0.69347657033171,0.0,-0.7204791783257647,3.929013079667063,3.929013079667063
148.79054567323018,1748.015401564505,128.1926238853103,158.97752308702795,1759.4597318301228,137.13426686849803,-0.69347657033171,0.0,-0.7204791783257647,3.929013079667063,3.929013079667063
158.97752308702795,1759.4597318301228,137.13426686849803,169.1645005008257,1770.9040620957405,146.07590985168576,-0.69347657033171,0.0,-0.7204791783257647,3.929013079667063,3.929013079667063
169.1645005008257,1770.9040620957405,146.07590985168576,160.6327888318721,1783.6302987765348,135.4790011236539,-0.69347657033171,0.0,-0.7204791783257647,3.929013079667063,3.929013079667063
160.6327888318721,1783.6302987765348,135.4790011236539,152.10107716291847,1796.356535457329,124.88209239562201,-0.69347657033171,0.0,-0.7204791783257647,3.929013079667063,3.929013079667063
150.44581141807433,1772.1859685109173,126.53735814046615,160.6327888318721,1783.6302987765348,135.4790011236539,-0.69347657033171,0.0,-0.7204791783257647,3.929013079667063,3.929013079667063
160.6327888318721,1783.6302987765348,135.4790011236539,170.81976624566985,1795.0746290421523,144.42064410684162,-0.69347657033171,0.0,-0.7204791783257647,3.929013079667063,3.929013079667063
170.81976624566985,1795.0746290421523,144.42064410684162,162.28805457671623,1807.8008657229466,133.82373537880974,-0.69347657033171,0.0,-0.7204791783257647,3.929013079667063,3.929013079667063
162.28805457671623,1807.8008657229466,133.82373537880974,153.75634290776262,1820.5271024037409,123.22682665077787,-0.69347657033171,0.0,-0.7204791783257647,3.929013079667063,3.929013079667063
152.10107716291847,1796.356535457329,124.88209239562201,162.28805457671623,1807.8008657229466,133.82373537880974,-0.69347657033171,0.0,-0.7204791783257647,3.929013079667063,3.929013079667063
162.28805457671623,1807.8008657229466,133.82373537880974,172.475031990514,1819.245195988564,142.76537836199748,-0.69347657033171,0.0,-0.7204791783257647,3.929013079667063,3.929013079667063
172.475031990514,1819.245195988564,142.76537836199748,163.94332032156038,1831.9714326693584,132.1684696339656,-0.69347657033171,0.0,-0.7204791783257647,3.929013079667063,3.929013079667063
163.94332032156038,1831.9714326693584,132.1684696339656,155.41160865260673,1844.6976693501526,121.57156090593372,-0.69347657033171,0.0,-0.7204791783257647,3.929013079667063,3.929013079667063
153.75634290776262,1820.5271024037409,123.22682665077787,163.94332032156038,1831.9714326693584,132.1684696339656,-0.69347657033171,0.0,-0.7204791783257647,3.929013079667063,3.929013079667063
163.94332032156038,1831.9714326693584,132.1684696339656,174.1302977353581,1843.4157629349759,141.11011261715333,-0.69347657033171,0.0,-0.7204791783257647,3.929013079667063,3.929013079667063
174.1302977353581,1843.4157629349759,141.11011261715333,165.5985860664045,1856.1419996157701,130.51320388912146,-0.69347657033171,0.0,-0.7204791783257647,3.929013079667063,3.929013079667063
165.5985860664045,1856.1419996157701,130.51320388912146,157.06687439745087,1868.8682362965646,119.91629516108958,-0.69347657033171,0.0,-0.7204791783257647,3.929013079667063,3.929013079667063
155.41160865260673,1844.6976693501526,121.57156090593372,165.5985860664045,1856.1419996157701,130.51320388912146,-0.69347657033171,0.0,-0.7204791783257647,3.929013079667063,3.929013079667063
165.5985860664045,1856.1419996157701,130.51320388912146,175.78556348020226,1867.5863298813879,139.4548468723092,-0.69347657033171,0.0,-0.7204791783257647,3.929013079667063,3.929013079667063
175.78556348020226,1867.5863298813877,139.4548468723092,167.25385181124864,1880.312566562182,128.85793814427734,-0.69347657033171,0.0,-0.7204791783257647,3.929013079667063,3.929013079667063
167.25385181124864,1880.312566562182,128.85793814427734,158.72214014229502,1893.0388032429764,118.26102941624544,-0.69347657033171,0.0,-0.7204791783257647,3.929013079667063,3.929013079667063
157.06687439745087,1868.8682362965644,119.91629516108958,167.25385181124864,1880.312566562182,128.85793814427734,-0.69347657033171,0.0,-0.7204791783257647,3.929013079667063,3.929013079667063
167.25385181124864,1880.312566562182,128.85793814427734,177.4408292250464,1891.7568968277997,137.79958112746505,-0.69347657033171,0.0,-0.7204791783257647,3.929013079667063,3.929013079667063
177.4408292250464,1891.7568968277997,137.79958112746505,168.90911755609278,1904.483133508594,127.20267239943318,-0.69347657033171,0.0,-0.7204791783257647,3.929013079667063,3.929013079667063
168.90911755609278,1904.483133508594,127.20267239943318,160.37740588713916,1917.2093701893884,116.60576367140129,-0.69347657033171,0.0,-0.7204791783257647,3.929013079667063,3.929013079667063
158.72214014229502,1893.0388032429764,118.26102941624544,168.90911755609278,1904.483133508594,127.20267239943318,-0.69347657033171,0.0,-0.7204791783257647,3.929013079667063,3.929013079667063
168.90911755609278,1904.483133508594,127.20267239943318,179.09609496989054,1915.9274637742117,136.1443153826209,-0.69347657033171,0.0,-0.7204791783257647,3.929013079667063,3.929013079667063
179.09609496989054,1915.9274637742114,136.14431538262093,170.56438330093692,1928.653700455006,125.54740665458904,-0.69347657033171,0.0,-0.7204791783257647,3.929013079667063,3.929013079667063
170.56438330093692,1928.653700455006,125.54740665458904,162.0326716319833,1941.3799371358002,114.95049792655718,-0.69347657033171,0.0,-0.7204791783257647,3.929013079667063,3.929013079667063
160.37740588713916,1917.2093701893882,116.60576367140132,170.56438330093692,1928.653700455006,125.54740665458904,-0.69347657033171,0.0,-0.7204791783257647,3.929013079667063,3.929013079667063
170.56438330093692,1928.653700455006,125.54740665458904,180.7513607147347,1940.0980307206235,134.4890496377768,-0.69347657033171,0.0,-0.7204791783257647,3.929013079667063,3.929013079667063
180.7513607147347,1940.0980307206235,134.4890496377768,172.21964904578107,1952.8242674014177,123.8921409097449,-0.69347657033171,0.0,-0.7204791783257647,3.929013079667063,3.929013079667063
172.21964904578107,1952.8242674014177,123.8921409097449,163.68793737682745,1965.550504082212,113.29523218171303,-0.69347657033171,0.0,-0.7204791783257647,3.929013079667063,3.929013079667063
162.0326716319833,1941.3799371358002,114.95049792655718,172.21964904578107,1952.8242674014177,123.8921409097449,-0.69347657033171,0.0,-0.7204791783257647,3.929013079667063,3.929013079667063
172.21964904578107,1952.8242674014177,123.8921409097449,182.40662645957883,1964.2685976670352,132.83378389293264,-0.69347657033171,0.0,-0.7204791783257647,3.929013079667063,3.929013079667063
182.40662645957883,1964.2685976670352,132.83378389293264,173.87491479062518,1976.9948343478295,122.23687516490075,-0.69347657033171,0.0,-0.7204791783257647,3.929013079667063,3.929013079667063
173.87491479062518,1976.9948343478295,122.23687516490075,165.3432031216716,1989.7210710286238,111.63996643686889,-0.69347657033171,0.0,-0.7204791783257647,3.929013079667063,3.929013079667063
163.68793737682745,1965.550504082212,113.29523218171303,173.87491479062518,1976.9948343478295,122.23687516490075,-0.69347657033171,0.0,-0.7204791783257647,3.929013079667063,3.929013079667063
173.87491479062518,1976.9948343478295,122.23687516490075,184.06189220442297,1988.439164613447,131.1785181480885,-0.69347657033171,0.0,-0.7204791783257647,3.929013079667063,3.929013079667063
184.06189220442295,1988.439164613447,131.1785181480885,175.53018053546933,2001.165401294241,120.58160942005661,-0.69347657033171,0.0,-0.7204791783257647,3.929013079667063,3.929013079667063
175.53018053546933,2001.165401294241,120.58160942005661,166.9984688665157,2013.8916379750356,109.98470069202475,-0.69347657033171,0.0,-0.7204791783257647,3.929013079667063,3.929013079667063
165.34320312167156,1989.7210710286238,111.63996643686889,175.53018053546933,2001.165401294241,120.58160942005661,-0.69347657033171,0.0,-0.7204791783257647,3.929013079667063,3.929013079667063
175.53018053546933,2001.165401294241,120.58160942005661,185.7171579492671,2012.6097315598588,129.52325240324436,-0.69347657033171,0.0,-0.7204791783257647,3.929013079667063,3.929013079667063
185.7171579492671,2012.6097315598588,129.52325240324436,177.18544628031347,2025.3359682406528,118.92634367521246,-0.69347657033171,0.0,-0.7204791783257647,3.929013079667063,3.929013079667063
177.18544628031347,2025.3359682406528,118.92634367521246,168.65373461135985,2038.0622049214473,108.3294349471806,-0.69347657033171,0.0,-0.7204791783257647,3.929013079667063,3.929013079667063
166.9984688665157,2013.8916379750356,109.98470069202475,177.18544628031347,2025.3359682406528,118.92634367521246,-0.69347657033171,0.0,-0.7204791783257647,3.929013079667063,3.929013079667063
177.18544628031347,2025.3359682406528,118.92634367521246,187.37242369411123,2036.7802985062706,127.8679866584002,-0.69347657033171,0.0,-0.7204791783257647,3.929013079667063,3.929013079667063
187.37242369411123,2036.7802985062706,127.86798665840021,178.84071202515761,2049.5065351870644,117.27107793036834,-0.69347657033171,0.0,-0.7204791783257647,3.929013079667063,3.929013079667063
178.84071202515761,2049.5065351870644,117.27107793036834,170.309000356204,2062.2327718678594,106.67416920233646,-0.69347657033171,0.0,-0.7204791783257647,3.929013079667063,3.929013079667063
168.65373461135985,2038.0622049214473,108.3294349471806,178.84071202515761,2049.5065351870644,117.27107793036834,-0.69347657033171,0.0,-0.7204791783257647,3.929013079667063,3.929013079667063
178.84071202515761,2049.5065351870644,117.27107793036834,189.02768943895538,2060.9508654526826,126.21272091355607,-0.69347657033171,0.0,-0.7204791783257647,3.929013079667063,3.929013079667063
189.02768943895538,2060.9508654526826,126.21272091355607,180.49597777000176,2073.6771021334766,115.61581218552419,-0.69347657033171,0.0,-0.7204791783257647,3.929013079667063,3.929013079667063
180.49597777000176,2073.6771021334766,115.61581218552419,171.96426610104814,2086.403338814271,105.01890345749231,-0.69347657033171,0.0,-0.7204791783257647,3.929013079667063,3.929013079667063
170.309000356204,2062.2327718678594,106.67416920233646,180.49597777000176,2073.6771021334766,115.61581218552419,-0.69347657033171,0.0,-0.7204791783257647,3.929013079667063,3.929013079667063
180.49597777000176,2073.6771021334766,115.61581218552419,190.68295518379952,2085.1214323990944,124.55745516871193,-0.69347657033171,0.0,-0.7204791783257647,3.929013079667063,3.929013079667063
190.68295518379952,2085.1214323990944,124.55745516871194,182.1512435148459,2097.8476690798884,113.96054644068006,-0.69347657033171,0.0,-0.7204791783257647,3.929013079667063,3.929013079667063
182.1512435148459,2097.8476690798884,113.96054644068006,173.61953184589225,2110.573905760683,103.3636377126482,-0.69347657033171,0.0,-0.7204791783257647,3.929013079667063,3.929013079667063
171.96426610104814,2086.403338814271,105.01890345749234,182.1512435148459,2097.8476690798884,113.96054644068006,-0.69347657033171,0.0,-0.7204791783257647,3.929013079667063,3.929013079667063
182.1512435148459,2097.8476690798884,113.96054644068006,192.33822092864364,2109.291999345506,122.9021894238678,-0.69347657033171,0.0,-0.7204791783257647,3.929013079667063,3.929013079667063
192.33822092864364,2109.291999345506,122.9021894238678,183.80650925969005,2122.0182360263,112.30528069583592,-0.69347657033171,0.0,-0.7204791783257647,3.929013079667063,3.929013079667063
183.80650925969005,2122.0182360263,112.30528069583592,175.2747975907364,2134.7444727070947,101.70837196780406,-0.69347657033171,0.0,-0.7204791783257647,3.929013079667063,3.929013079667063
173.61953184589225,2110.573905760683,103.3636377126482,183.80650925969005,2122.0182360263,112.30528069583592,-0.69347657033171,0.0,-0.7204791783257647,3.929013079667063,3.929013079667063
183.80650925969005,2122.0182360263,112.30528069583592,193.99348667348778,2133.462566291918,121.24692367902365,-0.69347657033171,0.0,-0.7204791783257647,3.929013079667063,3.929013079667063
193.99348667348778,2133.462566291918,121.24692367902365,185.4617750045342,2146.188802972712,110.65001495099177,-0.69347657033171,0.0,-0.7204791783257647,3.929013079667063,3.929013079667063
185.4617750045342,2146.188802972712,110.65001495099177,176.93006333558054,2158.915039653507,100.05310622295991,-0.69347657033171,0.0,-0.7204791783257647,3.929013079667063,3.929013079667063
175.2747975907364,2134.7444727070947,101.70837196780406,185.4617750045342,2146.188802972712,110.65001495099177,-0.69347657033171,0.0,-0.7204791783257647,3.929013079667063,3.929013079667063
185.4617750045342,2146.188802972712,110.65001495099177,195.64875241833192,2157.63313323833,119.59165793417951,-0.69347657033171,0.0,-0.7204791783257647,3.929013079667063,3.929013079667063
195.64875241833192,2157.6331332383297,119.59165793417952,187.1170407493783,2170.3593699191238,108.99474920614765,-0.69347657033171,0.0,-0.7204791783257647,3.929013079667063,3.929013079667063
187.1170407493783,2170.3593699191238,108.99474920614765,178.58532908042469,2183.0856065999183,98.39784047811577,-0.69347657033171,0.0,-0.7204791783257647,3.929013079667063,3.929013079667063
176.93006333558054,2158.9150396535065,100.05310622295991,187.1170407493783,2170.3593699191238,108.99474920614765,-0.69347657033171,0.0,-0.7204791783257647,3.929013079667063,3.929013079667063
187.1170407493783,2170.3593699191238,108.99474920614765,197.30401816317607,2181.8037001847415,117.93639218933538,-0.69347657033171,0.0,-0.7204791783257647,3.929013079667063,3.929013079667063
197.30401816317607,2181.8037001847415,117.93639218933538,188.77230649422245,2194.529936865536,107.3394834613035,-0.69347657033171,0.0,-0.7204791783257647,3.929013079667063,3.929013079667063
188.77230649422245,2194.529936865536,107.3394834613035,180.24059482526883,2207.2561735463305,96.74257473327162,-0.69347657033171,0.0,-0.7204791783257647,3.929013079667063,3.929013079667063
178.58532908042469,2183.0856065999183,98.39784047811577,188.77230649422245,2194.529936865536,107.3394834613035,-0.69347657033171,0.0,-0.7204791783257647,3.929013079667063,3.929013079667063
188.77230649422245,2194.529936865536,107.3394834613035,198.9592839080202,2205.9742671311537,116.28112644449124,-0.69347657033171,0.0,-0.7204791783257647,3.929013079667063,3.929013079667063
198.9592839080202,2205.9742671311537,116.28112644449124,190.4275722390666,2218.700503811948,105.68421771645936,-0.69347657033171,0.0,-0.7204791783257647,3.929013079667063,3.929013079667063
190.4275722390666,2218.700503811948,105.68421771645936,181.89586057011297,2231.4267404927423,95.08730898842751,-0.69347657033171,0.0,-0.7204791783257647,3.929013079667063,3.929013079667063
180.24059482526883,2207.2561735463305,96.74257473327162,190.4275722390666,2218.700503811948,105.68421771645936,-0.69347657033171,0.0,-0.7204791783257647,3.929013079667063,3.929013079667063
190.4275722390666,2218.700503811948,105.68421771645936,200.61454965286435,2230.1448340775655,114.6258606996471,-0.69347657033171,0.0,-0.7204791783257647,3.929013079667063,3.929013079667063
200.61454965286435,2230.1448340775655,114.6258606996471,192.0828379839107,2242.8710707583596,104.02895197161523,-0.69347657033171,0.0,-0.7204791783257647,3.929013079667063,3.929013079667063
192.0828379839107,2242.8710707583596,104.02895197161523,183.55112631495712,2255.597307439154,93.43204324358337,-0.69347657033171,0.0,-0.7204791783257647,3.929013079667063,3.929013079667063
181.89586057011297,2231.4267404927423,95.08730898842751,192.0828379839107,2242.8710707583596,104.02895197161523,-0.69347657033171,0.0,-0.7204791783257647,3.929013079667063,3.929013079667063
192.0828379839107,2242.8710707583596,104.02895197161523,202.2698153977085,2254.3154010239773,112.97059495480296,-0.69347657033171,0.0,-0.7204791783257647,3.929013079667063,3.929013079667063
202.2698153977085,2254.3154010239773,112.97059495480296,193.73810372875485,2267.0416377047713,102.37368622677108,-0.69347657033171,0.0,-0.7204791783257647,3.929013079667063,3.929013079667063
193.73810372875485,2267.0416377047713,102.37368622677108,185.20639205980126,2279.767874385566,91.77677749873922,-0.69347657033171,0.0,-0.7204791783257647,3.929013079667063,3.929013079667063
183.55112631495712,2255.597307439154,93.43204324358337,193.73810372875485,2267.0416377047713,102.37368622677108,-0.69347657033171,0.0,-0.7204791783257647,3.929013079667063,3.929013079667063
193.73810372875485,2267.0416377047713,102.37368622677108,203.92508114255264,2278.485967970389,111.31532920995882,-0.69347657033171,0.0,-0.7204791783257647,3.929013079667063,3.929013079667063
203.92508114255264,2278.485967970389,111.31532920995882,195.393369473599,2291.212204651183,100.71842048192694,-0.69347657033171,0.0,-0.7204791783257647,3.929013079667063,3.929013079667063
195.393369473599,2291.212204651183,100.71842048192694,186.8616578046454,2303.9384413319776,90.12151175389508,-0.69347657033171,0.0,-0.7204791783257647,3.929013079667063,3.929013079667063
185.20639205980126,2279.767874385566,91.77677749873922,195.393369473599,2291.212204651183,100.71842048192694,-0.69347657033171,0.0,-0.7204791783257647,3.929013079667063,3.929013079667063
195.393369473599,2291.212204651183,100.71842048192694,205.5803468873968,2302.656534916801,109.66006346511467,-0.69347657033171,0.0,-0.7204791783257647,3.929013079667063,3.929013079667063
110.71943354181501,1192.0923617970325,205.3408394391647,120.90641095561276,1203.5366920626502,194.74393071113283,0.69347657033171,0.0,-0.7204791783257647,3.929013079667063,3.929013079667063
120.90641095561276,1203.5366920626502,194.74393071113283,131.0933883694105,1214.9810223282677,184.14702198310096,0.69347657033171,0.0,-0.7204791783257647,3.929013079667063,3.929013079667063
129.43812262456638,1190.8104553818557,185.8022877279451,120.90641095561276,1203.5366920626502,194.74393071113283,0.69347657033171,0.0,-0.7204791783257647,3.929013079667063,3.929013079667063
120.90641095561276,1203.5366920626502,194.74393071113283,112.37469928665914,1216.2629287434445,203.68557369432057,0.69347657033171,0.0,-0.7204791783257647,3.929013079667063,3.929013079667063
112.37469928665914,1216.2629287434445,203.68557369432057,122.56167670045689,1227.707259009062,193.0886649662887,0.69347657033171,0.0,-0.7204791783257647,3.929013079667063,3.929013079667063
122.56167670045689,1227.707259009062,193.0886649662887,132.74865411425463,1239.1515892746795,182.4917562382568,0.69347657033171,0.0,-0.7204791783257647,3.929013079667063,3.929013079667063
131.0933883694105,1214.9810223282677,184.14702198310096,122.56167670045689,1227.707259009062,193.0886649662887,0.69347657033171,0.0,-0.7204791783257647,3.929013079667063,3.929013079667063
122.56167670045689,1227.707259009062,193.0886649662887,114.02996503150328,1240.4334956898563,202.03030794947642,0.69347657033171,0.0,-0.7204791783257647,3.929013079667063,3.929013079667063
114.02996503150328,1240.4334956898563,202.03030794947642,124.21694244530103,1251.8778259554738,191.43339922144457,0.69347657033171,0.0,-0.7204791783257647,3.929013079667063,3.929013079667063
124.21694244530103,1251.8778259554738,191.43339922144457,134.40391985909878,1263.3221562210913,180.8364904934127,0.69347657033171,0.0,-0.7204791783257647,3.929013079667063,3.929013079667063
132.74865411425463,1239.1515892746795,182.4917562382568,124.21694244530103,1251.8778259554738,191.43339922144457,0.69347657033171,0.0,-0.7204791783257647,3.929013079667063,3.929013079667063
124.21694244530103,1251.8778259554738,191.43339922144457,115.68523077634742,1264.604062636268,200.3750422046323,0.69347657033171,0.0,-0.7204791783257647,3.929013079667063,3.929013079667063
115.68523077634742,1264.604062636268,200.3750422046323,125.87220819014517,1276.0483929018858,189.77813347660043,0.69347657033171,0.0,-0.7204791783257647,3.929013079667063,3.929013079667063
125.87220819014517,1276.0483929018858,189.77813347660043,136.05918560394292,1287.4927231675033,179.18122474856855,0.69347657033171,0.0,-0.7204791783257647,3.929013079667063,3.929013079667063
134.40391985909878,1263.3221562210913,180.8364904934127,125.87220819014517,1276.0483929018858,189.77813347660043,0.69347657033171,0.0,-0.7204791783257647,3.929013079667063,3.929013079667063
125.87220819014517,1276.0483929018858,189.77813347660043,117.34049652119155,1288.77462958268,198.71977645978816,0.69347657033171,0.0,-0.7204791783257647,3.929013079667063,3.929013079667063
117.34049652119155,1288.77462958268,198.71977645978816,127.5274739349893,1300.2189598482976,188.1228677317563,0.69347657033171,0.0,-0.7204791783257647,3.929013079667063,3.929013079667063
127.5274739349893,1300.2189598482976,188.1228677317563,137.71445134878707,1311.663290113915,177.5259590037244,0.69347657033171,0.0,-0.7204791783257647,3.929013079667063,3.929013079667063
136.05918560394292,1287.4927231675033,179.18122474856855,127.5274739349893,1300.2189598482976,188.1228677317563,0.69347657033171,0.0,-0.7204791783257647,3.929013079667063,3.929013079667063
127.5274739349893,1300.2189598482976,188.1228677317563,118.9957622660357,1312.9451965290918,197.06451071494402,0.69347657033171,0.0,-0.7204791783257647,3.929013079667063,3.929013079667063
118.9957622660357,1312.9451965290918,197.06451071494402,129.18273967983345,1324.3895267947094,186.46760198691214,0.69347657033171,0.0,-0.7204791783257647,3.929013079667063,3.929013079667063
129.18273967983345,1324.3895267947094,186.46760198691214,139.3697170936312,1335.8338570603269,175.87069325888027,0.69347657033171,0.0,-0.7204791783257647,3.929013079667063,3.929013079667063
137.71445134878707,1311.663290113915,177.5259590037244,129.18273967983345,1324.3895267947094,186.46760198691214,0.69347657033171,0.0,-0.7204791783257647,3.929013079667063,3.929013079667063
129.18273967983345,1324.3895267947094,186.46760198691214,120.65102801087984,1337.1157634755036,195.40924497009988,0.69347657033171,0.0,-0.7204791783257647,3.929013079667063,3.929013079667063
120.65102801087984,1337.1157634755036,195.40924497009988,130.8380054246776,1348.5600937411214,184.812336242068,0.69347657033171,0.0,-0.7204791783257647,3.929013079667063,3.929013079667063
130.8380054246776,1348.5600937411214,184.812336242068,141.02498283847535,1360.0044240067389,174.21542751403612,0.69347657033171,0.0,-0.7204791783257647,3.929013079667063,3.929013079667063
139.3697170936312,1335.8338570603269,175.87069325888027,130.8380054246776,1348.5600937411214,184.812336242068,0.69347657033171,0.0,-0.7204791783257647,3.929013079667063,3.929013079667063
130.8380054246776,1348.5600937411214,184.812336242068,122.30629375572398,1361.2863304219156,193.75397922525573,0.69347657033171,0.0,-0.7204791783257647,3.929013079667063,3.929013079667063
122.30629375572397,1361.2863304219156,193.75397922525573,132.49327116952173,1372.7306606875331,183.15707049722386,0.69347657033171,0.0,-0.7204791783257647,3.929013079667063,3.929013079667063
132.49327116952173,1372.7306606875331,183.15707049722386,142.6802485833195,1384.1749909531507,172.56016176919198,0.69347657033171,0.0,-0.7204791783257647,3.929013079667063,3.929013079667063
141.02498283847535,1360.0044240067389,174.21542751403612,132.49327116952173,1372.7306606875331,183.15707049722386,0.69347657033171,0.0,-0.7204791783257647,3.929013079667063,3.929013079667063
132.49327116952173,1372.7306606875331,183.15707049722386,123.96155950056811,1385.4568973683274,192.0987134804116,0.69347657033171,0.0,-0.7204791783257647,3.929013079667063,3.929013079667063
123.96155950056811,1385.4568973683274,192.0987134804116,134.14853691436588,1396.901227633945,181.5018047523797,0.69347657033171,0.0,-0.7204791783257647,3.929013079667063,3.929013079667063
134.14853691436588,1396.901227633945,181.5018047523797,144.33551432816364,1408.3455578995624,170.90489602434783,0.69347657033171,0.0,-0.7204791783257647,3.929013079667063,3.929013079667063
142.6802485833195,1384.1749909531507,172.56016176919198,134.14853691436588,1396.901227633945,181.5018047523797,0.69347657033171,0.0,-0.7204791783257647,3.929013079667063,3.929013079667063
134.14853691436588,1396.901227633945,181.5018047523797,125.61682524541226,1409.6274643147392,190.44344773556745,0.69347657033171,0.0,-0.7204791783257647,3.929013079667063,3.929013079667063
125.61682524541226,1409.6274643147392,190.44344773556745,135.80380265921002,1421.071794580357,179.84653900753557,0.69347657033171,0.0,-0.7204791783257647,3.929013079667063,3.929013079667063
135.80380265921002,1421.071794580357,179.84653900753557,145.99078007300778,1432.5161248459744,169.24963027950372,0.69347657033171,0.0,-0.7204791783257647,3.929013079667063,3.929013079667063
144.33551432816364,1408.3455578995624,170.90489602434783,135.80380265921002,1421.071794580357,179.84653900753557,0.69347657033171,0.0,-0.7204791783257647,3.929013079667063,3.929013079667063
135.80380265921002,1421.071794580357,179.84653900753557,127.2720909902564,1433.7980312611512,188.78818199072333,0.69347657033171,0.0,-0.7204791783257647,3.929013079667063,3.929013079667063
127.27209099025639,1433.798031261151,188.78818199072333,137.45906840405414,1445.2423615267687,178.19127326269145,0.69347657033171,0.0,-0.7204791783257647,3.929013079667063,3.929013079667063
137.45906840405414,1445.2423615267687,178.19127326269145,147.6460458178519,1456.6866917923862,167.59436453465958,0.69347657033171,0.0,-0.7204791783257647,3.929013079667063,3.929013079667063
145.99078007300776,1432.5161248459742,169.24963027950372,137.45906840405414,1445.2423615267687,178.19127326269145,0.69347657033171,0.0,-0.7204791783257647,3.929013079667063,3.929013079667063
137.45906840405414,1445.2423615267687,178.19127326269145,128.92735673510052,1457.968598207563,187.1329162458792,0.69347657033171,0.0,-0.7204791783257647,3.929013079667063,3.929013079667063
128.92735673510052,1457.968598207563,187.1329162458792,139.11433414889828,1469.4129284731807,176.5360075178473,0.69347657033171,0.0,-0.7204791783257647,3.929013079667063,3.929013079667063
139.11433414889828,1469.4129284731807,176.5360075178473,149.30131156269604,1480.857258738798,165.93909878981543,0.69347657033171,0.0,-0.7204791783257647,3.929013079667063,3.929013079667063
147.6460458178519,1456.6866917923862,167.59436453465958,139.11433414889828,1469.4129284731807,176.5360075178473,0.69347657033171,0.0,-0.7204791783257647,3.929013079667063,3.929013079667063
139.11433414889828,1469.4129284731807,176.5360075178473,130.58262247994466,1482.1391651539748,185.47765050103504,0.69347657033171,0.0,-0.7204791783257647,3.929013079667063,3.929013079667063
130.58262247994466,1482.139165153975,185.47765050103504,140.76959989374242,1493.5834954195925,174.88074177300317,0.69347657033171,0.0,-0.7204791783257647,3.929013079667063,3.929013079667063
140.76959989374242,1493.5834954195925,174.88074177300317,150.9565773075402,1505.02782568521,164.2838330449713,0.69347657033171,0.0,-0.7204791783257647,3.929013079667063,3.929013079667063
149.30131156269604,1480.8572587387982,165.93909878981543,140.76959989374242,1493.5834954195925,174.88074177300317,0.69347657033171,0.0,-0.7204791783257647,3.929013079667063,3.929013079667063
140.76959989374242,1493.5834954195925,174.88074177300317,132.2378882247888,1506.3097321003868,183.8223847561909,0.69347657033171,0.0,-0.7204791783257647,3.929013079667063,3.929013079667063
132.2378882247888,1506.3097321003868,183.8223847561909,142.42486563858657,1517.7540623660043,173.22547602815902,0.69347657033171,0.0,-0.7204791783257647,3.929013079667063,3.929013079667063
142.42486563858657,1517.7540623660043,173.22547602815902,152.6118430523843,1529.1983926316218,162.62856730012714,0.69347657033171,0.0,-0.7204791783257647,3.929013079667063,3.929013079667063
150.9565773075402,1505.02782568521,164.2838330449713,142.42486563858657,1517.7540623660043,173.22547602815902,0.69347657033171,0.0,-0.7204791783257647,3.929013079667063,3.929013079667063
142.42486563858657,1517.7540623660043,173.22547602815902,133.89315396963292,1530.4802990467986,182.16711901134676,0.69347657033171,0.0,-0.7204791783257647,3.929013079667063,3.929013079667063
133.89315396963292,1530.4802990467986,182.16711901134676,144.0801313834307,1541.924629312416,171.57021028331488,0.69347657033171,0.0,-0.7204791783257647,3.929013079667063,3.929013079667063
144.0801313834307,1541.924629312416,171.57021028331488,154.26710879722845,1553.3689595780336,160.973301555283,0.69347657033171,0.0,-0.7204791783257647,3.929013079667063,3.929013079667063
152.6118430523843,1529.1983926316218,162.62856730012714,144.0801313834307,1541.924629312416,171.57021028331488,0.69347657033171,0.0,-0.7204791783257647,3.929013079667063,3.929013079667063
144.0801313834307,1541.924629312416,171.57021028331488,135.54841971447706,1554.6508659932103,180.5118532665026,0.69347657033171,0.0,-0.7204791783257647,3.929013079667063,3.929013079667063
135.54841971447706,1554.6508659932106,180.5118532665026,145.73539712827483,1566.0951962588279,169.91494453847076,0.69347657033171,0.0,-0.7204791783257647,3.929013079667063,3.929013079667063
145.73539712827483,1566.0951962588279,169.91494453847076,155.9223745420726,1577.5395265244456,159.31803581043886,0.69347657033171,0.0,-0.7204791783257647,3.929013079667063,3.929013079667063
154.26710879722845,1553.3689595780338,160.973301555283,145.73539712827483,1566.0951962588279,169.91494453847076,0.69347657033171,0.0,-0.7204791783257647,3.929013079667063,3.929013079667063
145.73539712827483,1566.0951962588279,169.91494453847076,137.2036854593212,1578.8214329396224,178.85658752165847,0.69347657033171,0.0,-0.7204791783257647,3.929013079667063,3.929013079667063
137.2036854593212,1578.8214329396224,178.85658752165847,147.39066287311897,1590.2657632052399,168.25967879362662,0.69347657033171,0.0,-0.7204791783257647,3.929013079667063,3.929013079667063
147.39066287311897,1590.2657632052399,168.25967879362662,157.57764028691673,1601.7100934708574,157.66277006559474,0.69347657033171,0.0,-0.7204791783257647,3.929013079667063,3.929013079667063
155.9223745420726,1577.5395265244456,159.31803581043886,147.39066287311897,1590.2657632052399,168.25967879362662,0.69347657033171,0.0,-0.7204791783257647,3.929013079667063,3.929013079667063
147.39066287311897,1590.2657632052399,168.25967879362662,138.85895120416535,1602.9919998860341,177.20132177681435,0.69347657033171,0.0,-0.7204791783257647,3.929013079667063,3.929013079667063
138.85895120416535,1602.9919998860344,177.20132177681432,149.0459286179631,1614.4363301516516,166.60441304878248,0.69347657033171,0.0,-0.7204791783257647,3.929013079667063,3.929013079667063
149.0459286179631,1614.4363301516516,166.60441304878248,159.23290603176088,1625.8806604172694,156.0075043207506,0.69347657033171,0.0,-0.7204791783257647,3.929013079667063,3.929013079667063
157.57764028691673,1601.7100934708576,157.6627700655947,149.0459286179631,1614.4363301516516,166.60441304878248,0.69347657033171,0.0,-0.7204791783257647,3.929013079667063,3.929013079667063
149.0459286179631,1614.4363301516516,166.60441304878248,140.5142169490095,1627.1625668324461,175.5460560319702,0.69347657033171,0.0,-0.7204791783257647,3.929013079667063,3.929013079667063
140.5142169490095,1627.1625668324461,175.5460560319702,150.70119436280726,1638.6068970980637,164.94914730393833,0.69347657033171,0.0,-0.7204791783257647,3.929013079667063,3.929013079667063
150.70119436280726,1638.6068970980637,164.94914730393833,160.88817177660502,1650.0512273636812,154.35223857590645,0.69347657033171,0.0,-0.7204791783257647,3.929013079667063,3.929013079667063
159.23290603176088,1625.8806604172694,156.0075043207506,150.70119436280726,1638.6068970980637,164.94914730393833,0.69347657033171,0.0,-0.7204791783257647,3.929013079667063,3.929013079667063
150.70119436280726,1638.6068970980637,164.94914730393833,142.16948269385364,1651.333133778858,173.89079028712607,0.69347657033171,0.0,-0.7204791783257647,3.929013079667063,3.929013079667063
142.16948269385364,1651.333133778858,173.89079028712607,152.3564601076514,1662.7774640444754,163.2938815590942,0.69347657033171,0.0,-0.7204791783257647,3.929013079667063,3.929013079667063
152.3564601076514,1662.7774640444754,163.2938815590942,162.54343752144916,1674.221794310093,152.6969728310623,0.69347657033171,0.0,-0.7204791783257647,3.929013079667063,3.929013079667063
160.88817177660502,1650.0512273636812,154.35223857590645,152.3564601076514,1662.7774640444754,163.2938815590942,0.69347657033171,0.0,-0.7204791783257647,3.929013079667063,3.929013079667063
152.3564601076514,1662.7774640444754,163.2938815590942,143.82474843869778,1675.5037007252697,172.23552454228192,0.69347657033171,0.0,-0.7204791783257647,3.929013079667063,3.929013079667063
143.82474843869778,1675.5037007252697,172.23552454228192,154.01172585249552,1686.9480309908872,161.63861581425004,0.69347657033171,0.0,-0.7204791783257647,3.929013079667063,3.929013079667063
154.01172585249552,1686.9480309908872,161.63861581425004,164.1987032662933,1698.3923612565047,151.04170708621817,0.69347657033171,0.0,-0.7204791783257647,3.929013079667063,3.929013079667063
162.54343752144916,1674.221794310093,152.6969728310623,154.01172585249552,1686.9480309908872,161.63861581425004,0.69347657033171,0.0,-0.7204791783257647,3.929013079667063,3.929013079667063
154.01172585249552,1686.9480309908872,161.63861581425004,145.48001418354193,1699.6742676716815,170.58025879743778,0.69347657033171,0.0,-0.7204791783257647,3.929013079667063,3.929013079667063
145.48001418354193,1699.6742676716815,170.58025879743778,155.66699159733966,1711.118597937299,159.9833500694059,0.69347657033171,0.0,-0.7204791783257647,3.929013079667063,3.929013079667063
155.66699159733966,1711.118597937299,159.9833500694059,165.85396901113742,1722.5629282029165,149.38644134137405,0.69347657033171,0.0,-0.7204791783257647,3.929013079667063,3.929013079667063
164.1987032662933,1698.3923612565047,151.04170708621817,155.66699159733966,1711.118597937299,159.9833500694059,0.69347657033171,0.0,-0.7204791783257647,3.929013079667063,3.929013079667063
155.66699159733966,1711.118597937299,159.9833500694059,147.13527992838604,1723.8448346180933,168.92499305259366,0.69347657033171,0.0,-0.7204791783257647,3.929013079667063,3.929013079667063
147.13527992838604,1723.8448346180933,168.92499305259366,157.3222573421838,1735.289164883711,158.32808432456176,0.69347657033171,0.0,-0.7204791783257647,3.929013079667063,3.929013079667063
157.3222573421838,1735.289164883711,158.32808432456176,167.50923475598157,1746.7334951493285,147.7311755965299,0.69347657033171,0.0,-0.7204791783257647,3.929013079667063,3.929013079667063
165.85396901113742,1722.5629282029165,149.38644134137405,157.3222573421838,1735.289164883711,158.32808432456176,0.69347657033171,0.0,-0.7204791783257647,3.929013079667063,3.929013079667063
157.3222573421838,1735.289164883711,158.32808432456176,148.79054567323018,1748.0154015645053,167.26972730774952,0.69347657033171,0.0,-0.7204791783257647,3.929013079667063,3.929013079667063
148.79054567323018,1748.015401564505,167.26972730774952,158.97752308702795,1759.4597318301228,156.67281857971764,0.69347657033171,0.0,-0.7204791783257647,3.929013079667063,3.929013079667063
158.97752308702795,1759.4597318301228,156.67281857971764,169.1645005008257,1770.9040620957405,146.07590985168576,0.69347657033171,0.0,-0.7204791783257647,3.929013079667063,3.929013079667063
167.50923475598157,1746.7334951493283,147.7311755965299,158.97752308702795,1759.4597318301228,156.67281857971764,0.69347657033171,0.0,-0.7204791783257647,3.929013079667063,3.929013079667063
158.97752308702795,1759.4597318301228,156.67281857971764,150.44581141807433,1772.1859685109173,165.61446156290538,0.69347657033171,0.0,-0.7204791783257647,3.929013079667063,3.929013079667063
150.44581141807433,1772.1859685109173,165.61446156290538,160.6327888318721,1783.6302987765348,155.0175528348735,0.69347657033171,0.0,-0.7204791783257647,3.929013079667063,3.929013079667063
160.6327888318721,1783.6302987765348,155.0175528348735,170.81976624566985,1795.0746290421523,144.42064410684162,0.69347657033171,0.0,-0.7204791783257647,3.929013079667063,3.929013079667063
169.1645005008257,1770.9040620957405,146.07590985168576,160.6327888318721,1783.6302987765348,155.0175528348735,0.69347657033171,0.0,-0.7204791783257647,3.929013079667063,3.929013079667063
160.6327888318721,1783.6302987765348,155.0175528348735,152.10107716291847,1796.356535457329,163.95919581806123,0.69347657033171,0.0,-0.7204791783257647,3.929013079667063,3.929013079667063
152.10107716291847,1796.356535457329,163.95919581806123,162.28805457671623,1807.8008657229466,153.36228709002935,0.69347657033171,0.0,-0.7204791783257647,3.929013079667063,3.929013079667063
162.28805457671623,1807.8008657229466,153.36228709002935,172.475031990514,1819.245195988564,142.76537836199748,0.69347657033171,0.0,-0.7204791783257647,3.929013079667063,3.929013079667063
170.81976624566985,1795.0746290421523,144.42064410684162,162.28805457671623,1807.8008657229466,153.36228709002935,0.69347657033171,0.0,-0.7204791783257647,3.929013079667063,3.929013079667063
162.28805457671623,1807.8008657229466,153.36228709002935,153.75634290776262,1820.5271024037409,162.3039300732171,0.69347657033171,0.0,-0.7204791783257647,3.929013079667063,3.929013079667063
153.75634290776262,1820.5271024037409,162.3039300732171,163.94332032156038,1831.9714326693584,151.7070213451852,0.69347657033171,0.0,-0.7204791783257647,3.929013079667063,3.929013079667063
163.94332032156038,1831.9714326693584,151.7070213451852,174.1302977353581,1843.4157629349759,141.11011261715333,0.69347657033171,0.0,-0.7204791783257647,3.929013079667063,3.929013079667063
172.475031990514,1819.245195988564,142.76537836199748,163.94332032156038,1831.9714326693584,151.7070213451852,0.69347657033171,0.0,-0.7204791783257647,3.929013079667063,3.929013079667063
163.94332032156038,1831.9714326693584,151.7070213451852,155.41160865260673,1844.6976693501526,160.64866432837294,0.69347657033171,0.0,-0.7204791783257647,3.929013079667063,3.929013079667063
155.41160865260673,1844.6976693501526,160.64866432837294,165.5985860664045,1856.1419996157701,150.05175560034107,0.69347657033171,0.0,-0.7204791783257647,3.929013079667063,3.929013079667063
165.5985860664045,1856.1419996157701,150.05175560034107,175.78556348020226,1867.5863298813879,139.4548468723092,0.69347657033171,0.0,-0.7204791783257647,3.929013079667063,3.929013079667063
174.1302977353581,1843.4157629349759,141.11011261715333,165.5985860664045,1856.1419996157701,150.05175560034107,0.69347657033171,0.0,-0.7204791783257647,3.929013079667063,3.929013079667063
165.5985860664045,1856.1419996157701,150.05175560034107,157.06687439745087,1868.8682362965646,158.9933985835288,0.69347657033171,0.0,-0.7204791783257647,3.929013079667063,3.929013079667063
157.06687439745087,1868.8682362965644,158.9933985835288,167.25385181124864,1880.312566562182,148.39648985549695,0.69347657033171,0.0,-0.7204791783257647,3.929013079667063,3.929013079667063
167.25385181124864,1880.312566562182,148.39648985549695,177.4408292250464,1891.7568968277997,137.79958112746505,0.69347657033171,0.0,-0.7204791783257647,3.929013079667063,3.929013079667063
175.78556348020226,1867.5863298813877,139.4548468723092,167.25385181124864,1880.312566562182,148.39648985549695,0.69347657033171,0.0,-0.7204791783257647,3.929013079667063,3.929013079667063
167.25385181124864,1880.312566562182,148.39648985549695,158.72214014229502,1893.0388032429764,157.33813283868466,0.69347657033171,0.0,-0.7204791783257647,3.929013079667063,3.929013079667063
158.72214014229502,1893.0388032429764,157.33813283868466,168.90911755609278,1904.483133508594,146.7412241106528,0.69347657033171,0.0,-0.7204791783257647,3.929013079667063,3.929013079667063
168.90911755609278,1904.483133508594,146.7412241106528,179.09609496989054,1915.9274637742117,136.1443153826209,0.69347657033171,0.0,-0.7204791783257647,3.929013079667063,3.929013079667063
177.4408292250464,1891.7568968277997,137.79958112746505,168.90911755609278,1904.483133508594,146.7412241106528,0.69347657033171,0.0,-0.7204791783257647,3.929013079667063,3.929013079667063
168.90911755609278,1904.483133508594,146.7412241106528,160.37740588713916,1917.2093701893884,155.6828670938405,0.69347657033171,0.0,-0.7204791783257647,3.929013079667063,3.929013079667063
160.37740588713916,1917.2093701893882,155.68286709384054,170.56438330093692,1928.653700455006,145.08595836580866,0.69347657033171,0.0,-0.7204791783257647,3.929013079667063,3.929013079667063
170.56438330093692,1928.653700455006,145.08595836580866,180.7513607147347,1940.0980307206235,134.4890496377768,0.69347657033171,0.0,-0.7204791783257647,3.929013079667063,3.929013079667063
179.09609496989054,1915.9274637742114,136.14431538262093,170.56438330093692,1928.653700455006,145.08595836580866,0.69347657033171,0.0,-0.7204791783257647,3.929013079667063,3.929013079667063
170.56438330093692,1928.653700455006,145.08595836580866,162.0326716319833,1941.3799371358002,154.0276013489964,0.69347657033171,0.0,-0.7204791783257647,3.929013079667063,3.929013079667063
162.0326716319833,1941.3799371358002,154.0276013489964,172.21964904578107,1952.8242674014177,143.43069262096452,0.69347657033171,0.0,-0.7204791783257647,3.929013079667063,3.929013079667063
172.21964904578107,1952.8242674014177,143.43069262096452,182.40662645957883,1964.2685976670352,132.83378389293264,0.69347657033171,0.0,-0.7204791783257647,3.929013079667063,3.929013079667063
180.7513607147347,1940.0980307206235,134.4890496377768,172.21964904578107,1952.8242674014177,143.43069262096452,0.69347657033171,0.0,-0.7204791783257647,3.929013079667063,3.929013079667063
172.21964904578107,1952.8242674014177,143.43069262096452,163.68793737682745,1965.550504082212,152.37233560415225,0.69347657033171,0.0,-0.7204791783257647,3.929013079667063,3.929013079667063
163.68793737682745,1965.550504082212,152.37233560415225,173.87491479062518,1976.9948343478295,141.77542687612038,0.69347657033171,0.0,-0.7204791783257647,3.929013079667063,3.929013079667063
173.87491479062518,1976.9948343478295,141.77542687612038,184.06189220442297,1988.439164613447,131.1785181480885,0.69347657033171,0.0,-0.7204791783257647,3.929013079667063,3.929013079667063
182.40662645957883,1964.2685976670352,132.83378389293264,173.87491479062518,1976.9948343478295,141.77542687612038,0.69347657033171,0.0,-0.7204791783257647,3.929013079667063,3.929013079667063
173.87491479062518,1976.9948343478295,141.77542687612038,165.3432031216716,1989.7210710286238,150.7170698593081,0.69347657033171,0.0,-0.7204791783257647,3.929013079667063,3.929013079667063
165.34320312167156,1989.7210710286238,150.7170698593081,175.53018053546933,2001.165401294241,140.12016113127623,0.69347657033171,0.0,-0.7204791783257647,3.929013079667063,3.929013079667063
175.53018053546933,2001.165401294241,140.12016113127623,185.7171579492671,2012.6097315598588,129.52325240324436,0.69347657033171,0.0,-0.7204791783257647,3.929013079667063,3.929013079667063
184.06189220442295,1988.439164613447,131.1785181480885,175.53018053546933,2001.165401294241,140.12016113127623,0.69347657033171,0.0,-0.7204791783257647,3.929013079667063,3.929013079667063
175.53018053546933,2001.165401294241,140.12016113127623,166.9984688665157,2013.8916379750356,149.06180411446397,0.69347657033171,0.0,-0.7204791783257647,3.929013079667063,3.929013079667063
166.9984688665157,2013.8916379750356,149.06180411446397,177.18544628031347,2025.3359682406528,138.4648953864321,0.69347657033171,0.0,-0.7204791783257647,3.929013079667063,3.929013079667063
177.18544628031347,2025.3359682406528,138.4648953864321,187.37242369411123,2036.7802985062706,127.86798665840021,0.69347657033171,0.0,-0.7204791783257647,3.929013079667063,3.929013079667063
185.7171579492671,2012.6097315598588,129.52325240324436,177.18544628031347,2025.3359682406528,138.4648953864321,0.69347657033171,0.0,-0.7204791783257647,3.929013079667063,3.929013079667063
177.18544628031347,2025.3359682406528,138.4648953864321,168.65373461135985,2038.0622049214473,147.40653836961982,0.69347657033171,0.0,-0.7204791783257647,3.929013079667063,3.929013079667063
168.65373461135985,2038.0622049214473,147.40653836961985,178.84071202515761,2049.5065351870644,136.80962964158797,0.69347657033171,0.0,-0.7204791783257647,3.929013079667063,3.929013079667063
178.84071202515761,2049.5065351870644,136.80962964158797,189.02768943895538,2060.9508654526826,126.21272091355608,0.69347657033171,0.0,-0.7204791783257647,3.929013079667063,3.929013079667063
187.37242369411123,2036.7802985062706,127.86798665840023,178.84071202515761,2049.5065351870644,136.80962964158797,0.69347657033171,0.0,-0.7204791783257647,3.929013079667063,3.929013079667063
178.84071202515761,2049.5065351870644,136.80962964158797,170.309000356204,2062.2327718678594,145.7512726247757,0.69347657033171,0.0,-0.7204791783257647,3.929013079667063,3.929013079667063
170.309000356204,2062.2327718678594,145.7512726247757,180.49597777000176,2073.6771021334766,135.15436389674383,0.69347657033171,0.0,-0.7204791783257647,3.929013079667063,3.929013079667063
180.49597777000176,2073.6771021334766,135.15436389674383,190.68295518379952,2085.1214323990944,124.55745516871194,0.69347657033171,0.0,-0.7204791783257647,3.929013079667063,3.929013079667063
189.02768943895538,2060.9508654526826,126.21272091355608,180.49597777000176,2073.6771021334766,135.15436389674383,0.69347657033171,0.0,-0.7204791783257647,3.929013079667063,3.929013079667063
180.49597777000176,2073.6771021334766,135.15436389674383,171.96426610104814,2086.403338814271,144.09600687993156,0.69347657033171,0.0,-0.7204791783257647,3.929013079667063,3.929013079667063
171.96426610104814,2086.403338814271,144.09600687993156,182.1512435148459,2097.8476690798884,133.4990981518997,0.69347657033171,0.0,-0.7204791783257647,3.929013079667063,3.929013079667063
182.1512435148459,2097.8476690798884,133.4990981518997,192.33822092864364,2109.291999345506,122.90218942386781,0.69347657033171,0.0,-0.7204791783257647,3.929013079667063,3.929013079667063
190.68295518379952,2085.1214323990944,124.55745516871195,182.1512435148459,2097.8476690798884,133.4990981518997,0.69347657033171,0.0,-0.7204791783257647,3.929013079667063,3.929013079667063
182.1512435148459,2097.8476690798884,133.4990981518997,173.61953184589225,2110.573905760683,142.44074113508742,0.69347657033171,0.0,-0.7204791783257647,3.929013079667063,3.929013079667063
173.61953184589225,2110.573905760683,142.44074113508742,183.80650925969005,2122.0182360263,131.84383240705554,0.69347657033171,0.0,-0.7204791783257647,3.929013079667063,3.929013079667063
183.80650925969005,2122.0182360263,131.84383240705554,193.99348667348778,2133.462566291918,121.24692367902367,0.69347657033171,0.0,-0.7204791783257647,3.929013079667063,3.929013079667063
192.33822092864364,2109.291999345506,122.90218942386781,183.80650925969005,2122.0182360263,131.84383240705554,0.69347657033171,0.0,-0.7204791783257647,3.929013079667063,3.929013079667063
183.80650925969005,2122.0182360263,131.84383240705554,175.2747975907364,2134.7444727070947,140.78547539024328,0.69347657033171,0.0,-0.7204791783257647,3.929013079667063,3.929013079667063
175.2747975907364,2134.7444727070947,140.78547539024328,185.4617750045342,2146.188802972712,130.1885666622114,0.69347657033171,0.0,-0.7204791783257647,3.929013079667063,3.929013079667063
185.4617750045342,2146.188802972712,130.1885666622114,195.64875241833192,2157.63313323833,119.59165793417952,0.69347657033171,0.0,-0.7204791783257647,3.929013079667063,3.929013079667063
193.99348667348778,2133.462566291918,121.24692367902367,185.4617750045342,2146.188802972712,130.1885666622114,0.69347657033171,0.0,-0.7204791783257647,3.929013079667063,3.929013079667063
185.4617750045342,2146.188802972712,130.1885666622114,176.93006333558054,2158.915039653507,139.13020964539913,0.69347657033171,0.0,-0.7204791783257647,3.929013079667063,3.929013079667063
176.93006333558054,2158.9150396535065,139.13020964539916,187.1170407493783,2170.3593699191238,128.53330091736728,0.69347657033171,0.0,-0.7204791783257647,3.929013079667063,3.929013079667063
187.1170407493783,2170.3593699191238,128.53330091736728,197.30401816317607,2181.8037001847415,117.9363921893354,0.69347657033171,0.0,-0.7204791783257647,3.929013079667063,3.929013079667063
195.64875241833192,2157.6331332383297,119.59165793417954,187.1170407493783,2170.3593699191238,128.53330091736728,0.69347657033171,0.0,-0.7204791783257647,3.929013079667063,3.929013079667063
187.1170407493783,2170.3593699191238,128.53330091736728,178.58532908042469,2183.0856065999183,137.47494390055502,0.69347657033171,0.0,-0.7204791783257647,3.929013079667063,3.929013079667063
178.58532908042469,2183.0856065999183,137.47494390055502,188.77230649422245,2194.529936865536,126.87803517252313,0.69347657033171,0.0,-0.7204791783257647,3.929013079667063,3.929013079667063
188.77230649422245,2194.529936865536,126.87803517252313,198.9592839080202,2205.9742671311537,116.28112644449125,0.69347657033171,0.0,-0.7204791783257647,3.929013079667063,3.929013079667063
197.30401816317607,2181.8037001847415,117.9363921893354,188.77230649422245,2194.529936865536,126.87803517252313,0.69347657033171,0.0,-0.7204791783257647,3.929013079667063,3.929013079667063
188.77230649422245,2194.529936865536,126.87803517252313,180.24059482526883,2207.2561735463305,135.81967815571087,0.69347657033171,0.0,-0.7204791783257647,3.929013079667063,3.929013079667063
180.24059482526883,2207.2561735463305,135.81967815571087,190.4275722390666,2218.700503811948,125.22276942767898,0.69347657033171,0.0,-0.7204791783257647,3.929013079667063,3.929013079667063
190.4275722390666,2218.700503811948,125.22276942767898,200.61454965286435,2230.1448340775655,114.62586069964712,0.69347657033171,0.0,-0.7204791783257647,3.929013079667063,3.929013079667063
198.9592839080202,2205.9742671311537,116.28112644449125,190.4275722390666,2218.700503811948,125.22276942767898,0.69347657033171,0.0,-0.7204791783257647,3.929013079667063,3.929013079667063
190.4275722390666,2218.700503811948,125.22276942767898,181.89586057011297,2231.4267404927423,134.16441241086673,0.69347657033171,0.0,-0.7204791783257647,3.929013079667063,3.929013079667063
181.89586057011297,2231.4267404927423,134.16441241086673,192.0828379839107,2242.8710707583596,123.56750368283485,0.69347657033171,0.0,-0.7204791783257647,3.929013079667063,3.929013079667063
192.0828379839107,2242.8710707583596,123.56750368283485,202.2698153977085,2254.3154010239773,112.97059495480298,0.69347657033171,0.0,-0.7204791783257647,3.929013079667063,3.929013079667063
200.61454965286435,2230.1448340775655,114.62586069964712,192.0828379839107,2242.8710707583596,123.56750368283485,0.69347657033171,0.0,-0.7204791783257647,3.929013079667063,3.929013079667063
192.0828379839107,2242.8710707583596,123.56750368283485,183.55112631495712,2255.597307439154,132.5091466660226,0.69347657033171,0.0,-0.7204791783257647,3.929013079667063,3.929013079667063
183.55112631495712,2255.597307439154,132.5091466660226,193.73810372875485,2267.0416377047713,121.91223793799071,0.69347657033171,0.0,-0.7204791783257647,3.929013079667063,3.929013079667063
193.73810372875485,2267.0416377047713,121.91223793799071,203.92508114255264,2278.485967970389,111.31532920995883,0.69347657033171,0.0,-0.7204791783257647,3.929013079667063,3.929013079667063
202.2698153977085,2254.3154010239773,112.97059495480298,193.73810372875485,2267.0416377047713,121.91223793799071,0.69347657033171,0.0,-0.7204791783257647,3.929013079667063,3.929013079667063
193.73810372875485,2267.0416377047713,121.91223793799071,185.20639205980126,2279.767874385566,130.85388092117844,0.69347657033171,0.0,-0.7204791783257647,3.929013079667063,3.929013079667063
185.20639205980126,2279.767874385566,130.85388092117844,195.393369473599,2291.212204651183,120.25697219314657,0.69347657033171,0.0,-0.7204791783257647,3.929013079667063,3.929013079667063
195.393369473599,2291.212204651183,120.25697219314657,205.5803468873968,2302.656534916801,109.66006346511469,0.69347657033171,0.0,-0.7204791783257647,3.929013079667063,3.929013079667063
203.92508114255264,2278.485967970389,111.31532920995883,195.393369473599,2291.212204651183,120.25697219314657,0.69347657033171,0.0,-0.7204791783257647,3.929013079667063,3.929013079667063
195.393369473599,2291.212204651183,120.25697219314657,186.8616578046454,2303.9384413319776,129.1986151763343,0.69347657033171,0.0,-0.7204791783257647,3.929013079667063,3.929013079667063
108.53448275862073,1160.187213427769,187.98723851113937,110.18974850346487,1184.3577803741807,201.13390588085554,0.0,0.0,1.0,3.929013079667063,3.929013079667063
110.18974850346487,1184.3577803741807,171.5300396517349,111.845014248309,1208.5283473205927,184.67670702145108,0.0,0.0,1.0,3.929013079667063,3.929013079667063
111.845014248309,1208.5283473205927,184.67670702145108,113.50027999315314,1232.6989142670045,197.82337439116725,0.0,0.0,1.0,3.929013079667063,3.929013079667063
110.18974850346487,1184.3577803741807,201.13390588085554,111.845014248309,1208.5283473205927,184.67670702145108,0.0,0.0,1.0,3.929013079667063,3.929013079667063
111.845014248309,1208.5283473205927,184.67670702145108,113.50027999315314,1232.6989142670045,168.21950816204662,0.0,0.0,1.0,3.929013079667063,3.929013079667063
113.50027999315314,1232.6989142670045,168.21950816204662,115.15554573799729,1256.8694812134163,181.36617553176282,0.0,0.0,1.0,3.929013079667063,3.929013079667063
115.15554573799729,1256.8694812134163,181.36617553176282,116.81081148284142,1281.0400481598283,194.512842901479,0.0,0.0,1.0,3.929013079667063,3.929013079667063
113.50027999315314,1232.6989142670045,197.82337439116725,115.15554573799729,1256.8694812134163,181.36617553176282,0.0,0.0,1.0,3.929013079667063,3.929013079667063
115.15554573799729,1256.8694812134163,181.36617553176282,116.81081148284142,1281.0400481598283,164.90897667235836,0.0,0.0,1.0,3.929013079667063,3.929013079667063
116.81081148284142,1281.0400481598283,164.90897667235836,118.46607722768556,1305.21061510624,178.05564404207453,0.0,0.0,1.0,3.929013079667063,3.929013079667063
118.46607722768556,1305.21061510624,178.05564404207453,120.1213429725297,1329.3811820526519,191.2023114117907,0.0,0.0,1.0,3.929013079667063,3.929013079667063
116.81081148284142,1281.0400481598283,194.512842901479,118.46607722768556,1305.21061510624,178.05564404207453,0.0,0.0,1.0,3.929013079667063,3.929013079667063
118.46607722768556,1305.21061510624,178.05564404207453,120.1213429725297,1329.3811820526519,161.59844518267008,0.0,0.0,1.0,3.929013079667063,3.929013079667063
120.1213429725297,1329.3811820526519,161.59844518267008,121.77660871737383,1353.5517489990636,174.74511255238625,0.0,0.0,1.0,3.929013079667063,3.929013079667063
121.77660871737383,1353.5517489990636,174.74511255238625,123.43187446221798,1377.7223159454757,187.89177992210244,0.0,0.0,1.0,3.929013079667063,3.929013079667063
120.1213429725297,1329.3811820526519,191.2023114117907,121.77660871737383,1353.5517489990636,174.74511255238625,0.0,0.0,1.0,3.929013079667063,3.929013079667063
121.77660871737383,1353.5517489990636,174.74511255238625,123.43187446221798,1377.7223159454757,158.28791369298182,0.0,0.0,1.0,3.929013079667063,3.929013079667063
123.43187446221798,1377.7223159454757,158.28791369298182,125.0871402070621,1401.8928828918874,171.434581062698,0.0,0.0,1.0,3.929013079667063,3.929013079667063
125.0871402070621,1401.8928828918874,171.434581062698,126.74240595190625,1426.0634498382992,184.58124843241416,0.0,0.0,1.0,3.929013079667063,3.929013079667063
123.43187446221798,1377.7223159454757,187.89177992210244,125.0871402070621,1401.8928828918874,171.434581062698,0.0,0.0,1.0,3.929013079667063,3.929013079667063
125.0871402070621,1401.8928828918874,171.434581062698,126.74240595190625,1426.0634498382992,154.97738220329353,0.0,0.0,1.0,3.929013079667063,3.929013079667063
126.74240595190625,1426.0634498382992,154.97738220329353,128.3976716967504,1450.2340167847112,168.1240495730097,0.0,0.0,1.0,3.929013079667063,3.929013079667063
128.3976716967504,1450.2340167847112,168.1240495730097,130.05293744159454,1474.404583731123,181.27071694272587,0.0,0.0,1.0,3.929013079667063,3.929013079667063
126.74240595190625,1426.0634498382992,184.58124843241416,128.3976716967504,1450.2340167847112,168.1240495730097,0.0,0.0,1.0,3.929013079667063,3.929013079667063
128.3976716967504,1450.2340167847112,168.1240495730097,130.05293744159454,1474.404583731123,151.66685071360524,0.0,0.0,1.0,3.929013079667063,3.929013079667063
130.05293744159454,1474.404583731123,151.66685071360524,131.70820318643865,1498.5751506775348,164.8135180833214,0.0,0.0,1.0,3.929013079667063,3.929013079667063
131.70820318643865,1498.5751506775348,164.8135180833214,133.3634689312828,1522.7457176239468,177.96018545303758,0.0,0.0,1.0,3.929013079667063,3.929013079667063
130.05293744159454,1474.404583731123,181.27071694272587,131.70820318643865,1498.5751506775348,164.8135180833214,0.0,0.0,1.0,3.929013079667063,3.929013079667063
131.70820318643865,1498.5751506775348,164.8135180833214,133.3634689312828,1522.7457176239468,148.35631922391696,0.0,0.0,1.0,3.929013079667063,3.929013079667063
133.3634689312828,1522.7457176239466,148.35631922391698,135.01873467612694,1546.9162845703586,161.50298659363315,0.0,0.0,1.0,3.929013079667063,3.929013079667063
135.01873467612694,1546.9162845703586,161.50298659363315,136.67400042097108,1571.0868515167704,174.64965396334932,0.0,0.0,1.0,3.929013079667063,3.929013079667063
133.3634689312828,1522.7457176239466,177.9601854530376,135.01873467612694,1546.9162845703586,161.50298659363315,0.0,0.0,1.0,3.929013079667063,3.929013079667063
135.01873467612694,1546.9162845703586,161.50298659363315,136.67400042097108,1571.0868515167704,145.0457877342287,0.0,0.0,1.0,3.929013079667063,3.929013079667063
136.67400042097108,1571.0868515167704,145.0457877342287,138.32926616581523,1595.2574184631824,158.19245510394487,0.0,0.0,1.0,3.929013079667063,3.929013079667063
138.32926616581523,1595.2574184631824,158.19245510394487,139.98453191065937,1619.4279854095942,171.33912247366104,0.0,0.0,1.0,3.929013079667063,3.929013079667063
136.67400042097108,1571.0868515167704,174.64965396334932,138.32926616581523,1595.2574184631824,158.19245510394487,0.0,0.0,1.0,3.929013079667063,3.929013079667063
138.32926616581523,1595.2574184631824,158.19245510394487,139.98453191065937,1619.4279854095942,141.7352562445404,0.0,0.0,1.0,3.929013079667063,3.929013079667063
139.98453191065937,1619.4279854095942,141.7352562445404,141.63979765550351,1643.598552356006,154.88192361425658,0.0,0.0,1.0,3.929013079667063,3.929013079667063
141.63979765550351,1643.598552356006,154.88192361425658,143.29506340034766,1667.7691193024177,168.02859098397275,0.0,0.0,1.0,3.929013079667063,3.929013079667063
139.98453191065937,1619.4279854095942,171.33912247366104,141.63979765550351,1643.598552356006,154.88192361425658,0.0,0.0,1.0,3.929013079667063,3.929013079667063
141.63979765550351,1643.598552356006,154.88192361425658,143.29506340034766,1667.7691193024177,138.42472475485212,0.0,0.0,1.0,3.929013079667063,3.929013079667063
143.29506340034766,1667.7691193024177,138.42472475485212,144.95032914519177,1691.9396862488295,151.57139212456832,0.0,0.0,1.0,3.929013079667063,3.929013079667063
144.95032914519177,1691.9396862488295,151.57139212456832,146.60559489003592,1716.1102531952417,164.7180594942845,0.0,0.0,1.0,3.929013079667063,3.929013079667063
143.29506340034766,1667.7691193024177,168.02859098397275,144.95032914519177,1691.9396862488295,151.57139212456832,0.0,0.0,1.0,3.929013079667063,3.929013079667063
144.95032914519177,1691.9396862488295,151.57139212456832,146.60559489003592,1716.1102531952417,135.11419326516386,0.0,0.0,1.0,3.929013079667063,3.929013079667063
146.60559489003592,1716.1102531952415,135.11419326516386,148.26086063488006,1740.2808201416535,148.26086063488003,0.0,0.0,1.0,3.929013079667063,3.929013079667063
148.26086063488006,1740.2808201416535,148.26086063488003,149.91612637972418,1764.4513870880653,161.4075280045962,0.0,0.0,1.0,3.929013079667063,3.929013079667063
146.60559489003592,1716.1102531952415,164.7180594942845,148.26086063488006,1740.2808201416535,148.26086063488003,0.0,0.0,1.0,3.929013079667063,3.929013079667063
148.26086063488006,1740.2808201416535,148.26086063488003,149.91612637972418,1764.4513870880653,131.80366177547558,0.0,0.0,1.0,3.929013079667063,3.929013079667063
149.9161263797242,1764.4513870880653,131.80366177547558,151.57139212456832,1788.621954034477,144.95032914519174,0.0,0.0,1.0,3.929013079667063,3.929013079667063
151.57139212456832,1788.621954034477,144.95032914519174,153.22665786941246,1812.7925209808889,158.09699651490791,0.0,0.0,1.0,3.929013079667063,3.929013079667063
149.9161263797242,1764.4513870880653,161.4075280045962,151.57139212456832,1788.621954034477,144.95032914519174,0.0,0.0,1.0,3.929013079667063,3.929013079667063
151.57139212456832,1788.621954034477,144.95032914519174,153.22665786941246,1812.7925209808889,128.4931302857873,0.0,0.0,1.0,3.929013079667063,3.929013079667063
153.22665786941246,1812.792520980889,128.4931302857873,154.8819236142566,1836.9630879273009,141.63979765550346,0.0,0.0,1.0,3.929013079667063,3.929013079667063
154.8819236142566,1836.9630879273009,141.63979765550346,156.53718935910075,1861.1336548737127,154.78646502521963,0.0,0.0,1.0,3.929013079667063,3.929013079667063
153.22665786941246,1812.792520980889,158.09699651490791,154.8819236142566,1836.9630879273009,141.63979765550346,0.0,0.0,1.0,3.929013079667063,3.929013079667063
154.8819236142566,1836.9630879273009,141.63979765550346,156.53718935910075,1861.1336548737127,125.182598796099,0.0,0.0,1.0,3.929013079667063,3.929013079667063
156.53718935910075,1861.1336548737127,125.182598796099,158.1924551039449,1885.3042218201244,138.3292661658152,0.0,0.0,1.0,3.929013079667063,3.929013079667063
158.1924551039449,1885.3042218201244,138.3292661658152,159.84772084878904,1909.4747887665364,151.47593353553137,0.0,0.0,1.0,3.929013079667063,3.929013079667063
156.53718935910075,1861.1336548737127,154.78646502521963,158.1924551039449,1885.3042218201244,138.3292661658152,0.0,0.0,1.0,3.929013079667063,3.929013079667063
158.1924551039449,1885.3042218201244,138.3292661658152,159.84772084878904,1909.4747887665364,121.87206730641074,0.0,0.0,1.0,3.929013079667063,3.929013079667063
159.84772084878904,1909.4747887665364,121.87206730641074,161.50298659363318,1933.6453557129482,135.0187346761269,0.0,0.0,1.0,3.929013079667063,3.929013079667063
161.50298659363318,1933.6453557129482,135.0187346761269,163.1582523384773,1957.81592265936,148.1654020458431,0.0,0.0,1.0,3.929013079667063,3.929013079667063
159.84772084878904,1909.4747887665364,151.47593353553137,161.50298659363318,1933.6453557129482,135.0187346761269,0.0,0.0,1.0,3.929013079667063,3.929013079667063
161.50298659363318,1933.6453557129482,135.0187346761269,163.1582523384773,1957.81592265936,118.56153581672248,0.0,0.0,1.0,3.929013079667063,3.929013079667063
163.15825233847733,1957.81592265936,118.56153581672245,164.81351808332144,1981.9864896057718,131.70820318643865,0.0,0.0,1.0,3.929013079667063,3.929013079667063
164.81351808332144,1981.9864896057718,131.70820318643865,166.46878382816558,2006.1570565521836,144.85487055615482,0.0,0.0,1.0,3.929013079667063,3.929013079667063
163.15825233847733,1957.81592265936,148.16540204584308,164.81351808332144,1981.9864896057718,131.70820318643865,0.0,0.0,1.0,3.929013079667063,3.929013079667063
164.81351808332144,1981.9864896057718,131.70820318643865,166.46878382816558,2006.1570565521836,115.2510043270342,0.0,0.0,1.0,3.929013079667063,3.929013079667063
166.46878382816558,2006.157056552184,115.25100432703417,168.12404957300973,2030.3276234985958,128.39767169675036,0.0,0.0,1.0,3.929013079667063,3.929013079667063
168.12404957300973,2030.3276234985958,128.39767169675036,169.77931531785387,2054.4981904450074,141.54433906646653,0.0,0.0,1.0,3.929013079667063,3.929013079667063
166.46878382816558,2006.157056552184,144.8548705561548,168.12404957300973,2030.3276234985958,128.39767169675036,0.0,0.0,1.0,3.929013079667063,3.929013079667063
168.12404957300973,2030.3276234985958,128.39767169675036,169.77931531785387,2054.4981904450074,111.94047283734591,0.0,0.0,1.0,3.929013079667063,3.929013079667063
169.77931531785387,2054.4981904450074,111.94047283734591,171.43458106269802,2078.668757391419,125.08714020706208,0.0,0.0,1.0,3.929013079667063,3.929013079667063
171.43458106269802,2078.668757391419,125.08714020706208,173.08984680754213,2102.839324337831,138.23380757677825,0.0,0.0,1.0,3.929013079667063,3.929013079667063
169.77931531785387,2054.4981904450074,141.54433906646653,171.43458106269802,2078.668757391419,125.08714020706208,0.0,0.0,1.0,3.929013079667063,3.929013079667063
171.43458106269802,2078.668757391419,125.08714020706208,173.08984680754213,2102.839324337831,108.62994134765762,0.0,0.0,1.0,3.929013079667063,3.929013079667063
173.08984680754213,2102.839324337831,108.62994134765762,174.74511255238627,2127.0098912842427,121.7766087173738,0.0,0.0,1.0,3.929013079667063,3.929013079667063
174.74511255238627,2127.0098912842427,121.7766087173738,176.40037829723042,2151.1804582306545,134.92327608709,0.0,0.0,1.0,3.929013079667063,3.929013079667063
173.08984680754213,2102.839324337831,138.23380757677825,174.74511255238627,2127.0098912842427,121.7766087173738,0.0,0.0,1.0,3.929013079667063,3.929013079667063
174.74511255238627,2127.0098912842427,121.7766087173738,176.40037829723042,2151.1804582306545,105.31940985796935,0.0,0.0,1.0,3.929013079667063,3.929013079667063
176.40037829723042,2151.180458230655,105.31940985796935,178.05564404207456,2175.3510251770667,118.46607722768552,0.0,0.0,1.0,3.929013079667063,3.929013079667063
178.05564404207456,2175.3510251770667,118.46607722768552,179.7109097869187,2199.5215921234785,131.6127445974017,0.0,0.0,1.0,3.929013079667063,3.929013079667063
176.40037829723042,2151.180458230655,134.92327608709,178.05564404207456,2175.3510251770667,118.46607722768552,0.0,0.0,1.0,3.929013079667063,3.929013079667063
178.05564404207456,2175.3510251770667,118.46607722768552,179.7109097869187,2199.5215921234785,102.00887836828107,0.0,0.0,1.0,3.929013079667063,3.929013079667063
179.7109097869187,2199.5215921234785,102.00887836828106,181.36617553176285,2223.6921590698903,115.15554573799724,0.0,0.0,1.0,3.929013079667063,3.929013079667063
181.36617553176285,2223.6921590698903,115.15554573799724,183.021441276607,2247.862726016302,128.3022131077134,0.0,0.0,1.0,3.929013079667063,3.929013079667063
179.7109097869187,2199.5215921234785,131.6127445974017,181.36617553176285,2223.6921590698903,115.15554573799724,0.0,0.0,1.0,3.929013079667063,3.929013079667063
181.36617553176285,2223.6921590698903,115.15554573799724,183.021441276607,2247.862726016302,98.69834687859279,0.0,0.0,1.0,3.929013079667063,3.929013079667063
183.02144127660694,2247.862726016302,98.6983468785928,184.67670702145108,2272.033292962714,111.84501424830897,0.0,0.0,1.0,3.929013079667063,3.929013079667063
184.67670702145108,2272.033292962714,111.84501424830897,186.33197276629522,2296.2038599091256,124.99168161802514,0.0,0.0,1.0,3.929013079667063,3.929013079667063
183.02144127660694,2247.862726016302,128.30221310771344,184.67670702145108,2272.033292962714,111.84501424830897,0.0,0.0,1.0,3.929013079667063,3.929013079667063
184.67670702145108,2272.033292962714,111.84501424830897,186.33197276629522,2296.2038599091256,95.38781538890451,0.0,0.0,1.0,3.929013079667063,3.929013079667063
187.98723851113937,2320.3744268555374,108.53448275862068,186.33197276629522,2296.2038599091256,124.99168161802514,0.0,0.0,1.0,3.929013079667063,3.929013079667063
113.50027999315314,1232.6989142670045,168.21950816204662,114.02996503150325,1240.4334956898563,162.9532045270372,0.0,0.0,1.0,3.929013079667063,3.929013079667063
113.50027999315314,1232.6989142670045,197.82337439116725,114.02996503150328,1240.4334956898563,202.03030794947642,0.0,0.0,1.0,3.929013079667063,3.929013079667063
116.81081148284142,1281.0400481598283,164.90897667235836,117.34049652119153,1288.77462958268,159.64267303734894,0.0,0.0,1.0,3.929013079667063,3.929013079667063
116.81081148284142,1281.0400481598283,194.512842901479,117.34049652119155,1288.77462958268,198.71977645978816,0.0,0.0,1.0,3.929013079667063,3.929013079667063
120.1213429725297,1329.3811820526519,161.59844518267008,120.65102801087981,1337.1157634755036,156.33214154766065,0.0,0.0,1.0,3.929013079667063,3.929013079667063
120.1213429725297,1329.3811820526519,191.2023114117907,120.65102801087984,1337.1157634755036,195.40924497009988,0.0,0.0,1.0,3.929013079667063,3.929013079667063
123.43187446221798,1377.7223159454757,158.28791369298182,123.96155950056809,1385.4568973683274,153.02161005797237,0.0,0.0,1.0,3.929013079667063,3.929013079667063
123.43187446221798,1377.7223159454757,187.89177992210244,123.96155950056811,1385.4568973683274,192.0987134804116,0.0,0.0,1.0,3.929013079667063,3.929013079667063
126.74240595190625,1426.0634498382992,154.97738220329353,127.27209099025636,1433.798031261151,149.7110785682841,0.0,0.0,1.0,3.929013079667063,3.929013079667063
126.74240595190625,1426.0634498382992,184.58124843241416,127.27209099025639,1433.798031261151,188.78818199072333,0.0,0.0,1.0,3.929013079667063,3.929013079667063
130.05293744159454,1474.404583731123,151.66685071360524,130.58262247994466,1482.1391651539748,146.40054707859582,0.0,0.0,1.0,3.929013079667063,3.929013079667063
130.05293744159454,1474.404583731123,181.27071694272587,130.58262247994466,1482.1391651539748,185.47765050103504,0.0,0.0,1.0,3.929013079667063,3.929013079667063
133.3634689312828,1522.7457176239468,148.35631922391696,133.89315396963292,1530.4802990467986,143.09001558890753,0.0,0.0,1.0,3.929013079667063,3.929013079667063
133.3634689312828,1522.7457176239468,177.96018545303758,133.89315396963292,1530.4802990467986,182.16711901134676,0.0,0.0,1.0,3.929013079667063,3.929013079667063
136.67400042097108,1571.0868515167704,145.0457877342287,137.2036854593212,1578.8214329396221,139.77948409921927,0.0,0.0,1.0,3.929013079667063,3.929013079667063
136.67400042097108,1571.0868515167704,174.64965396334932,137.2036854593212,1578.8214329396221,178.8565875216585,0.0,0.0,1.0,3.929013079667063,3.929013079667063
139.98453191065937,1619.4279854095942,141.7352562445404,140.5142169490095,1627.162566832446,136.468952609531,0.0,0.0,1.0,3.929013079667063,3.929013079667063
139.98453191065937,1619.4279854095942,171.33912247366104,140.5142169490095,1627.162566832446,175.5460560319702,0.0,0.0,1.0,3.929013079667063,3.929013079667063
143.29506340034766,1667.7691193024177,138.42472475485212,143.82474843869778,1675.5037007252697,133.1584211198427,0.0,0.0,1.0,3.929013079667063,3.929013079667063
143.29506340034766,1667.7691193024177,168.02859098397275,143.82474843869778,1675.5037007252697,172.23552454228192,0.0,0.0,1.0,3.929013079667063,3.929013079667063
146.60559489003592,1716.1102531952417,135.11419326516386,147.13527992838604,1723.8448346180933,129.84788963015444,0.0,0.0,1.0,3.929013079667063,3.929013079667063
146.60559489003592,1716.1102531952417,164.7180594942845,147.13527992838604,1723.8448346180933,168.92499305259366,0.0,0.0,1.0,3.929013079667063,3.929013079667063
149.91612637972418,1764.4513870880653,131.80366177547558,150.44581141807433,1772.185968510917,126.53735814046615,0.0,0.0,1.0,3.929013079667063,3.929013079667063
149.91612637972418,1764.4513870880653,161.4075280045962,150.44581141807433,1772.185968510917,165.61446156290538,0.0,0.0,1.0,3.929013079667063,3.929013079667063
153.22665786941246,1812.7925209808889,128.4931302857873,153.7563429077626,1820.5271024037409,123.22682665077787,0.0,0.0,1.0,3.929013079667063,3.929013079667063
153.22665786941246,1812.7925209808889,158.09699651490791,153.7563429077626,1820.5271024037409,162.3039300732171,0.0,0.0,1.0,3.929013079667063,3.929013079667063
156.53718935910075,1861.1336548737127,125.182598796099,157.06687439745087,1868.8682362965644,119.91629516108958,0.0,0.0,1.0,3.929013079667063,3.929013079667063
156.53718935910075,1861.1336548737127,154.78646502521963,157.06687439745087,1868.8682362965644,158.9933985835288,0.0,0.0,1.0,3.929013079667063,3.929013079667063
159.84772084878904,1909.4747887665364,121.87206730641074,160.37740588713916,1917.209370189388,116.60576367140132,0.0,0.0,1.0,3.929013079667063,3.929013079667063
159.84772084878904,1909.4747887665364,151.47593353553137,160.37740588713916,1917.209370189388,155.68286709384054,0.0,0.0,1.0,3.929013079667063,3.929013079667063
163.1582523384773,1957.81592265936,118.56153581672248,163.68793737682742,1965.550504082212,113.29523218171303,0.0,0.0,1.0,3.929013079667063,3.929013079667063
163.1582523384773,1957.81592265936,148.1654020458431,163.68793737682742,1965.550504082212,152.37233560415225,0.0,0.0,1.0,3.929013079667063,3.929013079667063
166.46878382816558,2006.1570565521836,115.2510043270342,166.9984688665157,2013.8916379750356,109.98470069202477,0.0,0.0,1.0,3.929013079667063,3.929013079667063
166.46878382816558,2006.1570565521836,144.85487055615482,166.9984688665157,2013.8916379750356,149.061804114464,0.0,0.0,1.0,3.929013079667063,3.929013079667063
169.77931531785387,2054.4981904450074,111.94047283734591,170.309000356204,2062.232771867859,106.67416920233649,0.0,0.0,1.0,3.929013079667063,3.929013079667063
169.77931531785387,2054.4981904450074,141.54433906646653,170.309000356204,2062.232771867859,145.7512726247757,0.0,0.0,1.0,3.929013079667063,3.929013079667063
173.08984680754213,2102.839324337831,108.62994134765762,173.61953184589225,2110.573905760683,103.3636377126482,0.0,0.0,1.0,3.929013079667063,3.929013079667063
173.08984680754213,2102.839324337831,138.23380757677825,173.61953184589225,2110.573905760683,142.44074113508742,0.0,0.0,1.0,3.929013079667063,3.929013079667063
176.40037829723042,2151.1804582306545,105.31940985796935,176.93006333558054,2158.9150396535065,100.05310622295991,0.0,0.0,1.0,3.929013079667063,3.929013079667063
176.40037829723042,2151.1804582306545,134.92327608709,176.93006333558054,2158.9150396535065,139.13020964539916,0.0,0.0,1.0,3.929013079667063,3.929013079667063
179.7109097869187,2199.5215921234785,102.00887836828107,180.24059482526883,2207.25617354633,96.74257473327165,0.0,0.0,1.0,3.929013079667063,3.929013079667063
179.7109097869187,2199.5215921234785,131.6127445974017,180.24059482526883,2207.25617354633,135.81967815571087,0.0,0.0,1.0,3.929013079667063,3.929013079667063
183.021441276607,2247.862726016302,98.69834687859279,183.55112631495712,2255.597307439154,93.43204324358337,0.0,0.0,1.0,3.929013079667063,3.929013079667063
183.021441276607,2247.862726016302,128.3022131077134,183.55112631495712,2255.597307439154,132.5091466660226,0.0,0.0,1.0,3.929013079667063,3.929013079667063
186.33197276629522,2296.2038599091256,95.38781538890451,186.86165780464538,2303.9384413319776,90.12151175389508,0.0,0.0,1.0,3.929013079667063,3.929013079667063
186.33197276629522,2296.2038599091256,124.99168161802514,186.86165780464538,2303.9384413319776,129.19861517633433,0.0,0.0,1.0,3.929013079667063,3.929013079667063
187.98723851113937,2320.3744268555374,108.53448275862068,186.33197276629522,2296.2038599091256,95.38781538890451,0.0,0.0,1.0,3.929013079667063,3.929013079667063
75.60344827586208,1160.187213427769,130.94901364119872,81.47683374169347,1184.3577803741807,118.46994637838642,0.0,0.0,1.0,3.929013079667063,3.929013079667063
89.72594545379323,1192.9848075213158,140.8600989269241,85.75359535273614,1204.6238681323803,127.87939150425662,-0.6900981947236448,0.0,-0.7237157464358271,3.929013079667063,3.929013079667063
85.75359535273614,1204.6238681323803,127.87939150425662,81.78124525167907,1216.2629287434445,114.89868408158912,-0.6900981947236448,0.0,-0.7237157464358271,3.929013079667063,3.929013079667063
83.35631709075953,1192.0923617970325,114.47664485428652,85.75359535273614,1204.6238681323803,127.87939150425662,-0.6900981947236448,0.0,-0.7237157464358271,3.929013079667063,3.929013079667063
85.75359535273614,1204.6238681323803,127.87939150425662,88.15087361471276,1217.1553744677278,141.28213815422671,-0.6900981947236448,0.0,-0.7237157464358271,3.929013079667063,3.929013079667063
88.15087361471276,1217.1553744677278,141.28213815422671,84.17852351365568,1228.794435078792,128.3014307315592,-0.6900981947236448,0.0,-0.7237157464358271,3.929013079667063,3.929013079667063
84.17852351365568,1228.794435078792,128.3014307315592,80.20617341259862,1240.4334956898563,115.32072330889173,-0.6900981947236448,0.0,-0.7237157464358271,3.929013079667063,3.929013079667063
81.78124525167907,1216.2629287434445,114.89868408158912,84.17852351365568,1228.794435078792,128.3014307315592,-0.6900981947236448,0.0,-0.7237157464358271,3.929013079667063,3.929013079667063
84.17852351365568,1228.794435078792,128.3014307315592,86.57580177563231,1241.3259414141396,141.70417738152932,-0.6900981947236448,0.0,-0.7237157464358271,3.929013079667063,3.929013079667063
86.57580177563231,1241.3259414141396,141.70417738152932,82.60345167457524,1252.9650020252038,128.7234699588618,-0.6900981947236448,0.0,-0.7237157464358271,3.929013079667063,3.929013079667063
82.60345167457524,1252.9650020252038,128.7234699588618,78.63110157351815,1264.6040626362683,115.74276253619436,-0.6900981947236448,0.0,-0.7237157464358271,3.929013079667063,3.929013079667063
80.20617341259862,1240.4334956898563,115.32072330889173,82.60345167457524,1252.9650020252038,128.7234699588618,-0.6900981947236448,0.0,-0.7237157464358271,3.929013079667063,3.929013079667063
82.60345167457524,1252.9650020252038,128.7234699588618,85.00072993655185,1265.4965083605516,142.12621660883195,-0.6900981947236448,0.0,-0.7237157464358271,3.929013079667063,3.929013079667063
85.00072993655185,1265.4965083605514,142.12621660883195,81.02837983549477,1277.1355689716158,129.14550918616445,-0.6900981947236448,0.0,-0.7237157464358271,3.929013079667063,3.929013079667063
81.02837983549477,1277.1355689716158,129.14550918616445,77.05602973443769,1288.77462958268,116.16480176349697,-0.6900981947236448,0.0,-0.7237157464358271,3.929013079667063,3.929013079667063
78.63110157351815,1264.604062636268,115.74276253619436,81.02837983549477,1277.1355689716158,129.14550918616445,-0.6900981947236448,0.0,-0.7237157464358271,3.929013079667063,3.929013079667063
81.02837983549477,1277.1355689716158,129.14550918616445,83.42565809747138,1289.6670753069634,142.54825583613456,-0.6900981947236448,0.0,-0.7237157464358271,3.929013079667063,3.929013079667063
83.42565809747138,1289.6670753069634,142.54825583613456,79.45330799641431,1301.3061359180276,129.56754841346705,-0.6900981947236448,0.0,-0.7237157464358271,3.929013079667063,3.929013079667063
79.45330799641431,1301.3061359180276,129.56754841346705,75.48095789535722,1312.9451965290918,116.58684099079957,-0.6900981947236448,0.0,-0.7237157464358271,3.929013079667063,3.929013079667063
77.05602973443769,1288.77462958268,116.16480176349697,79.45330799641431,1301.3061359180276,129.56754841346705,-0.6900981947236448,0.0,-0.7237157464358271,3.929013079667063,3.929013079667063
79.45330799641431,1301.3061359180276,129.56754841346705,81.85058625839092,1313.8376422533752,142.97029506343716,-0.6900981947236448,0.0,-0.7237157464358271,3.929013079667063,3.929013079667063
81.85058625839092,1313.8376422533752,142.97029506343716,77.87823615733384,1325.4767028644394,129.98958764076966,-0.6900981947236448,0.0,-0.7237157464358271,3.929013079667063,3.929013079667063
77.87823615733384,1325.4767028644394,129.98958764076966,73.90588605627677,1337.1157634755039,117.00888021810218,-0.6900981947236448,0.0,-0.7237157464358271,3.929013079667063,3.929013079667063
75.48095789535722,1312.9451965290918,116.58684099079957,77.87823615733384,1325.4767028644394,129.98958764076966,-0.6900981947236448,0.0,-0.7237157464358271,3.929013079667063,3.929013079667063
77.87823615733384,1325.4767028644394,129.98958764076966,80.27551441931047,1338.0082091997872,143.39233429073977,-0.6900981947236448,0.0,-0.7237157464358271,3.929013079667063,3.929013079667063
80.27551441931047,1338.0082091997872,143.39233429073977,76.30316431825338,1349.6472698108514,130.4116268680723,-0.6900981947236448,0.0,-0.7237157464358271,3.929013079667063,3.929013079667063
76.30316431825338,1349.6472698108514,130.4116268680723,72.3308142171963,1361.2863304219156,117.43091944540481,-0.6900981947236448,0.0,-0.7237157464358271,3.929013079667063,3.929013079667063
73.90588605627677,1337.1157634755039,117.00888021810218,76.30316431825338,1349.6472698108514,130.4116268680723,-0.6900981947236448,0.0,-0.7237157464358271,3.929013079667063,3.929013079667063
76.30316431825338,1349.6472698108514,130.4116268680723,78.70044258023,1362.178776146199,143.8143735180424,-0.6900981947236448,0.0,-0.7237157464358271,3.929013079667063,3.929013079667063
78.70044258023,1362.178776146199,143.8143735180424,74.72809247917291,1373.8178367572632,130.8336660953749,-0.6900981947236448,0.0,-0.7237157464358271,3.929013079667063,3.929013079667063
74.72809247917291,1373.8178367572632,130.8336660953749,70.75574237811585,1385.4568973683274,117.85295867270742,-0.6900981947236448,0.0,-0.7237157464358271,3.929013079667063,3.929013079667063
72.3308142171963,1361.2863304219156,117.43091944540481,74.72809247917291,1373.8178367572632,130.8336660953749,-0.6900981947236448,0.0,-0.7237157464358271,3.929013079667063,3.929013079667063
74.72809247917291,1373.8178367572632,130.8336660953749,77.12537074114954,1386.3493430926108,144.236412745345,-0.6900981947236448,0.0,-0.7237157464358271,3.929013079667063,3.929013079667063
77.12537074114954,1386.3493430926108,144.236412745345,73.15302064009246,1397.9884037036752,131.2557053226775,-0.6900981947236448,0.0,-0.7237157464358271,3.929013079667063,3.929013079667063
73.15302064009246,1397.9884037036752,131.2557053226775,69.18067053903539,1409.6274643147394,118.27499790001002,-0.6900981947236448,0.0,-0.7237157464358271,3.929013079667063,3.929013079667063
70.75574237811585,1385.4568973683274,117.85295867270742,73.15302064009246,1397.9884037036752,131.2557053226775,-0.6900981947236448,0.0,-0.7237157464358271,3.929013079667063,3.929013079667063
73.15302064009246,1397.9884037036752,131.2557053226775,75.55029890206909,1410.5199100390228,144.6584519726476,-0.6900981947236448,0.0,-0.7237157464358271,3.929013079667063,3.929013079667063
75.55029890206909,1410.5199100390228,144.6584519726476,71.57794880101201,1422.158970650087,131.6777445499801,-0.6900981947236448,0.0,-0.7237157464358271,3.929013079667063,3.929013079667063
71.57794880101201,1422.158970650087,131.6777445499801,67.60559869995492,1433.7980312611512,118.69703712731263,-0.6900981947236448,0.0,-0.7237157464358271,3.929013079667063,3.929013079667063
69.18067053903539,1409.6274643147394,118.27499790001002,71.57794880101201,1422.158970650087,131.6777445499801,-0.6900981947236448,0.0,-0.7237157464358271,3.929013079667063,3.929013079667063
71.57794880101201,1422.158970650087,131.6777445499801,73.97522706298862,1434.6904769854345,145.08049119995022,-0.6900981947236448,0.0,-0.7237157464358271,3.929013079667063,3.929013079667063
73.97522706298862,1434.6904769854345,145.08049119995022,70.00287696193155,1446.3295375964988,132.09978377728274,-0.6900981947236448,0.0,-0.7237157464358271,3.929013079667063,3.929013079667063
70.00287696193155,1446.3295375964988,132.09978377728274,66.03052686087446,1457.968598207563,119.11907635461526,-0.6900981947236448,0.0,-0.7237157464358271,3.929013079667063,3.929013079667063
67.60559869995492,1433.7980312611512,118.69703712731263,70.00287696193155,1446.3295375964988,132.09978377728274,-0.6900981947236448,0.0,-0.7237157464358271,3.929013079667063,3.929013079667063
70.00287696193155,1446.3295375964988,132.09978377728274,72.40015522390817,1458.8610439318463,145.50253042725285,-0.6900981947236448,0.0,-0.7237157464358271,3.929013079667063,3.929013079667063
72.40015522390817,1458.8610439318463,145.50253042725285,68.42780512285108,1470.5001045429105,132.52182300458534,-0.6900981947236448,0.0,-0.7237157464358271,3.929013079667063,3.929013079667063
68.42780512285108,1470.5001045429105,132.52182300458534,64.45545502179401,1482.1391651539748,119.54111558191786,-0.6900981947236448,0.0,-0.7237157464358271,3.929013079667063,3.929013079667063
66.03052686087446,1457.968598207563,119.11907635461526,68.42780512285108,1470.5001045429105,132.52182300458534,-0.6900981947236448,0.0,-0.7237157464358271,3.929013079667063,3.929013079667063
68.42780512285108,1470.5001045429105,132.52182300458534,70.8250833848277,1483.031610878258,145.92456965455546,-0.6900981947236448,0.0,-0.7237157464358271,3.929013079667063,3.929013079667063
70.8250833848277,1483.031610878258,145.92456965455546,66.85273328377062,1494.6706714893226,132.94386223188795,-0.6900981947236448,0.0,-0.7237157464358271,3.929013079667063,3.929013079667063
66.85273328377062,1494.6706714893226,132.94386223188795,62.88038318271355,1506.3097321003868,119.96315480922047,-0.6900981947236448,0.0,-0.7237157464358271,3.929013079667063,3.929013079667063
64.45545502179401,1482.1391651539748,119.54111558191786,66.85273328377062,1494.6706714893226,132.94386223188795,-0.6900981947236448,0.0,-0.7237157464358271,3.929013079667063,3.929013079667063
66.85273328377062,1494.6706714893226,132.94386223188795,69.25001154574724,1507.2021778246701,146.34660888185806,-0.6900981947236448,0.0,-0.7237157464358271,3.929013079667063,3.929013079667063
69.25001154574724,1507.2021778246701,146.34660888185806,65.27766144469017,1518.8412384357343,133.36590145919055,-0.6900981947236448,0.0,-0.7237157464358271,3.929013079667063,3.929013079667063
65.27766144469017,1518.8412384357343,133.36590145919055,61.30531134363309,1530.4802990467986,120.3851940365231,-0.6900981947236448,0.0,-0.7237157464358271,3.929013079667063,3.929013079667063
62.88038318271355,1506.3097321003868,119.96315480922047,65.27766144469017,1518.8412384357343,133.36590145919055,-0.6900981947236448,0.0,-0.7237157464358271,3.929013079667063,3.929013079667063
65.27766144469017,1518.8412384357343,133.36590145919055,67.67493970666679,1531.372744771082,146.7686481091607,-0.6900981947236448,0.0,-0.7237157464358271,3.929013079667063,3.929013079667063
67.67493970666679,1531.372744771082,146.7686481091607,63.70258960560971,1543.0118053821461,133.7879406864932,-0.6900981947236448,0.0,-0.7237157464358271,3.929013079667063,3.929013079667063
63.70258960560971,1543.0118053821461,133.7879406864932,59.73023950455263,1554.6508659932106,120.80723326382571,-0.6900981947236448,0.0,-0.7237157464358271,3.929013079667063,3.929013079667063
61.30531134363309,1530.4802990467986,120.3851940365231,63.70258960560971,1543.0118053821461,133.7879406864932,-0.6900981947236448,0.0,-0.7237157464358271,3.929013079667063,3.929013079667063
63.70258960560971,1543.0118053821461,133.7879406864932,66.09986786758633,1555.543311717494,147.1906873364633,-0.6900981947236448,0.0,-0.7237157464358271,3.929013079667063,3.929013079667063
66.09986786758633,1555.543311717494,147.1906873364633,62.127517766529245,1567.1823723285581,134.2099799137958,-0.6900981947236448,0.0,-0.7237157464358271,3.929013079667063,3.929013079667063
62.127517766529245,1567.1823723285581,134.2099799137958,58.15516766547216,1578.8214329396224,121.22927249112831,-0.6900981947236448,0.0,-0.7237157464358271,3.929013079667063,3.929013079667063
59.73023950455263,1554.6508659932106,120.80723326382571,62.127517766529245,1567.1823723285581,134.2099799137958,-0.6900981947236448,0.0,-0.7237157464358271,3.929013079667063,3.929013079667063
62.127517766529245,1567.1823723285581,134.2099799137958,64.52479602850586,1579.7138786639057,147.6127265637659,-0.6900981947236448,0.0,-0.7237157464358271,3.929013079667063,3.929013079667063
64.52479602850586,1579.7138786639057,147.6127265637659,60.55244592744878,1591.35293927497,134.6320191410984,-0.6900981947236448,0.0,-0.7237157464358271,3.929013079667063,3.929013079667063
60.55244592744878,1591.35293927497,134.6320191410984,56.580095826391705,1602.9919998860341,121.65131171843092,-0.6900981947236448,0.0,-0.7237157464358271,3.929013079667063,3.929013079667063
58.15516766547216,1578.8214329396224,121.22927249112831,60.55244592744878,1591.35293927497,134.6320191410984,-0.6900981947236448,0.0,-0.7237157464358271,3.929013079667063,3.929013079667063
60.55244592744878,1591.35293927497,134.6320191410984,62.9497241894254,1603.8844456103175,148.0347657910685,-0.6900981947236448,0.0,-0.7237157464358271,3.929013079667063,3.929013079667063
62.9497241894254,1603.8844456103175,148.0347657910685,58.97737408836833,1615.5235062213817,135.05405836840103,-0.6900981947236448,0.0,-0.7237157464358271,3.929013079667063,3.929013079667063
58.97737408836833,1615.5235062213817,135.05405836840103,55.00502398731125,1627.1625668324461,122.07335094573355,-0.6900981947236448,0.0,-0.7237157464358271,3.929013079667063,3.929013079667063
56.580095826391705,1602.9919998860341,121.65131171843092,58.97737408836833,1615.5235062213817,135.05405836840103,-0.6900981947236448,0.0,-0.7237157464358271,3.929013079667063,3.929013079667063
58.97737408836833,1615.5235062213817,135.05405836840103,61.374652350344945,1628.0550125567295,148.45680501837114,-0.6900981947236448,0.0,-0.7237157464358271,3.929013079667063,3.929013079667063
61.374652350344945,1628.0550125567295,148.45680501837114,57.402302249287864,1639.6940731677937,135.47609759570364,-0.6900981947236448,0.0,-0.7237157464358271,3.929013079667063,3.929013079667063
57.402302249287864,1639.6940731677937,135.47609759570364,53.42995214823079,1651.333133778858,122.49539017303616,-0.6900981947236448,0.0,-0.7237157464358271,3.929013079667063,3.929013079667063
55.00502398731125,1627.1625668324461,122.07335094573355,57.402302249287864,1639.6940731677937,135.47609759570364,-0.6900981947236448,0.0,-0.7237157464358271,3.929013079667063,3.929013079667063
57.402302249287864,1639.6940731677937,135.47609759570364,59.79958051126449,1652.2255795031413,148.87884424567375,-0.6900981947236448,0.0,-0.7237157464358271,3.929013079667063,3.929013079667063
59.79958051126449,1652.2255795031413,148.87884424567375,55.827230410207406,1663.8646401142055,135.89813682300624,-0.6900981947236448,0.0,-0.7237157464358271,3.929013079667063,3.929013079667063
55.827230410207406,1663.8646401142055,135.89813682300624,51.85488030915033,1675.50370072527,122.91742940033876,-0.6900981947236448,0.0,-0.7237157464358271,3.929013079667063,3.929013079667063
53.42995214823079,1651.333133778858,122.49539017303616,55.827230410207406,1663.8646401142055,135.89813682300624,-0.6900981947236448,0.0,-0.7237157464358271,3.929013079667063,3.929013079667063
55.827230410207406,1663.8646401142055,135.89813682300624,58.22450867218403,1676.3961464495533,149.30088347297635,-0.6900981947236448,0.0,-0.7237157464358271,3.929013079667063,3.929013079667063
58.22450867218402,1676.3961464495533,149.30088347297635,54.25215857112694,1688.0352070606175,136.32017605030885,-0.6900981947236448,0.0,-0.7237157464358271,3.929013079667063,3.929013079667063
54.25215857112694,1688.0352070606175,136.32017605030885,50.27980847006986,1699.6742676716817,123.33946862764137,-0.6900981947236448,0.0,-0.7237157464358271,3.929013079667063,3.929013079667063
51.854880309150325,1675.50370072527,122.91742940033876,54.25215857112694,1688.0352070606175,136.32017605030885,-0.6900981947236448,0.0,-0.7237157464358271,3.929013079667063,3.929013079667063
54.25215857112694,1688.0352070606175,136.32017605030885,56.64943683310356,1700.566713395965,149.72292270027896,-0.6900981947236448,0.0,-0.7237157464358271,3.929013079667063,3.929013079667063
56.64943683310356,1700.566713395965,149.72292270027896,52.67708673204648,1712.2057740070293,136.74221527761148,-0.6900981947236448,0.0,-0.7237157464358271,3.929013079667063,3.929013079667063
52.67708673204648,1712.2057740070293,136.74221527761148,48.7047366309894,1723.8448346180935,123.761507854944,-0.6900981947236448,0.0,-0.7237157464358271,3.929013079667063,3.929013079667063
50.27980847006986,1699.6742676716817,123.33946862764137,52.67708673204648,1712.2057740070293,136.74221527761148,-0.6900981947236448,0.0,-0.7237157464358271,3.929013079667063,3.929013079667063
52.67708673204648,1712.2057740070293,136.74221527761148,55.0743649940231,1724.7372803423768,150.1449619275816,-0.6900981947236448,0.0,-0.7237157464358271,3.929013079667063,3.929013079667063
55.0743649940231,1724.7372803423768,150.1449619275816,51.102014892966025,1736.376340953441,137.16425450491408,-0.6900981947236448,0.0,-0.7237157464358271,3.929013079667063,3.929013079667063
51.102014892966025,1736.376340953441,137.16425450491408,47.129664791908944,1748.0154015645053,124.1835470822466,-0.6900981947236448,0.0,-0.7237157464358271,3.929013079667063,3.929013079667063
48.7047366309894,1723.8448346180935,123.761507854944,51.102014892966025,1736.376340953441,137.16425450491408,-0.6900981947236448,0.0,-0.7237157464358271,3.929013079667063,3.929013079667063
51.102014892966025,1736.376340953441,137.16425450491408,53.49929315494264,1748.9078472887886,150.5670011548842,-0.6900981947236448,0.0,-0.7237157464358271,3.929013079667063,3.929013079667063
53.49929315494264,1748.9078472887886,150.5670011548842,49.52694305388557,1760.5469078998528,137.5862937322167,-0.6900981947236448,0.0,-0.7237157464358271,3.929013079667063,3.929013079667063
49.52694305388557,1760.5469078998528,137.5862937322167,45.554592952828486,1772.1859685109173,124.60558630954921,-0.6900981947236448,0.0,-0.7237157464358271,3.929013079667063,3.929013079667063
47.129664791908944,1748.0154015645053,124.1835470822466,49.52694305388557,1760.5469078998528,137.5862937322167,-0.6900981947236448,0.0,-0.7237157464358271,3.929013079667063,3.929013079667063
49.52694305388557,1760.5469078998528,137.5862937322167,51.924221315862184,1773.0784142352006,150.9890403821868,-0.6900981947236448,0.0,-0.7237157464358271,3.929013079667063,3.929013079667063
51.924221315862184,1773.0784142352006,150.9890403821868,47.9518712148051,1784.7174748462648,138.0083329595193,-0.6900981947236448,0.0,-0.7237157464358271,3.929013079667063,3.929013079667063
47.9518712148051,1784.7174748462648,138.0083329595193,43.97952111374803,1796.356535457329,125.02762553685184,-0.6900981947236448,0.0,-0.7237157464358271,3.929013079667063,3.929013079667063
45.554592952828486,1772.1859685109173,124.60558630954921,47.9518712148051,1784.7174748462648,138.0083329595193,-0.6900981947236448,0.0,-0.7237157464358271,3.929013079667063,3.929013079667063
47.9518712148051,1784.7174748462648,138.0083329595193,50.349149476781726,1797.2489811816124,151.41107960948943,-0.6900981947236448,0.0,-0.7237157464358271,3.929013079667063,3.929013079667063
50.34914947678172,1797.2489811816126,151.41107960948943,46.37679937572464,1808.8880417926769,138.43037218682193,-0.6900981947236448,0.0,-0.7237157464358271,3.929013079667063,3.929013079667063
46.37679937572464,1808.8880417926769,138.43037218682193,42.40444927466756,1820.527102403741,125.44966476415445,-0.6900981947236448,0.0,-0.7237157464358271,3.929013079667063,3.929013079667063
43.97952111374802,1796.3565354573293,125.02762553685184,46.37679937572464,1808.8880417926769,138.43037218682193,-0.6900981947236448,0.0,-0.7237157464358271,3.929013079667063,3.929013079667063
46.37679937572464,1808.8880417926769,138.43037218682193,48.77407763770126,1821.4195481280244,151.83311883679204,-0.6900981947236448,0.0,-0.7237157464358271,3.929013079667063,3.929013079667063
48.77407763770126,1821.4195481280244,151.83311883679204,44.80172753664418,1833.0586087390886,138.85241141412453,-0.6900981947236448,0.0,-0.7237157464358271,3.929013079667063,3.929013079667063
44.80172753664418,1833.0586087390886,138.85241141412453,40.829377435587105,1844.6976693501529,125.87170399145705,-0.6900981947236448,0.0,-0.7237157464358271,3.929013079667063,3.929013079667063
42.40444927466756,1820.527102403741,125.44966476415445,44.80172753664418,1833.0586087390886,138.85241141412453,-0.6900981947236448,0.0,-0.7237157464358271,3.929013079667063,3.929013079667063
44.80172753664418,1833.0586087390886,138.85241141412453,47.1990057986208,1845.5901150744362,152.25515806409464,-0.6900981947236448,0.0,-0.7237157464358271,3.929013079667063,3.929013079667063
47.1990057986208,1845.5901150744362,152.25515806409464,43.22665569756372,1857.2291756855004,139.27445064142714,-0.6900981947236448,0.0,-0.7237157464358271,3.929013079667063,3.929013079667063
43.22665569756372,1857.2291756855004,139.27445064142714,39.25430559650664,1868.8682362965646,126.29374321875966,-0.6900981947236448,0.0,-0.7237157464358271,3.929013079667063,3.929013079667063
40.829377435587105,1844.6976693501529,125.87170399145705,43.22665569756372,1857.2291756855004,139.27445064142714,-0.6900981947236448,0.0,-0.7237157464358271,3.929013079667063,3.929013079667063
43.22665569756372,1857.2291756855004,139.27445064142714,45.62393395954034,1869.760682020848,152.67719729139725,-0.6900981947236448,0.0,-0.7237157464358271,3.929013079667063,3.929013079667063
45.62393395954034,1869.760682020848,152.67719729139725,41.651583858483264,1881.3997426319122,139.69648986872977,-0.6900981947236448,0.0,-0.7237157464358271,3.929013079667063,3.929013079667063
41.651583858483264,1881.3997426319122,139.69648986872977,37.67923375742618,1893.0388032429764,126.71578244606229,-0.6900981947236448,0.0,-0.7237157464358271,3.929013079667063,3.929013079667063
39.25430559650664,1868.8682362965646,126.29374321875966,41.651583858483264,1881.3997426319122,139.69648986872977,-0.6900981947236448,0.0,-0.7237157464358271,3.929013079667063,3.929013079667063
41.651583858483264,1881.3997426319122,139.69648986872977,44.04886212045988,1893.9312489672598,153.09923651869988,-0.6900981947236448,0.0,-0.7237157464358271,3.929013079667063,3.929013079667063
44.04886212045988,1893.9312489672598,153.09923651869988,40.076512019402806,1905.5703095783242,140.11852909603238,-0.6900981947236448,0.0,-0.7237157464358271,3.929013079667063,3.929013079667063
40.076512019402806,1905.5703095783242,140.11852909603238,36.104161918345724,1917.2093701893884,127.1378216733649,-0.6900981947236448,0.0,-0.7237157464358271,3.929013079667063,3.929013079667063
37.67923375742618,1893.0388032429764,126.71578244606229,40.076512019402806,1905.5703095783242,140.11852909603238,-0.6900981947236448,0.0,-0.7237157464358271,3.929013079667063,3.929013079667063
40.076512019402806,1905.5703095783242,140.11852909603238,42.47379028137942,1918.1018159136718,153.5212757460025,-0.6900981947236448,0.0,-0.7237157464358271,3.929013079667063,3.929013079667063
42.473790281379415,1918.101815913672,153.5212757460025,38.501440180322334,1929.7408765247362,140.54056832333498,-0.6900981947236448,0.0,-0.7237157464358271,3.929013079667063,3.929013079667063
38.501440180322334,1929.7408765247362,140.54056832333498,34.52909007926526,1941.3799371358004,127.5598609006675,-0.6900981947236448,0.0,-0.7237157464358271,3.929013079667063,3.929013079667063
36.10416191834572,1917.2093701893887,127.1378216733649,38.501440180322334,1929.7408765247362,140.54056832333498,-0.6900981947236448,0.0,-0.7237157464358271,3.929013079667063,3.929013079667063
38.501440180322334,1929.7408765247362,140.54056832333498,40.89871844229896,1942.2723828600838,153.9433149733051,-0.6900981947236448,0.0,-0.7237157464358271,3.929013079667063,3.929013079667063
40.89871844229896,1942.2723828600838,153.9433149733051,36.926368341241876,1953.911443471148,140.96260755063759,-0.6900981947236448,0.0,-0.7237157464358271,3.929013079667063,3.929013079667063
36.926368341241876,1953.911443471148,140.96260755063759,32.9540182401848,1965.5505040822122,127.98190012797014,-0.6900981947236448,0.0,-0.7237157464358271,3.929013079667063,3.929013079667063
34.52909007926526,1941.3799371358004,127.5598609006675,36.926368341241876,1953.911443471148,140.96260755063759,-0.6900981947236448,0.0,-0.7237157464358271,3.929013079667063,3.929013079667063
36.926368341241876,1953.911443471148,140.96260755063759,39.3236466032185,1966.4429498064956,154.36535420060773,-0.6900981947236448,0.0,-0.7237157464358271,3.929013079667063,3.929013079667063
39.3236466032185,1966.4429498064956,154.36535420060773,35.35129650216142,1978.0820104175598,141.38464677794022,-0.6900981947236448,0.0,-0.7237157464358271,3.929013079667063,3.929013079667063
35.35129650216142,1978.0820104175598,141.38464677794022,31.378946401104344,1989.721071028624,128.40393935527274,-0.6900981947236448,0.0,-0.7237157464358271,3.929013079667063,3.929013079667063
32.9540182401848,1965.5505040822122,127.98190012797014,35.35129650216142,1978.0820104175598,141.38464677794022,-0.6900981947236448,0.0,-0.7237157464358271,3.929013079667063,3.929013079667063
35.35129650216142,1978.0820104175598,141.38464677794022,37.74857476413804,1990.6135167529073,154.78739342791033,-0.6900981947236448,0.0,-0.7237157464358271,3.929013079667063,3.929013079667063
37.74857476413804,1990.6135167529073,154.78739342791033,33.77622466308096,2002.2525773639713,141.80668600524282,-0.6900981947236448,0.0,-0.7237157464358271,3.929013079667063,3.929013079667063
33.77622466308096,2002.2525773639713,141.80668600524282,29.80387456202388,2013.8916379750358,128.82597858257535,-0.6900981947236448,0.0,-0.7237157464358271,3.929013079667063,3.929013079667063
31.378946401104344,1989.721071028624,128.40393935527274,33.77622466308096,2002.2525773639713,141.80668600524282,-0.6900981947236448,0.0,-0.7237157464358271,3.929013079667063,3.929013079667063
33.77622466308096,2002.2525773639713,141.80668600524282,36.173502925057576,2014.7840836993191,155.20943265521294,-0.6900981947236448,0.0,-0.7237157464358271,3.929013079667063,3.929013079667063
36.173502925057576,2014.7840836993191,155.20943265521294,32.2011528240005,2026.4231443103831,142.22872523254543,-0.6900981947236448,0.0,-0.7237157464358271,3.929013079667063,3.929013079667063
32.2011528240005,2026.4231443103831,142.22872523254543,28.22880272294342,2038.062204921448,129.24801780987795,-0.6900981947236448,0.0,-0.7237157464358271,3.929013079667063,3.929013079667063
29.80387456202388,2013.8916379750358,128.82597858257535,32.2011528240005,2026.4231443103831,142.22872523254543,-0.6900981947236448,0.0,-0.7237157464358271,3.929013079667063,3.929013079667063
32.2011528240005,2026.4231443103831,142.22872523254543,34.59843108597712,2038.9546506457314,155.63147188251554,-0.6900981947236448,0.0,-0.7237157464358271,3.929013079667063,3.929013079667063
34.59843108597711,2038.9546506457314,155.63147188251554,30.626080984920037,2050.5937112567954,142.65076445984806,-0.6900981947236448,0.0,-0.7237157464358271,3.929013079667063,3.929013079667063
30.626080984920037,2050.5937112567954,142.65076445984806,26.653730883862956,2062.23277186786,129.67005703718058,-0.6900981947236448,0.0,-0.7237157464358271,3.929013079667063,3.929013079667063
28.228802722943414,2038.062204921448,129.24801780987795,30.626080984920037,2050.5937112567954,142.65076445984806,-0.6900981947236448,0.0,-0.7237157464358271,3.929013079667063,3.929013079667063
30.626080984920037,2050.5937112567954,142.65076445984806,33.02335924689665,2063.125217592143,156.05351110981817,-0.6900981947236448,0.0,-0.7237157464358271,3.929013079667063,3.929013079667063
33.02335924689665,2063.125217592143,156.05351110981817,29.05100914583958,2074.764278203207,143.07280368715067,-0.6900981947236448,0.0,-0.7237157464358271,3.929013079667063,3.929013079667063
29.05100914583958,2074.764278203207,143.07280368715067,25.078659044782498,2086.4033388142716,130.0920962644832,-0.6900981947236448,0.0,-0.7237157464358271,3.929013079667063,3.929013079667063
26.653730883862956,2062.23277186786,129.67005703718058,29.05100914583958,2074.764278203207,143.07280368715067,-0.6900981947236448,0.0,-0.7237157464358271,3.929013079667063,3.929013079667063
29.05100914583958,2074.764278203207,143.07280368715067,31.448287407816196,2087.295784538555,156.47555033712078,-0.6900981947236448,0.0,-0.7237157464358271,3.929013079667063,3.929013079667063
31.448287407816196,2087.295784538555,156.47555033712078,27.475937306759114,2098.934845149619,143.49484291445327,-0.6900981947236448,0.0,-0.7237157464358271,3.929013079667063,3.929013079667063
27.475937306759114,2098.934845149619,143.49484291445327,23.50358720570204,2110.5739057606834,130.5141354917858,-0.6900981947236448,0.0,-0.7237157464358271,3.929013079667063,3.929013079667063
25.078659044782498,2086.4033388142716,130.0920962644832,27.475937306759114,2098.934845149619,143.49484291445327,-0.6900981947236448,0.0,-0.7237157464358271,3.929013079667063,3.929013079667063
27.475937306759114,2098.934845149619,143.49484291445327,29.873215568735738,2111.4663514849667,156.89758956442338,-0.6900981947236448,0.0,-0.7237157464358271,3.929013079667063,3.929013079667063
29.873215568735738,2111.4663514849667,156.89758956442338,25.900865467678656,2123.1054120960307,143.91688214175588,-0.6900981947236448,0.0,-0.7237157464358271,3.929013079667063,3.929013079667063
25.900865467678656,2123.1054120960307,143.91688214175588,21.928515366621582,2134.744472707095,130.93617471908843,-0.6900981947236448,0.0,-0.7237157464358271,3.929013079667063,3.929013079667063
23.50358720570204,2110.5739057606834,130.5141354917858,25.900865467678656,2123.1054120960307,143.91688214175588,-0.6900981947236448,0.0,-0.7237157464358271,3.929013079667063,3.929013079667063
25.900865467678656,2123.1054120960307,143.91688214175588,28.29814372965528,2135.6369184313785,157.31962879172602,-0.6900981947236448,0.0,-0.7237157464358271,3.929013079667063,3.929013079667063
28.29814372965528,2135.6369184313785,157.31962879172602,24.3257936285982,2147.2759790424425,144.3389213690585,-0.6900981947236448,0.0,-0.7237157464358271,3.929013079667063,3.929013079667063
24.3257936285982,2147.2759790424425,144.3389213690585,20.353443527541117,2158.915039653507,131.35821394639103,-0.6900981947236448,0.0,-0.7237157464358271,3.929013079667063,3.929013079667063
21.928515366621582,2134.744472707095,130.93617471908843,24.3257936285982,2147.2759790424425,144.3389213690585,-0.6900981947236448,0.0,-0.7237157464358271,3.929013079667063,3.929013079667063
24.3257936285982,2147.2759790424425,144.3389213690585,26.723071890574815,2159.8074853777903,157.74166801902862,-0.6900981947236448,0.0,-0.7237157464358271,3.929013079667063,3.929013079667063
26.723071890574815,2159.8074853777903,157.74166801902862,22.750721789517733,2171.4465459888547,144.76096059636112,-0.6900981947236448,0.0,-0.7237157464358271,3.929013079667063,3.929013079667063
22.750721789517733,2171.4465459888547,144.76096059636112,18.778371688460652,2183.085606599919,131.78025317369364,-0.6900981947236448,0.0,-0.7237157464358271,3.929013079667063,3.929013079667063
20.353443527541117,2158.915039653507,131.35821394639103,22.750721789517733,2171.4465459888547,144.76096059636112,-0.6900981947236448,0.0,-0.7237157464358271,3.929013079667063,3.929013079667063
22.750721789517733,2171.4465459888547,144.76096059636112,25.14800005149435,2183.9780523242025,158.16370724633123,-0.6900981947236448,0.0,-0.7237157464358271,3.929013079667063,3.929013079667063
25.14800005149435,2183.9780523242025,158.16370724633123,21.17564995043727,2195.6171129352665,145.18299982366372,-0.6900981947236448,0.0,-0.7237157464358271,3.929013079667063,3.929013079667063
21.17564995043727,2195.6171129352665,145.18299982366372,17.2032998493802,2207.256173546331,132.20229240099624,-0.6900981947236448,0.0,-0.7237157464358271,3.929013079667063,3.929013079667063
18.778371688460652,2183.085606599919,131.78025317369364,21.17564995043727,2195.6171129352665,145.18299982366372,-0.6900981947236448,0.0,-0.7237157464358271,3.929013079667063,3.929013079667063
21.17564995043727,2195.6171129352665,145.18299982366372,23.5729282124139,2208.1486192706143,158.58574647363383,-0.6900981947236448,0.0,-0.7237157464358271,3.929013079667063,3.929013079667063
23.5729282124139,2208.1486192706143,158.58574647363383,19.600578111356818,2219.7876798816783,145.60503905096635,-0.6900981947236448,0.0,-0.7237157464358271,3.929013079667063,3.929013079667063
19.600578111356818,2219.7876798816783,145.60503905096635,15.628228010299736,2231.4267404927427,132.62433162829888,-0.6900981947236448,0.0,-0.7237157464358271,3.929013079667063,3.929013079667063
17.2032998493802,2207.256173546331,132.20229240099624,19.600578111356818,2219.7876798816783,145.60503905096635,-0.6900981947236448,0.0,-0.7237157464358271,3.929013079667063,3.929013079667063
19.600578111356818,2219.7876798816783,145.60503905096635,21.997856373333434,2232.319186217026,159.00778570093647,-0.6900981947236448,0.0,-0.7237157464358271,3.929013079667063,3.929013079667063
21.997856373333434,2232.319186217026,159.00778570093647,18.025506272276353,2243.95824682809,146.02707827826896,-0.6900981947236448,0.0,-0.7237157464358271,3.929013079667063,3.929013079667063
18.025506272276353,2243.95824682809,146.02707827826896,14.053156171219271,2255.5973074391545,133.04637085560148,-0.6900981947236448,0.0,-0.7237157464358271,3.929013079667063,3.929013079667063
15.628228010299736,2231.4267404927427,132.62433162829888,18.025506272276353,2243.95824682809,146.02707827826896,-0.6900981947236448,0.0,-0.7237157464358271,3.929013079667063,3.929013079667063
18.025506272276353,2243.95824682809,146.02707827826896,20.42278453425297,2256.489753163438,159.42982492823907,-0.6900981947236448,0.0,-0.7237157464358271,3.929013079667063,3.929013079667063
20.42278453425297,2256.489753163438,159.42982492823907,16.450434433195902,2268.128813774502,146.44911750557156,-0.6900981947236448,0.0,-0.7237157464358271,3.929013079667063,3.929013079667063
16.450434433195902,2268.128813774502,146.44911750557156,12.47808433213882,2279.7678743855668,133.4684100829041,-0.6900981947236448,0.0,-0.7237157464358271,3.929013079667063,3.929013079667063
14.053156171219271,2255.5973074391545,133.04637085560148,16.450434433195902,2268.128813774502,146.44911750557156,-0.6900981947236448,0.0,-0.7237157464358271,3.929013079667063,3.929013079667063
16.450434433195902,2268.128813774502,146.44911750557156,18.84771269517252,2280.66032010985,159.85186415554168,-0.6900981947236448,0.0,-0.7237157464358271,3.929013079667063,3.929013079667063
18.84771269517252,2280.66032010985,159.85186415554168,14.875362594115437,2292.299380720914,146.87115673287417,-0.6900981947236448,0.0,-0.7237157464358271,3.929013079667063,3.929013079667063
14.875362594115437,2292.299380720914,146.87115673287417,10.903012493058355,2303.9384413319785,133.8904493102067,-0.6900981947236448,0.0,-0.7237157464358271,3.929013079667063,3.929013079667063
12.47808433213882,2279.7678743855668,133.4684100829041,14.875362594115437,2292.299380720914,146.87115673287417,-0.6900981947236448,0.0,-0.7237157464358271,3.929013079667063,3.929013079667063
14.875362594115437,2292.299380720914,146.87115673287417,17.272640856092053,2304.830887056262,160.27390338284428,-0.6900981947236448,0.0,-0.7237157464358271,3.929013079667063,3.929013079667063
63.69238980579222,1192.0923617970325,148.53556598818983,75.92163171025248,1204.6238681323803,144.9088520712083,0.6900981947236448,0.0,-0.7237157464358271,3.929013079667063,3.929013079667063
75.92163171025248,1204.6238681323803,144.9088520712083,88.15087361471276,1217.1553744677278,141.28213815422671,0.6900981947236448,0.0,-0.7237157464358271,3.929013079667063,3.929013079667063
89.72594545379323,1192.9848075213158,140.8600989269241,75.92163171025248,1204.6238681323803,144.9088520712083,0.6900981947236448,0.0,-0.7237157464358271,3.929013079667063,3.929013079667063
75.92163171025248,1204.6238681323803,144.9088520712083,62.11731796671175,1216.2629287434445,148.95760521549244,0.6900981947236448,0.0,-0.7237157464358271,3.929013079667063,3.929013079667063
62.11731796671175,1216.2629287434445,148.95760521549244,74.34655987117202,1228.794435078792,145.3308912985109,0.6900981947236448,0.0,-0.7237157464358271,3.929013079667063,3.929013079667063
74.34655987117202,1228.794435078792,145.3308912985109,86.57580177563231,1241.3259414141396,141.70417738152932,0.6900981947236448,0.0,-0.7237157464358271,3.929013079667063,3.929013079667063
88.15087361471276,1217.1553744677278,141.28213815422671,74.34655987117202,1228.794435078792,145.3308912985109,0.6900981947236448,0.0,-0.7237157464358271,3.929013079667063,3.929013079667063
74.34655987117202,1228.794435078792,145.3308912985109,60.5422461276313,1240.4334956898563,149.37964444279504,0.6900981947236448,0.0,-0.7237157464358271,3.929013079667063,3.929013079667063
60.5422461276313,1240.4334956898563,149.37964444279504,72.77148803209157,1252.9650020252038,145.7529305258135,0.6900981947236448,0.0,-0.7237157464358271,3.929013079667063,3.929013079667063
72.77148803209157,1252.9650020252038,145.7529305258135,85.00072993655185,1265.4965083605516,142.12621660883195,0.6900981947236448,0.0,-0.7237157464358271,3.929013079667063,3.929013079667063
86.57580177563231,1241.3259414141396,141.70417738152932,72.77148803209157,1252.9650020252038,145.7529305258135,0.6900981947236448,0.0,-0.7237157464358271,3.929013079667063,3.929013079667063
72.77148803209157,1252.9650020252038,145.7529305258135,58.96717428855084,1264.6040626362683,149.80168367009767,0.6900981947236448,0.0,-0.7237157464358271,3.929013079667063,3.929013079667063
58.96717428855084,1264.604062636268,149.80168367009767,71.1964161930111,1277.1355689716158,146.17496975311613,0.6900981947236448,0.0,-0.7237157464358271,3.929013079667063,3.929013079667063
71.1964161930111,1277.1355689716158,146.17496975311613,83.42565809747138,1289.6670753069634,142.54825583613456,0.6900981947236448,0.0,-0.7237157464358271,3.929013079667063,3.929013079667063
85.00072993655185,1265.4965083605514,142.12621660883195,71.1964161930111,1277.1355689716158,146.17496975311613,0.6900981947236448,0.0,-0.7237157464358271,3.929013079667063,3.929013079667063
71.1964161930111,1277.1355689716158,146.17496975311613,57.39210244947037,1288.77462958268,150.22372289740028,0.6900981947236448,0.0,-0.7237157464358271,3.929013079667063,3.929013079667063
57.39210244947037,1288.77462958268,150.22372289740028,69.62134435393064,1301.3061359180276,146.59700898041874,0.6900981947236448,0.0,-0.7237157464358271,3.929013079667063,3.929013079667063
69.62134435393064,1301.3061359180276,146.59700898041874,81.85058625839092,1313.8376422533752,142.97029506343716,0.6900981947236448,0.0,-0.7237157464358271,3.929013079667063,3.929013079667063
83.42565809747138,1289.6670753069634,142.54825583613456,69.62134435393064,1301.3061359180276,146.59700898041874,0.6900981947236448,0.0,-0.7237157464358271,3.929013079667063,3.929013079667063
69.62134435393064,1301.3061359180276,146.59700898041874,55.81703061038991,1312.9451965290918,150.64576212470288,0.6900981947236448,0.0,-0.7237157464358271,3.929013079667063,3.929013079667063
55.81703061038991,1312.9451965290918,150.64576212470288,68.04627251485019,1325.4767028644394,147.01904820772134,0.6900981947236448,0.0,-0.7237157464358271,3.929013079667063,3.929013079667063
68.04627251485019,1325.4767028644394,147.01904820772134,80.27551441931047,1338.0082091997872,143.39233429073977,0.6900981947236448,0.0,-0.7237157464358271,3.929013079667063,3.929013079667063
81.85058625839092,1313.8376422533752,142.97029506343716,68.04627251485019,1325.4767028644394,147.01904820772134,0.6900981947236448,0.0,-0.7237157464358271,3.929013079667063,3.929013079667063
68.04627251485019,1325.4767028644394,147.01904820772134,54.241958771309456,1337.1157634755039,151.0678013520055,0.6900981947236448,0.0,-0.7237157464358271,3.929013079667063,3.929013079667063
54.241958771309456,1337.1157634755039,151.0678013520055,66.47120067576972,1349.6472698108514,147.44108743502397,0.6900981947236448,0.0,-0.7237157464358271,3.929013079667063,3.929013079667063
66.47120067576972,1349.6472698108514,147.44108743502397,78.70044258023,1362.178776146199,143.8143735180424,0.6900981947236448,0.0,-0.7237157464358271,3.929013079667063,3.929013079667063
80.27551441931047,1338.0082091997872,143.39233429073977,66.47120067576972,1349.6472698108514,147.44108743502397,0.6900981947236448,0.0,-0.7237157464358271,3.929013079667063,3.929013079667063
66.47120067576972,1349.6472698108514,147.44108743502397,52.66688693222899,1361.2863304219156,151.48984057930812,0.6900981947236448,0.0,-0.7237157464358271,3.929013079667063,3.929013079667063
52.66688693222899,1361.2863304219156,151.48984057930812,64.89612883668926,1373.8178367572632,147.86312666232658,0.6900981947236448,0.0,-0.7237157464358271,3.929013079667063,3.929013079667063
64.89612883668926,1373.8178367572632,147.86312666232658,77.12537074114954,1386.3493430926108,144.236412745345,0.6900981947236448,0.0,-0.7237157464358271,3.929013079667063,3.929013079667063
78.70044258023,1362.178776146199,143.8143735180424,64.89612883668926,1373.8178367572632,147.86312666232658,0.6900981947236448,0.0,-0.7237157464358271,3.929013079667063,3.929013079667063
64.89612883668926,1373.8178367572632,147.86312666232658,51.09181509314853,1385.4568973683274,151.91187980661073,0.6900981947236448,0.0,-0.7237157464358271,3.929013079667063,3.929013079667063
51.09181509314853,1385.4568973683274,151.91187980661073,63.32105699760881,1397.9884037036752,148.28516588962918,0.6900981947236448,0.0,-0.7237157464358271,3.929013079667063,3.929013079667063
63.32105699760881,1397.9884037036752,148.28516588962918,75.55029890206909,1410.5199100390228,144.6584519726476,0.6900981947236448,0.0,-0.7237157464358271,3.929013079667063,3.929013079667063
77.12537074114954,1386.3493430926108,144.236412745345,63.32105699760881,1397.9884037036752,148.28516588962918,0.6900981947236448,0.0,-0.7237157464358271,3.929013079667063,3.929013079667063
63.32105699760881,1397.9884037036752,148.28516588962918,49.516743254068075,1409.6274643147394,152.33391903391333,0.6900981947236448,0.0,-0.7237157464358271,3.929013079667063,3.929013079667063
49.516743254068075,1409.6274643147394,152.33391903391333,61.74598515852835,1422.158970650087,148.7072051169318,0.6900981947236448,0.0,-0.7237157464358271,3.929013079667063,3.929013079667063
61.74598515852835,1422.158970650087,148.7072051169318,73.97522706298862,1434.6904769854345,145.08049119995022,0.6900981947236448,0.0,-0.7237157464358271,3.929013079667063,3.929013079667063
75.55029890206909,1410.5199100390228,144.6584519726476,61.74598515852835,1422.158970650087,148.7072051169318,0.6900981947236448,0.0,-0.7237157464358271,3.929013079667063,3.929013079667063
61.74598515852835,1422.158970650087,148.7072051169318,47.94167141498761,1433.7980312611512,152.75595826121594,0.6900981947236448,0.0,-0.7237157464358271,3.929013079667063,3.929013079667063
47.94167141498761,1433.7980312611512,152.75595826121594,60.170913319447884,1446.3295375964988,149.12924434423442,0.6900981947236448,0.0,-0.7237157464358271,3.929013079667063,3.929013079667063
60.170913319447884,1446.3295375964988,149.12924434423442,72.40015522390817,1458.8610439318463,145.50253042725285,0.6900981947236448,0.0,-0.7237157464358271,3.929013079667063,3.929013079667063
73.97522706298862,1434.6904769854345,145.08049119995022,60.170913319447884,1446.3295375964988,149.12924434423442,0.6900981947236448,0.0,-0.7237157464358271,3.929013079667063,3.929013079667063
60.170913319447884,1446.3295375964988,149.12924434423442,46.36659957590715,1457.968598207563,153.17799748851857,0.6900981947236448,0.0,-0.7237157464358271,3.929013079667063,3.929013079667063
46.36659957590715,1457.968598207563,153.17799748851857,58.59584148036743,1470.5001045429105,149.55128357153703,0.6900981947236448,0.0,-0.7237157464358271,3.929013079667063,3.929013079667063
58.59584148036743,1470.5001045429105,149.55128357153703,70.8250833848277,1483.031610878258,145.92456965455546,0.6900981947236448,0.0,-0.7237157464358271,3.929013079667063,3.929013079667063
72.40015522390817,1458.8610439318463,145.50253042725285,58.59584148036743,1470.5001045429105,149.55128357153703,0.6900981947236448,0.0,-0.7237157464358271,3.929013079667063,3.929013079667063
58.59584148036743,1470.5001045429105,149.55128357153703,44.791527736826694,1482.1391651539748,153.60003671582118,0.6900981947236448,0.0,-0.7237157464358271,3.929013079667063,3.929013079667063
44.791527736826694,1482.1391651539748,153.60003671582118,57.02076964128697,1494.6706714893226,149.97332279883963,0.6900981947236448,0.0,-0.7237157464358271,3.929013079667063,3.929013079667063
57.02076964128697,1494.6706714893226,149.97332279883963,69.25001154574724,1507.2021778246701,146.34660888185806,0.6900981947236448,0.0,-0.7237157464358271,3.929013079667063,3.929013079667063
70.8250833848277,1483.031610878258,145.92456965455546,57.02076964128697,1494.6706714893226,149.97332279883963,0.6900981947236448,0.0,-0.7237157464358271,3.929013079667063,3.929013079667063
57.02076964128697,1494.6706714893226,149.97332279883963,43.216455897746236,1506.3097321003868,154.02207594312378,0.6900981947236448,0.0,-0.7237157464358271,3.929013079667063,3.929013079667063
43.216455897746236,1506.3097321003868,154.02207594312378,55.44569780220651,1518.8412384357343,150.39536202614224,0.6900981947236448,0.0,-0.7237157464358271,3.929013079667063,3.929013079667063
55.44569780220651,1518.8412384357343,150.39536202614224,67.67493970666679,1531.372744771082,146.7686481091607,0.6900981947236448,0.0,-0.7237157464358271,3.929013079667063,3.929013079667063
69.25001154574724,1507.2021778246701,146.34660888185806,55.44569780220651,1518.8412384357343,150.39536202614224,0.6900981947236448,0.0,-0.7237157464358271,3.929013079667063,3.929013079667063
55.44569780220651,1518.8412384357343,150.39536202614224,41.64138405866578,1530.4802990467986,154.44411517042641,0.6900981947236448,0.0,-0.7237157464358271,3.929013079667063,3.929013079667063
41.64138405866578,1530.4802990467986,154.44411517042641,53.87062596312605,1543.0118053821461,150.81740125344487,0.6900981947236448,0.0,-0.7237157464358271,3.929013079667063,3.929013079667063
53.87062596312605,1543.0118053821461,150.81740125344487,66.09986786758633,1555.543311717494,147.1906873364633,0.6900981947236448,0.0,-0.7237157464358271,3.929013079667063,3.929013079667063
67.67493970666679,1531.372744771082,146.7686481091607,53.87062596312605,1543.0118053821461,150.81740125344487,0.6900981947236448,0.0,-0.7237157464358271,3.929013079667063,3.929013079667063
53.87062596312605,1543.0118053821461,150.81740125344487,40.06631221958531,1554.6508659932106,154.86615439772902,0.6900981947236448,0.0,-0.7237157464358271,3.929013079667063,3.929013079667063
40.06631221958531,1554.6508659932106,154.86615439772902,52.29555412404559,1567.1823723285581,151.23944048074748,0.6900981947236448,0.0,-0.7237157464358271,3.929013079667063,3.929013079667063
52.29555412404559,1567.1823723285581,151.23944048074748,64.52479602850586,1579.7138786639057,147.6127265637659,0.6900981947236448,0.0,-0.7237157464358271,3.929013079667063,3.929013079667063
66.09986786758633,1555.543311717494,147.1906873364633,52.29555412404559,1567.1823723285581,151.23944048074748,0.6900981947236448,0.0,-0.7237157464358271,3.929013079667063,3.929013079667063
52.29555412404559,1567.1823723285581,151.23944048074748,38.49124038050485,1578.8214329396224,155.28819362503162,0.6900981947236448,0.0,-0.7237157464358271,3.929013079667063,3.929013079667063
38.49124038050485,1578.8214329396224,155.28819362503162,50.72048228496512,1591.35293927497,151.66147970805008,0.6900981947236448,0.0,-0.7237157464358271,3.929013079667063,3.929013079667063
50.72048228496512,1591.35293927497,151.66147970805008,62.9497241894254,1603.8844456103175,148.0347657910685,0.6900981947236448,0.0,-0.7237157464358271,3.929013079667063,3.929013079667063
64.52479602850586,1579.7138786639057,147.6127265637659,50.72048228496512,1591.35293927497,151.66147970805008,0.6900981947236448,0.0,-0.7237157464358271,3.929013079667063,3.929013079667063
50.72048228496512,1591.35293927497,151.66147970805008,36.91616854142439,1602.9919998860341,155.71023285233423,0.6900981947236448,0.0,-0.7237157464358271,3.929013079667063,3.929013079667063
36.91616854142439,1602.9919998860341,155.71023285233423,49.14541044588467,1615.5235062213817,152.0835189353527,0.6900981947236448,0.0,-0.7237157464358271,3.929013079667063,3.929013079667063
49.14541044588467,1615.5235062213817,152.0835189353527,61.374652350344945,1628.0550125567295,148.45680501837114,0.6900981947236448,0.0,-0.7237157464358271,3.929013079667063,3.929013079667063
62.9497241894254,1603.8844456103175,148.0347657910685,49.14541044588467,1615.5235062213817,152.0835189353527,0.6900981947236448,0.0,-0.7237157464358271,3.929013079667063,3.929013079667063
49.14541044588467,1615.5235062213817,152.0835189353527,35.34109670234393,1627.1625668324461,156.13227207963686,0.6900981947236448,0.0,-0.7237157464358271,3.929013079667063,3.929013079667063
35.34109670234393,1627.1625668324461,156.13227207963686,47.57033860680421,1639.6940731677937,152.50555816265532,0.6900981947236448,0.0,-0.7237157464358271,3.929013079667063,3.929013079667063
47.57033860680421,1639.6940731677937,152.50555816265532,59.79958051126449,1652.2255795031413,148.87884424567375,0.6900981947236448,0.0,-0.7237157464358271,3.929013079667063,3.929013079667063
61.374652350344945,1628.0550125567295,148.45680501837114,47.57033860680421,1639.6940731677937,152.50555816265532,0.6900981947236448,0.0,-0.7237157464358271,3.929013079667063,3.929013079667063
47.57033860680421,1639.6940731677937,152.50555816265532,33.766024863263475,1651.333133778858,156.55431130693947,0.6900981947236448,0.0,-0.7237157464358271,3.929013079667063,3.929013079667063
33.766024863263475,1651.333133778858,156.55431130693947,45.99526676772375,1663.8646401142055,152.92759738995792,0.6900981947236448,0.0,-0.7237157464358271,3.929013079667063,3.929013079667063
45.99526676772375,1663.8646401142055,152.92759738995792,58.22450867218403,1676.3961464495533,149.30088347297635,0.6900981947236448,0.0,-0.7237157464358271,3.929013079667063,3.929013079667063
59.79958051126449,1652.2255795031413,148.87884424567375,45.99526676772375,1663.8646401142055,152.92759738995792,0.6900981947236448,0.0,-0.7237157464358271,3.929013079667063,3.929013079667063
45.99526676772375,1663.8646401142055,152.92759738995792,32.19095302418302,1675.50370072527,156.97635053424207,0.6900981947236448,0.0,-0.7237157464358271,3.929013079667063,3.929013079667063
32.19095302418301,1675.50370072527,156.97635053424207,44.420194928643284,1688.0352070606175,153.34963661726053,0.6900981947236448,0.0,-0.7237157464358271,3.929013079667063,3.929013079667063
44.420194928643284,1688.0352070606175,153.34963661726053,56.64943683310356,1700.566713395965,149.72292270027896,0.6900981947236448,0.0,-0.7237157464358271,3.929013079667063,3.929013079667063
58.22450867218402,1676.3961464495533,149.30088347297635,44.420194928643284,1688.0352070606175,153.34963661726053,0.6900981947236448,0.0,-0.7237157464358271,3.929013079667063,3.929013079667063
44.420194928643284,1688.0352070606175,153.34963661726053,30.615881185102545,1699.6742676716817,157.39838976154468,0.6900981947236448,0.0,-0.7237157464358271,3.929013079667063,3.929013079667063
30.615881185102545,1699.6742676716817,157.39838976154468,42.845123089562826,1712.2057740070293,153.77167584456316,0.6900981947236448,0.0,-0.7237157464358271,3.929013079667063,3.929013079667063
42.845123089562826,1712.2057740070293,153.77167584456316,55.0743649940231,1724.7372803423768,150.1449619275816,0.6900981947236448,0.0,-0.7237157464358271,3.929013079667063,3.929013079667063
56.64943683310356,1700.566713395965,149.72292270027896,42.845123089562826,1712.2057740070293,153.77167584456316,0.6900981947236448,0.0,-0.7237157464358271,3.929013079667063,3.929013079667063
42.845123089562826,1712.2057740070293,153.77167584456316,29.040809346022087,1723.8448346180935,157.8204289888473,0.6900981947236448,0.0,-0.7237157464358271,3.929013079667063,3.929013079667063
29.040809346022087,1723.8448346180935,157.8204289888473,41.27005125048237,1736.376340953441,154.19371507186577,0.6900981947236448,0.0,-0.7237157464358271,3.929013079667063,3.929013079667063
41.27005125048237,1736.376340953441,154.19371507186577,53.49929315494264,1748.9078472887886,150.5670011548842,0.6900981947236448,0.0,-0.7237157464358271,3.929013079667063,3.929013079667063
55.0743649940231,1724.7372803423768,150.1449619275816,41.27005125048237,1736.376340953441,154.19371507186577,0.6900981947236448,0.0,-0.7237157464358271,3.929013079667063,3.929013079667063
41.27005125048237,1736.376340953441,154.19371507186577,27.46573750694163,1748.0154015645053,158.24246821614992,0.6900981947236448,0.0,-0.7237157464358271,3.929013079667063,3.929013079667063
27.46573750694163,1748.0154015645053,158.24246821614992,39.69497941140191,1760.5469078998528,154.61575429916837,0.6900981947236448,0.0,-0.7237157464358271,3.929013079667063,3.929013079667063
39.69497941140191,1760.5469078998528,154.61575429916837,51.924221315862184,1773.0784142352006,150.9890403821868,0.6900981947236448,0.0,-0.7237157464358271,3.929013079667063,3.929013079667063
53.49929315494264,1748.9078472887886,150.5670011548842,39.69497941140191,1760.5469078998528,154.61575429916837,0.6900981947236448,0.0,-0.7237157464358271,3.929013079667063,3.929013079667063
39.69497941140191,1760.5469078998528,154.61575429916837,25.89066566786117,1772.1859685109173,158.66450744345252,0.6900981947236448,0.0,-0.7237157464358271,3.929013079667063,3.929013079667063
25.89066566786117,1772.1859685109173,158.66450744345252,38.119907572321445,1784.7174748462648,155.03779352647098,0.6900981947236448,0.0,-0.7237157464358271,3.929013079667063,3.929013079667063
38.119907572321445,1784.7174748462648,155.03779352647098,50.349149476781726,1797.2489811816124,151.41107960948943,0.6900981947236448,0.0,-0.7237157464358271,3.929013079667063,3.929013079667063
51.924221315862184,1773.0784142352006,150.9890403821868,38.119907572321445,1784.7174748462648,155.03779352647098,0.6900981947236448,0.0,-0.7237157464358271,3.929013079667063,3.929013079667063
38.119907572321445,1784.7174748462648,155.03779352647098,24.315593828780713,1796.356535457329,159.08654667075515,0.6900981947236448,0.0,-0.7237157464358271,3.929013079667063,3.929013079667063
24.315593828780706,1796.3565354573293,159.08654667075515,36.54483573324098,1808.8880417926769,155.4598327537736,0.6900981947236448,0.0,-0.7237157464358271,3.929013079667063,3.929013079667063
36.54483573324098,1808.8880417926769,155.4598327537736,48.77407763770126,1821.4195481280244,151.83311883679204,0.6900981947236448,0.0,-0.7237157464358271,3.929013079667063,3.929013079667063
50.34914947678172,1797.2489811816126,151.41107960948943,36.54483573324098,1808.8880417926769,155.4598327537736,0.6900981947236448,0.0,-0.7237157464358271,3.929013079667063,3.929013079667063
36.54483573324098,1808.8880417926769,155.4598327537736,22.740521989700248,1820.527102403741,159.50858589805776,0.6900981947236448,0.0,-0.7237157464358271,3.929013079667063,3.929013079667063
22.740521989700248,1820.527102403741,159.50858589805776,34.96976389416052,1833.0586087390886,155.88187198107622,0.6900981947236448,0.0,-0.7237157464358271,3.929013079667063,3.929013079667063
34.96976389416052,1833.0586087390886,155.88187198107622,47.1990057986208,1845.5901150744362,152.25515806409464,0.6900981947236448,0.0,-0.7237157464358271,3.929013079667063,3.929013079667063
48.77407763770126,1821.4195481280244,151.83311883679204,34.96976389416052,1833.0586087390886,155.88187198107622,0.6900981947236448,0.0,-0.7237157464358271,3.929013079667063,3.929013079667063
34.96976389416052,1833.0586087390886,155.88187198107622,21.16545015061979,1844.6976693501529,159.93062512536036,0.6900981947236448,0.0,-0.7237157464358271,3.929013079667063,3.929013079667063
21.16545015061979,1844.6976693501529,159.93062512536036,33.394692055080064,1857.2291756855004,156.30391120837882,0.6900981947236448,0.0,-0.7237157464358271,3.929013079667063,3.929013079667063
33.394692055080064,1857.2291756855004,156.30391120837882,45.62393395954034,1869.760682020848,152.67719729139725,0.6900981947236448,0.0,-0.7237157464358271,3.929013079667063,3.929013079667063
47.1990057986208,1845.5901150744362,152.25515806409464,33.394692055080064,1857.2291756855004,156.30391120837882,0.6900981947236448,0.0,-0.7237157464358271,3.929013079667063,3.929013079667063
33.394692055080064,1857.2291756855004,156.30391120837882,19.590378311539325,1868.8682362965646,160.35266435266297,0.6900981947236448,0.0,-0.7237157464358271,3.929013079667063,3.929013079667063
19.590378311539325,1868.8682362965646,160.35266435266297,31.819620215999606,1881.3997426319122,156.72595043568145,0.6900981947236448,0.0,-0.7237157464358271,3.929013079667063,3.929013079667063
31.819620215999606,1881.3997426319122,156.72595043568145,44.04886212045988,1893.9312489672598,153.09923651869988,0.6900981947236448,0.0,-0.7237157464358271,3.929013079667063,3.929013079667063
45.62393395954034,1869.760682020848,152.67719729139725,31.819620215999606,1881.3997426319122,156.72595043568145,0.6900981947236448,0.0,-0.7237157464358271,3.929013079667063,3.929013079667063
31.819620215999606,1881.3997426319122,156.72595043568145,18.015306472458867,1893.0388032429764,160.7747035799656,0.6900981947236448,0.0,-0.7237157464358271,3.929013079667063,3.929013079667063
18.015306472458867,1893.0388032429764,160.7747035799656,30.24454837691915,1905.5703095783242,157.14798966298406,0.6900981947236448,0.0,-0.7237157464358271,3.929013079667063,3.929013079667063
30.24454837691915,1905.5703095783242,157.14798966298406,42.47379028137942,1918.1018159136718,153.5212757460025,0.6900981947236448,0.0,-0.7237157464358271,3.929013079667063,3.929013079667063
44.04886212045988,1893.9312489672598,153.09923651869988,30.24454837691915,1905.5703095783242,157.14798966298406,0.6900981947236448,0.0,-0.7237157464358271,3.929013079667063,3.929013079667063
30.24454837691915,1905.5703095783242,157.14798966298406,16.44023463337841,1917.2093701893884,161.1967428072682,0.6900981947236448,0.0,-0.7237157464358271,3.929013079667063,3.929013079667063
16.440234633378402,1917.2093701893887,161.1967428072682,28.669476537838676,1929.7408765247362,157.57002889028666,0.6900981947236448,0.0,-0.7237157464358271,3.929013079667063,3.929013079667063
28.669476537838676,1929.7408765247362,157.57002889028666,40.89871844229896,1942.2723828600838,153.9433149733051,0.6900981947236448,0.0,-0.7237157464358271,3.929013079667063,3.929013079667063
42.473790281379415,1918.101815913672,153.5212757460025,28.669476537838676,1929.7408765247362,157.57002889028666,0.6900981947236448,0.0,-0.7237157464358271,3.929013079667063,3.929013079667063
28.669476537838676,1929.7408765247362,157.57002889028666,14.865162794297945,1941.3799371358004,161.6187820345708,0.6900981947236448,0.0,-0.7237157464358271,3.929013079667063,3.929013079667063
14.865162794297945,1941.3799371358004,161.6187820345708,27.09440469875822,1953.911443471148,157.99206811758927,0.6900981947236448,0.0,-0.7237157464358271,3.929013079667063,3.929013079667063
27.09440469875822,1953.911443471148,157.99206811758927,39.3236466032185,1966.4429498064956,154.36535420060773,0.6900981947236448,0.0,-0.7237157464358271,3.929013079667063,3.929013079667063
40.89871844229896,1942.2723828600838,153.9433149733051,27.09440469875822,1953.911443471148,157.99206811758927,0.6900981947236448,0.0,-0.7237157464358271,3.929013079667063,3.929013079667063
27.09440469875822,1953.911443471148,157.99206811758927,13.290090955217487,1965.5505040822122,162.04082126187345,0.6900981947236448,0.0,-0.7237157464358271,3.929013079667063,3.929013079667063
13.290090955217487,1965.5505040822122,162.04082126187345,25.51933285967776,1978.0820104175598,158.4141073448919,0.6900981947236448,0.0,-0.7237157464358271,3.929013079667063,3.929013079667063
25.51933285967776,1978.0820104175598,158.4141073448919,37.74857476413804,1990.6135167529073,154.78739342791033,0.6900981947236448,0.0,-0.7237157464358271,3.929013079667063,3.929013079667063
39.3236466032185,1966.4429498064956,154.36535420060773,25.51933285967776,1978.0820104175598,158.4141073448919,0.6900981947236448,0.0,-0.7237157464358271,3.929013079667063,3.929013079667063
25.51933285967776,1978.0820104175598,158.4141073448919,11.715019116137029,1989.721071028624,162.46286048917605,0.6900981947236448,0.0,-0.7237157464358271,3.929013079667063,3.929013079667063
11.715019116137029,1989.721071028624,162.46286048917605,23.944261020597303,2002.2525773639713,158.8361465721945,0.6900981947236448,0.0,-0.7237157464358271,3.929013079667063,3.929013079667063
23.944261020597303,2002.2525773639713,158.8361465721945,36.173502925057576,2014.7840836993191,155.20943265521294,0.6900981947236448,0.0,-0.7237157464358271,3.929013079667063,3.929013079667063
37.74857476413804,1990.6135167529073,154.78739342791033,23.944261020597303,2002.2525773639713,158.8361465721945,0.6900981947236448,0.0,-0.7237157464358271,3.929013079667063,3.929013079667063
23.944261020597303,2002.2525773639713,158.8361465721945,10.139947277056564,2013.8916379750358,162.88489971647866,0.6900981947236448,0.0,-0.7237157464358271,3.929013079667063,3.929013079667063
10.139947277056564,2013.8916379750358,162.88489971647866,22.369189181516845,2026.4231443103831,159.2581857994971,0.6900981947236448,0.0,-0.7237157464358271,3.929013079667063,3.929013079667063
22.369189181516845,2026.4231443103831,159.2581857994971,34.59843108597712,2038.9546506457314,155.63147188251554,0.6900981947236448,0.0,-0.7237157464358271,3.929013079667063,3.929013079667063
36.173502925057576,2014.7840836993191,155.20943265521294,22.369189181516845,2026.4231443103831,159.2581857994971,0.6900981947236448,0.0,-0.7237157464358271,3.929013079667063,3.929013079667063
22.369189181516845,2026.4231443103831,159.2581857994971,8.564875437976106,2038.062204921448,163.30693894378126,0.6900981947236448,0.0,-0.7237157464358271,3.929013079667063,3.929013079667063
8.564875437976099,2038.062204921448,163.30693894378126,20.79411734243638,2050.5937112567954,159.68022502679975,0.6900981947236448,0.0,-0.7237157464358271,3.929013079667063,3.929013079667063
20.79411734243638,2050.5937112567954,159.68022502679975,33.02335924689665,2063.125217592143,156.05351110981817,0.6900981947236448,0.0,-0.7237157464358271,3.929013079667063,3.929013079667063
34.59843108597711,2038.9546506457314,155.63147188251554,20.79411734243638,2050.5937112567954,159.68022502679975,0.6900981947236448,0.0,-0.7237157464358271,3.929013079667063,3.929013079667063
20.79411734243638,2050.5937112567954,159.68022502679975,6.989803598895641,2062.23277186786,163.7289781710839,0.6900981947236448,0.0,-0.7237157464358271,3.929013079667063,3.929013079667063
6.989803598895641,2062.23277186786,163.7289781710839,19.21904550335592,2074.764278203207,160.10226425410235,0.6900981947236448,0.0,-0.7237157464358271,3.929013079667063,3.929013079667063
19.21904550335592,2074.764278203207,160.10226425410235,31.448287407816196,2087.295784538555,156.47555033712078,0.6900981947236448,0.0,-0.7237157464358271,3.929013079667063,3.929013079667063
33.02335924689665,2063.125217592143,156.05351110981817,19.21904550335592,2074.764278203207,160.10226425410235,0.6900981947236448,0.0,-0.7237157464358271,3.929013079667063,3.929013079667063
19.21904550335592,2074.764278203207,160.10226425410235,5.414731759815183,2086.4033388142716,164.1510173983865,0.6900981947236448,0.0,-0.7237157464358271,3.929013079667063,3.929013079667063
5.414731759815183,2086.4033388142716,164.1510173983865,17.643973664275457,2098.934845149619,160.52430348140496,0.6900981947236448,0.0,-0.7237157464358271,3.929013079667063,3.929013079667063
17.643973664275457,2098.934845149619,160.52430348140496,29.873215568735738,2111.4663514849667,156.89758956442338,0.6900981947236448,0.0,-0.7237157464358271,3.929013079667063,3.929013079667063
31.448287407816196,2087.295784538555,156.47555033712078,17.643973664275457,2098.934845149619,160.52430348140496,0.6900981947236448,0.0,-0.7237157464358271,3.929013079667063,3.929013079667063
17.643973664275457,2098.934845149619,160.52430348140496,3.839659920734725,2110.5739057606834,164.5730566256891,0.6900981947236448,0.0,-0.7237157464358271,3.929013079667063,3.929013079667063
3.839659920734725,2110.5739057606834,164.5730566256891,16.068901825195,2123.1054120960307,160.94634270870756,0.6900981947236448,0.0,-0.7237157464358271,3.929013079667063,3.929013079667063
16.068901825195,2123.1054120960307,160.94634270870756,28.29814372965528,2135.6369184313785,157.31962879172602,0.6900981947236448,0.0,-0.7237157464358271,3.929013079667063,3.929013079667063
29.873215568735738,2111.4663514849667,156.89758956442338,16.068901825195,2123.1054120960307,160.94634270870756,0.6900981947236448,0.0,-0.7237157464358271,3.929013079667063,3.929013079667063
16.068901825195,2123.1054120960307,160.94634270870756,2.264588081654267,2134.744472707095,164.99509585299174,0.6900981947236448,0.0,-0.7237157464358271,3.929013079667063,3.929013079667063
2.264588081654267,2134.744472707095,164.99509585299174,14.493829986114541,2147.2759790424425,161.3683819360102,0.6900981947236448,0.0,-0.7237157464358271,3.929013079667063,3.929013079667063
14.493829986114541,2147.2759790424425,161.3683819360102,26.723071890574815,2159.8074853777903,157.74166801902862,0.6900981947236448,0.0,-0.7237157464358271,3.929013079667063,3.929013079667063
28.29814372965528,2135.6369184313785,157.31962879172602,14.493829986114541,2147.2759790424425,161.3683819360102,0.6900981947236448,0.0,-0.7237157464358271,3.929013079667063,3.929013079667063
14.493829986114541,2147.2759790424425,161.3683819360102,0.6895162425738022,2158.915039653507,165.41713508029434,0.6900981947236448,0.0,-0.7237157464358271,3.929013079667063,3.929013079667063
0.6895162425738022,2158.915039653507,165.41713508029434,12.918758147034076,2171.4465459888547,161.7904211633128,0.6900981947236448,0.0,-0.7237157464358271,3.929013079667063,3.929013079667063
12.918758147034076,2171.4465459888547,161.7904211633128,25.14800005149435,2183.9780523242025,158.16370724633123,0.6900981947236448,0.0,-0.7237157464358271,3.929013079667063,3.929013079667063
26.723071890574815,2159.8074853777903,157.74166801902862,12.918758147034076,2171.4465459888547,161.7904211633128,0.6900981947236448,0.0,-0.7237157464358271,3.929013079667063,3.929013079667063
12.918758147034076,2171.4465459888547,161.7904211633128,-0.8855555965066628,2183.085606599919,165.83917430759695,0.6900981947236448,0.0,-0.7237157464358271,3.929013079667063,3.929013079667063
-0.8855555965066628,2183.085606599919,165.83917430759695,11.343686307953611,2195.6171129352665,162.2124603906154,0.6900981947236448,0.0,-0.7237157464358271,3.929013079667063,3.929013079667063
11.343686307953611,2195.6171129352665,162.2124603906154,23.5729282124139,2208.1486192706143,158.58574647363383,0.6900981947236448,0.0,-0.7237157464358271,3.929013079667063,3.929013079667063
25.14800005149435,2183.9780523242025,158.16370724633123,11.343686307953611,2195.6171129352665,162.2124603906154,0.6900981947236448,0.0,-0.7237157464358271,3.929013079667063,3.929013079667063
11.343686307953611,2195.6171129352665,162.2124603906154,-2.4606274355871136,2207.256173546331,166.26121353489955,0.6900981947236448,0.0,-0.7237157464358271,3.929013079667063,3.929013079667063
-2.4606274355871136,2207.256173546331,166.26121353489955,9.76861446887316,2219.7876798816783,162.63449961791804,0.6900981947236448,0.0,-0.7237157464358271,3.929013079667063,3.929013079667063
9.76861446887316,2219.7876798816783,162.63449961791804,21.997856373333434,2232.319186217026,159.00778570093647,0.6900981947236448,0.0,-0.7237157464358271,3.929013079667063,3.929013079667063
23.5729282124139,2208.1486192706143,158.58574647363383,9.76861446887316,2219.7876798816783,162.63449961791804,0.6900981947236448,0.0,-0.7237157464358271,3.929013079667063,3.929013079667063
9.76861446887316,2219.7876798816783,162.63449961791804,-4.035699274667579,2231.4267404927427,166.6832527622022,0.6900981947236448,0.0,-0.7237157464358271,3.929013079667063,3.929013079667063
-4.035699274667579,2231.4267404927427,166.6832527622022,8.193542629792695,2243.95824682809,163.05653884522064,0.6900981947236448,0.0,-0.7237157464358271,3.929013079667063,3.929013079667063
8.193542629792695,2243.95824682809,163.05653884522064,20.42278453425297,2256.489753163438,159.42982492823907,0.6900981947236448,0.0,-0.7237157464358271,3.929013079667063,3.929013079667063
21.997856373333434,2232.319186217026,159.00778570093647,8.193542629792695,2243.95824682809,163.05653884522064,0.6900981947236448,0.0,-0.7237157464358271,3.929013079667063,3.929013079667063
8.193542629792695,2243.95824682809,163.05653884522064,-5.610771113748044,2255.5973074391545,167.1052919895048,0.6900981947236448,0.0,-0.7237157464358271,3.929013079667063,3.929013079667063
-5.610771113748044,2255.5973074391545,167.1052919895048,6.6184707907122435,2268.128813774502,163.47857807252325,0.6900981947236448,0.0,-0.7237157464358271,3.929013079667063,3.929013079667063
6.6184707907122435,2268.128813774502,163.47857807252325,18.84771269517252,2280.66032010985,159.85186415554168,0.6900981947236448,0.0,-0.7237157464358271,3.929013079667063,3.929013079667063
20.42278453425297,2256.489753163438,159.42982492823907,6.6184707907122435,2268.128813774502,163.47857807252325,0.6900981947236448,0.0,-0.7237157464358271,3.929013079667063,3.929013079667063
6.6184707907122435,2268.128813774502,163.47857807252325,-7.185842952828494,2279.7678743855668,167.5273312168074,0.6900981947236448,0.0,-0.7237157464358271,3.929013079667063,3.929013079667063
-7.185842952828494,2279.7678743855668,167.5273312168074,5.0433989516317785,2292.299380720914,163.90061729982585,0.6900981947236448,0.0,-0.7237157464358271,3.929013079667063,3.929013079667063
5.0433989516317785,2292.299380720914,163.90061729982585,17.272640856092053,2304.830887056262,160.27390338284428,0.6900981947236448,0.0,-0.7237157464358271,3.929013079667063,3.929013079667063
18.84771269517252,2280.66032010985,159.85186415554168,5.0433989516317785,2292.299380720914,163.90061729982585,0.6900981947236448,0.0,-0.7237157464358271,3.929013079667063,3.929013079667063
5.0433989516317785,2292.299380720914,163.90061729982585,-8.76091479190896,2303.9384413319785,167.94937044411,0.6900981947236448,0.0,-0.7237157464358271,3.929013079667063,3.929013079667063
75.60344827586208,1160.187213427769,130.94901364119872,66.57991913186976,1184.3577803741807,144.27215935861622,0.0,0.0,1.0,3.929013079667063,3.929013079667063
81.47683374169347,1184.3577803741807,118.46994637838642,72.45330459770116,1208.5283473205927,131.79309209580396,0.0,0.0,1.0,3.929013079667063,3.929013079667063
72.45330459770116,1208.5283473205927,131.79309209580396,63.429775453708835,1232.6989142670045,145.11623781322146,0.0,0.0,1.0,3.929013079667063,3.929013079667063
66.57991913186976,1184.3577803741807,144.27215935861622,72.45330459770116,1208.5283473205927,131.79309209580396,0.0,0.0,1.0,3.929013079667063,3.929013079667063
72.45330459770116,1208.5283473205927,131.79309209580396,78.32669006353255,1232.6989142670045,119.31402483299166,0.0,0.0,1.0,3.929013079667063,3.929013079667063
78.32669006353255,1232.6989142670045,119.31402483299166,69.30316091954023,1256.8694812134163,132.63717055040917,0.0,0.0,1.0,3.929013079667063,3.929013079667063
69.30316091954023,1256.8694812134163,132.63717055040917,60.27963177554792,1281.0400481598283,145.96031626782667,0.0,0.0,1.0,3.929013079667063,3.929013079667063
63.429775453708835,1232.6989142670045,145.11623781322146,69.30316091954023,1256.8694812134163,132.63717055040917,0.0,0.0,1.0,3.929013079667063,3.929013079667063
69.30316091954023,1256.8694812134163,132.63717055040917,75.17654638537164,1281.0400481598283,120.15810328759687,0.0,0.0,1.0,3.929013079667063,3.929013079667063
75.17654638537164,1281.0400481598283,120.15810328759687,66.15301724137932,1305.21061510624,133.4812490050144,0.0,0.0,1.0,3.929013079667063,3.929013079667063
66.15301724137932,1305.21061510624,133.4812490050144,57.129488097387004,1329.3811820526519,146.8043947224319,0.0,0.0,1.0,3.929013079667063,3.929013079667063
60.27963177554792,1281.0400481598283,145.96031626782667,66.15301724137932,1305.21061510624,133.4812490050144,0.0,0.0,1.0,3.929013079667063,3.929013079667063
66.15301724137932,1305.21061510624,133.4812490050144,72.02640270721072,1329.3811820526519,121.00218174220211,0.0,0.0,1.0,3.929013079667063,3.929013079667063
72.02640270721072,1329.3811820526519,121.00218174220211,63.0028735632184,1353.5517489990639,134.32532745961961,0.0,0.0,1.0,3.929013079667063,3.929013079667063
63.0028735632184,1353.5517489990639,134.32532745961961,53.97934441922608,1377.7223159454757,147.64847317703712,0.0,0.0,1.0,3.929013079667063,3.929013079667063
57.129488097387004,1329.3811820526519,146.8043947224319,63.0028735632184,1353.5517489990639,134.32532745961961,0.0,0.0,1.0,3.929013079667063,3.929013079667063
63.0028735632184,1353.5517489990639,134.32532745961961,68.8762590290498,1377.7223159454757,121.84626019680732,0.0,0.0,1.0,3.929013079667063,3.929013079667063
68.87625902904979,1377.7223159454757,121.84626019680732,59.852729885057485,1401.8928828918874,135.16940591422485,0.0,0.0,1.0,3.929013079667063,3.929013079667063
59.852729885057485,1401.8928828918874,135.16940591422485,50.82920074106516,1426.0634498382992,148.49255163164236,0.0,0.0,1.0,3.929013079667063,3.929013079667063
53.979344419226074,1377.7223159454757,147.64847317703712,59.852729885057485,1401.8928828918874,135.16940591422485,0.0,0.0,1.0,3.929013079667063,3.929013079667063
59.852729885057485,1401.8928828918874,135.16940591422485,65.72611535088888,1426.0634498382992,122.69033865141256,0.0,0.0,1.0,3.929013079667063,3.929013079667063
65.72611535088888,1426.0634498382992,122.69033865141256,56.70258620689656,1450.2340167847112,136.01348436883006,0.0,0.0,1.0,3.929013079667063,3.929013079667063
56.70258620689656,1450.2340167847112,136.01348436883006,47.67905706290424,1474.404583731123,149.33663008624757,0.0,0.0,1.0,3.929013079667063,3.929013079667063
50.82920074106516,1426.0634498382992,148.49255163164236,56.70258620689656,1450.2340167847112,136.01348436883006,0.0,0.0,1.0,3.929013079667063,3.929013079667063
56.70258620689656,1450.2340167847112,136.01348436883006,62.57597167272797,1474.404583731123,123.53441710601777,0.0,0.0,1.0,3.929013079667063,3.929013079667063
62.57597167272797,1474.404583731123,123.53441710601777,53.55244252873565,1498.5751506775348,136.8575628234353,0.0,0.0,1.0,3.929013079667063,3.929013079667063
53.55244252873565,1498.5751506775348,136.8575628234353,44.528913384743326,1522.7457176239468,150.1807085408528,0.0,0.0,1.0,3.929013079667063,3.929013079667063
47.67905706290424,1474.404583731123,149.33663008624757,53.55244252873565,1498.5751506775348,136.8575628234353,0.0,0.0,1.0,3.929013079667063,3.929013079667063
53.55244252873565,1498.5751506775348,136.8575628234353,59.42582799456705,1522.7457176239468,124.37849556062301,0.0,0.0,1.0,3.929013079667063,3.929013079667063
59.425827994567044,1522.7457176239468,124.37849556062301,50.402298850574724,1546.9162845703586,137.7016412780405,0.0,0.0,1.0,3.929013079667063,3.929013079667063
50.402298850574724,1546.9162845703586,137.7016412780405,41.3787697065824,1571.0868515167704,151.02478699545804,0.0,0.0,1.0,3.929013079667063,3.929013079667063
44.52891338474332,1522.7457176239468,150.1807085408528,50.402298850574724,1546.9162845703586,137.7016412780405,0.0,0.0,1.0,3.929013079667063,3.929013079667063
50.402298850574724,1546.9162845703586,137.7016412780405,56.27568431640613,1571.0868515167704,125.22257401522825,0.0,0.0,1.0,3.929013079667063,3.929013079667063
56.27568431640613,1571.0868515167704,125.22257401522825,47.25215517241381,1595.2574184631824,138.54571973264575,0.0,0.0,1.0,3.929013079667063,3.929013079667063
47.25215517241381,1595.2574184631824,138.54571973264575,38.22862602842148,1619.4279854095942,151.86886545006325,0.0,0.0,1.0,3.929013079667063,3.929013079667063
41.3787697065824,1571.0868515167704,151.02478699545804,47.25215517241381,1595.2574184631824,138.54571973264575,0.0,0.0,1.0,3.929013079667063,3.929013079667063
47.25215517241381,1595.2574184631824,138.54571973264575,53.125540638245205,1619.4279854095942,126.06665246983346,0.0,0.0,1.0,3.929013079667063,3.929013079667063
53.125540638245205,1619.4279854095942,126.06665246983346,44.10201149425289,1643.598552356006,139.38979818725096,0.0,0.0,1.0,3.929013079667063,3.929013079667063
44.10201149425289,1643.598552356006,139.38979818725096,35.078482350260565,1667.769119302418,152.7129439046685,0.0,0.0,1.0,3.929013079667063,3.929013079667063
38.22862602842148,1619.4279854095942,151.86886545006325,44.10201149425289,1643.598552356006,139.38979818725096,0.0,0.0,1.0,3.929013079667063,3.929013079667063
44.10201149425289,1643.598552356006,139.38979818725096,49.97539696008429,1667.769119302418,126.9107309244387,0.0,0.0,1.0,3.929013079667063,3.929013079667063
49.97539696008429,1667.769119302418,126.9107309244387,40.95186781609197,1691.9396862488297,140.2338766418562,0.0,0.0,1.0,3.929013079667063,3.929013079667063
40.95186781609197,1691.9396862488297,140.2338766418562,31.92833867209965,1716.1102531952415,153.5570223592737,0.0,0.0,1.0,3.929013079667063,3.929013079667063
35.078482350260565,1667.769119302418,152.7129439046685,40.95186781609197,1691.9396862488297,140.2338766418562,0.0,0.0,1.0,3.929013079667063,3.929013079667063
40.95186781609197,1691.9396862488297,140.2338766418562,46.82525328192337,1716.1102531952415,127.7548093790439,0.0,0.0,1.0,3.929013079667063,3.929013079667063
46.82525328192337,1716.1102531952415,127.7548093790439,37.801724137931046,1740.2808201416533,141.0779550964614,0.0,0.0,1.0,3.929013079667063,3.929013079667063
37.801724137931046,1740.2808201416533,141.0779550964614,28.778194993938726,1764.4513870880653,154.40110081387894,0.0,0.0,1.0,3.929013079667063,3.929013079667063
31.92833867209965,1716.1102531952415,153.5570223592737,37.801724137931046,1740.2808201416533,141.0779550964614,0.0,0.0,1.0,3.929013079667063,3.929013079667063
37.801724137931046,1740.2808201416533,141.0779550964614,43.67510960376245,1764.4513870880653,128.59888783364914,0.0,0.0,1.0,3.929013079667063,3.929013079667063
43.67510960376245,1764.4513870880653,128.59888783364914,34.65158045977013,1788.621954034477,141.92203355106665,0.0,0.0,1.0,3.929013079667063,3.929013079667063
34.65158045977013,1788.621954034477,141.92203355106665,25.62805131577781,1812.792520980889,155.24517926848415,0.0,0.0,1.0,3.929013079667063,3.929013079667063
28.778194993938726,1764.4513870880653,154.40110081387894,34.65158045977013,1788.621954034477,141.92203355106665,0.0,0.0,1.0,3.929013079667063,3.929013079667063
34.65158045977013,1788.621954034477,141.92203355106665,40.524965925601535,1812.792520980889,129.44296628825435,0.0,0.0,1.0,3.929013079667063,3.929013079667063
40.524965925601535,1812.792520980889,129.44296628825435,31.501436781609215,1836.9630879273009,142.76611200567186,0.0,0.0,1.0,3.929013079667063,3.929013079667063
31.501436781609215,1836.9630879273009,142.76611200567186,22.477907637616894,1861.1336548737127,156.0892577230894,0.0,0.0,1.0,3.929013079667063,3.929013079667063
25.62805131577781,1812.792520980889,155.24517926848415,31.501436781609215,1836.9630879273009,142.76611200567186,0.0,0.0,1.0,3.929013079667063,3.929013079667063
31.501436781609215,1836.9630879273009,142.76611200567186,37.37482224744062,1861.1336548737127,130.2870447428596,0.0,0.0,1.0,3.929013079667063,3.929013079667063
37.37482224744061,1861.1336548737127,130.2870447428596,28.351293103448285,1885.3042218201244,143.6101904602771,0.0,0.0,1.0,3.929013079667063,3.929013079667063
28.351293103448285,1885.3042218201244,143.6101904602771,19.327763959455964,1909.4747887665364,156.9333361776946,0.0,0.0,1.0,3.929013079667063,3.929013079667063
22.477907637616887,1861.1336548737127,156.0892577230894,28.351293103448285,1885.3042218201244,143.6101904602771,0.0,0.0,1.0,3.929013079667063,3.929013079667063
28.351293103448285,1885.3042218201244,143.6101904602771,34.22467856927969,1909.4747887665364,131.1311231974648,0.0,0.0,1.0,3.929013079667063,3.929013079667063
34.22467856927969,1909.4747887665364,131.1311231974648,25.20114942528737,1933.6453557129482,144.45426891488233,0.0,0.0,1.0,3.929013079667063,3.929013079667063
25.20114942528737,1933.6453557129482,144.45426891488233,16.17762028129505,1957.8159226593602,157.77741463229984,0.0,0.0,1.0,3.929013079667063,3.929013079667063
19.327763959455964,1909.4747887665364,156.9333361776946,25.20114942528737,1933.6453557129482,144.45426891488233,0.0,0.0,1.0,3.929013079667063,3.929013079667063
25.20114942528737,1933.6453557129482,144.45426891488233,31.074534891118773,1957.8159226593602,131.97520165207004,0.0,0.0,1.0,3.929013079667063,3.929013079667063
31.074534891118773,1957.8159226593602,131.97520165207004,22.051005747126453,1981.986489605772,145.29834736948754,0.0,0.0,1.0,3.929013079667063,3.929013079667063
22.051005747126453,1981.986489605772,145.29834736948754,13.027476603134133,2006.1570565521838,158.62149308690505,0.0,0.0,1.0,3.929013079667063,3.929013079667063
16.17762028129505,1957.8159226593602,157.77741463229984,22.051005747126453,1981.986489605772,145.29834736948754,0.0,0.0,1.0,3.929013079667063,3.929013079667063
22.051005747126453,1981.986489605772,145.29834736948754,27.924391212957858,2006.1570565521838,132.81928010667525,0.0,0.0,1.0,3.929013079667063,3.929013079667063
27.924391212957858,2006.1570565521838,132.81928010667525,18.900862068965537,2030.3276234985956,146.14242582409278,0.0,0.0,1.0,3.929013079667063,3.929013079667063
18.900862068965537,2030.3276234985956,146.14242582409278,9.87733292497321,2054.4981904450074,159.4655715415103,0.0,0.0,1.0,3.929013079667063,3.929013079667063
13.027476603134133,2006.1570565521838,158.62149308690505,18.900862068965537,2030.3276234985956,146.14242582409278,0.0,0.0,1.0,3.929013079667063,3.929013079667063
18.900862068965537,2030.3276234985956,146.14242582409278,24.774247534796935,2054.4981904450074,133.6633585612805,0.0,0.0,1.0,3.929013079667063,3.929013079667063
24.774247534796935,2054.4981904450074,133.6633585612805,15.750718390804614,2078.6687573914196,146.986504278698,0.0,0.0,1.0,3.929013079667063,3.929013079667063
15.750718390804614,2078.6687573914196,146.986504278698,6.727189246812295,2102.8393243378314,160.30964999611552,0.0,0.0,1.0,3.929013079667063,3.929013079667063
9.87733292497321,2054.4981904450074,159.4655715415103,15.750718390804614,2078.6687573914196,146.986504278698,0.0,0.0,1.0,3.929013079667063,3.929013079667063
15.750718390804614,2078.6687573914196,146.986504278698,21.62410385663602,2102.8393243378314,134.50743701588573,0.0,0.0,1.0,3.929013079667063,3.929013079667063
21.62410385663601,2102.8393243378314,134.50743701588573,12.600574712643692,2127.009891284243,147.83058273330323,0.0,0.0,1.0,3.929013079667063,3.929013079667063
12.600574712643692,2127.009891284243,147.83058273330323,3.577045568651365,2151.180458230655,161.15372845072073,0.0,0.0,1.0,3.929013079667063,3.929013079667063
6.727189246812288,2102.8393243378314,160.30964999611552,12.600574712643692,2127.009891284243,147.83058273330323,0.0,0.0,1.0,3.929013079667063,3.929013079667063
12.600574712643692,2127.009891284243,147.83058273330323,18.47396017847509,2151.180458230655,135.35151547049094,0.0,0.0,1.0,3.929013079667063,3.929013079667063
18.47396017847509,2151.180458230655,135.35151547049094,9.450431034482776,2175.3510251770667,148.67466118790844,0.0,0.0,1.0,3.929013079667063,3.929013079667063
9.450431034482776,2175.3510251770667,148.67466118790844,0.42690189049044935,2199.5215921234785,161.99780690532597,0.0,0.0,1.0,3.929013079667063,3.929013079667063
3.577045568651365,2151.180458230655,161.15372845072073,9.450431034482776,2175.3510251770667,148.67466118790844,0.0,0.0,1.0,3.929013079667063,3.929013079667063
9.450431034482776,2175.3510251770667,148.67466118790844,15.323816500314173,2199.5215921234785,136.19559392509618,0.0,0.0,1.0,3.929013079667063,3.929013079667063
15.323816500314173,2199.5215921234785,136.19559392509618,6.30028735632186,2223.6921590698903,149.51873964251368,0.0,0.0,1.0,3.929013079667063,3.929013079667063
6.30028735632186,2223.6921590698903,149.51873964251368,-2.7232417876704664,2247.862726016302,162.84188535993118,0.0,0.0,1.0,3.929013079667063,3.929013079667063
0.42690189049044935,2199.5215921234785,161.99780690532597,6.30028735632186,2223.6921590698903,149.51873964251368,0.0,0.0,1.0,3.929013079667063,3.929013079667063
6.30028735632186,2223.6921590698903,149.51873964251368,12.173672822153257,2247.862726016302,137.0396723797014,0.0,0.0,1.0,3.929013079667063,3.929013079667063
12.173672822153257,2247.862726016302,137.0396723797014,3.150143678160944,2272.033292962714,150.3628180971189,0.0,0.0,1.0,3.929013079667063,3.929013079667063
3.150143678160944,2272.033292962714,150.3628180971189,-5.873385465831382,2296.203859909126,163.68596381453642,0.0,0.0,1.0,3.929013079667063,3.929013079667063
-2.7232417876704664,2247.862726016302,162.84188535993118,3.150143678160944,2272.033292962714,150.3628180971189,0.0,0.0,1.0,3.929013079667063,3.929013079667063
3.150143678160944,2272.033292962714,150.3628180971189,9.023529143992342,2296.203859909126,137.88375083430662,0.0,0.0,1.0,3.929013079667063,3.929013079667063
1.4210854715202004e-14,2320.374426855538,151.20689655172413,-5.873385465831382,2296.203859909126,163.68596381453642,0.0,0.0,1.0,3.929013079667063,3.929013079667063
78.32669006353255,1232.6989142670045,119.31402483299166,80.20617341259862,1240.4334956898563,115.32072330889173,0.0,0.0,1.0,3.929013079667063,3.929013079667063
63.429775453708835,1232.6989142670045,145.11623781322146,60.5422461276313,1240.4334956898563,149.37964444279504,0.0,0.0,1.0,3.929013079667063,3.929013079667063
75.17654638537164,1281.0400481598283,120.15810328759687,77.05602973443769,1288.77462958268,116.16480176349697,0.0,0.0,1.0,3.929013079667063,3.929013079667063
60.27963177554792,1281.0400481598283,145.96031626782667,57.39210244947037,1288.77462958268,150.22372289740028,0.0,0.0,1.0,3.929013079667063,3.929013079667063
72.02640270721072,1329.3811820526519,121.00218174220211,73.90588605627677,1337.1157634755036,117.00888021810218,0.0,0.0,1.0,3.929013079667063,3.929013079667063
57.129488097387004,1329.3811820526519,146.8043947224319,54.241958771309456,1337.1157634755036,151.0678013520055,0.0,0.0,1.0,3.929013079667063,3.929013079667063
68.8762590290498,1377.7223159454757,121.84626019680732,70.75574237811585,1385.4568973683274,117.85295867270742,0.0,0.0,1.0,3.929013079667063,3.929013079667063
53.97934441922608,1377.7223159454757,147.64847317703712,51.09181509314854,1385.4568973683274,151.91187980661073,0.0,0.0,1.0,3.929013079667063,3.929013079667063
65.72611535088888,1426.0634498382992,122.69033865141256,67.60559869995492,1433.7980312611512,118.69703712731263,0.0,0.0,1.0,3.929013079667063,3.929013079667063
50.82920074106516,1426.0634498382992,148.49255163164236,47.94167141498762,1433.7980312611512,152.75595826121594,0.0,0.0,1.0,3.929013079667063,3.929013079667063
62.57597167272797,1474.404583731123,123.53441710601777,64.45545502179402,1482.1391651539748,119.54111558191786,0.0,0.0,1.0,3.929013079667063,3.929013079667063
47.67905706290424,1474.404583731123,149.33663008624757,44.7915277368267,1482.1391651539748,153.60003671582118,0.0,0.0,1.0,3.929013079667063,3.929013079667063
59.42582799456705,1522.7457176239468,124.37849556062301,61.30531134363309,1530.4802990467986,120.38519403652307,0.0,0.0,1.0,3.929013079667063,3.929013079667063
44.528913384743326,1522.7457176239468,150.1807085408528,41.64138405866578,1530.4802990467986,154.4441151704264,0.0,0.0,1.0,3.929013079667063,3.929013079667063
56.27568431640613,1571.0868515167704,125.22257401522825,58.15516766547218,1578.8214329396224,121.22927249112831,0.0,0.0,1.0,3.929013079667063,3.929013079667063
41.3787697065824,1571.0868515167704,151.02478699545804,38.49124038050486,1578.8214329396224,155.28819362503162,0.0,0.0,1.0,3.929013079667063,3.929013079667063
53.125540638245205,1619.4279854095942,126.06665246983346,55.005023987311255,1627.162566832446,122.07335094573355,0.0,0.0,1.0,3.929013079667063,3.929013079667063
38.22862602842148,1619.4279854095942,151.86886545006325,35.34109670234394,1627.162566832446,156.13227207963686,0.0,0.0,1.0,3.929013079667063,3.929013079667063
49.97539696008429,1667.769119302418,126.9107309244387,51.85488030915034,1675.5037007252697,122.91742940033876,0.0,0.0,1.0,3.929013079667063,3.929013079667063
35.078482350260565,1667.769119302418,152.7129439046685,32.190953024183024,1675.5037007252697,156.97635053424207,0.0,0.0,1.0,3.929013079667063,3.929013079667063
46.82525328192337,1716.1102531952415,127.7548093790439,48.704736630989416,1723.8448346180935,123.761507854944,0.0,0.0,1.0,3.929013079667063,3.929013079667063
31.92833867209965,1716.1102531952415,153.5570223592737,29.0408093460221,1723.8448346180935,157.8204289888473,0.0,0.0,1.0,3.929013079667063,3.929013079667063
43.67510960376245,1764.4513870880653,128.59888783364914,45.5545929528285,1772.185968510917,124.60558630954921,0.0,0.0,1.0,3.929013079667063,3.929013079667063
28.778194993938726,1764.4513870880653,154.40110081387894,25.890665667861185,1772.185968510917,158.66450744345252,0.0,0.0,1.0,3.929013079667063,3.929013079667063
40.524965925601535,1812.792520980889,129.44296628825435,42.404449274667584,1820.5271024037406,125.44966476415445,0.0,0.0,1.0,3.929013079667063,3.929013079667063
25.62805131577781,1812.792520980889,155.24517926848415,22.74052198970027,1820.5271024037406,159.50858589805776,0.0,0.0,1.0,3.929013079667063,3.929013079667063
37.37482224744062,1861.1336548737127,130.2870447428596,39.25430559650667,1868.8682362965644,126.29374321875966,0.0,0.0,1.0,3.929013079667063,3.929013079667063
22.477907637616894,1861.1336548737127,156.0892577230894,19.590378311539354,1868.8682362965644,160.35266435266297,0.0,0.0,1.0,3.929013079667063,3.929013079667063
34.22467856927969,1909.4747887665364,131.1311231974648,36.10416191834574,1917.2093701893882,127.1378216733649,0.0,0.0,1.0,3.929013079667063,3.929013079667063
19.327763959455964,1909.4747887665364,156.9333361776946,16.440234633378424,1917.2093701893882,161.1967428072682,0.0,0.0,1.0,3.929013079667063,3.929013079667063
31.074534891118773,1957.8159226593602,131.97520165207004,32.95401824018482,1965.5505040822118,127.9819001279701,0.0,0.0,1.0,3.929013079667063,3.929013079667063
16.17762028129505,1957.8159226593602,157.77741463229984,13.290090955217508,1965.5505040822118,162.04082126187342,0.0,0.0,1.0,3.929013079667063,3.929013079667063
27.924391212957858,2006.1570565521838,132.81928010667525,29.803874562023907,2013.8916379750353,128.82597858257535,0.0,0.0,1.0,3.929013079667063,3.929013079667063
13.027476603134133,2006.1570565521838,158.62149308690505,10.139947277056592,2013.8916379750353,162.88489971647866,0.0,0.0,1.0,3.929013079667063,3.929013079667063
24.774247534796935,2054.4981904450074,133.6633585612805,26.653730883862984,2062.2327718678594,129.67005703718056,0.0,0.0,1.0,3.929013079667063,3.929013079667063
9.87733292497321,2054.4981904450074,159.4655715415103,6.989803598895669,2062.2327718678594,163.72897817108387,0.0,0.0,1.0,3.929013079667063,3.929013079667063
21.62410385663602,2102.8393243378314,134.50743701588573,23.50358720570207,2110.573905760683,130.5141354917858,0.0,0.0,1.0,3.929013079667063,3.929013079667063
6.727189246812295,2102.8393243378314,160.30964999611552,3.8396599207347535,2110.573905760683,164.5730566256891,0.0,0.0,1.0,3.929013079667063,3.929013079667063
18.47396017847509,2151.180458230655,135.35151547049094,20.353443527541145,2158.915039653507,131.35821394639103,0.0,0.0,1.0,3.929013079667063,3.929013079667063
3.577045568651365,2151.180458230655,161.15372845072073,0.6895162425738306,2158.915039653507,165.41713508029434,0.0,0.0,1.0,3.929013079667063,3.929013079667063
15.323816500314173,2199.5215921234785,136.19559392509618,17.20329984938023,2207.2561735463305,132.20229240099624,0.0,0.0,1.0,3.929013079667063,3.929013079667063
0.42690189049044935,2199.5215921234785,161.99780690532597,-2.460627435587085,2207.2561735463305,166.26121353489955,0.0,0.0,1.0,3.929013079667063,3.929013079667063
12.173672822153257,2247.862726016302,137.0396723797014,14.053156171219314,2255.597307439154,133.04637085560148,0.0,0.0,1.0,3.929013079667063,3.929013079667063
-2.7232417876704664,2247.862726016302,162.84188535993118,-5.610771113748001,2255.597307439154,167.1052919895048,0.0,0.0,1.0,3.929013079667063,3.929013079667063
9.023529143992342,2296.203859909126,137.88375083430662,10.903012493058384,2303.9384413319776,133.8904493102067,0.0,0.0,1.0,3.929013079667063,3.929013079667063
-5.873385465831382,2296.203859909126,163.68596381453642,-8.760914791908931,2303.9384413319776,167.94937044411,0.0,0.0,1.0,3.929013079667063,3.929013079667063
1.4210854715202004e-14,2320.374426855538,151.20689655172413,9.023529143992342,2296.203859909126,137.88375083430662,0.0,0.0,1.0,3.929013079667063,3.929013079667063
1.127519639214977e-14,2320.374426855538,184.13793103448276,-159.46812607616906,2320.374426855538,92.06896551724137,0.0,0.0,1.0,3.929013079667063,3.929013079667063
1.127519639214977e-14,2320.374426855538,184.13793103448276,1.3291640690745843e-14,2320.374426855538,217.0689655172414,0.0,0.0,1.0,3.929013079667063,3.929013079667063
1.127519639214977e-14,2320.374426855538,184.13793103448276,9.258752093553696e-15,2320.374426855538,151.20689655172413,0.0,0.0,1.0,3.929013079667063,3.929013079667063
1.3291640690745843e-14,2320.374426855538,217.0689655172414,-187.9872385111394,2320.374426855538,108.53448275862068,0.0,0.0,1.0,3.929013079667063,3.929013079667063
9.258752093553696e-15,2320.374426855538,151.20689655172413,-130.94901364119875,2320.374426855538,75.60344827586205,0.0,0.0,1.0,3.929013079667063,3.929013079667063
-108.53448275862065,1160.187213427769,187.9872385111394,-93.45449759882204,1184.3577803741807,181.19214126648637,0.0,0.0,1.0,3.929013079667063,3.929013079667063
-96.19043994138289,1190.8104553818557,204.9978462750123,-91.27910361579906,1203.5366920626502,192.31071286791843,-0.69347657033171,0.0,-0.7204791783257647,3.929013079667063,3.929013079667063
-91.27910361579906,1203.5366920626502,192.31071286791843,-86.36776729021521,1216.2629287434445,179.62357946082452,-0.69347657033171,0.0,-0.7204791783257647,3.929013079667063,3.929013079667063
-88.62890234768648,1192.0923617970325,179.01771014819738,-91.27910361579906,1203.5366920626502,192.31071286791843,-0.69347657033171,0.0,-0.7204791783257647,3.929013079667063,3.929013079667063
-91.27910361579906,1203.5366920626502,192.31071286791843,-93.92930488391161,1214.9810223282677,205.60371558763944,-0.69347657033171,0.0,-0.7204791783257647,3.929013079667063,3.929013079667063
-93.92930488391161,1214.9810223282677,205.60371558763944,-89.0179685583278,1227.707259009062,192.91658218054556,-0.69347657033171,0.0,-0.7204791783257647,3.929013079667063,3.929013079667063
-89.0179685583278,1227.707259009062,192.91658218054556,-84.10663223274395,1240.4334956898563,180.22944877345165,-0.69347657033171,0.0,-0.7204791783257647,3.929013079667063,3.929013079667063
-86.36776729021521,1216.2629287434445,179.62357946082452,-89.0179685583278,1227.707259009062,192.91658218054556,-0.69347657033171,0.0,-0.7204791783257647,3.929013079667063,3.929013079667063
-89.0179685583278,1227.707259009062,192.91658218054556,-91.66816982644036,1239.1515892746795,206.20958490026658,-0.69347657033171,0.0,-0.7204791783257647,3.929013079667063,3.929013079667063
-91.66816982644036,1239.1515892746795,206.20958490026658,-86.75683350085653,1251.8778259554738,193.5224514931727,-0.69347657033171,0.0,-0.7204791783257647,3.929013079667063,3.929013079667063
-86.75683350085653,1251.8778259554738,193.5224514931727,-81.84549717527268,1264.604062636268,180.83531808607876,-0.69347657033171,0.0,-0.7204791783257647,3.929013079667063,3.929013079667063
-84.10663223274395,1240.4334956898563,180.22944877345165,-86.75683350085653,1251.8778259554738,193.5224514931727,-0.69347657033171,0.0,-0.7204791783257647,3.929013079667063,3.929013079667063
-86.75683350085653,1251.8778259554738,193.5224514931727,-89.40703476896908,1263.3221562210913,206.81545421289368,-0.69347657033171,0.0,-0.7204791783257647,3.929013079667063,3.929013079667063
-89.40703476896908,1263.3221562210913,206.81545421289368,-84.49569844338527,1276.0483929018858,194.1283208057998,-0.69347657033171,0.0,-0.7204791783257647,3.929013079667063,3.929013079667063
-84.49569844338527,1276.0483929018858,194.1283208057998,-79.58436211780142,1288.77462958268,181.4411873987059,-0.69347657033171,0.0,-0.7204791783257647,3.929013079667063,3.929013079667063
-81.84549717527268,1264.604062636268,180.83531808607876,-84.49569844338527,1276.0483929018858,194.1283208057998,-0.69347657033171,0.0,-0.7204791783257647,3.929013079667063,3.929013079667063
-84.49569844338527,1276.0483929018858,194.1283208057998,-87.14589971149783,1287.4927231675033,207.42132352552082,-0.69347657033171,0.0,-0.7204791783257647,3.929013079667063,3.929013079667063
-87.14589971149783,1287.4927231675033,207.42132352552082,-82.234563385914,1300.2189598482976,194.73419011842694,-0.69347657033171,0.0,-0.7204791783257647,3.929013079667063,3.929013079667063
-82.234563385914,1300.2189598482976,194.73419011842694,-77.32322706033015,1312.9451965290918,182.04705671133303,-0.69347657033171,0.0,-0.7204791783257647,3.929013079667063,3.929013079667063
-79.58436211780142,1288.77462958268,181.4411873987059,-82.234563385914,1300.2189598482976,194.73419011842694,-0.69347657033171,0.0,-0.7204791783257647,3.929013079667063,3.929013079667063
-82.234563385914,1300.2189598482976,194.73419011842694,-84.88476465402655,1311.663290113915,208.02719283814795,-0.69347657033171,0.0,-0.7204791783257647,3.929013079667063,3.929013079667063
-84.88476465402658,1311.663290113915,208.02719283814795,-79.97342832844274,1324.3895267947094,195.34005943105407,-0.69347657033171,0.0,-0.7204791783257647,3.929013079667063,3.929013079667063
-79.97342832844274,1324.3895267947094,195.34005943105407,-75.06209200285889,1337.1157634755036,182.65292602396013,-0.69347657033171,0.0,-0.7204791783257647,3.929013079667063,3.929013079667063
-77.32322706033017,1312.9451965290918,182.04705671133303,-79.97342832844274,1324.3895267947094,195.34005943105407,-0.69347657033171,0.0,-0.7204791783257647,3.929013079667063,3.929013079667063
-79.97342832844274,1324.3895267947094,195.34005943105407,-82.6236295965553,1335.8338570603269,208.63306215077506,-0.69347657033171,0.0,-0.7204791783257647,3.929013079667063,3.929013079667063
-82.6236295965553,1335.8338570603269,208.63306215077506,-77.71229327097147,1348.5600937411214,195.94592874368118,-0.69347657033171,0.0,-0.7204791783257647,3.929013079667063,3.929013079667063
-77.71229327097147,1348.5600937411214,195.94592874368118,-72.80095694538763,1361.2863304219156,183.25879533658727,-0.69347657033171,0.0,-0.7204791783257647,3.929013079667063,3.929013079667063
-75.06209200285889,1337.1157634755036,182.65292602396013,-77.71229327097147,1348.5600937411214,195.94592874368118,-0.69347657033171,0.0,-0.7204791783257647,3.929013079667063,3.929013079667063
-77.71229327097147,1348.5600937411214,195.94592874368118,-80.36249453908403,1360.0044240067389,209.2389314634022,-0.69347657033171,0.0,-0.7204791783257647,3.929013079667063,3.929013079667063
-80.36249453908405,1360.0044240067389,209.2389314634022,-75.45115821350021,1372.7306606875331,196.55179805630831,-0.69347657033171,0.0,-0.7204791783257647,3.929013079667063,3.929013079667063
-75.45115821350021,1372.7306606875331,196.55179805630831,-70.53982188791636,1385.4568973683274,183.8646646492144,-0.69347657033171,0.0,-0.7204791783257647,3.929013079667063,3.929013079667063
-72.80095694538764,1361.2863304219156,183.25879533658727,-75.45115821350021,1372.7306606875331,196.55179805630831,-0.69347657033171,0.0,-0.7204791783257647,3.929013079667063,3.929013079667063
-75.45115821350021,1372.7306606875331,196.55179805630831,-78.10135948161277,1384.1749909531507,209.84480077602933,-0.69347657033171,0.0,-0.7204791783257647,3.929013079667063,3.929013079667063
-78.10135948161277,1384.1749909531507,209.84480077602933,-73.19002315602894,1396.901227633945,197.15766736893545,-0.69347657033171,0.0,-0.7204791783257647,3.929013079667063,3.929013079667063
-73.19002315602894,1396.901227633945,197.15766736893545,-68.2786868304451,1409.6274643147392,184.4705339618415,-0.69347657033171,0.0,-0.7204791783257647,3.929013079667063,3.929013079667063
-70.53982188791636,1385.4568973683274,183.8646646492144,-73.19002315602894,1396.901227633945,197.15766736893545,-0.69347657033171,0.0,-0.7204791783257647,3.929013079667063,3.929013079667063
-73.19002315602894,1396.901227633945,197.15766736893545,-75.8402244241415,1408.3455578995624,210.45067008865644,-0.69347657033171,0.0,-0.7204791783257647,3.929013079667063,3.929013079667063
-75.8402244241415,1408.3455578995624,210.45067008865644,-70.92888809855768,1421.071794580357,197.76353668156256,-0.69347657033171,0.0,-0.7204791783257647,3.929013079667063,3.929013079667063
-70.92888809855768,1421.071794580357,197.76353668156256,-66.01755177297383,1433.7980312611512,185.07640327446865,-0.69347657033171,0.0,-0.7204791783257647,3.929013079667063,3.929013079667063
-68.2786868304451,1409.6274643147392,184.4705339618415,-70.92888809855768,1421.071794580357,197.76353668156256,-0.69347657033171,0.0,-0.7204791783257647,3.929013079667063,3.929013079667063
-70.92888809855768,1421.071794580357,197.76353668156256,-73.57908936667025,1432.5161248459744,211.05653940128357,-0.69347657033171,0.0,-0.7204791783257647,3.929013079667063,3.929013079667063
-73.57908936667025,1432.5161248459742,211.05653940128357,-68.66775304108641,1445.2423615267687,198.3694059941897,-0.69347657033171,0.0,-0.7204791783257647,3.929013079667063,3.929013079667063
-68.66775304108641,1445.2423615267687,198.3694059941897,-63.75641671550257,1457.968598207563,185.68227258709578,-0.69347657033171,0.0,-0.7204791783257647,3.929013079667063,3.929013079667063
-66.01755177297385,1433.798031261151,185.07640327446865,-68.66775304108641,1445.2423615267687,198.3694059941897,-0.69347657033171,0.0,-0.7204791783257647,3.929013079667063,3.929013079667063
-68.66775304108641,1445.2423615267687,198.3694059941897,-71.31795430919897,1456.6866917923862,211.6624087139107,-0.69347657033171,0.0,-0.7204791783257647,3.929013079667063,3.929013079667063
-71.31795430919897,1456.6866917923862,211.6624087139107,-66.40661798361515,1469.4129284731807,198.9752753068168,-0.69347657033171,0.0,-0.7204791783257647,3.929013079667063,3.929013079667063
-66.40661798361515,1469.4129284731807,198.9752753068168,-61.4952816580313,1482.1391651539748,186.2881418997229,-0.69347657033171,0.0,-0.7204791783257647,3.929013079667063,3.929013079667063
-63.75641671550257,1457.968598207563,185.68227258709578,-66.40661798361515,1469.4129284731807,198.9752753068168,-0.69347657033171,0.0,-0.7204791783257647,3.929013079667063,3.929013079667063
-66.40661798361515,1469.4129284731807,198.9752753068168,-69.05681925172772,1480.857258738798,212.2682780265378,-0.69347657033171,0.0,-0.7204791783257647,3.929013079667063,3.929013079667063
-69.05681925172772,1480.8572587387982,212.2682780265378,-64.14548292614388,1493.5834954195925,199.58114461944393,-0.69347657033171,0.0,-0.7204791783257647,3.929013079667063,3.929013079667063
-64.14548292614388,1493.5834954195925,199.58114461944393,-59.23414660056004,1506.3097321003868,186.89401121235002,-0.69347657033171,0.0,-0.7204791783257647,3.929013079667063,3.929013079667063
-61.4952816580313,1482.139165153975,186.2881418997229,-64.14548292614388,1493.5834954195925,199.58114461944393,-0.69347657033171,0.0,-0.7204791783257647,3.929013079667063,3.929013079667063
-64.14548292614388,1493.5834954195925,199.58114461944393,-66.79568419425644,1505.02782568521,212.87414733916495,-0.69347657033171,0.0,-0.7204791783257647,3.929013079667063,3.929013079667063
-66.79568419425644,1505.02782568521,212.87414733916495,-61.88434786867262,1517.7540623660043,200.18701393207107,-0.69347657033171,0.0,-0.7204791783257647,3.929013079667063,3.929013079667063
-61.88434786867262,1517.7540623660043,200.18701393207107,-56.973011543088774,1530.4802990467986,187.49988052497716,-0.69347657033171,0.0,-0.7204791783257647,3.929013079667063,3.929013079667063
-59.23414660056004,1506.3097321003868,186.89401121235002,-61.88434786867262,1517.7540623660043,200.18701393207107,-0.69347657033171,0.0,-0.7204791783257647,3.929013079667063,3.929013079667063
-61.88434786867262,1517.7540623660043,200.18701393207107,-64.53454913678519,1529.1983926316218,213.48001665179208,-0.69347657033171,0.0,-0.7204791783257647,3.929013079667063,3.929013079667063
-64.53454913678519,1529.1983926316218,213.48001665179208,-59.623212811201356,1541.924629312416,200.79288324469817,-0.69347657033171,0.0,-0.7204791783257647,3.929013079667063,3.929013079667063
-59.623212811201356,1541.924629312416,200.79288324469817,-54.71187648561752,1554.6508659932103,188.10574983760426,-0.69347657033171,0.0,-0.7204791783257647,3.929013079667063,3.929013079667063
-56.973011543088774,1530.4802990467986,187.49988052497716,-59.623212811201356,1541.924629312416,200.79288324469817,-0.69347657033171,0.0,-0.7204791783257647,3.929013079667063,3.929013079667063
-59.623212811201356,1541.924629312416,200.79288324469817,-62.27341407931393,1553.3689595780336,214.0858859644192,-0.69347657033171,0.0,-0.7204791783257647,3.929013079667063,3.929013079667063
-62.273414079313916,1553.3689595780338,214.0858859644192,-57.36207775373009,1566.0951962588279,201.3987525573253,-0.69347657033171,0.0,-0.7204791783257647,3.929013079667063,3.929013079667063
-57.36207775373009,1566.0951962588279,201.3987525573253,-52.450741428146245,1578.8214329396224,188.7116191502314,-0.69347657033171,0.0,-0.7204791783257647,3.929013079667063,3.929013079667063
-54.71187648561751,1554.6508659932106,188.10574983760426,-57.36207775373009,1566.0951962588279,201.3987525573253,-0.69347657033171,0.0,-0.7204791783257647,3.929013079667063,3.929013079667063
-57.36207775373009,1566.0951962588279,201.3987525573253,-60.01227902184265,1577.5395265244456,214.69175527704633,-0.69347657033171,0.0,-0.7204791783257647,3.929013079667063,3.929013079667063
-60.01227902184265,1577.5395265244456,214.69175527704633,-55.10094269625881,1590.2657632052399,202.00462186995244,-0.69347657033171,0.0,-0.7204791783257647,3.929013079667063,3.929013079667063
-55.10094269625881,1590.2657632052399,202.00462186995244,-50.189606370674994,1602.9919998860341,189.31748846285853,-0.69347657033171,0.0,-0.7204791783257647,3.929013079667063,3.929013079667063
-52.450741428146245,1578.8214329396224,188.7116191502314,-55.10094269625881,1590.2657632052399,202.00462186995244,-0.69347657033171,0.0,-0.7204791783257647,3.929013079667063,3.929013079667063
-55.10094269625881,1590.2657632052399,202.00462186995244,-57.7511439643714,1601.7100934708574,215.29762458967346,-0.69347657033171,0.0,-0.7204791783257647,3.929013079667063,3.929013079667063
-57.75114396437139,1601.7100934708576,215.29762458967346,-52.83980763878756,1614.4363301516516,202.61049118257955,-0.69347657033171,0.0,-0.7204791783257647,3.929013079667063,3.929013079667063
-52.83980763878756,1614.4363301516516,202.61049118257955,-47.928471313203715,1627.1625668324461,189.92335777548564,-0.69347657033171,0.0,-0.7204791783257647,3.929013079667063,3.929013079667063
-50.18960637067498,1602.9919998860344,189.31748846285853,-52.83980763878756,1614.4363301516516,202.61049118257955,-0.69347657033171,0.0,-0.7204791783257647,3.929013079667063,3.929013079667063
-52.83980763878756,1614.4363301516516,202.61049118257955,-55.49000890690012,1625.8806604172694,215.90349390230057,-0.69347657033171,0.0,-0.7204791783257647,3.929013079667063,3.929013079667063
-55.49000890690012,1625.8806604172694,215.90349390230057,-50.57867258131629,1638.6068970980637,203.2163604952067,-0.69347657033171,0.0,-0.7204791783257647,3.929013079667063,3.929013079667063
-50.57867258131629,1638.6068970980637,203.2163604952067,-45.66733625573246,1651.333133778858,190.52922708811278,-0.69347657033171,0.0,-0.7204791783257647,3.929013079667063,3.929013079667063
-47.928471313203715,1627.1625668324461,189.92335777548564,-50.57867258131629,1638.6068970980637,203.2163604952067,-0.69347657033171,0.0,-0.7204791783257647,3.929013079667063,3.929013079667063
-50.57867258131629,1638.6068970980637,203.2163604952067,-53.228873849428865,1650.0512273636812,216.5093632149277,-0.69347657033171,0.0,-0.7204791783257647,3.929013079667063,3.929013079667063
-53.228873849428865,1650.0512273636812,216.5093632149277,-48.31753752384503,1662.7774640444754,203.82222980783382,-0.69347657033171,0.0,-0.7204791783257647,3.929013079667063,3.929013079667063
-48.31753752384503,1662.7774640444754,203.82222980783382,-43.4062011982612,1675.5037007252697,191.13509640073988,-0.69347657033171,0.0,-0.7204791783257647,3.929013079667063,3.929013079667063
-45.66733625573246,1651.333133778858,190.52922708811278,-48.31753752384503,1662.7774640444754,203.82222980783382,-0.69347657033171,0.0,-0.7204791783257647,3.929013079667063,3.929013079667063
-48.31753752384503,1662.7774640444754,203.82222980783382,-50.96773879195761,1674.221794310093,217.1152325275548,-0.69347657033171,0.0,-0.7204791783257647,3.929013079667063,3.929013079667063
-50.96773879195759,1674.221794310093,217.1152325275548,-46.05640246637377,1686.9480309908872,204.42809912046093,-0.69347657033171,0.0,-0.7204791783257647,3.929013079667063,3.929013079667063
-46.05640246637377,1686.9480309908872,204.42809912046093,-41.14506614078993,1699.6742676716815,191.74096571336702,-0.69347657033171,0.0,-0.7204791783257647,3.929013079667063,3.929013079667063
-43.406201198261186,1675.5037007252697,191.13509640073988,-46.05640246637377,1686.9480309908872,204.42809912046093,-0.69347657033171,0.0,-0.7204791783257647,3.929013079667063,3.929013079667063
-46.05640246637377,1686.9480309908872,204.42809912046093,-48.706603734486336,1698.3923612565047,217.72110184018194,-0.69347657033171,0.0,-0.7204791783257647,3.929013079667063,3.929013079667063
-48.706603734486336,1698.3923612565047,217.72110184018194,-43.795267408902504,1711.118597937299,205.03396843308806,-0.69347657033171,0.0,-0.7204791783257647,3.929013079667063,3.929013079667063
-43.795267408902504,1711.118597937299,205.03396843308806,-38.88393108331867,1723.8448346180933,192.34683502599415,-0.69347657033171,0.0,-0.7204791783257647,3.929013079667063,3.929013079667063
-41.14506614078993,1699.6742676716815,191.74096571336702,-43.795267408902504,1711.118597937299,205.03396843308806,-0.69347657033171,0.0,-0.7204791783257647,3.929013079667063,3.929013079667063
-43.795267408902504,1711.118597937299,205.03396843308806,-46.44546867701508,1722.5629282029165,218.32697115280908,-0.69347657033171,0.0,-0.7204791783257647,3.929013079667063,3.929013079667063
-46.44546867701508,1722.5629282029165,218.32697115280908,-41.53413235143124,1735.289164883711,205.6398377457152,-0.69347657033171,0.0,-0.7204791783257647,3.929013079667063,3.929013079667063
-41.53413235143124,1735.289164883711,205.6398377457152,-36.6227960258474,1748.0154015645053,192.95270433862126,-0.69347657033171,0.0,-0.7204791783257647,3.929013079667063,3.929013079667063
-38.88393108331867,1723.8448346180933,192.34683502599415,-41.53413235143124,1735.289164883711,205.6398377457152,-0.69347657033171,0.0,-0.7204791783257647,3.929013079667063,3.929013079667063
-41.53413235143124,1735.289164883711,205.6398377457152,-44.18433361954381,1746.7334951493285,218.9328404654362,-0.69347657033171,0.0,-0.7204791783257647,3.929013079667063,3.929013079667063
-44.184333619543814,1746.7334951493283,218.9328404654362,-39.27299729395998,1759.4597318301228,206.2457070583423,-0.69347657033171,0.0,-0.7204791783257647,3.929013079667063,3.929013079667063
-39.27299729395998,1759.4597318301228,206.2457070583423,-34.361660968376135,1772.1859685109173,193.5585736512484,-0.69347657033171,0.0,-0.7204791783257647,3.929013079667063,3.929013079667063
-36.62279602584741,1748.015401564505,192.95270433862126,-39.27299729395998,1759.4597318301228,206.2457070583423,-0.69347657033171,0.0,-0.7204791783257647,3.929013079667063,3.929013079667063
-39.27299729395998,1759.4597318301228,206.2457070583423,-41.92319856207254,1770.9040620957405,219.53870977806332,-0.69347657033171,0.0,-0.7204791783257647,3.929013079667063,3.929013079667063
-41.92319856207254,1770.9040620957405,219.53870977806332,-37.01186223648871,1783.6302987765348,206.85157637096944,-0.69347657033171,0.0,-0.7204791783257647,3.929013079667063,3.929013079667063
-37.01186223648871,1783.6302987765348,206.85157637096944,-32.10052591090487,1796.356535457329,194.16444296387553,-0.69347657033171,0.0,-0.7204791783257647,3.929013079667063,3.929013079667063
-34.361660968376135,1772.1859685109173,193.5585736512484,-37.01186223648871,1783.6302987765348,206.85157637096944,-0.69347657033171,0.0,-0.7204791783257647,3.929013079667063,3.929013079667063
-37.01186223648871,1783.6302987765348,206.85157637096944,-39.66206350460128,1795.0746290421523,220.14457909069046,-0.69347657033171,0.0,-0.7204791783257647,3.929013079667063,3.929013079667063
-39.662063504601285,1795.0746290421523,220.14457909069046,-34.75072717901745,1807.8008657229466,207.45744568359657,-0.69347657033171,0.0,-0.7204791783257647,3.929013079667063,3.929013079667063
-34.75072717901745,1807.8008657229466,207.45744568359657,-29.839390853433606,1820.5271024037409,194.77031227650264,-0.69347657033171,0.0,-0.7204791783257647,3.929013079667063,3.929013079667063
-32.10052591090488,1796.356535457329,194.16444296387553,-34.75072717901745,1807.8008657229466,207.45744568359657,-0.69347657033171,0.0,-0.7204791783257647,3.929013079667063,3.929013079667063
-34.75072717901745,1807.8008657229466,207.45744568359657,-37.40092844713001,1819.245195988564,220.75044840331756,-0.69347657033171,0.0,-0.7204791783257647,3.929013079667063,3.929013079667063
-37.40092844713001,1819.245195988564,220.75044840331756,-32.48959212154618,1831.9714326693584,208.06331499622368,-0.69347657033171,0.0,-0.7204791783257647,3.929013079667063,3.929013079667063
-32.48959212154618,1831.9714326693584,208.06331499622368,-27.578255795962335,1844.6976693501526,195.37618158912977,-0.69347657033171,0.0,-0.7204791783257647,3.929013079667063,3.929013079667063
-29.839390853433606,1820.5271024037409,194.77031227650264,-32.48959212154618,1831.9714326693584,208.06331499622368,-0.69347657033171,0.0,-0.7204791783257647,3.929013079667063,3.929013079667063
-32.48959212154618,1831.9714326693584,208.06331499622368,-35.13979338965874,1843.4157629349759,221.3563177159447,-0.69347657033171,0.0,-0.7204791783257647,3.929013079667063,3.929013079667063
-35.139793389658756,1843.4157629349759,221.3563177159447,-30.228457064074917,1856.1419996157701,208.66918430885082,-0.69347657033171,0.0,-0.7204791783257647,3.929013079667063,3.929013079667063
-30.228457064074917,1856.1419996157701,208.66918430885082,-25.31712073849107,1868.8682362965646,195.9820509017569,-0.69347657033171,0.0,-0.7204791783257647,3.929013079667063,3.929013079667063
-27.57825579596235,1844.6976693501526,195.37618158912977,-30.228457064074917,1856.1419996157701,208.66918430885082,-0.69347657033171,0.0,-0.7204791783257647,3.929013079667063,3.929013079667063
-30.228457064074917,1856.1419996157701,208.66918430885082,-32.87865833218748,1867.5863298813879,221.96218702857183,-0.69347657033171,0.0,-0.7204791783257647,3.929013079667063,3.929013079667063
-32.87865833218749,1867.5863298813877,221.96218702857183,-27.967322006603652,1880.312566562182,209.27505362147792,-0.69347657033171,0.0,-0.7204791783257647,3.929013079667063,3.929013079667063
-27.967322006603652,1880.312566562182,209.27505362147792,-23.05598568101982,1893.0388032429764,196.587920214384,-0.69347657033171,0.0,-0.7204791783257647,3.929013079667063,3.929013079667063
-25.317120738491084,1868.8682362965644,195.9820509017569,-27.967322006603652,1880.312566562182,209.27505362147792,-0.69347657033171,0.0,-0.7204791783257647,3.929013079667063,3.929013079667063
-27.967322006603652,1880.312566562182,209.27505362147792,-30.617523274716227,1891.7568968277997,222.56805634119894,-0.69347657033171,0.0,-0.7204791783257647,3.929013079667063,3.929013079667063
-30.617523274716227,1891.7568968277997,222.56805634119894,-25.706186949132388,1904.483133508594,209.88092293410506,-0.69347657033171,0.0,-0.7204791783257647,3.929013079667063,3.929013079667063
-25.706186949132388,1904.483133508594,209.88092293410506,-20.79485062354854,1917.2093701893884,197.19378952701115,-0.69347657033171,0.0,-0.7204791783257647,3.929013079667063,3.929013079667063
-23.05598568101982,1893.0388032429764,196.587920214384,-25.706186949132388,1904.483133508594,209.88092293410506,-0.69347657033171,0.0,-0.7204791783257647,3.929013079667063,3.929013079667063
-25.706186949132388,1904.483133508594,209.88092293410506,-28.356388217244948,1915.9274637742117,223.17392565382607,-0.69347657033171,0.0,-0.7204791783257647,3.929013079667063,3.929013079667063
-28.356388217244962,1915.9274637742114,223.17392565382607,-23.445051891661123,1928.653700455006,210.4867922467322,-0.69347657033171,0.0,-0.7204791783257647,3.929013079667063,3.929013079667063
-23.445051891661123,1928.653700455006,210.4867922467322,-18.53371556607729,1941.3799371358002,197.79965883963828,-0.69347657033171,0.0,-0.7204791783257647,3.929013079667063,3.929013079667063
-20.794850623548555,1917.2093701893882,197.19378952701115,-23.445051891661123,1928.653700455006,210.4867922467322,-0.69347657033171,0.0,-0.7204791783257647,3.929013079667063,3.929013079667063
-23.445051891661123,1928.653700455006,210.4867922467322,-26.095253159773698,1940.0980307206235,223.7797949664532,-0.69347657033171,0.0,-0.7204791783257647,3.929013079667063,3.929013079667063
-26.095253159773698,1940.0980307206235,223.7797949664532,-21.18391683418986,1952.8242674014177,211.0926615593593,-0.69347657033171,0.0,-0.7204791783257647,3.929013079667063,3.929013079667063
-21.18391683418986,1952.8242674014177,211.0926615593593,-16.272580508606012,1965.550504082212,198.4055281522654,-0.69347657033171,0.0,-0.7204791783257647,3.929013079667063,3.929013079667063
-18.53371556607729,1941.3799371358002,197.79965883963828,-21.18391683418986,1952.8242674014177,211.0926615593593,-0.69347657033171,0.0,-0.7204791783257647,3.929013079667063,3.929013079667063
-21.18391683418986,1952.8242674014177,211.0926615593593,-23.83411810230242,1964.2685976670352,224.38566427908032,-0.69347657033171,0.0,-0.7204791783257647,3.929013079667063,3.929013079667063
-23.834118102302433,1964.2685976670352,224.38566427908032,-18.922781776718594,1976.9948343478295,211.69853087198643,-0.69347657033171,0.0,-0.7204791783257647,3.929013079667063,3.929013079667063
-18.922781776718594,1976.9948343478295,211.69853087198643,-14.011445451134762,1989.7210710286238,199.01139746489253,-0.69347657033171,0.0,-0.7204791783257647,3.929013079667063,3.929013079667063
-16.272580508606026,1965.550504082212,198.4055281522654,-18.922781776718594,1976.9948343478295,211.69853087198643,-0.69347657033171,0.0,-0.7204791783257647,3.929013079667063,3.929013079667063
-18.922781776718594,1976.9948343478295,211.69853087198643,-21.57298304483117,1988.439164613447,224.99153359170745,-0.69347657033171,0.0,-0.7204791783257647,3.929013079667063,3.929013079667063
-21.57298304483117,1988.439164613447,224.99153359170745,-16.661646719247344,2001.165401294241,212.30440018461357,-0.69347657033171,0.0,-0.7204791783257647,3.929013079667063,3.929013079667063
-16.661646719247344,2001.165401294241,212.30440018461357,-11.750310393663497,2013.8916379750356,199.61726677751966,-0.69347657033171,0.0,-0.7204791783257647,3.929013079667063,3.929013079667063
-14.011445451134762,1989.7210710286238,199.01139746489253,-16.661646719247344,2001.165401294241,212.30440018461357,-0.69347657033171,0.0,-0.7204791783257647,3.929013079667063,3.929013079667063
-16.661646719247344,2001.165401294241,212.30440018461357,-19.311847987359904,2012.6097315598588,225.5974029043346,-0.69347657033171,0.0,-0.7204791783257647,3.929013079667063,3.929013079667063
-19.311847987359904,2012.6097315598588,225.5974029043346,-14.400511661776063,2025.3359682406528,212.91026949724068,-0.69347657033171,0.0,-0.7204791783257647,3.929013079667063,3.929013079667063
-14.400511661776063,2025.3359682406528,212.91026949724068,-9.489175336192218,2038.0622049214473,200.22313609014677,-0.69347657033171,0.0,-0.7204791783257647,3.929013079667063,3.929013079667063
-11.750310393663497,2013.8916379750356,199.61726677751966,-14.400511661776063,2025.3359682406528,212.91026949724068,-0.69347657033171,0.0,-0.7204791783257647,3.929013079667063,3.929013079667063
-14.400511661776063,2025.3359682406528,212.91026949724068,-17.050712929888626,2036.7802985062706,226.2032722169617,-0.69347657033171,0.0,-0.7204791783257647,3.929013079667063,3.929013079667063
-17.05071292988864,2036.7802985062706,226.2032722169617,-12.139376604304799,2049.5065351870644,213.5161388098678,-0.69347657033171,0.0,-0.7204791783257647,3.929013079667063,3.929013079667063
-12.139376604304799,2049.5065351870644,213.5161388098678,-7.228040278720968,2062.2327718678594,200.8290054027739,-0.69347657033171,0.0,-0.7204791783257647,3.929013079667063,3.929013079667063
-9.489175336192233,2038.0622049214473,200.22313609014677,-12.139376604304799,2049.5065351870644,213.5161388098678,-0.69347657033171,0.0,-0.7204791783257647,3.929013079667063,3.929013079667063
-12.139376604304799,2049.5065351870644,213.5161388098678,-14.789577872417375,2060.9508654526826,226.80914152958883,-0.69347657033171,0.0,-0.7204791783257647,3.929013079667063,3.929013079667063
-14.789577872417375,2060.9508654526826,226.80914152958883,-9.878241546833534,2073.6771021334766,214.12200812249495,-0.69347657033171,0.0,-0.7204791783257647,3.929013079667063,3.929013079667063
-9.878241546833534,2073.6771021334766,214.12200812249495,-4.966905221249689,2086.403338814271,201.434874715401,-0.69347657033171,0.0,-0.7204791783257647,3.929013079667063,3.929013079667063
-7.228040278720968,2062.2327718678594,200.8290054027739,-9.878241546833534,2073.6771021334766,214.12200812249495,-0.69347657033171,0.0,-0.7204791783257647,3.929013079667063,3.929013079667063
-9.878241546833534,2073.6771021334766,214.12200812249495,-12.528442814946096,2085.1214323990944,227.41501084221593,-0.69347657033171,0.0,-0.7204791783257647,3.929013079667063,3.929013079667063
-12.52844281494611,2085.1214323990944,227.41501084221593,-7.6171064893622695,2097.8476690798884,214.72787743512205,-0.69347657033171,0.0,-0.7204791783257647,3.929013079667063,3.929013079667063
-7.6171064893622695,2097.8476690798884,214.72787743512205,-2.705770163778439,2110.573905760683,202.04074402802814,-0.69347657033171,0.0,-0.7204791783257647,3.929013079667063,3.929013079667063
-4.966905221249704,2086.403338814271,201.434874715401,-7.6171064893622695,2097.8476690798884,214.72787743512205,-0.69347657033171,0.0,-0.7204791783257647,3.929013079667063,3.929013079667063
-7.6171064893622695,2097.8476690798884,214.72787743512205,-10.267307757474846,2109.291999345506,228.02088015484307,-0.69347657033171,0.0,-0.7204791783257647,3.929013079667063,3.929013079667063
-10.267307757474846,2109.291999345506,228.02088015484307,-5.355971431891019,2122.0182360263,215.3337467477492,-0.69347657033171,0.0,-0.7204791783257647,3.929013079667063,3.929013079667063
-5.355971431891019,2122.0182360263,215.3337467477492,-0.4446351063071745,2134.7444727070947,202.64661334065528,-0.69347657033171,0.0,-0.7204791783257647,3.929013079667063,3.929013079667063
-2.705770163778439,2110.573905760683,202.04074402802814,-5.355971431891019,2122.0182360263,215.3337467477492,-0.69347657033171,0.0,-0.7204791783257647,3.929013079667063,3.929013079667063
-5.355971431891019,2122.0182360263,215.3337467477492,-8.006172700003582,2133.462566291918,228.6267494674702,-0.69347657033171,0.0,-0.7204791783257647,3.929013079667063,3.929013079667063
-8.006172700003582,2133.462566291918,228.6267494674702,-3.0948363744197405,2146.188802972712,215.93961606037632,-0.69347657033171,0.0,-0.7204791783257647,3.929013079667063,3.929013079667063
-3.0948363744197405,2146.188802972712,215.93961606037632,1.81649995116409,2158.915039653507,203.2524826532824,-0.69347657033171,0.0,-0.7204791783257647,3.929013079667063,3.929013079667063
-0.4446351063071745,2134.7444727070947,202.64661334065528,-3.0948363744197405,2146.188802972712,215.93961606037632,-0.69347657033171,0.0,-0.7204791783257647,3.929013079667063,3.929013079667063
-3.0948363744197405,2146.188802972712,215.93961606037632,-5.745037642532317,2157.63313323833,229.23261878009734,-0.69347657033171,0.0,-0.7204791783257647,3.929013079667063,3.929013079667063
-5.745037642532317,2157.6331332383297,229.2326187800973,-0.8337013169484901,2170.3593699191238,216.54548537300343,-0.69347657033171,0.0,-0.7204791783257647,3.929013079667063,3.929013079667063
-0.8337013169484901,2170.3593699191238,216.54548537300343,4.07763500863534,2183.0856065999183,203.85835196590952,-0.69347657033171,0.0,-0.7204791783257647,3.929013079667063,3.929013079667063
1.81649995116409,2158.9150396535065,203.25248265328239,-0.8337013169484901,2170.3593699191238,216.54548537300343,-0.69347657033171,0.0,-0.7204791783257647,3.929013079667063,3.929013079667063
-0.8337013169484901,2170.3593699191238,216.54548537300343,-3.4839025850610668,2181.8037001847415,229.83848809272445,-0.69347657033171,0.0,-0.7204791783257647,3.929013079667063,3.929013079667063
-3.4839025850610668,2181.8037001847415,229.83848809272445,1.4274337405227744,2194.529936865536,217.15135468563057,-0.69347657033171,0.0,-0.7204791783257647,3.929013079667063,3.929013079667063
1.4274337405227744,2194.529936865536,217.15135468563057,6.338770066106619,2207.2561735463305,204.46422127853666,-0.69347657033171,0.0,-0.7204791783257647,3.929013079667063,3.929013079667063
4.07763500863534,2183.0856065999183,203.85835196590952,1.4274337405227744,2194.529936865536,217.15135468563057,-0.69347657033171,0.0,-0.7204791783257647,3.929013079667063,3.929013079667063
1.4274337405227744,2194.529936865536,217.15135468563057,-1.222767527589788,2205.9742671311537,230.44435740535158,-0.69347657033171,0.0,-0.7204791783257647,3.929013079667063,3.929013079667063
-1.222767527589788,2205.9742671311537,230.44435740535158,3.688568797994053,2218.700503811948,217.7572239982577,-0.69347657033171,0.0,-0.7204791783257647,3.929013079667063,3.929013079667063
3.688568797994053,2218.700503811948,217.7572239982577,8.59990512357787,2231.4267404927423,205.07009059116376,-0.69347657033171,0.0,-0.7204791783257647,3.929013079667063,3.929013079667063
6.338770066106619,2207.2561735463305,204.46422127853666,3.688568797994053,2218.700503811948,217.7572239982577,-0.69347657033171,0.0,-0.7204791783257647,3.929013079667063,3.929013079667063
3.688568797994053,2218.700503811948,217.7572239982577,1.0383675298814623,2230.1448340775655,231.0502267179787,-0.69347657033171,0.0,-0.7204791783257647,3.929013079667063,3.929013079667063
1.0383675298814623,2230.1448340775655,231.0502267179787,5.949703855465289,2242.8710707583596,218.3630933108848,-0.69347657033171,0.0,-0.7204791783257647,3.929013079667063,3.929013079667063
5.949703855465289,2242.8710707583596,218.3630933108848,10.861040181049134,2255.597307439154,205.6759599037909,-0.69347657033171,0.0,-0.7204791783257647,3.929013079667063,3.929013079667063
8.59990512357787,2231.4267404927423,205.07009059116376,5.949703855465289,2242.8710707583596,218.3630933108848,-0.69347657033171,0.0,-0.7204791783257647,3.929013079667063,3.929013079667063
5.949703855465289,2242.8710707583596,218.3630933108848,3.299502587352727,2254.3154010239773,231.65609603060582,-0.69347657033171,0.0,-0.7204791783257647,3.929013079667063,3.929013079667063
3.299502587352727,2254.3154010239773,231.65609603060582,8.210838912936568,2267.0416377047713,218.96896262351194,-0.69347657033171,0.0,-0.7204791783257647,3.929013079667063,3.929013079667063
8.210838912936568,2267.0416377047713,218.96896262351194,13.122175238520413,2279.767874385566,206.28182921641803,-0.69347657033171,0.0,-0.7204791783257647,3.929013079667063,3.929013079667063
10.861040181049134,2255.597307439154,205.6759599037909,8.210838912936568,2267.0416377047713,218.96896262351194,-0.69347657033171,0.0,-0.7204791783257647,3.929013079667063,3.929013079667063
8.210838912936568,2267.0416377047713,218.96896262351194,5.560637644824006,2278.485967970389,232.26196534323296,-0.69347657033171,0.0,-0.7204791783257647,3.929013079667063,3.929013079667063
5.560637644824006,2278.485967970389,232.26196534323296,10.471973970407833,2291.212204651183,219.57483193613905,-0.69347657033171,0.0,-0.7204791783257647,3.929013079667063,3.929013079667063
10.471973970407833,2291.212204651183,219.57483193613905,15.383310295991677,2303.9384413319776,206.88769852904514,-0.69347657033171,0.0,-0.7204791783257647,3.929013079667063,3.929013079667063
13.122175238520413,2279.767874385566,206.28182921641803,10.471973970407833,2291.212204651183,219.57483193613905,-0.69347657033171,0.0,-0.7204791783257647,3.929013079667063,3.929013079667063
10.471973970407833,2291.212204651183,219.57483193613905,7.82177270229527,2302.656534916801,232.86783465586007,-0.69347657033171,0.0,-0.7204791783257647,3.929013079667063,3.929013079667063
-122.47066661783069,1192.0923617970325,198.556261859417,-108.19998575087116,1203.5366920626502,202.07998872352823,0.69347657033171,0.0,-0.7204791783257647,3.929013079667063,3.929013079667063
-108.19998575087116,1203.5366920626502,202.07998872352823,-93.92930488391163,1214.9810223282677,205.60371558763944,0.69347657033171,0.0,-0.7204791783257647,3.929013079667063,3.929013079667063
-96.19043994138289,1190.8104553818557,204.9978462750123,-108.19998575087116,1203.5366920626502,202.07998872352823,0.69347657033171,0.0,-0.7204791783257647,3.929013079667063,3.929013079667063
-108.19998575087116,1203.5366920626502,202.07998872352823,-120.20953156035942,1216.2629287434445,199.16213117204413,0.69347657033171,0.0,-0.7204791783257647,3.929013079667063,3.929013079667063
-120.20953156035942,1216.2629287434445,199.16213117204413,-105.9388506933999,1227.707259009062,202.68585803615537,0.69347657033171,0.0,-0.7204791783257647,3.929013079667063,3.929013079667063
-105.9388506933999,1227.707259009062,202.68585803615537,-91.66816982644036,1239.1515892746795,206.20958490026658,0.69347657033171,0.0,-0.7204791783257647,3.929013079667063,3.929013079667063
-93.92930488391163,1214.9810223282677,205.60371558763944,-105.9388506933999,1227.707259009062,202.68585803615537,0.69347657033171,0.0,-0.7204791783257647,3.929013079667063,3.929013079667063
-105.9388506933999,1227.707259009062,202.68585803615537,-117.94839650288816,1240.4334956898563,199.76800048467126,0.69347657033171,0.0,-0.7204791783257647,3.929013079667063,3.929013079667063
-117.94839650288816,1240.4334956898563,199.76800048467126,-103.67771563592864,1251.8778259554738,203.2917273487825,0.69347657033171,0.0,-0.7204791783257647,3.929013079667063,3.929013079667063
-103.67771563592864,1251.8778259554738,203.2917273487825,-89.4070347689691,1263.3221562210913,206.8154542128937,0.69347657033171,0.0,-0.7204791783257647,3.929013079667063,3.929013079667063
-91.66816982644036,1239.1515892746795,206.20958490026658,-103.67771563592864,1251.8778259554738,203.2917273487825,0.69347657033171,0.0,-0.7204791783257647,3.929013079667063,3.929013079667063
-103.67771563592864,1251.8778259554738,203.2917273487825,-115.6872614454169,1264.604062636268,200.37386979729837,0.69347657033171,0.0,-0.7204791783257647,3.929013079667063,3.929013079667063
-115.6872614454169,1264.604062636268,200.37386979729837,-101.41658057845737,1276.0483929018858,203.8975966614096,0.69347657033171,0.0,-0.7204791783257647,3.929013079667063,3.929013079667063
-101.41658057845737,1276.0483929018858,203.8975966614096,-87.14589971149783,1287.4927231675033,207.42132352552085,0.69347657033171,0.0,-0.7204791783257647,3.929013079667063,3.929013079667063
-89.4070347689691,1263.3221562210913,206.8154542128937,-101.41658057845737,1276.0483929018858,203.8975966614096,0.69347657033171,0.0,-0.7204791783257647,3.929013079667063,3.929013079667063
-101.41658057845737,1276.0483929018858,203.8975966614096,-113.42612638794563,1288.77462958268,200.9797391099255,0.69347657033171,0.0,-0.7204791783257647,3.929013079667063,3.929013079667063
-113.42612638794563,1288.77462958268,200.9797391099255,-99.1554455209861,1300.2189598482976,204.50346597403674,0.69347657033171,0.0,-0.7204791783257647,3.929013079667063,3.929013079667063
-99.1554455209861,1300.2189598482976,204.50346597403674,-84.88476465402657,1311.663290113915,208.02719283814798,0.69347657033171,0.0,-0.7204791783257647,3.929013079667063,3.929013079667063
-87.14589971149783,1287.4927231675033,207.42132352552085,-99.1554455209861,1300.2189598482976,204.50346597403674,0.69347657033171,0.0,-0.7204791783257647,3.929013079667063,3.929013079667063
-99.1554455209861,1300.2189598482976,204.50346597403674,-111.16499133047436,1312.9451965290918,201.58560842255264,0.69347657033171,0.0,-0.7204791783257647,3.929013079667063,3.929013079667063
-111.16499133047438,1312.9451965290918,201.58560842255264,-96.89431046351484,1324.3895267947094,205.10933528666388,0.69347657033171,0.0,-0.7204791783257647,3.929013079667063,3.929013079667063
-96.89431046351484,1324.3895267947094,205.10933528666388,-82.6236295965553,1335.8338570603269,208.63306215077506,0.69347657033171,0.0,-0.7204791783257647,3.929013079667063,3.929013079667063
-84.88476465402658,1311.663290113915,208.02719283814798,-96.89431046351484,1324.3895267947094,205.10933528666388,0.69347657033171,0.0,-0.7204791783257647,3.929013079667063,3.929013079667063
-96.89431046351484,1324.3895267947094,205.10933528666388,-108.9038562730031,1337.1157634755036,202.19147773517975,0.69347657033171,0.0,-0.7204791783257647,3.929013079667063,3.929013079667063
-108.9038562730031,1337.1157634755036,202.19147773517975,-94.63317540604358,1348.5600937411214,205.71520459929098,0.69347657033171,0.0,-0.7204791783257647,3.929013079667063,3.929013079667063
-94.63317540604358,1348.5600937411214,205.71520459929098,-80.36249453908404,1360.0044240067389,209.2389314634022,0.69347657033171,0.0,-0.7204791783257647,3.929013079667063,3.929013079667063
-82.6236295965553,1335.8338570603269,208.63306215077506,-94.63317540604358,1348.5600937411214,205.71520459929098,0.69347657033171,0.0,-0.7204791783257647,3.929013079667063,3.929013079667063
-94.63317540604358,1348.5600937411214,205.71520459929098,-106.64272121553184,1361.2863304219156,202.79734704780688,0.69347657033171,0.0,-0.7204791783257647,3.929013079667063,3.929013079667063
-106.64272121553185,1361.2863304219156,202.79734704780688,-92.37204034857231,1372.7306606875331,206.32107391191812,0.69347657033171,0.0,-0.7204791783257647,3.929013079667063,3.929013079667063
-92.37204034857231,1372.7306606875331,206.32107391191812,-78.10135948161277,1384.1749909531507,209.84480077602933,0.69347657033171,0.0,-0.7204791783257647,3.929013079667063,3.929013079667063
-80.36249453908405,1360.0044240067389,209.2389314634022,-92.37204034857231,1372.7306606875331,206.32107391191812,0.69347657033171,0.0,-0.7204791783257647,3.929013079667063,3.929013079667063
-92.37204034857231,1372.7306606875331,206.32107391191812,-104.38158615806057,1385.4568973683274,203.40321636043402,0.69347657033171,0.0,-0.7204791783257647,3.929013079667063,3.929013079667063
-104.38158615806057,1385.4568973683274,203.40321636043402,-90.11090529110105,1396.901227633945,206.92694322454525,0.69347657033171,0.0,-0.7204791783257647,3.929013079667063,3.929013079667063
-90.11090529110105,1396.901227633945,206.92694322454525,-75.84022442414151,1408.3455578995624,210.45067008865647,0.69347657033171,0.0,-0.7204791783257647,3.929013079667063,3.929013079667063
-78.10135948161277,1384.1749909531507,209.84480077602933,-90.11090529110105,1396.901227633945,206.92694322454525,0.69347657033171,0.0,-0.7204791783257647,3.929013079667063,3.929013079667063
-90.11090529110105,1396.901227633945,206.92694322454525,-102.1204511005893,1409.6274643147392,204.00908567306112,0.69347657033171,0.0,-0.7204791783257647,3.929013079667063,3.929013079667063
-102.1204511005893,1409.6274643147392,204.00908567306112,-87.84977023362978,1421.071794580357,207.53281253717236,0.69347657033171,0.0,-0.7204791783257647,3.929013079667063,3.929013079667063
-87.84977023362978,1421.071794580357,207.53281253717236,-73.57908936667025,1432.5161248459744,211.0565394012836,0.69347657033171,0.0,-0.7204791783257647,3.929013079667063,3.929013079667063
-75.84022442414151,1408.3455578995624,210.45067008865647,-87.84977023362978,1421.071794580357,207.53281253717236,0.69347657033171,0.0,-0.7204791783257647,3.929013079667063,3.929013079667063
-87.84977023362978,1421.071794580357,207.53281253717236,-99.85931604311804,1433.7980312611512,204.61495498568826,0.69347657033171,0.0,-0.7204791783257647,3.929013079667063,3.929013079667063
-99.85931604311806,1433.798031261151,204.61495498568826,-85.58863517615852,1445.2423615267687,208.1386818497995,0.69347657033171,0.0,-0.7204791783257647,3.929013079667063,3.929013079667063
-85.58863517615852,1445.2423615267687,208.1386818497995,-71.31795430919898,1456.6866917923862,211.66240871391074,0.69347657033171,0.0,-0.7204791783257647,3.929013079667063,3.929013079667063
-73.57908936667026,1432.5161248459742,211.0565394012836,-85.58863517615852,1445.2423615267687,208.1386818497995,0.69347657033171,0.0,-0.7204791783257647,3.929013079667063,3.929013079667063
-85.58863517615852,1445.2423615267687,208.1386818497995,-97.59818098564678,1457.968598207563,205.2208242983154,0.69347657033171,0.0,-0.7204791783257647,3.929013079667063,3.929013079667063
-97.59818098564678,1457.968598207563,205.2208242983154,-83.32750011868725,1469.4129284731807,208.7445511624266,0.69347657033171,0.0,-0.7204791783257647,3.929013079667063,3.929013079667063
-83.32750011868725,1469.4129284731807,208.7445511624266,-69.05681925172772,1480.857258738798,212.2682780265378,0.69347657033171,0.0,-0.7204791783257647,3.929013079667063,3.929013079667063
-71.31795430919898,1456.6866917923862,211.66240871391074,-83.32750011868725,1469.4129284731807,208.7445511624266,0.69347657033171,0.0,-0.7204791783257647,3.929013079667063,3.929013079667063
-83.32750011868725,1469.4129284731807,208.7445511624266,-95.33704592817551,1482.1391651539748,205.8266936109425,0.69347657033171,0.0,-0.7204791783257647,3.929013079667063,3.929013079667063
-95.33704592817551,1482.139165153975,205.8266936109425,-81.06636506121599,1493.5834954195925,209.35042047505374,0.69347657033171,0.0,-0.7204791783257647,3.929013079667063,3.929013079667063
-81.06636506121599,1493.5834954195925,209.35042047505374,-66.79568419425645,1505.02782568521,212.87414733916495,0.69347657033171,0.0,-0.7204791783257647,3.929013079667063,3.929013079667063
-69.05681925172772,1480.8572587387982,212.2682780265378,-81.06636506121599,1493.5834954195925,209.35042047505374,0.69347657033171,0.0,-0.7204791783257647,3.929013079667063,3.929013079667063
-81.06636506121599,1493.5834954195925,209.35042047505374,-93.07591087070425,1506.3097321003868,206.43256292356963,0.69347657033171,0.0,-0.7204791783257647,3.929013079667063,3.929013079667063
-93.07591087070425,1506.3097321003868,206.43256292356963,-78.80523000374473,1517.7540623660043,209.95628978768087,0.69347657033171,0.0,-0.7204791783257647,3.929013079667063,3.929013079667063
-78.80523000374473,1517.7540623660043,209.95628978768087,-64.53454913678519,1529.1983926316218,213.48001665179208,0.69347657033171,0.0,-0.7204791783257647,3.929013079667063,3.929013079667063
-66.79568419425645,1505.02782568521,212.87414733916495,-78.80523000374473,1517.7540623660043,209.95628978768087,0.69347657033171,0.0,-0.7204791783257647,3.929013079667063,3.929013079667063
-78.80523000374473,1517.7540623660043,209.95628978768087,-90.81477581323298,1530.4802990467986,207.03843223619677,0.69347657033171,0.0,-0.7204791783257647,3.929013079667063,3.929013079667063
-90.81477581323298,1530.4802990467986,207.03843223619677,-76.54409494627346,1541.924629312416,210.56215910030798,0.69347657033171,0.0,-0.7204791783257647,3.929013079667063,3.929013079667063
-76.54409494627346,1541.924629312416,210.56215910030798,-62.27341407931394,1553.3689595780336,214.08588596441922,0.69347657033171,0.0,-0.7204791783257647,3.929013079667063,3.929013079667063
-64.53454913678519,1529.1983926316218,213.48001665179208,-76.54409494627346,1541.924629312416,210.56215910030798,0.69347657033171,0.0,-0.7204791783257647,3.929013079667063,3.929013079667063
-76.54409494627346,1541.924629312416,210.56215910030798,-88.55364075576173,1554.6508659932103,207.64430154882388,0.69347657033171,0.0,-0.7204791783257647,3.929013079667063,3.929013079667063
-88.55364075576172,1554.6508659932106,207.64430154882388,-74.2829598888022,1566.0951962588279,211.16802841293512,0.69347657033171,0.0,-0.7204791783257647,3.929013079667063,3.929013079667063
-74.2829598888022,1566.0951962588279,211.16802841293512,-60.01227902184266,1577.5395265244456,214.69175527704635,0.69347657033171,0.0,-0.7204791783257647,3.929013079667063,3.929013079667063
-62.27341407931392,1553.3689595780338,214.08588596441922,-74.2829598888022,1566.0951962588279,211.16802841293512,0.69347657033171,0.0,-0.7204791783257647,3.929013079667063,3.929013079667063
-74.2829598888022,1566.0951962588279,211.16802841293512,-86.29250569829046,1578.8214329396224,208.250170861451,0.69347657033171,0.0,-0.7204791783257647,3.929013079667063,3.929013079667063
-86.29250569829046,1578.8214329396224,208.250170861451,-72.02182483133092,1590.2657632052399,211.77389772556225,0.69347657033171,0.0,-0.7204791783257647,3.929013079667063,3.929013079667063
-72.02182483133092,1590.2657632052399,211.77389772556225,-57.75114396437141,1601.7100934708574,215.2976245896735,0.69347657033171,0.0,-0.7204791783257647,3.929013079667063,3.929013079667063
-60.01227902184266,1577.5395265244456,214.69175527704635,-72.02182483133092,1590.2657632052399,211.77389772556225,0.69347657033171,0.0,-0.7204791783257647,3.929013079667063,3.929013079667063
-72.02182483133092,1590.2657632052399,211.77389772556225,-84.0313706408192,1602.9919998860341,208.85604017407815,0.69347657033171,0.0,-0.7204791783257647,3.929013079667063,3.929013079667063
-84.03137064081919,1602.9919998860344,208.85604017407815,-69.76068977385967,1614.4363301516516,212.37976703818936,0.69347657033171,0.0,-0.7204791783257647,3.929013079667063,3.929013079667063
-69.76068977385967,1614.4363301516516,212.37976703818936,-55.49000890690013,1625.8806604172694,215.90349390230057,0.69347657033171,0.0,-0.7204791783257647,3.929013079667063,3.929013079667063
-57.751143964371394,1601.7100934708576,215.2976245896735,-69.76068977385967,1614.4363301516516,212.37976703818936,0.69347657033171,0.0,-0.7204791783257647,3.929013079667063,3.929013079667063
-69.76068977385967,1614.4363301516516,212.37976703818936,-81.77023558334793,1627.1625668324461,209.46190948670525,0.69347657033171,0.0,-0.7204791783257647,3.929013079667063,3.929013079667063
-81.77023558334793,1627.1625668324461,209.46190948670525,-67.49955471638839,1638.6068970980637,212.9856363508165,0.69347657033171,0.0,-0.7204791783257647,3.929013079667063,3.929013079667063
-67.49955471638839,1638.6068970980637,212.9856363508165,-53.22887384942887,1650.0512273636812,216.5093632149277,0.69347657033171,0.0,-0.7204791783257647,3.929013079667063,3.929013079667063
-55.49000890690013,1625.8806604172694,215.90349390230057,-67.49955471638839,1638.6068970980637,212.9856363508165,0.69347657033171,0.0,-0.7204791783257647,3.929013079667063,3.929013079667063
-67.49955471638839,1638.6068970980637,212.9856363508165,-79.50910052587668,1651.333133778858,210.0677787993324,0.69347657033171,0.0,-0.7204791783257647,3.929013079667063,3.929013079667063
-79.50910052587668,1651.333133778858,210.0677787993324,-65.23841965891714,1662.7774640444754,213.59150566344363,0.69347657033171,0.0,-0.7204791783257647,3.929013079667063,3.929013079667063
-65.23841965891714,1662.7774640444754,213.59150566344363,-50.967738791957615,1674.221794310093,217.11523252755484,0.69347657033171,0.0,-0.7204791783257647,3.929013079667063,3.929013079667063
-53.22887384942887,1650.0512273636812,216.5093632149277,-65.23841965891714,1662.7774640444754,213.59150566344363,0.69347657033171,0.0,-0.7204791783257647,3.929013079667063,3.929013079667063
-65.23841965891714,1662.7774640444754,213.59150566344363,-77.24796546840541,1675.5037007252697,210.6736481119595,0.69347657033171,0.0,-0.7204791783257647,3.929013079667063,3.929013079667063
-77.2479654684054,1675.5037007252697,210.6736481119595,-62.977284601445874,1686.9480309908872,214.19737497607073,0.69347657033171,0.0,-0.7204791783257647,3.929013079667063,3.929013079667063
-62.977284601445874,1686.9480309908872,214.19737497607073,-48.70660373448634,1698.3923612565047,217.72110184018197,0.69347657033171,0.0,-0.7204791783257647,3.929013079667063,3.929013079667063
-50.9677387919576,1674.221794310093,217.11523252755484,-62.977284601445874,1686.9480309908872,214.19737497607073,0.69347657033171,0.0,-0.7204791783257647,3.929013079667063,3.929013079667063
-62.977284601445874,1686.9480309908872,214.19737497607073,-74.98683041093415,1699.6742676716815,211.27951742458663,0.69347657033171,0.0,-0.7204791783257647,3.929013079667063,3.929013079667063
-74.98683041093415,1699.6742676716815,211.27951742458663,-60.71614954397461,1711.118597937299,214.80324428869787,0.69347657033171,0.0,-0.7204791783257647,3.929013079667063,3.929013079667063
-60.71614954397461,1711.118597937299,214.80324428869787,-46.445468677015086,1722.5629282029165,218.3269711528091,0.69347657033171,0.0,-0.7204791783257647,3.929013079667063,3.929013079667063
-48.70660373448634,1698.3923612565047,217.72110184018197,-60.71614954397461,1711.118597937299,214.80324428869787,0.69347657033171,0.0,-0.7204791783257647,3.929013079667063,3.929013079667063
-60.71614954397461,1711.118597937299,214.80324428869787,-72.72569535346288,1723.8448346180933,211.88538673721376,0.69347657033171,0.0,-0.7204791783257647,3.929013079667063,3.929013079667063
-72.72569535346288,1723.8448346180933,211.88538673721376,-58.455014486503345,1735.289164883711,215.409113601325,0.69347657033171,0.0,-0.7204791783257647,3.929013079667063,3.929013079667063
-58.455014486503345,1735.289164883711,215.409113601325,-44.184333619543814,1746.7334951493285,218.9328404654362,0.69347657033171,0.0,-0.7204791783257647,3.929013079667063,3.929013079667063
-46.445468677015086,1722.5629282029165,218.3269711528091,-58.455014486503345,1735.289164883711,215.409113601325,0.69347657033171,0.0,-0.7204791783257647,3.929013079667063,3.929013079667063
-58.455014486503345,1735.289164883711,215.409113601325,-70.46456029599162,1748.0154015645053,212.49125604984087,0.69347657033171,0.0,-0.7204791783257647,3.929013079667063,3.929013079667063
-70.46456029599162,1748.015401564505,212.49125604984087,-56.19387942903209,1759.4597318301228,216.0149829139521,0.69347657033171,0.0,-0.7204791783257647,3.929013079667063,3.929013079667063
-56.19387942903209,1759.4597318301228,216.0149829139521,-41.92319856207255,1770.9040620957405,219.53870977806332,0.69347657033171,0.0,-0.7204791783257647,3.929013079667063,3.929013079667063
-44.18433361954382,1746.7334951493283,218.9328404654362,-56.19387942903209,1759.4597318301228,216.0149829139521,0.69347657033171,0.0,-0.7204791783257647,3.929013079667063,3.929013079667063
-56.19387942903209,1759.4597318301228,216.0149829139521,-68.20342523852034,1772.1859685109173,213.097125362468,0.69347657033171,0.0,-0.7204791783257647,3.929013079667063,3.929013079667063
-68.20342523852034,1772.1859685109173,213.097125362468,-53.932744371560815,1783.6302987765348,216.62085222657925,0.69347657033171,0.0,-0.7204791783257647,3.929013079667063,3.929013079667063
-53.932744371560815,1783.6302987765348,216.62085222657925,-39.662063504601285,1795.0746290421523,220.14457909069046,0.69347657033171,0.0,-0.7204791783257647,3.929013079667063,3.929013079667063
-41.92319856207255,1770.9040620957405,219.53870977806332,-53.932744371560815,1783.6302987765348,216.62085222657925,0.69347657033171,0.0,-0.7204791783257647,3.929013079667063,3.929013079667063
-53.932744371560815,1783.6302987765348,216.62085222657925,-65.94229018104909,1796.356535457329,213.70299467509514,0.69347657033171,0.0,-0.7204791783257647,3.929013079667063,3.929013079667063
-65.94229018104909,1796.356535457329,213.70299467509514,-51.67160931408956,1807.8008657229466,217.22672153920638,0.69347657033171,0.0,-0.7204791783257647,3.929013079667063,3.929013079667063
-51.67160931408956,1807.8008657229466,217.22672153920638,-37.40092844713002,1819.245195988564,220.7504484033176,0.69347657033171,0.0,-0.7204791783257647,3.929013079667063,3.929013079667063
-39.66206350460129,1795.0746290421523,220.14457909069046,-51.67160931408956,1807.8008657229466,217.22672153920638,0.69347657033171,0.0,-0.7204791783257647,3.929013079667063,3.929013079667063
-51.67160931408956,1807.8008657229466,217.22672153920638,-63.68115512357782,1820.5271024037409,214.30886398772225,0.69347657033171,0.0,-0.7204791783257647,3.929013079667063,3.929013079667063
-63.68115512357782,1820.5271024037409,214.30886398772225,-49.410474256618286,1831.9714326693584,217.8325908518335,0.69347657033171,0.0,-0.7204791783257647,3.929013079667063,3.929013079667063
-49.410474256618286,1831.9714326693584,217.8325908518335,-35.13979338965875,1843.4157629349759,221.35631771594473,0.69347657033171,0.0,-0.7204791783257647,3.929013079667063,3.929013079667063
-37.40092844713002,1819.245195988564,220.7504484033176,-49.410474256618286,1831.9714326693584,217.8325908518335,0.69347657033171,0.0,-0.7204791783257647,3.929013079667063,3.929013079667063
-49.410474256618286,1831.9714326693584,217.8325908518335,-61.420020066106545,1844.6976693501526,214.91473330034938,0.69347657033171,0.0,-0.7204791783257647,3.929013079667063,3.929013079667063
-61.42002006610656,1844.6976693501526,214.91473330034938,-47.14933919914702,1856.1419996157701,218.43846016446062,0.69347657033171,0.0,-0.7204791783257647,3.929013079667063,3.929013079667063
-47.14933919914702,1856.1419996157701,218.43846016446062,-32.878658332187484,1867.5863298813879,221.96218702857186,0.69347657033171,0.0,-0.7204791783257647,3.929013079667063,3.929013079667063
-35.13979338965876,1843.4157629349759,221.35631771594473,-47.14933919914702,1856.1419996157701,218.43846016446062,0.69347657033171,0.0,-0.7204791783257647,3.929013079667063,3.929013079667063
-47.14933919914702,1856.1419996157701,218.43846016446062,-59.15888500863528,1868.8682362965646,215.52060261297652,0.69347657033171,0.0,-0.7204791783257647,3.929013079667063,3.929013079667063
-59.158885008635295,1868.8682362965644,215.52060261297652,-44.88820414167576,1880.312566562182,219.04432947708773,0.69347657033171,0.0,-0.7204791783257647,3.929013079667063,3.929013079667063
-44.88820414167576,1880.312566562182,219.04432947708773,-30.617523274716234,1891.7568968277997,222.56805634119894,0.69347657033171,0.0,-0.7204791783257647,3.929013079667063,3.929013079667063
-32.8786583321875,1867.5863298813877,221.96218702857186,-44.88820414167576,1880.312566562182,219.04432947708773,0.69347657033171,0.0,-0.7204791783257647,3.929013079667063,3.929013079667063
-44.88820414167576,1880.312566562182,219.04432947708773,-56.89774995116403,1893.0388032429764,216.12647192560362,0.69347657033171,0.0,-0.7204791783257647,3.929013079667063,3.929013079667063
-56.89774995116403,1893.0388032429764,216.12647192560362,-42.62706908420449,1904.483133508594,219.65019878971486,0.69347657033171,0.0,-0.7204791783257647,3.929013079667063,3.929013079667063
-42.62706908420449,1904.483133508594,219.65019878971486,-28.356388217244955,1915.9274637742117,223.17392565382607,0.69347657033171,0.0,-0.7204791783257647,3.929013079667063,3.929013079667063
-30.617523274716234,1891.7568968277997,222.56805634119894,-42.62706908420449,1904.483133508594,219.65019878971486,0.69347657033171,0.0,-0.7204791783257647,3.929013079667063,3.929013079667063
-42.62706908420449,1904.483133508594,219.65019878971486,-54.63661489369275,1917.2093701893884,216.73234123823076,0.69347657033171,0.0,-0.7204791783257647,3.929013079667063,3.929013079667063
-54.636614893692766,1917.2093701893882,216.73234123823076,-40.36593402673323,1928.653700455006,220.256068102342,0.69347657033171,0.0,-0.7204791783257647,3.929013079667063,3.929013079667063
-40.36593402673323,1928.653700455006,220.256068102342,-26.095253159773705,1940.0980307206235,223.7797949664532,0.69347657033171,0.0,-0.7204791783257647,3.929013079667063,3.929013079667063
-28.35638821724497,1915.9274637742114,223.17392565382607,-40.36593402673323,1928.653700455006,220.256068102342,0.69347657033171,0.0,-0.7204791783257647,3.929013079667063,3.929013079667063
-40.36593402673323,1928.653700455006,220.256068102342,-52.3754798362215,1941.3799371358002,217.3382105508579,0.69347657033171,0.0,-0.7204791783257647,3.929013079667063,3.929013079667063
-52.3754798362215,1941.3799371358002,217.3382105508579,-38.104798969261964,1952.8242674014177,220.8619374149691,0.69347657033171,0.0,-0.7204791783257647,3.929013079667063,3.929013079667063
-38.104798969261964,1952.8242674014177,220.8619374149691,-23.834118102302426,1964.2685976670352,224.38566427908034,0.69347657033171,0.0,-0.7204791783257647,3.929013079667063,3.929013079667063
-26.095253159773705,1940.0980307206235,223.7797949664532,-38.104798969261964,1952.8242674014177,220.8619374149691,0.69347657033171,0.0,-0.7204791783257647,3.929013079667063,3.929013079667063
-38.104798969261964,1952.8242674014177,220.8619374149691,-50.11434477875022,1965.550504082212,217.944079863485,0.69347657033171,0.0,-0.7204791783257647,3.929013079667063,3.929013079667063
-50.11434477875024,1965.550504082212,217.944079863485,-35.8436639117907,1976.9948343478295,221.46780672759624,0.69347657033171,0.0,-0.7204791783257647,3.929013079667063,3.929013079667063
-35.8436639117907,1976.9948343478295,221.46780672759624,-21.572983044831176,1988.439164613447,224.99153359170748,0.69347657033171,0.0,-0.7204791783257647,3.929013079667063,3.929013079667063
-23.83411810230244,1964.2685976670352,224.38566427908034,-35.8436639117907,1976.9948343478295,221.46780672759624,0.69347657033171,0.0,-0.7204791783257647,3.929013079667063,3.929013079667063
-35.8436639117907,1976.9948343478295,221.46780672759624,-47.85320972127897,1989.7210710286238,218.54994917611214,0.69347657033171,0.0,-0.7204791783257647,3.929013079667063,3.929013079667063
-47.85320972127897,1989.7210710286238,218.54994917611214,-33.58252885431945,2001.165401294241,222.07367604022338,0.69347657033171,0.0,-0.7204791783257647,3.929013079667063,3.929013079667063
-33.58252885431945,2001.165401294241,222.07367604022338,-19.31184798735991,2012.6097315598588,225.59740290433461,0.69347657033171,0.0,-0.7204791783257647,3.929013079667063,3.929013079667063
-21.572983044831176,1988.439164613447,224.99153359170748,-33.58252885431945,2001.165401294241,222.07367604022338,0.69347657033171,0.0,-0.7204791783257647,3.929013079667063,3.929013079667063
-33.58252885431945,2001.165401294241,222.07367604022338,-45.59207466380771,2013.8916379750356,219.15581848873927,0.69347657033171,0.0,-0.7204791783257647,3.929013079667063,3.929013079667063
-45.59207466380771,2013.8916379750356,219.15581848873927,-31.32139379684817,2025.3359682406528,222.67954535285048,0.69347657033171,0.0,-0.7204791783257647,3.929013079667063,3.929013079667063
-31.32139379684817,2025.3359682406528,222.67954535285048,-17.050712929888633,2036.7802985062706,226.2032722169617,0.69347657033171,0.0,-0.7204791783257647,3.929013079667063,3.929013079667063
-19.31184798735991,2012.6097315598588,225.59740290433461,-31.32139379684817,2025.3359682406528,222.67954535285048,0.69347657033171,0.0,-0.7204791783257647,3.929013079667063,3.929013079667063
-31.32139379684817,2025.3359682406528,222.67954535285048,-43.33093960633643,2038.0622049214473,219.76168780136638,0.69347657033171,0.0,-0.7204791783257647,3.929013079667063,3.929013079667063
-43.33093960633644,2038.0622049214473,219.76168780136638,-29.060258739376906,2049.5065351870644,223.28541466547762,0.69347657033171,0.0,-0.7204791783257647,3.929013079667063,3.929013079667063
-29.060258739376906,2049.5065351870644,223.28541466547762,-14.789577872417382,2060.9508654526826,226.80914152958883,0.69347657033171,0.0,-0.7204791783257647,3.929013079667063,3.929013079667063
-17.050712929888647,2036.7802985062706,226.2032722169617,-29.060258739376906,2049.5065351870644,223.28541466547762,0.69347657033171,0.0,-0.7204791783257647,3.929013079667063,3.929013079667063
-29.060258739376906,2049.5065351870644,223.28541466547762,-41.06980454886518,2062.2327718678594,220.3675571139935,0.69347657033171,0.0,-0.7204791783257647,3.929013079667063,3.929013079667063
-41.06980454886518,2062.2327718678594,220.3675571139935,-26.79912368190564,2073.6771021334766,223.89128397810475,0.69347657033171,0.0,-0.7204791783257647,3.929013079667063,3.929013079667063
-26.79912368190564,2073.6771021334766,223.89128397810475,-12.528442814946104,2085.1214323990944,227.41501084221596,0.69347657033171,0.0,-0.7204791783257647,3.929013079667063,3.929013079667063
-14.789577872417382,2060.9508654526826,226.80914152958883,-26.79912368190564,2073.6771021334766,223.89128397810475,0.69347657033171,0.0,-0.7204791783257647,3.929013079667063,3.929013079667063
-26.79912368190564,2073.6771021334766,223.89128397810475,-38.8086694913939,2086.403338814271,220.97342642662062,0.69347657033171,0.0,-0.7204791783257647,3.929013079667063,3.929013079667063
-38.808669491393914,2086.403338814271,220.97342642662062,-24.537988624434377,2097.8476690798884,224.49715329073186,0.69347657033171,0.0,-0.7204791783257647,3.929013079667063,3.929013079667063
-24.537988624434377,2097.8476690798884,224.49715329073186,-10.267307757474853,2109.291999345506,228.0208801548431,0.69347657033171,0.0,-0.7204791783257647,3.929013079667063,3.929013079667063
-12.528442814946118,2085.1214323990944,227.41501084221596,-24.537988624434377,2097.8476690798884,224.49715329073186,0.69347657033171,0.0,-0.7204791783257647,3.929013079667063,3.929013079667063
-24.537988624434377,2097.8476690798884,224.49715329073186,-36.54753443392265,2110.573905760683,221.57929573924775,0.69347657033171,0.0,-0.7204791783257647,3.929013079667063,3.929013079667063
-36.54753443392265,2110.573905760683,221.57929573924775,-22.276853566963126,2122.0182360263,225.103022603359,0.69347657033171,0.0,-0.7204791783257647,3.929013079667063,3.929013079667063
-22.276853566963126,2122.0182360263,225.103022603359,-8.006172700003589,2133.462566291918,228.62674946747023,0.69347657033171,0.0,-0.7204791783257647,3.929013079667063,3.929013079667063
-10.267307757474853,2109.291999345506,228.0208801548431,-22.276853566963126,2122.0182360263,225.103022603359,0.69347657033171,0.0,-0.7204791783257647,3.929013079667063,3.929013079667063
-22.276853566963126,2122.0182360263,225.103022603359,-34.286399376451385,2134.7444727070947,222.1851650518749,0.69347657033171,0.0,-0.7204791783257647,3.929013079667063,3.929013079667063
-34.286399376451385,2134.7444727070947,222.1851650518749,-20.015718509491847,2146.188802972712,225.70889191598613,0.69347657033171,0.0,-0.7204791783257647,3.929013079667063,3.929013079667063
-20.015718509491847,2146.188802972712,225.70889191598613,-5.745037642532324,2157.63313323833,229.23261878009737,0.69347657033171,0.0,-0.7204791783257647,3.929013079667063,3.929013079667063
-8.006172700003589,2133.462566291918,228.62674946747023,-20.015718509491847,2146.188802972712,225.70889191598613,0.69347657033171,0.0,-0.7204791783257647,3.929013079667063,3.929013079667063
-20.015718509491847,2146.188802972712,225.70889191598613,-32.02526431898012,2158.915039653507,222.79103436450202,0.69347657033171,0.0,-0.7204791783257647,3.929013079667063,3.929013079667063
-32.02526431898012,2158.9150396535065,222.791034364502,-17.754583452020597,2170.3593699191238,226.31476122861324,0.69347657033171,0.0,-0.7204791783257647,3.929013079667063,3.929013079667063
-17.754583452020597,2170.3593699191238,226.31476122861324,-3.483902585061074,2181.8037001847415,229.83848809272445,0.69347657033171,0.0,-0.7204791783257647,3.929013079667063,3.929013079667063
-5.745037642532324,2157.6331332383297,229.2326187800973,-17.754583452020597,2170.3593699191238,226.31476122861324,0.69347657033171,0.0,-0.7204791783257647,3.929013079667063,3.929013079667063
-17.754583452020597,2170.3593699191238,226.31476122861324,-29.76412926150887,2183.0856065999183,223.39690367712913,0.69347657033171,0.0,-0.7204791783257647,3.929013079667063,3.929013079667063
-29.76412926150887,2183.0856065999183,223.39690367712913,-15.49344839454933,2194.529936865536,226.92063054124037,0.69347657033171,0.0,-0.7204791783257647,3.929013079667063,3.929013079667063
-15.49344839454933,2194.529936865536,226.92063054124037,-1.2227675275897951,2205.9742671311537,230.44435740535158,0.69347657033171,0.0,-0.7204791783257647,3.929013079667063,3.929013079667063
-3.483902585061074,2181.8037001847415,229.83848809272445,-15.49344839454933,2194.529936865536,226.92063054124037,0.69347657033171,0.0,-0.7204791783257647,3.929013079667063,3.929013079667063
-15.49344839454933,2194.529936865536,226.92063054124037,-27.50299420403759,2207.2561735463305,224.00277298975627,0.69347657033171,0.0,-0.7204791783257647,3.929013079667063,3.929013079667063
-27.50299420403759,2207.2561735463305,224.00277298975627,-13.232313337078052,2218.700503811948,227.5264998538675,0.69347657033171,0.0,-0.7204791783257647,3.929013079667063,3.929013079667063
-13.232313337078052,2218.700503811948,227.5264998538675,1.0383675298814552,2230.1448340775655,231.05022671797872,0.69347657033171,0.0,-0.7204791783257647,3.929013079667063,3.929013079667063
-1.2227675275897951,2205.9742671311537,230.44435740535158,-13.232313337078052,2218.700503811948,227.5264998538675,0.69347657033171,0.0,-0.7204791783257647,3.929013079667063,3.929013079667063
-13.232313337078052,2218.700503811948,227.5264998538675,-25.24185914656634,2231.4267404927423,224.60864230238337,0.69347657033171,0.0,-0.7204791783257647,3.929013079667063,3.929013079667063
-25.24185914656634,2231.4267404927423,224.60864230238337,-10.971178279606816,2242.8710707583596,228.1323691664946,0.69347657033171,0.0,-0.7204791783257647,3.929013079667063,3.929013079667063
-10.971178279606816,2242.8710707583596,228.1323691664946,3.2995025873527197,2254.3154010239773,231.65609603060585,0.69347657033171,0.0,-0.7204791783257647,3.929013079667063,3.929013079667063
1.0383675298814552,2230.1448340775655,231.05022671797872,-10.971178279606816,2242.8710707583596,228.1323691664946,0.69347657033171,0.0,-0.7204791783257647,3.929013079667063,3.929013079667063
-10.971178279606816,2242.8710707583596,228.1323691664946,-22.980724089095077,2255.597307439154,225.2145116150105,0.69347657033171,0.0,-0.7204791783257647,3.929013079667063,3.929013079667063
-22.980724089095077,2255.597307439154,225.2145116150105,-8.710043222135537,2267.0416377047713,228.73823847912175,0.69347657033171,0.0,-0.7204791783257647,3.929013079667063,3.929013079667063
-8.710043222135537,2267.0416377047713,228.73823847912175,5.5606376448239985,2278.485967970389,232.261965343233,0.69347657033171,0.0,-0.7204791783257647,3.929013079667063,3.929013079667063
3.2995025873527197,2254.3154010239773,231.65609603060585,-8.710043222135537,2267.0416377047713,228.73823847912175,0.69347657033171,0.0,-0.7204791783257647,3.929013079667063,3.929013079667063
-8.710043222135537,2267.0416377047713,228.73823847912175,-20.719589031623798,2279.767874385566,225.82038092763764,0.69347657033171,0.0,-0.7204791783257647,3.929013079667063,3.929013079667063
-20.719589031623798,2279.767874385566,225.82038092763764,-6.448908164664273,2291.212204651183,229.34410779174885,0.69347657033171,0.0,-0.7204791783257647,3.929013079667063,3.929013079667063
-6.448908164664273,2291.212204651183,229.34410779174885,7.821772702295263,2302.656534916801,232.86783465586007,0.69347657033171,0.0,-0.7204791783257647,3.929013079667063,3.929013079667063
5.5606376448239985,2278.485967970389,232.261965343233,-6.448908164664273,2291.212204651183,229.34410779174885,0.69347657033171,0.0,-0.7204791783257647,3.929013079667063,3.929013079667063
-6.448908164664273,2291.212204651183,229.34410779174885,-18.458453974152533,2303.9384413319776,226.42625024026475,0.69347657033171,0.0,-0.7204791783257647,3.929013079667063,3.929013079667063
-108.53448275862065,1160.187213427769,187.9872385111394,-119.09219780347674,1184.3577803741807,195.9940743810467,0.0,0.0,1.0,3.929013079667063,3.929013079667063
-93.45449759882204,1184.3577803741807,181.19214126648637,-104.01221264367813,1208.5283473205927,189.19897713639364,0.0,0.0,1.0,3.929013079667063,3.929013079667063
-104.01221264367813,1208.5283473205927,189.19897713639364,-114.56992768853421,1232.6989142670045,197.20581300630093,0.0,0.0,1.0,3.929013079667063,3.929013079667063
-119.09219780347674,1184.3577803741807,195.9940743810467,-104.01221264367813,1208.5283473205927,189.19897713639364,0.0,0.0,1.0,3.929013079667063,3.929013079667063
-104.01221264367813,1208.5283473205927,189.19897713639364,-88.93222748387952,1232.6989142670045,182.40387989174062,0.0,0.0,1.0,3.929013079667063,3.929013079667063
-88.93222748387952,1232.6989142670045,182.40387989174062,-99.4899425287356,1256.8694812134163,190.4107157616479,0.0,0.0,1.0,3.929013079667063,3.929013079667063
-99.4899425287356,1256.8694812134163,190.4107157616479,-110.04765757359168,1281.0400481598283,198.41755163155517,0.0,0.0,1.0,3.929013079667063,3.929013079667063
-114.56992768853421,1232.6989142670045,197.20581300630093,-99.4899425287356,1256.8694812134163,190.4107157616479,0.0,0.0,1.0,3.929013079667063,3.929013079667063
-99.4899425287356,1256.8694812134163,190.4107157616479,-84.40995736893699,1281.0400481598283,183.61561851699486,0.0,0.0,1.0,3.929013079667063,3.929013079667063
-84.40995736893699,1281.0400481598283,183.61561851699486,-94.96767241379307,1305.21061510624,191.62245438690215,0.0,0.0,1.0,3.929013079667063,3.929013079667063
-94.96767241379307,1305.21061510624,191.62245438690215,-105.52538745864915,1329.3811820526519,199.6292902568094,0.0,0.0,1.0,3.929013079667063,3.929013079667063
-110.04765757359168,1281.0400481598283,198.41755163155517,-94.96767241379307,1305.21061510624,191.62245438690215,0.0,0.0,1.0,3.929013079667063,3.929013079667063
-94.96767241379307,1305.21061510624,191.62245438690215,-79.88768725399446,1329.3811820526519,184.8273571422491,0.0,0.0,1.0,3.929013079667063,3.929013079667063
-79.88768725399446,1329.3811820526519,184.8273571422491,-90.44540229885054,1353.5517489990636,192.8341930121564,0.0,0.0,1.0,3.929013079667063,3.929013079667063
-90.44540229885054,1353.5517489990636,192.8341930121564,-101.00311734370662,1377.7223159454757,200.84102888206368,0.0,0.0,1.0,3.929013079667063,3.929013079667063
-105.52538745864915,1329.3811820526519,199.6292902568094,-90.44540229885054,1353.5517489990636,192.8341930121564,0.0,0.0,1.0,3.929013079667063,3.929013079667063
-90.44540229885054,1353.5517489990636,192.8341930121564,-75.36541713905193,1377.7223159454757,186.03909576750337,0.0,0.0,1.0,3.929013079667063,3.929013079667063
-75.36541713905193,1377.7223159454757,186.03909576750337,-85.92313218390801,1401.8928828918874,194.04593163741063,0.0,0.0,1.0,3.929013079667063,3.929013079667063
-85.92313218390801,1401.8928828918874,194.04593163741063,-96.48084722876409,1426.0634498382992,202.05276750731792,0.0,0.0,1.0,3.929013079667063,3.929013079667063
-101.00311734370662,1377.7223159454757,200.84102888206368,-85.92313218390801,1401.8928828918874,194.04593163741063,0.0,0.0,1.0,3.929013079667063,3.929013079667063
-85.92313218390801,1401.8928828918874,194.04593163741063,-70.8431470241094,1426.0634498382992,187.2508343927576,0.0,0.0,1.0,3.929013079667063,3.929013079667063
-70.8431470241094,1426.0634498382992,187.2508343927576,-81.4008620689655,1450.2340167847112,195.2576702626649,0.0,0.0,1.0,3.929013079667063,3.929013079667063
-81.4008620689655,1450.2340167847112,195.2576702626649,-91.95857711382156,1474.404583731123,203.26450613257217,0.0,0.0,1.0,3.929013079667063,3.929013079667063
-96.48084722876409,1426.0634498382992,202.05276750731792,-81.4008620689655,1450.2340167847112,195.2576702626649,0.0,0.0,1.0,3.929013079667063,3.929013079667063
-81.4008620689655,1450.2340167847112,195.2576702626649,-66.32087690916687,1474.404583731123,188.46257301801185,0.0,0.0,1.0,3.929013079667063,3.929013079667063
-66.32087690916687,1474.404583731123,188.46257301801185,-76.87859195402297,1498.5751506775348,196.46940888791914,0.0,0.0,1.0,3.929013079667063,3.929013079667063
-76.87859195402297,1498.5751506775348,196.46940888791914,-87.43630699887903,1522.7457176239468,204.47624475782644,0.0,0.0,1.0,3.929013079667063,3.929013079667063
-91.95857711382156,1474.404583731123,203.26450613257217,-76.87859195402297,1498.5751506775348,196.46940888791914,0.0,0.0,1.0,3.929013079667063,3.929013079667063
-76.87859195402297,1498.5751506775348,196.46940888791914,-61.798606794224334,1522.7457176239468,189.67431164326612,0.0,0.0,1.0,3.929013079667063,3.929013079667063
-61.79860679422435,1522.7457176239466,189.67431164326612,-72.35632183908044,1546.9162845703586,197.68114751317339,0.0,0.0,1.0,3.929013079667063,3.929013079667063
-72.35632183908044,1546.9162845703586,197.68114751317339,-82.91403688393652,1571.0868515167704,205.68798338308068,0.0,0.0,1.0,3.929013079667063,3.929013079667063
-87.43630699887905,1522.7457176239466,204.47624475782644,-72.35632183908044,1546.9162845703586,197.68114751317339,0.0,0.0,1.0,3.929013079667063,3.929013079667063
-72.35632183908044,1546.9162845703586,197.68114751317339,-57.27633667928182,1571.0868515167704,190.88605026852036,0.0,0.0,1.0,3.929013079667063,3.929013079667063
-57.27633667928182,1571.0868515167704,190.88605026852036,-67.83405172413791,1595.2574184631824,198.89288613842766,0.0,0.0,1.0,3.929013079667063,3.929013079667063
-67.83405172413791,1595.2574184631824,198.89288613842766,-78.39176676899399,1619.4279854095942,206.89972200833492,0.0,0.0,1.0,3.929013079667063,3.929013079667063
-82.91403688393652,1571.0868515167704,205.68798338308068,-67.83405172413791,1595.2574184631824,198.89288613842766,0.0,0.0,1.0,3.929013079667063,3.929013079667063
-67.83405172413791,1595.2574184631824,198.89288613842766,-52.75406656433929,1619.4279854095942,192.0977888937746,0.0,0.0,1.0,3.929013079667063,3.929013079667063
-52.75406656433929,1619.4279854095942,192.0977888937746,-63.31178160919537,1643.598552356006,200.1046247636819,0.0,0.0,1.0,3.929013079667063,3.929013079667063
-63.31178160919537,1643.598552356006,200.1046247636819,-73.86949665405146,1667.7691193024177,208.1114606335892,0.0,0.0,1.0,3.929013079667063,3.929013079667063
-78.39176676899399,1619.4279854095942,206.89972200833492,-63.31178160919537,1643.598552356006,200.1046247636819,0.0,0.0,1.0,3.929013079667063,3.929013079667063
-63.31178160919537,1643.598552356006,200.1046247636819,-48.231796449396754,1667.7691193024177,193.30952751902888,0.0,0.0,1.0,3.929013079667063,3.929013079667063
-48.231796449396754,1667.7691193024177,193.30952751902888,-58.78951149425285,1691.9396862488295,201.31636338893614,0.0,0.0,1.0,3.929013079667063,3.929013079667063
-58.78951149425285,1691.9396862488295,201.31636338893614,-69.34722653910893,1716.1102531952417,209.32319925884343,0.0,0.0,1.0,3.929013079667063,3.929013079667063
-73.86949665405146,1667.7691193024177,208.1114606335892,-58.78951149425285,1691.9396862488295,201.31636338893614,0.0,0.0,1.0,3.929013079667063,3.929013079667063
-58.78951149425285,1691.9396862488295,201.31636338893614,-43.709526334454225,1716.1102531952417,194.52126614428312,0.0,0.0,1.0,3.929013079667063,3.929013079667063
-43.70952633445424,1716.1102531952415,194.52126614428312,-54.26724137931032,1740.2808201416535,202.52810201419038,0.0,0.0,1.0,3.929013079667063,3.929013079667063
-54.26724137931032,1740.2808201416535,202.52810201419038,-64.8249564241664,1764.4513870880653,210.53493788409767,0.0,0.0,1.0,3.929013079667063,3.929013079667063
-69.34722653910895,1716.1102531952415,209.32319925884343,-54.26724137931032,1740.2808201416535,202.52810201419038,0.0,0.0,1.0,3.929013079667063,3.929013079667063
-54.26724137931032,1740.2808201416535,202.52810201419038,-39.1872562195117,1764.4513870880653,195.73300476953736,0.0,0.0,1.0,3.929013079667063,3.929013079667063
-39.187256219511696,1764.4513870880653,195.73300476953736,-49.74497126436779,1788.621954034477,203.73984063944465,0.0,0.0,1.0,3.929013079667063,3.929013079667063
-49.74497126436779,1788.621954034477,203.73984063944465,-60.30268630922388,1812.7925209808889,211.74667650935191,0.0,0.0,1.0,3.929013079667063,3.929013079667063
-64.8249564241664,1764.4513870880653,210.53493788409767,-49.74497126436779,1788.621954034477,203.73984063944465,0.0,0.0,1.0,3.929013079667063,3.929013079667063
-49.74497126436779,1788.621954034477,203.73984063944465,-34.664986104569174,1812.7925209808889,196.9447433947916,0.0,0.0,1.0,3.929013079667063,3.929013079667063
-34.66498610456917,1812.792520980889,196.94474339479163,-45.222701149425255,1836.9630879273009,204.9515792646989,0.0,0.0,1.0,3.929013079667063,3.929013079667063
-45.222701149425255,1836.9630879273009,204.9515792646989,-55.78041619428135,1861.1336548737127,212.95841513460618,0.0,0.0,1.0,3.929013079667063,3.929013079667063
-60.30268630922387,1812.792520980889,211.74667650935194,-45.222701149425255,1836.9630879273009,204.9515792646989,0.0,0.0,1.0,3.929013079667063,3.929013079667063
-45.222701149425255,1836.9630879273009,204.9515792646989,-30.142715989626645,1861.1336548737127,198.15648202004587,0.0,0.0,1.0,3.929013079667063,3.929013079667063
-30.142715989626645,1861.1336548737127,198.15648202004587,-40.70043103448273,1885.3042218201244,206.16331788995313,0.0,0.0,1.0,3.929013079667063,3.929013079667063
-40.70043103448273,1885.3042218201244,206.16331788995313,-51.258146079338836,1909.4747887665364,214.17015375986043,0.0,0.0,1.0,3.929013079667063,3.929013079667063
-55.78041619428135,1861.1336548737127,212.95841513460618,-40.70043103448273,1885.3042218201244,206.16331788995313,0.0,0.0,1.0,3.929013079667063,3.929013079667063
-40.70043103448273,1885.3042218201244,206.16331788995313,-25.62044587468413,1909.4747887665364,199.3682206453001,0.0,0.0,1.0,3.929013079667063,3.929013079667063
-25.620445874684115,1909.4747887665364,199.3682206453001,-36.178160919540204,1933.6453557129482,207.3750565152074,0.0,0.0,1.0,3.929013079667063,3.929013079667063
-36.178160919540204,1933.6453557129482,207.3750565152074,-46.73587596439631,1957.81592265936,215.38189238511467,0.0,0.0,1.0,3.929013079667063,3.929013079667063
-51.25814607933882,1909.4747887665364,214.17015375986043,-36.178160919540204,1933.6453557129482,207.3750565152074,0.0,0.0,1.0,3.929013079667063,3.929013079667063
-36.178160919540204,1933.6453557129482,207.3750565152074,-21.0981757597416,1957.81592265936,200.57995927055435,0.0,0.0,1.0,3.929013079667063,3.929013079667063
-21.098175759741586,1957.81592265936,200.57995927055435,-31.655890804597675,1981.9864896057718,208.58679514046165,0.0,0.0,1.0,3.929013079667063,3.929013079667063
-31.655890804597675,1981.9864896057718,208.58679514046165,-42.213605849453764,2006.1570565521836,216.5936310103689,0.0,0.0,1.0,3.929013079667063,3.929013079667063
-46.73587596439629,1957.81592265936,215.38189238511467,-31.655890804597675,1981.9864896057718,208.58679514046165,0.0,0.0,1.0,3.929013079667063,3.929013079667063
-31.655890804597675,1981.9864896057718,208.58679514046165,-16.575905644799057,2006.1570565521836,201.7916978958086,0.0,0.0,1.0,3.929013079667063,3.929013079667063
-16.575905644799057,2006.157056552184,201.79169789580862,-27.133620689655146,2030.3276234985958,209.7985337657159,0.0,0.0,1.0,3.929013079667063,3.929013079667063
-27.133620689655146,2030.3276234985958,209.7985337657159,-37.691335734511235,2054.4981904450074,217.80536963562318,0.0,0.0,1.0,3.929013079667063,3.929013079667063
-42.213605849453764,2006.157056552184,216.59363101036894,-27.133620689655146,2030.3276234985958,209.7985337657159,0.0,0.0,1.0,3.929013079667063,3.929013079667063
-27.133620689655146,2030.3276234985958,209.7985337657159,-12.05363552985653,2054.4981904450074,203.00343652106287,0.0,0.0,1.0,3.929013079667063,3.929013079667063
-12.05363552985653,2054.4981904450074,203.00343652106287,-22.611350574712617,2078.668757391419,211.01027239097016,0.0,0.0,1.0,3.929013079667063,3.929013079667063
-22.611350574712617,2078.668757391419,211.01027239097016,-33.169065619568705,2102.839324337831,219.01710826087742,0.0,0.0,1.0,3.929013079667063,3.929013079667063
-37.691335734511235,2054.4981904450074,217.80536963562318,-22.611350574712617,2078.668757391419,211.01027239097016,0.0,0.0,1.0,3.929013079667063,3.929013079667063
-22.611350574712617,2078.668757391419,211.01027239097016,-7.531365414914001,2102.839324337831,204.2151751463171,0.0,0.0,1.0,3.929013079667063,3.929013079667063
-7.531365414914001,2102.839324337831,204.2151751463171,-18.089080459770088,2127.0098912842427,212.2220110162244,0.0,0.0,1.0,3.929013079667063,3.929013079667063
-18.089080459770088,2127.0098912842427,212.2220110162244,-28.64679550462619,2151.1804582306545,220.22884688613166,0.0,0.0,1.0,3.929013079667063,3.929013079667063
-33.169065619568705,2102.839324337831,219.01710826087742,-18.089080459770088,2127.0098912842427,212.2220110162244,0.0,0.0,1.0,3.929013079667063,3.929013079667063
-18.089080459770088,2127.0098912842427,212.2220110162244,-3.009095299971486,2151.1804582306545,205.42691377157135,0.0,0.0,1.0,3.929013079667063,3.929013079667063
-3.009095299971472,2151.180458230655,205.42691377157135,-13.566810344827559,2175.3510251770667,213.43374964147864,0.0,0.0,1.0,3.929013079667063,3.929013079667063
-13.566810344827559,2175.3510251770667,213.43374964147864,-24.12452538968366,2199.5215921234785,221.44058551138593,0.0,0.0,1.0,3.929013079667063,3.929013079667063
-28.646795504626176,2151.180458230655,220.22884688613166,-13.566810344827559,2175.3510251770667,213.43374964147864,0.0,0.0,1.0,3.929013079667063,3.929013079667063
-13.566810344827559,2175.3510251770667,213.43374964147864,1.513174814971043,2199.5215921234785,206.63865239682562,0.0,0.0,1.0,3.929013079667063,3.929013079667063
1.513174814971057,2199.5215921234785,206.63865239682562,-9.044540229885044,2223.6921590698903,214.64548826673288,0.0,0.0,1.0,3.929013079667063,3.929013079667063
-9.044540229885044,2223.6921590698903,214.64548826673288,-19.602255274741132,2247.862726016302,222.65232413664017,0.0,0.0,1.0,3.929013079667063,3.929013079667063
-24.124525389683647,2199.5215921234785,221.44058551138593,-9.044540229885044,2223.6921590698903,214.64548826673288,0.0,0.0,1.0,3.929013079667063,3.929013079667063
-9.044540229885044,2223.6921590698903,214.64548826673288,6.035444929913572,2247.862726016302,207.85039102207986,0.0,0.0,1.0,3.929013079667063,3.929013079667063
6.035444929913558,2247.862726016302,207.85039102207986,-4.522270114942529,2272.033292962714,215.85722689198712,0.0,0.0,1.0,3.929013079667063,3.929013079667063
-4.522270114942529,2272.033292962714,215.85722689198712,-15.079985159798602,2296.2038599091256,223.86406276189442,0.0,0.0,1.0,3.929013079667063,3.929013079667063
-19.602255274741147,2247.862726016302,222.65232413664017,-4.522270114942529,2272.033292962714,215.85722689198712,0.0,0.0,1.0,3.929013079667063,3.929013079667063
-4.522270114942529,2272.033292962714,215.85722689198712,10.557715044856101,2296.2038599091256,209.0621296473341,0.0,0.0,1.0,3.929013079667063,3.929013079667063
1.4210854715202004e-14,2320.3744268555374,217.0689655172414,-15.079985159798602,2296.2038599091256,223.86406276189442,0.0,0.0,1.0,3.929013079667063,3.929013079667063
-88.93222748387952,1232.6989142670045,182.40387989174062,-84.10663223274395,1240.4334956898563,180.22944877345165,0.0,0.0,1.0,3.929013079667063,3.929013079667063
-114.56992768853421,1232.6989142670045,197.20581300630093,-117.94839650288816,1240.4334956898563,199.76800048467126,0.0,0.0,1.0,3.929013079667063,3.929013079667063
-84.40995736893699,1281.0400481598283,183.61561851699486,-79.58436211780142,1288.77462958268,181.4411873987059,0.0,0.0,1.0,3.929013079667063,3.929013079667063
-110.04765757359168,1281.0400481598283,198.41755163155517,-113.42612638794563,1288.77462958268,200.9797391099255,0.0,0.0,1.0,3.929013079667063,3.929013079667063
-79.88768725399446,1329.3811820526519,184.8273571422491,-75.06209200285889,1337.1157634755036,182.65292602396013,0.0,0.0,1.0,3.929013079667063,3.929013079667063
-105.52538745864915,1329.3811820526519,199.6292902568094,-108.9038562730031,1337.1157634755036,202.19147773517975,0.0,0.0,1.0,3.929013079667063,3.929013079667063
-75.36541713905193,1377.7223159454757,186.03909576750337,-70.53982188791637,1385.4568973683274,183.8646646492144,0.0,0.0,1.0,3.929013079667063,3.929013079667063
-101.00311734370662,1377.7223159454757,200.84102888206368,-104.38158615806059,1385.4568973683274,203.40321636043402,0.0,0.0,1.0,3.929013079667063,3.929013079667063
-70.8431470241094,1426.0634498382992,187.2508343927576,-66.01755177297385,1433.798031261151,185.07640327446865,0.0,0.0,1.0,3.929013079667063,3.929013079667063
-96.48084722876409,1426.0634498382992,202.05276750731792,-99.85931604311806,1433.798031261151,204.61495498568826,0.0,0.0,1.0,3.929013079667063,3.929013079667063
-66.32087690916687,1474.404583731123,188.46257301801185,-61.4952816580313,1482.1391651539748,186.2881418997229,0.0,0.0,1.0,3.929013079667063,3.929013079667063
-91.95857711382156,1474.404583731123,203.26450613257217,-95.33704592817551,1482.1391651539748,205.8266936109425,0.0,0.0,1.0,3.929013079667063,3.929013079667063
-61.798606794224334,1522.7457176239468,189.67431164326612,-56.973011543088774,1530.4802990467986,187.49988052497716,0.0,0.0,1.0,3.929013079667063,3.929013079667063
-87.43630699887903,1522.7457176239468,204.47624475782644,-90.81477581323298,1530.4802990467986,207.03843223619677,0.0,0.0,1.0,3.929013079667063,3.929013079667063
-57.27633667928182,1571.0868515167704,190.88605026852036,-52.45074142814626,1578.8214329396221,188.7116191502314,0.0,0.0,1.0,3.929013079667063,3.929013079667063
-82.91403688393652,1571.0868515167704,205.68798338308068,-86.29250569829047,1578.8214329396221,208.250170861451,0.0,0.0,1.0,3.929013079667063,3.929013079667063
-52.75406656433929,1619.4279854095942,192.0977888937746,-47.92847131320373,1627.162566832446,189.92335777548564,0.0,0.0,1.0,3.929013079667063,3.929013079667063
-78.39176676899399,1619.4279854095942,206.89972200833492,-81.77023558334794,1627.162566832446,209.46190948670525,0.0,0.0,1.0,3.929013079667063,3.929013079667063
-48.231796449396754,1667.7691193024177,193.30952751902888,-43.4062011982612,1675.5037007252697,191.13509640073988,0.0,0.0,1.0,3.929013079667063,3.929013079667063
-73.86949665405146,1667.7691193024177,208.1114606335892,-77.24796546840541,1675.5037007252697,210.6736481119595,0.0,0.0,1.0,3.929013079667063,3.929013079667063
-43.709526334454225,1716.1102531952417,194.52126614428312,-38.88393108331867,1723.8448346180933,192.34683502599415,0.0,0.0,1.0,3.929013079667063,3.929013079667063
-69.34722653910893,1716.1102531952417,209.32319925884343,-72.72569535346288,1723.8448346180933,211.88538673721376,0.0,0.0,1.0,3.929013079667063,3.929013079667063
-39.1872562195117,1764.4513870880653,195.73300476953736,-34.36166096837615,1772.185968510917,193.5585736512484,0.0,0.0,1.0,3.929013079667063,3.929013079667063
-64.8249564241664,1764.4513870880653,210.53493788409767,-68.20342523852037,1772.185968510917,213.097125362468,0.0,0.0,1.0,3.929013079667063,3.929013079667063
-34.664986104569174,1812.7925209808889,196.9447433947916,-29.83939085343362,1820.5271024037409,194.77031227650264,0.0,0.0,1.0,3.929013079667063,3.929013079667063
-60.30268630922388,1812.7925209808889,211.74667650935191,-63.68115512357783,1820.5271024037409,214.30886398772225,0.0,0.0,1.0,3.929013079667063,3.929013079667063
-30.142715989626645,1861.1336548737127,198.15648202004587,-25.317120738491084,1868.8682362965644,195.9820509017569,0.0,0.0,1.0,3.929013079667063,3.929013079667063
-55.78041619428135,1861.1336548737127,212.95841513460618,-59.158885008635295,1868.8682362965644,215.52060261297652,0.0,0.0,1.0,3.929013079667063,3.929013079667063
-25.62044587468413,1909.4747887665364,199.3682206453001,-20.79485062354857,1917.209370189388,197.19378952701115,0.0,0.0,1.0,3.929013079667063,3.929013079667063
-51.258146079338836,1909.4747887665364,214.17015375986043,-54.63661489369278,1917.209370189388,216.73234123823076,0.0,0.0,1.0,3.929013079667063,3.929013079667063
-21.0981757597416,1957.81592265936,200.57995927055435,-16.27258050860604,1965.550504082212,198.4055281522654,0.0,0.0,1.0,3.929013079667063,3.929013079667063
-46.73587596439631,1957.81592265936,215.38189238511467,-50.11434477875025,1965.550504082212,217.944079863485,0.0,0.0,1.0,3.929013079667063,3.929013079667063
-16.575905644799057,2006.1570565521836,201.7916978958086,-11.750310393663511,2013.8916379750356,199.61726677751963,0.0,0.0,1.0,3.929013079667063,3.929013079667063
-42.213605849453764,2006.1570565521836,216.5936310103689,-45.59207466380772,2013.8916379750356,219.15581848873924,0.0,0.0,1.0,3.929013079667063,3.929013079667063
-12.05363552985653,2054.4981904450074,203.00343652106287,-7.228040278720982,2062.232771867859,200.8290054027739,0.0,0.0,1.0,3.929013079667063,3.929013079667063
-37.691335734511235,2054.4981904450074,217.80536963562318,-41.06980454886519,2062.232771867859,220.3675571139935,0.0,0.0,1.0,3.929013079667063,3.929013079667063
-7.531365414914001,2102.839324337831,204.2151751463171,-2.705770163778439,2110.573905760683,202.04074402802814,0.0,0.0,1.0,3.929013079667063,3.929013079667063
-33.169065619568705,2102.839324337831,219.01710826087742,-36.54753443392265,2110.573905760683,221.57929573924775,0.0,0.0,1.0,3.929013079667063,3.929013079667063
-3.009095299971486,2151.1804582306545,205.42691377157135,1.8164999511640758,2158.9150396535065,203.25248265328239,0.0,0.0,1.0,3.929013079667063,3.929013079667063
-28.64679550462619,2151.1804582306545,220.22884688613166,-32.025264318980135,2158.9150396535065,222.791034364502,0.0,0.0,1.0,3.929013079667063,3.929013079667063
1.513174814971043,2199.5215921234785,206.63865239682562,6.338770066106591,2207.25617354633,204.46422127853663,0.0,0.0,1.0,3.929013079667063,3.929013079667063
-24.12452538968366,2199.5215921234785,221.44058551138593,-27.50299420403762,2207.25617354633,224.00277298975624,0.0,0.0,1.0,3.929013079667063,3.929013079667063
6.035444929913572,2247.862726016302,207.85039102207986,10.861040181049134,2255.597307439154,205.6759599037909,0.0,0.0,1.0,3.929013079667063,3.929013079667063
-19.602255274741132,2247.862726016302,222.65232413664017,-22.980724089095077,2255.597307439154,225.2145116150105,0.0,0.0,1.0,3.929013079667063,3.929013079667063
10.557715044856101,2296.2038599091256,209.0621296473341,15.383310295991663,2303.9384413319776,206.88769852904514,0.0,0.0,1.0,3.929013079667063,3.929013079667063
-15.079985159798602,2296.2038599091256,223.86406276189442,-18.458453974152548,2303.9384413319776,226.42625024026475,0.0,0.0,1.0,3.929013079667063,3.929013079667063
1.4210854715202004e-14,2320.3744268555374,217.0689655172414,10.557715044856101,2296.2038599091256,209.0621296473341,0.0,0.0,1.0,3.929013079667063,3.929013079667063
-75.60344827586204,1160.187213427769,130.94901364119875,-61.85956627781616,1184.3577803741807,129.7959810294209,0.0,0.0,1.0,3.929013079667063,3.929013079667063
-77.1254513234088,1192.9848075213158,148.13499760502387,-67.87000398681405,1204.6238681323803,138.204487793449,-0.6900981947236448,0.0,-0.7237157464358271,3.929013079667063,3.929013079667063
-67.87000398681405,1204.6238681323803,138.204487793449,-58.61455665021933,1216.2629287434445,128.27397798187414,-0.6900981947236448,0.0,-0.7237157464358271,3.929013079667063,3.929013079667063
-57.46152403844148,1192.0923617970325,129.427010593652,-67.87000398681405,1204.6238681323803,138.204487793449,-0.6900981947236448,0.0,-0.7237157464358271,3.929013079667063,3.929013079667063
-67.87000398681405,1204.6238681323803,138.204487793449,-78.27848393518664,1217.1553744677278,146.981964993246,-0.6900981947236448,0.0,-0.7237157464358271,3.929013079667063,3.929013079667063
-78.27848393518664,1217.1553744677278,146.981964993246,-69.02303659859191,1228.794435078792,137.05145518167114,-0.6900981947236448,0.0,-0.7237157464358271,3.929013079667063,3.929013079667063
-69.02303659859191,1228.794435078792,137.05145518167114,-59.76758926199717,1240.4334956898563,127.1209453700963,-0.6900981947236448,0.0,-0.7237157464358271,3.929013079667063,3.929013079667063
-58.61455665021933,1216.2629287434445,128.27397798187414,-69.02303659859191,1228.794435078792,137.05145518167114,-0.6900981947236448,0.0,-0.7237157464358271,3.929013079667063,3.929013079667063
-69.02303659859191,1228.794435078792,137.05145518167114,-79.43151654696449,1241.3259414141396,145.82893238146815,-0.6900981947236448,0.0,-0.7237157464358271,3.929013079667063,3.929013079667063
-79.43151654696449,1241.3259414141396,145.82893238146815,-70.17606921036976,1252.9650020252038,135.89842256989328,-0.6900981947236448,0.0,-0.7237157464358271,3.929013079667063,3.929013079667063
-70.17606921036976,1252.9650020252038,135.89842256989328,-60.92062187377502,1264.6040626362683,125.96791275831845,-0.6900981947236448,0.0,-0.7237157464358271,3.929013079667063,3.929013079667063
-59.76758926199717,1240.4334956898563,127.1209453700963,-70.17606921036976,1252.9650020252038,135.89842256989328,-0.6900981947236448,0.0,-0.7237157464358271,3.929013079667063,3.929013079667063
-70.17606921036976,1252.9650020252038,135.89842256989328,-80.58454915874233,1265.4965083605516,144.67589976969032,-0.6900981947236448,0.0,-0.7237157464358271,3.929013079667063,3.929013079667063
-80.58454915874233,1265.4965083605514,144.67589976969032,-71.3291018221476,1277.1355689716158,134.74538995811545,-0.6900981947236448,0.0,-0.7237157464358271,3.929013079667063,3.929013079667063
-71.3291018221476,1277.1355689716158,134.74538995811545,-62.07365448555288,1288.77462958268,124.81488014654059,-0.6900981947236448,0.0,-0.7237157464358271,3.929013079667063,3.929013079667063
-60.92062187377502,1264.604062636268,125.96791275831845,-71.3291018221476,1277.1355689716158,134.74538995811545,-0.6900981947236448,0.0,-0.7237157464358271,3.929013079667063,3.929013079667063
-71.3291018221476,1277.1355689716158,134.74538995811545,-81.7375817705202,1289.6670753069634,143.52286715791246,-0.6900981947236448,0.0,-0.7237157464358271,3.929013079667063,3.929013079667063
-81.7375817705202,1289.6670753069634,143.52286715791246,-72.48213443392545,1301.3061359180276,133.5923573463376,-0.6900981947236448,0.0,-0.7237157464358271,3.929013079667063,3.929013079667063
-72.48213443392545,1301.3061359180276,133.5923573463376,-63.226687097330725,1312.9451965290918,123.66184753476274,-0.6900981947236448,0.0,-0.7237157464358271,3.929013079667063,3.929013079667063
-62.07365448555288,1288.77462958268,124.81488014654059,-72.48213443392545,1301.3061359180276,133.5923573463376,-0.6900981947236448,0.0,-0.7237157464358271,3.929013079667063,3.929013079667063
-72.48213443392545,1301.3061359180276,133.5923573463376,-82.89061438229804,1313.8376422533752,142.3698345461346,-0.6900981947236448,0.0,-0.7237157464358271,3.929013079667063,3.929013079667063
-82.89061438229804,1313.8376422533752,142.3698345461346,-73.63516704570331,1325.4767028644394,132.43932473455976,-0.6900981947236448,0.0,-0.7237157464358271,3.929013079667063,3.929013079667063
-73.63516704570331,1325.4767028644394,132.43932473455976,-64.37971970910857,1337.1157634755039,122.5088149229849,-0.6900981947236448,0.0,-0.7237157464358271,3.929013079667063,3.929013079667063
-63.226687097330725,1312.9451965290918,123.66184753476274,-73.63516704570331,1325.4767028644394,132.43932473455976,-0.6900981947236448,0.0,-0.7237157464358271,3.929013079667063,3.929013079667063
-73.63516704570331,1325.4767028644394,132.43932473455976,-84.04364699407589,1338.0082091997872,141.21680193435677,-0.6900981947236448,0.0,-0.7237157464358271,3.929013079667063,3.929013079667063
-84.04364699407589,1338.0082091997872,141.21680193435677,-74.78819965748116,1349.6472698108514,131.2862921227819,-0.6900981947236448,0.0,-0.7237157464358271,3.929013079667063,3.929013079667063
-74.78819965748116,1349.6472698108514,131.2862921227819,-65.53275232088642,1361.2863304219156,121.35578231120705,-0.6900981947236448,0.0,-0.7237157464358271,3.929013079667063,3.929013079667063
-64.37971970910857,1337.1157634755039,122.5088149229849,-74.78819965748116,1349.6472698108514,131.2862921227819,-0.6900981947236448,0.0,-0.7237157464358271,3.929013079667063,3.929013079667063
-74.78819965748116,1349.6472698108514,131.2862921227819,-85.19667960585373,1362.178776146199,140.0637693225789,-0.6900981947236448,0.0,-0.7237157464358271,3.929013079667063,3.929013079667063
-85.19667960585373,1362.178776146199,140.0637693225789,-75.941232269259,1373.8178367572632,130.13325951100404,-0.6900981947236448,0.0,-0.7237157464358271,3.929013079667063,3.929013079667063
-75.941232269259,1373.8178367572632,130.13325951100404,-66.68578493266426,1385.4568973683274,120.2027496994292,-0.6900981947236448,0.0,-0.7237157464358271,3.929013079667063,3.929013079667063
-65.53275232088642,1361.2863304219156,121.35578231120705,-75.941232269259,1373.8178367572632,130.13325951100404,-0.6900981947236448,0.0,-0.7237157464358271,3.929013079667063,3.929013079667063
-75.941232269259,1373.8178367572632,130.13325951100404,-86.34971221763158,1386.3493430926108,138.91073671080107,-0.6900981947236448,0.0,-0.7237157464358271,3.929013079667063,3.929013079667063
-86.34971221763159,1386.3493430926108,138.91073671080107,-77.09426488103685,1397.9884037036752,128.9802268992262,-0.6900981947236448,0.0,-0.7237157464358271,3.929013079667063,3.929013079667063
-77.09426488103685,1397.9884037036752,128.9802268992262,-67.83881754444212,1409.6274643147394,119.04971708765135,-0.6900981947236448,0.0,-0.7237157464358271,3.929013079667063,3.929013079667063
-66.68578493266428,1385.4568973683274,120.2027496994292,-77.09426488103685,1397.9884037036752,128.9802268992262,-0.6900981947236448,0.0,-0.7237157464358271,3.929013079667063,3.929013079667063
-77.09426488103685,1397.9884037036752,128.9802268992262,-87.50274482940944,1410.5199100390228,137.75770409902321,-0.6900981947236448,0.0,-0.7237157464358271,3.929013079667063,3.929013079667063
-87.50274482940944,1410.5199100390228,137.75770409902321,-78.2472974928147,1422.158970650087,127.82719428744836,-0.6900981947236448,0.0,-0.7237157464358271,3.929013079667063,3.929013079667063
-78.2472974928147,1422.158970650087,127.82719428744836,-68.99185015621997,1433.7980312611512,117.8966844758735,-0.6900981947236448,0.0,-0.7237157464358271,3.929013079667063,3.929013079667063
-67.83881754444212,1409.6274643147394,119.04971708765135,-78.2472974928147,1422.158970650087,127.82719428744836,-0.6900981947236448,0.0,-0.7237157464358271,3.929013079667063,3.929013079667063
-78.2472974928147,1422.158970650087,127.82719428744836,-88.65577744118728,1434.6904769854345,136.60467148724535,-0.6900981947236448,0.0,-0.7237157464358271,3.929013079667063,3.929013079667063
-88.65577744118728,1434.6904769854345,136.60467148724535,-79.40033010459254,1446.3295375964988,126.67416167567052,-0.6900981947236448,0.0,-0.7237157464358271,3.929013079667063,3.929013079667063
-79.40033010459254,1446.3295375964988,126.67416167567052,-70.14488276799781,1457.968598207563,116.74365186409565,-0.6900981947236448,0.0,-0.7237157464358271,3.929013079667063,3.929013079667063
-68.99185015621997,1433.7980312611512,117.8966844758735,-79.40033010459254,1446.3295375964988,126.67416167567052,-0.6900981947236448,0.0,-0.7237157464358271,3.929013079667063,3.929013079667063
-79.40033010459254,1446.3295375964988,126.67416167567052,-89.80881005296513,1458.8610439318463,135.45163887546752,-0.6900981947236448,0.0,-0.7237157464358271,3.929013079667063,3.929013079667063
-89.80881005296513,1458.8610439318463,135.45163887546752,-80.5533627163704,1470.5001045429105,125.52112906389267,-0.6900981947236448,0.0,-0.7237157464358271,3.929013079667063,3.929013079667063
-80.5533627163704,1470.5001045429105,125.52112906389267,-71.29791537977566,1482.1391651539748,115.59061925231781,-0.6900981947236448,0.0,-0.7237157464358271,3.929013079667063,3.929013079667063
-70.14488276799781,1457.968598207563,116.74365186409565,-80.5533627163704,1470.5001045429105,125.52112906389267,-0.6900981947236448,0.0,-0.7237157464358271,3.929013079667063,3.929013079667063
-80.5533627163704,1470.5001045429105,125.52112906389267,-90.96184266474297,1483.031610878258,134.29860626368966,-0.6900981947236448,0.0,-0.7237157464358271,3.929013079667063,3.929013079667063
-90.96184266474297,1483.031610878258,134.29860626368966,-81.70639532814825,1494.6706714893226,124.36809645211483,-0.6900981947236448,0.0,-0.7237157464358271,3.929013079667063,3.929013079667063
-81.70639532814825,1494.6706714893226,124.36809645211483,-72.4509479915535,1506.3097321003868,114.43758664053996,-0.6900981947236448,0.0,-0.7237157464358271,3.929013079667063,3.929013079667063
-71.29791537977566,1482.1391651539748,115.59061925231781,-81.70639532814825,1494.6706714893226,124.36809645211483,-0.6900981947236448,0.0,-0.7237157464358271,3.929013079667063,3.929013079667063
-81.70639532814825,1494.6706714893226,124.36809645211483,-92.11487527652082,1507.2021778246701,133.14557365191183,-0.6900981947236448,0.0,-0.7237157464358271,3.929013079667063,3.929013079667063
-92.11487527652082,1507.2021778246701,133.14557365191183,-82.85942793992609,1518.8412384357343,123.21506384033697,-0.6900981947236448,0.0,-0.7237157464358271,3.929013079667063,3.929013079667063
-82.85942793992609,1518.8412384357343,123.21506384033697,-73.60398060333137,1530.4802990467986,113.28455402876212,-0.6900981947236448,0.0,-0.7237157464358271,3.929013079667063,3.929013079667063
-72.4509479915535,1506.3097321003868,114.43758664053996,-82.85942793992609,1518.8412384357343,123.21506384033697,-0.6900981947236448,0.0,-0.7237157464358271,3.929013079667063,3.929013079667063
-82.85942793992609,1518.8412384357343,123.21506384033697,-93.26790788829868,1531.372744771082,131.99254104013397,-0.6900981947236448,0.0,-0.7237157464358271,3.929013079667063,3.929013079667063
-93.26790788829868,1531.372744771082,131.99254104013397,-84.01246055170394,1543.0118053821461,122.06203122855912,-0.6900981947236448,0.0,-0.7237157464358271,3.929013079667063,3.929013079667063
-84.01246055170394,1543.0118053821461,122.06203122855912,-74.75701321510921,1554.6508659932106,112.13152141698427,-0.6900981947236448,0.0,-0.7237157464358271,3.929013079667063,3.929013079667063
-73.60398060333137,1530.4802990467986,113.28455402876212,-84.01246055170394,1543.0118053821461,122.06203122855912,-0.6900981947236448,0.0,-0.7237157464358271,3.929013079667063,3.929013079667063
-84.01246055170394,1543.0118053821461,122.06203122855912,-94.42094050007653,1555.543311717494,130.83950842835614,-0.6900981947236448,0.0,-0.7237157464358271,3.929013079667063,3.929013079667063
-94.42094050007653,1555.543311717494,130.83950842835614,-85.16549316348178,1567.1823723285581,120.90899861678128,-0.6900981947236448,0.0,-0.7237157464358271,3.929013079667063,3.929013079667063
-85.16549316348178,1567.1823723285581,120.90899861678128,-75.91004582688706,1578.8214329396224,110.97848880520641,-0.6900981947236448,0.0,-0.7237157464358271,3.929013079667063,3.929013079667063
-74.75701321510921,1554.6508659932106,112.13152141698427,-85.16549316348178,1567.1823723285581,120.90899861678128,-0.6900981947236448,0.0,-0.7237157464358271,3.929013079667063,3.929013079667063
-85.16549316348178,1567.1823723285581,120.90899861678128,-95.57397311185437,1579.7138786639057,129.68647581657828,-0.6900981947236448,0.0,-0.7237157464358271,3.929013079667063,3.929013079667063
-95.57397311185437,1579.7138786639057,129.68647581657828,-86.31852577525964,1591.35293927497,119.75596600500343,-0.6900981947236448,0.0,-0.7237157464358271,3.929013079667063,3.929013079667063
-86.31852577525964,1591.35293927497,119.75596600500343,-77.0630784386649,1602.9919998860341,109.82545619342856,-0.6900981947236448,0.0,-0.7237157464358271,3.929013079667063,3.929013079667063
-75.91004582688706,1578.8214329396224,110.97848880520641,-86.31852577525964,1591.35293927497,119.75596600500343,-0.6900981947236448,0.0,-0.7237157464358271,3.929013079667063,3.929013079667063
-86.31852577525964,1591.35293927497,119.75596600500343,-96.72700572363222,1603.8844456103175,128.53344320480042,-0.6900981947236448,0.0,-0.7237157464358271,3.929013079667063,3.929013079667063
-96.72700572363222,1603.8844456103175,128.53344320480042,-87.47155838703749,1615.5235062213817,118.60293339322558,-0.6900981947236448,0.0,-0.7237157464358271,3.929013079667063,3.929013079667063
-87.47155838703749,1615.5235062213817,118.60293339322558,-78.21611105044275,1627.1625668324461,108.67242358165072,-0.6900981947236448,0.0,-0.7237157464358271,3.929013079667063,3.929013079667063
-77.0630784386649,1602.9919998860341,109.82545619342856,-87.47155838703749,1615.5235062213817,118.60293339322558,-0.6900981947236448,0.0,-0.7237157464358271,3.929013079667063,3.929013079667063
-87.47155838703749,1615.5235062213817,118.60293339322558,-97.88003833541006,1628.0550125567295,127.38041059302259,-0.6900981947236448,0.0,-0.7237157464358271,3.929013079667063,3.929013079667063
-97.88003833541006,1628.0550125567295,127.38041059302259,-88.62459099881534,1639.6940731677937,117.44990078144772,-0.6900981947236448,0.0,-0.7237157464358271,3.929013079667063,3.929013079667063
-88.62459099881534,1639.6940731677937,117.44990078144772,-79.36914366222061,1651.333133778858,107.51939096987287,-0.6900981947236448,0.0,-0.7237157464358271,3.929013079667063,3.929013079667063
-78.21611105044275,1627.1625668324461,108.67242358165072,-88.62459099881534,1639.6940731677937,117.44990078144772,-0.6900981947236448,0.0,-0.7237157464358271,3.929013079667063,3.929013079667063
-88.62459099881534,1639.6940731677937,117.44990078144772,-99.03307094718792,1652.2255795031413,126.22737798124474,-0.6900981947236448,0.0,-0.7237157464358271,3.929013079667063,3.929013079667063
-99.03307094718792,1652.2255795031413,126.22737798124474,-89.77762361059318,1663.8646401142055,116.29686816966988,-0.6900981947236448,0.0,-0.7237157464358271,3.929013079667063,3.929013079667063
-89.77762361059318,1663.8646401142055,116.29686816966988,-80.52217627399845,1675.50370072527,106.36635835809503,-0.6900981947236448,0.0,-0.7237157464358271,3.929013079667063,3.929013079667063
-79.36914366222061,1651.333133778858,107.51939096987287,-89.77762361059318,1663.8646401142055,116.29686816966988,-0.6900981947236448,0.0,-0.7237157464358271,3.929013079667063,3.929013079667063
-89.77762361059318,1663.8646401142055,116.29686816966988,-100.18610355896577,1676.3961464495533,125.0743453694669,-0.6900981947236448,0.0,-0.7237157464358271,3.929013079667063,3.929013079667063
-100.18610355896577,1676.3961464495533,125.0743453694669,-90.93065622237104,1688.0352070606175,115.14383555789203,-0.6900981947236448,0.0,-0.7237157464358271,3.929013079667063,3.929013079667063
-90.93065622237104,1688.0352070606175,115.14383555789203,-81.6752088857763,1699.6742676716817,105.21332574631717,-0.6900981947236448,0.0,-0.7237157464358271,3.929013079667063,3.929013079667063
-80.52217627399845,1675.50370072527,106.36635835809503,-90.93065622237104,1688.0352070606175,115.14383555789203,-0.6900981947236448,0.0,-0.7237157464358271,3.929013079667063,3.929013079667063
-90.93065622237104,1688.0352070606175,115.14383555789203,-101.33913617074361,1700.566713395965,123.92131275768904,-0.6900981947236448,0.0,-0.7237157464358271,3.929013079667063,3.929013079667063
-101.33913617074361,1700.566713395965,123.92131275768904,-92.08368883414889,1712.2057740070293,113.99080294611419,-0.6900981947236448,0.0,-0.7237157464358271,3.929013079667063,3.929013079667063
-92.08368883414889,1712.2057740070293,113.99080294611419,-82.82824149755415,1723.8448346180935,104.06029313453932,-0.6900981947236448,0.0,-0.7237157464358271,3.929013079667063,3.929013079667063
-81.6752088857763,1699.6742676716817,105.21332574631717,-92.08368883414889,1712.2057740070293,113.99080294611419,-0.6900981947236448,0.0,-0.7237157464358271,3.929013079667063,3.929013079667063
-92.08368883414889,1712.2057740070293,113.99080294611419,-102.49216878252146,1724.7372803423768,122.76828014591119,-0.6900981947236448,0.0,-0.7237157464358271,3.929013079667063,3.929013079667063
-102.49216878252146,1724.7372803423768,122.76828014591119,-93.23672144592673,1736.376340953441,112.83777033433634,-0.6900981947236448,0.0,-0.7237157464358271,3.929013079667063,3.929013079667063
-93.23672144592673,1736.376340953441,112.83777033433634,-83.98127410933199,1748.0154015645053,102.90726052276148,-0.6900981947236448,0.0,-0.7237157464358271,3.929013079667063,3.929013079667063
-82.82824149755415,1723.8448346180935,104.06029313453932,-93.23672144592673,1736.376340953441,112.83777033433634,-0.6900981947236448,0.0,-0.7237157464358271,3.929013079667063,3.929013079667063
-93.23672144592673,1736.376340953441,112.83777033433634,-103.6452013942993,1748.9078472887886,121.61524753413335,-0.6900981947236448,0.0,-0.7237157464358271,3.929013079667063,3.929013079667063
-103.6452013942993,1748.9078472887886,121.61524753413335,-94.38975405770458,1760.5469078998528,111.68473772255848,-0.6900981947236448,0.0,-0.7237157464358271,3.929013079667063,3.929013079667063
-94.38975405770458,1760.5469078998528,111.68473772255848,-85.13430672110985,1772.1859685109173,101.75422791098363,-0.6900981947236448,0.0,-0.7237157464358271,3.929013079667063,3.929013079667063
-83.98127410933199,1748.0154015645053,102.90726052276148,-94.38975405770458,1760.5469078998528,111.68473772255848,-0.6900981947236448,0.0,-0.7237157464358271,3.929013079667063,3.929013079667063
-94.38975405770458,1760.5469078998528,111.68473772255848,-104.79823400607717,1773.0784142352006,120.4622149223555,-0.6900981947236448,0.0,-0.7237157464358271,3.929013079667063,3.929013079667063
-104.79823400607717,1773.0784142352006,120.4622149223555,-95.54278666948242,1784.7174748462648,110.53170511078065,-0.6900981947236448,0.0,-0.7237157464358271,3.929013079667063,3.929013079667063
-95.54278666948242,1784.7174748462648,110.53170511078065,-86.2873393328877,1796.356535457329,100.60119529920578,-0.6900981947236448,0.0,-0.7237157464358271,3.929013079667063,3.929013079667063
-85.13430672110985,1772.1859685109173,101.75422791098363,-95.54278666948242,1784.7174748462648,110.53170511078065,-0.6900981947236448,0.0,-0.7237157464358271,3.929013079667063,3.929013079667063
-95.54278666948242,1784.7174748462648,110.53170511078065,-105.95126661785501,1797.2489811816124,119.30918231057765,-0.6900981947236448,0.0,-0.7237157464358271,3.929013079667063,3.929013079667063
-105.95126661785501,1797.2489811816126,119.30918231057765,-96.69581928126028,1808.8880417926769,109.37867249900279,-0.6900981947236448,0.0,-0.7237157464358271,3.929013079667063,3.929013079667063
-96.69581928126028,1808.8880417926769,109.37867249900279,-87.44037194466554,1820.527102403741,99.44816268742792,-0.6900981947236448,0.0,-0.7237157464358271,3.929013079667063,3.929013079667063
-86.2873393328877,1796.3565354573293,100.60119529920578,-96.69581928126028,1808.8880417926769,109.37867249900279,-0.6900981947236448,0.0,-0.7237157464358271,3.929013079667063,3.929013079667063
-96.69581928126028,1808.8880417926769,109.37867249900279,-107.10429922963286,1821.4195481280244,118.1561496987998,-0.6900981947236448,0.0,-0.7237157464358271,3.929013079667063,3.929013079667063
-107.10429922963286,1821.4195481280244,118.1561496987998,-97.84885189303813,1833.0586087390886,108.22563988722494,-0.6900981947236448,0.0,-0.7237157464358271,3.929013079667063,3.929013079667063
-97.84885189303813,1833.0586087390886,108.22563988722494,-88.5934045564434,1844.6976693501529,98.29513007565009,-0.6900981947236448,0.0,-0.7237157464358271,3.929013079667063,3.929013079667063
-87.44037194466554,1820.527102403741,99.44816268742792,-97.84885189303813,1833.0586087390886,108.22563988722494,-0.6900981947236448,0.0,-0.7237157464358271,3.929013079667063,3.929013079667063
-97.84885189303813,1833.0586087390886,108.22563988722494,-108.25733184141072,1845.5901150744362,117.00311708702196,-0.6900981947236448,0.0,-0.7237157464358271,3.929013079667063,3.929013079667063
-108.25733184141072,1845.5901150744362,117.00311708702196,-99.00188450481598,1857.2291756855004,107.0726072754471,-0.6900981947236448,0.0,-0.7237157464358271,3.929013079667063,3.929013079667063
-99.00188450481598,1857.2291756855004,107.0726072754471,-89.74643716822123,1868.8682362965646,97.14209746387223,-0.6900981947236448,0.0,-0.7237157464358271,3.929013079667063,3.929013079667063
-88.5934045564434,1844.6976693501529,98.29513007565009,-99.00188450481598,1857.2291756855004,107.0726072754471,-0.6900981947236448,0.0,-0.7237157464358271,3.929013079667063,3.929013079667063
-99.00188450481598,1857.2291756855004,107.0726072754471,-109.41036445318855,1869.760682020848,115.8500844752441,-0.6900981947236448,0.0,-0.7237157464358271,3.929013079667063,3.929013079667063
-109.41036445318855,1869.760682020848,115.8500844752441,-100.15491711659382,1881.3997426319122,105.91957466366924,-0.6900981947236448,0.0,-0.7237157464358271,3.929013079667063,3.929013079667063
-100.15491711659382,1881.3997426319122,105.91957466366924,-90.8994697799991,1893.0388032429764,95.98906485209439,-0.6900981947236448,0.0,-0.7237157464358271,3.929013079667063,3.929013079667063
-89.74643716822123,1868.8682362965646,97.14209746387223,-100.15491711659382,1881.3997426319122,105.91957466366924,-0.6900981947236448,0.0,-0.7237157464358271,3.929013079667063,3.929013079667063
-100.15491711659382,1881.3997426319122,105.91957466366924,-110.56339706496641,1893.9312489672598,114.69705186346626,-0.6900981947236448,0.0,-0.7237157464358271,3.929013079667063,3.929013079667063
-110.56339706496641,1893.9312489672598,114.69705186346626,-101.30794972837167,1905.5703095783242,104.7665420518914,-0.6900981947236448,0.0,-0.7237157464358271,3.929013079667063,3.929013079667063
-101.30794972837167,1905.5703095783242,104.7665420518914,-92.05250239177694,1917.2093701893884,94.83603224031654,-0.6900981947236448,0.0,-0.7237157464358271,3.929013079667063,3.929013079667063
-90.8994697799991,1893.0388032429764,95.98906485209439,-101.30794972837167,1905.5703095783242,104.7665420518914,-0.6900981947236448,0.0,-0.7237157464358271,3.929013079667063,3.929013079667063
-101.30794972837167,1905.5703095783242,104.7665420518914,-111.71642967674426,1918.1018159136718,113.54401925168841,-0.6900981947236448,0.0,-0.7237157464358271,3.929013079667063,3.929013079667063
-111.71642967674426,1918.101815913672,113.54401925168841,-102.46098234014953,1929.7408765247362,103.61350944011355,-0.6900981947236448,0.0,-0.7237157464358271,3.929013079667063,3.929013079667063
-102.46098234014953,1929.7408765247362,103.61350944011355,-93.20553500355479,1941.3799371358004,93.68299962853868,-0.6900981947236448,0.0,-0.7237157464358271,3.929013079667063,3.929013079667063
-92.05250239177694,1917.2093701893887,94.83603224031654,-102.46098234014953,1929.7408765247362,103.61350944011355,-0.6900981947236448,0.0,-0.7237157464358271,3.929013079667063,3.929013079667063
-102.46098234014953,1929.7408765247362,103.61350944011355,-112.8694622885221,1942.2723828600838,112.39098663991055,-0.6900981947236448,0.0,-0.7237157464358271,3.929013079667063,3.929013079667063
-112.8694622885221,1942.2723828600838,112.39098663991055,-103.61401495192737,1953.911443471148,102.4604768283357,-0.6900981947236448,0.0,-0.7237157464358271,3.929013079667063,3.929013079667063
-103.61401495192737,1953.911443471148,102.4604768283357,-94.35856761533265,1965.5505040822122,92.52996701676085,-0.6900981947236448,0.0,-0.7237157464358271,3.929013079667063,3.929013079667063
-93.20553500355479,1941.3799371358004,93.68299962853868,-103.61401495192737,1953.911443471148,102.4604768283357,-0.6900981947236448,0.0,-0.7237157464358271,3.929013079667063,3.929013079667063
-103.61401495192737,1953.911443471148,102.4604768283357,-114.02249490029996,1966.4429498064956,111.23795402813272,-0.6900981947236448,0.0,-0.7237157464358271,3.929013079667063,3.929013079667063
-114.02249490029996,1966.4429498064956,111.23795402813272,-104.76704756370522,1978.0820104175598,101.30744421655785,-0.6900981947236448,0.0,-0.7237157464358271,3.929013079667063,3.929013079667063
-104.76704756370522,1978.0820104175598,101.30744421655785,-95.51160022711048,1989.721071028624,91.37693440498299,-0.6900981947236448,0.0,-0.7237157464358271,3.929013079667063,3.929013079667063
-94.35856761533265,1965.5505040822122,92.52996701676085,-104.76704756370522,1978.0820104175598,101.30744421655785,-0.6900981947236448,0.0,-0.7237157464358271,3.929013079667063,3.929013079667063
-104.76704756370522,1978.0820104175598,101.30744421655785,-115.17552751207779,1990.6135167529073,110.08492141635486,-0.6900981947236448,0.0,-0.7237157464358271,3.929013079667063,3.929013079667063
-115.17552751207779,1990.6135167529073,110.08492141635486,-105.92008017548306,2002.2525773639713,100.15441160478,-0.6900981947236448,0.0,-0.7237157464358271,3.929013079667063,3.929013079667063
-105.92008017548306,2002.2525773639713,100.15441160478,-96.66463283888834,2013.8916379750358,90.22390179320514,-0.6900981947236448,0.0,-0.7237157464358271,3.929013079667063,3.929013079667063
-95.51160022711048,1989.721071028624,91.37693440498299,-105.92008017548306,2002.2525773639713,100.15441160478,-0.6900981947236448,0.0,-0.7237157464358271,3.929013079667063,3.929013079667063
-105.92008017548306,2002.2525773639713,100.15441160478,-116.32856012385565,2014.7840836993191,108.93188880457701,-0.6900981947236448,0.0,-0.7237157464358271,3.929013079667063,3.929013079667063
-116.32856012385565,2014.7840836993191,108.93188880457701,-107.07311278726092,2026.4231443103831,99.00137899300216,-0.6900981947236448,0.0,-0.7237157464358271,3.929013079667063,3.929013079667063
-107.07311278726092,2026.4231443103831,99.00137899300216,-97.81766545066618,2038.062204921448,89.0708691814273,-0.6900981947236448,0.0,-0.7237157464358271,3.929013079667063,3.929013079667063
-96.66463283888834,2013.8916379750358,90.22390179320514,-107.07311278726092,2026.4231443103831,99.00137899300216,-0.6900981947236448,0.0,-0.7237157464358271,3.929013079667063,3.929013079667063
-107.07311278726092,2026.4231443103831,99.00137899300216,-117.4815927356335,2038.9546506457314,107.77885619279917,-0.6900981947236448,0.0,-0.7237157464358271,3.929013079667063,3.929013079667063
-117.48159273563351,2038.9546506457314,107.77885619279917,-108.22614539903877,2050.5937112567954,97.8483463812243,-0.6900981947236448,0.0,-0.7237157464358271,3.929013079667063,3.929013079667063
-108.22614539903877,2050.5937112567954,97.8483463812243,-98.97069806244403,2062.23277186786,87.91783656964944,-0.6900981947236448,0.0,-0.7237157464358271,3.929013079667063,3.929013079667063
-97.8176654506662,2038.062204921448,89.0708691814273,-108.22614539903877,2050.5937112567954,97.8483463812243,-0.6900981947236448,0.0,-0.7237157464358271,3.929013079667063,3.929013079667063
-108.22614539903877,2050.5937112567954,97.8483463812243,-118.63462534741134,2063.125217592143,106.62582358102131,-0.6900981947236448,0.0,-0.7237157464358271,3.929013079667063,3.929013079667063
-118.63462534741134,2063.125217592143,106.62582358102131,-109.37917801081662,2074.764278203207,96.69531376944646,-0.6900981947236448,0.0,-0.7237157464358271,3.929013079667063,3.929013079667063
-109.37917801081662,2074.764278203207,96.69531376944646,-100.12373067422189,2086.4033388142716,86.7648039578716,-0.6900981947236448,0.0,-0.7237157464358271,3.929013079667063,3.929013079667063
-98.97069806244403,2062.23277186786,87.91783656964944,-109.37917801081662,2074.764278203207,96.69531376944646,-0.6900981947236448,0.0,-0.7237157464358271,3.929013079667063,3.929013079667063
-109.37917801081662,2074.764278203207,96.69531376944646,-119.7876579591892,2087.295784538555,105.47279096924348,-0.6900981947236448,0.0,-0.7237157464358271,3.929013079667063,3.929013079667063
-119.7876579591892,2087.295784538555,105.47279096924348,-110.53221062259446,2098.934845149619,95.54228115766861,-0.6900981947236448,0.0,-0.7237157464358271,3.929013079667063,3.929013079667063
-110.53221062259446,2098.934845149619,95.54228115766861,-101.27676328599972,2110.5739057606834,85.61177134609375,-0.6900981947236448,0.0,-0.7237157464358271,3.929013079667063,3.929013079667063
-100.12373067422189,2086.4033388142716,86.7648039578716,-110.53221062259446,2098.934845149619,95.54228115766861,-0.6900981947236448,0.0,-0.7237157464358271,3.929013079667063,3.929013079667063
-110.53221062259446,2098.934845149619,95.54228115766861,-120.94069057096704,2111.4663514849667,104.31975835746562,-0.6900981947236448,0.0,-0.7237157464358271,3.929013079667063,3.929013079667063
-120.94069057096704,2111.4663514849667,104.31975835746562,-111.68524323437231,2123.1054120960307,94.38924854589075,-0.6900981947236448,0.0,-0.7237157464358271,3.929013079667063,3.929013079667063
-111.68524323437231,2123.1054120960307,94.38924854589075,-102.42979589777758,2134.744472707095,84.4587387343159,-0.6900981947236448,0.0,-0.7237157464358271,3.929013079667063,3.929013079667063
-101.27676328599972,2110.5739057606834,85.61177134609375,-111.68524323437231,2123.1054120960307,94.38924854589075,-0.6900981947236448,0.0,-0.7237157464358271,3.929013079667063,3.929013079667063
-111.68524323437231,2123.1054120960307,94.38924854589075,-122.0937231827449,2135.6369184313785,103.16672574568777,-0.6900981947236448,0.0,-0.7237157464358271,3.929013079667063,3.929013079667063
-122.0937231827449,2135.6369184313785,103.16672574568777,-112.83827584615017,2147.2759790424425,93.23621593411292,-0.6900981947236448,0.0,-0.7237157464358271,3.929013079667063,3.929013079667063
-112.83827584615017,2147.2759790424425,93.23621593411292,-103.58282850955543,2158.915039653507,83.30570612253806,-0.6900981947236448,0.0,-0.7237157464358271,3.929013079667063,3.929013079667063
-102.42979589777758,2134.744472707095,84.4587387343159,-112.83827584615017,2147.2759790424425,93.23621593411292,-0.6900981947236448,0.0,-0.7237157464358271,3.929013079667063,3.929013079667063
-112.83827584615017,2147.2759790424425,93.23621593411292,-123.24675579452274,2159.8074853777903,102.01369313390992,-0.6900981947236448,0.0,-0.7237157464358271,3.929013079667063,3.929013079667063
-123.24675579452276,2159.8074853777903,102.01369313390992,-113.99130845792801,2171.4465459888547,92.08318332233506,-0.6900981947236448,0.0,-0.7237157464358271,3.929013079667063,3.929013079667063
-113.99130845792801,2171.4465459888547,92.08318332233506,-104.73586112133327,2183.085606599919,82.1526735107602,-0.6900981947236448,0.0,-0.7237157464358271,3.929013079667063,3.929013079667063
-103.58282850955544,2158.915039653507,83.30570612253806,-113.99130845792801,2171.4465459888547,92.08318332233506,-0.6900981947236448,0.0,-0.7237157464358271,3.929013079667063,3.929013079667063
-113.99130845792801,2171.4465459888547,92.08318332233506,-124.39978840630059,2183.9780523242025,100.86066052213206,-0.6900981947236448,0.0,-0.7237157464358271,3.929013079667063,3.929013079667063
-124.39978840630059,2183.9780523242025,100.86066052213206,-115.14434106970586,2195.6171129352665,90.93015071055721,-0.6900981947236448,0.0,-0.7237157464358271,3.929013079667063,3.929013079667063
-115.14434106970586,2195.6171129352665,90.93015071055721,-105.88889373311113,2207.256173546331,80.99964089898236,-0.6900981947236448,0.0,-0.7237157464358271,3.929013079667063,3.929013079667063
-104.73586112133327,2183.085606599919,82.1526735107602,-115.14434106970586,2195.6171129352665,90.93015071055721,-0.6900981947236448,0.0,-0.7237157464358271,3.929013079667063,3.929013079667063
-115.14434106970586,2195.6171129352665,90.93015071055721,-125.55282101807845,2208.1486192706143,99.70762791035423,-0.6900981947236448,0.0,-0.7237157464358271,3.929013079667063,3.929013079667063
-125.55282101807845,2208.1486192706143,99.70762791035423,-116.2973736814837,2219.7876798816783,89.77711809877937,-0.6900981947236448,0.0,-0.7237157464358271,3.929013079667063,3.929013079667063
-116.2973736814837,2219.7876798816783,89.77711809877937,-107.04192634488896,2231.4267404927427,79.8466082872045,-0.6900981947236448,0.0,-0.7237157464358271,3.929013079667063,3.929013079667063
-105.88889373311113,2207.256173546331,80.99964089898236,-116.2973736814837,2219.7876798816783,89.77711809877937,-0.6900981947236448,0.0,-0.7237157464358271,3.929013079667063,3.929013079667063
-116.2973736814837,2219.7876798816783,89.77711809877937,-126.70585362985628,2232.319186217026,98.55459529857637,-0.6900981947236448,0.0,-0.7237157464358271,3.929013079667063,3.929013079667063
-126.70585362985628,2232.319186217026,98.55459529857637,-117.45040629326155,2243.95824682809,88.62408548700152,-0.6900981947236448,0.0,-0.7237157464358271,3.929013079667063,3.929013079667063
-117.45040629326155,2243.95824682809,88.62408548700152,-108.19495895666682,2255.5973074391545,78.69357567542666,-0.6900981947236448,0.0,-0.7237157464358271,3.929013079667063,3.929013079667063
-107.04192634488896,2231.4267404927427,79.8466082872045,-117.45040629326155,2243.95824682809,88.62408548700152,-0.6900981947236448,0.0,-0.7237157464358271,3.929013079667063,3.929013079667063
-117.45040629326155,2243.95824682809,88.62408548700152,-127.85888624163414,2256.489753163438,97.40156268679853,-0.6900981947236448,0.0,-0.7237157464358271,3.929013079667063,3.929013079667063
-127.85888624163414,2256.489753163438,97.40156268679853,-118.60343890503941,2268.128813774502,87.47105287522368,-0.6900981947236448,0.0,-0.7237157464358271,3.929013079667063,3.929013079667063
-118.60343890503941,2268.128813774502,87.47105287522368,-109.34799156844468,2279.7678743855668,77.54054306364881,-0.6900981947236448,0.0,-0.7237157464358271,3.929013079667063,3.929013079667063
-108.19495895666682,2255.5973074391545,78.69357567542666,-118.60343890503941,2268.128813774502,87.47105287522368,-0.6900981947236448,0.0,-0.7237157464358271,3.929013079667063,3.929013079667063
-118.60343890503941,2268.128813774502,87.47105287522368,-129.011918853412,2280.66032010985,96.24853007502068,-0.6900981947236448,0.0,-0.7237157464358271,3.929013079667063,3.929013079667063
-129.011918853412,2280.66032010985,96.24853007502068,-119.75647151681724,2292.299380720914,86.31802026344582,-0.6900981947236448,0.0,-0.7237157464358271,3.929013079667063,3.929013079667063
-119.75647151681724,2292.299380720914,86.31802026344582,-110.50102418022252,2303.9384413319785,76.38751045187097,-0.6900981947236448,0.0,-0.7237157464358271,3.929013079667063,3.929013079667063
-109.34799156844468,2279.7678743855668,77.54054306364881,-119.75647151681724,2292.299380720914,86.31802026344582,-0.6900981947236448,0.0,-0.7237157464358271,3.929013079667063,3.929013079667063
-119.75647151681724,2292.299380720914,86.31802026344582,-130.16495146518983,2304.830887056262,95.09549746324284,-0.6900981947236448,0.0,-0.7237157464358271,3.929013079667063,3.929013079667063
-96.78937860837611,1192.0923617970325,129.427010593652,-87.53393127178137,1204.6238681323803,138.204487793449,0.6900981947236448,0.0,-0.7237157464358271,3.929013079667063,3.929013079667063
-87.53393127178137,1204.6238681323803,138.204487793449,-78.27848393518664,1217.1553744677278,146.981964993246,0.6900981947236448,0.0,-0.7237157464358271,3.929013079667063,3.929013079667063
-77.1254513234088,1192.9848075213158,148.13499760502387,-87.53393127178137,1204.6238681323803,138.204487793449,0.6900981947236448,0.0,-0.7237157464358271,3.929013079667063,3.929013079667063
-87.53393127178137,1204.6238681323803,138.204487793449,-97.94241122015396,1216.2629287434445,128.27397798187414,0.6900981947236448,0.0,-0.7237157464358271,3.929013079667063,3.929013079667063
-97.94241122015396,1216.2629287434445,128.27397798187414,-88.68696388355923,1228.794435078792,137.05145518167114,0.6900981947236448,0.0,-0.7237157464358271,3.929013079667063,3.929013079667063
-88.68696388355923,1228.794435078792,137.05145518167114,-79.43151654696449,1241.3259414141396,145.82893238146815,0.6900981947236448,0.0,-0.7237157464358271,3.929013079667063,3.929013079667063
-78.27848393518664,1217.1553744677278,146.981964993246,-88.68696388355923,1228.794435078792,137.05145518167114,0.6900981947236448,0.0,-0.7237157464358271,3.929013079667063,3.929013079667063
-88.68696388355923,1228.794435078792,137.05145518167114,-99.0954438319318,1240.4334956898563,127.1209453700963,0.6900981947236448,0.0,-0.7237157464358271,3.929013079667063,3.929013079667063
-99.0954438319318,1240.4334956898563,127.1209453700963,-89.83999649533708,1252.9650020252038,135.89842256989328,0.6900981947236448,0.0,-0.7237157464358271,3.929013079667063,3.929013079667063
-89.83999649533708,1252.9650020252038,135.89842256989328,-80.58454915874233,1265.4965083605516,144.67589976969032,0.6900981947236448,0.0,-0.7237157464358271,3.929013079667063,3.929013079667063
-79.43151654696449,1241.3259414141396,145.82893238146815,-89.83999649533708,1252.9650020252038,135.89842256989328,0.6900981947236448,0.0,-0.7237157464358271,3.929013079667063,3.929013079667063
-89.83999649533708,1252.9650020252038,135.89842256989328,-100.24847644370965,1264.6040626362683,125.96791275831845,0.6900981947236448,0.0,-0.7237157464358271,3.929013079667063,3.929013079667063
-100.24847644370965,1264.604062636268,125.96791275831845,-90.99302910711492,1277.1355689716158,134.74538995811545,0.6900981947236448,0.0,-0.7237157464358271,3.929013079667063,3.929013079667063
-90.99302910711492,1277.1355689716158,134.74538995811545,-81.7375817705202,1289.6670753069634,143.52286715791246,0.6900981947236448,0.0,-0.7237157464358271,3.929013079667063,3.929013079667063
-80.58454915874233,1265.4965083605514,144.67589976969032,-90.99302910711492,1277.1355689716158,134.74538995811545,0.6900981947236448,0.0,-0.7237157464358271,3.929013079667063,3.929013079667063
-90.99302910711492,1277.1355689716158,134.74538995811545,-101.40150905548751,1288.77462958268,124.81488014654059,0.6900981947236448,0.0,-0.7237157464358271,3.929013079667063,3.929013079667063
-101.40150905548751,1288.77462958268,124.81488014654059,-92.14606171889277,1301.3061359180276,133.59235734633762,0.6900981947236448,0.0,-0.7237157464358271,3.929013079667063,3.929013079667063
-92.14606171889277,1301.3061359180276,133.59235734633762,-82.89061438229804,1313.8376422533752,142.3698345461346,0.6900981947236448,0.0,-0.7237157464358271,3.929013079667063,3.929013079667063
-81.7375817705202,1289.6670753069634,143.52286715791246,-92.14606171889277,1301.3061359180276,133.59235734633762,0.6900981947236448,0.0,-0.7237157464358271,3.929013079667063,3.929013079667063
-92.14606171889277,1301.3061359180276,133.59235734633762,-102.55454166726535,1312.9451965290918,123.66184753476274,0.6900981947236448,0.0,-0.7237157464358271,3.929013079667063,3.929013079667063
-102.55454166726535,1312.9451965290918,123.66184753476274,-93.29909433067063,1325.4767028644394,132.43932473455976,0.6900981947236448,0.0,-0.7237157464358271,3.929013079667063,3.929013079667063
-93.29909433067063,1325.4767028644394,132.43932473455976,-84.04364699407589,1338.0082091997872,141.21680193435677,0.6900981947236448,0.0,-0.7237157464358271,3.929013079667063,3.929013079667063
-82.89061438229804,1313.8376422533752,142.3698345461346,-93.29909433067063,1325.4767028644394,132.43932473455976,0.6900981947236448,0.0,-0.7237157464358271,3.929013079667063,3.929013079667063
-93.29909433067063,1325.4767028644394,132.43932473455976,-103.7075742790432,1337.1157634755039,122.5088149229849,0.6900981947236448,0.0,-0.7237157464358271,3.929013079667063,3.929013079667063
-103.7075742790432,1337.1157634755039,122.5088149229849,-94.45212694244847,1349.6472698108514,131.2862921227819,0.6900981947236448,0.0,-0.7237157464358271,3.929013079667063,3.929013079667063
-94.45212694244847,1349.6472698108514,131.2862921227819,-85.19667960585373,1362.178776146199,140.0637693225789,0.6900981947236448,0.0,-0.7237157464358271,3.929013079667063,3.929013079667063
-84.04364699407589,1338.0082091997872,141.21680193435677,-94.45212694244847,1349.6472698108514,131.2862921227819,0.6900981947236448,0.0,-0.7237157464358271,3.929013079667063,3.929013079667063
-94.45212694244847,1349.6472698108514,131.2862921227819,-104.86060689082105,1361.2863304219156,121.35578231120705,0.6900981947236448,0.0,-0.7237157464358271,3.929013079667063,3.929013079667063
-104.86060689082105,1361.2863304219156,121.35578231120705,-95.60515955422632,1373.8178367572632,130.13325951100404,0.6900981947236448,0.0,-0.7237157464358271,3.929013079667063,3.929013079667063
-95.60515955422632,1373.8178367572632,130.13325951100404,-86.34971221763158,1386.3493430926108,138.91073671080107,0.6900981947236448,0.0,-0.7237157464358271,3.929013079667063,3.929013079667063
-85.19667960585373,1362.178776146199,140.0637693225789,-95.60515955422632,1373.8178367572632,130.13325951100404,0.6900981947236448,0.0,-0.7237157464358271,3.929013079667063,3.929013079667063
-95.60515955422632,1373.8178367572632,130.13325951100404,-106.01363950259889,1385.4568973683274,120.2027496994292,0.6900981947236448,0.0,-0.7237157464358271,3.929013079667063,3.929013079667063
-106.0136395025989,1385.4568973683274,120.2027496994292,-96.75819216600416,1397.9884037036752,128.9802268992262,0.6900981947236448,0.0,-0.7237157464358271,3.929013079667063,3.929013079667063
-96.75819216600416,1397.9884037036752,128.9802268992262,-87.50274482940944,1410.5199100390228,137.75770409902321,0.6900981947236448,0.0,-0.7237157464358271,3.929013079667063,3.929013079667063
-86.34971221763159,1386.3493430926108,138.91073671080107,-96.75819216600416,1397.9884037036752,128.9802268992262,0.6900981947236448,0.0,-0.7237157464358271,3.929013079667063,3.929013079667063
-96.75819216600416,1397.9884037036752,128.9802268992262,-107.16667211437675,1409.6274643147394,119.04971708765135,0.6900981947236448,0.0,-0.7237157464358271,3.929013079667063,3.929013079667063
-107.16667211437675,1409.6274643147394,119.04971708765135,-97.91122477778201,1422.158970650087,127.82719428744836,0.6900981947236448,0.0,-0.7237157464358271,3.929013079667063,3.929013079667063
-97.91122477778201,1422.158970650087,127.82719428744836,-88.65577744118728,1434.6904769854345,136.60467148724535,0.6900981947236448,0.0,-0.7237157464358271,3.929013079667063,3.929013079667063
-87.50274482940944,1410.5199100390228,137.75770409902321,-97.91122477778201,1422.158970650087,127.82719428744836,0.6900981947236448,0.0,-0.7237157464358271,3.929013079667063,3.929013079667063
-97.91122477778201,1422.158970650087,127.82719428744836,-108.3197047261546,1433.7980312611512,117.8966844758735,0.6900981947236448,0.0,-0.7237157464358271,3.929013079667063,3.929013079667063
-108.3197047261546,1433.7980312611512,117.8966844758735,-99.06425738955986,1446.3295375964988,126.67416167567052,0.6900981947236448,0.0,-0.7237157464358271,3.929013079667063,3.929013079667063
-99.06425738955986,1446.3295375964988,126.67416167567052,-89.80881005296513,1458.8610439318463,135.45163887546752,0.6900981947236448,0.0,-0.7237157464358271,3.929013079667063,3.929013079667063
-88.65577744118728,1434.6904769854345,136.60467148724535,-99.06425738955986,1446.3295375964988,126.67416167567052,0.6900981947236448,0.0,-0.7237157464358271,3.929013079667063,3.929013079667063
-99.06425738955986,1446.3295375964988,126.67416167567052,-109.47273733793244,1457.968598207563,116.74365186409565,0.6900981947236448,0.0,-0.7237157464358271,3.929013079667063,3.929013079667063
-109.47273733793244,1457.968598207563,116.74365186409565,-100.21729000133772,1470.5001045429105,125.52112906389267,0.6900981947236448,0.0,-0.7237157464358271,3.929013079667063,3.929013079667063
-100.21729000133772,1470.5001045429105,125.52112906389267,-90.96184266474297,1483.031610878258,134.29860626368966,0.6900981947236448,0.0,-0.7237157464358271,3.929013079667063,3.929013079667063
-89.80881005296513,1458.8610439318463,135.45163887546752,-100.21729000133772,1470.5001045429105,125.52112906389267,0.6900981947236448,0.0,-0.7237157464358271,3.929013079667063,3.929013079667063
-100.21729000133772,1470.5001045429105,125.52112906389267,-110.62576994971029,1482.1391651539748,115.59061925231781,0.6900981947236448,0.0,-0.7237157464358271,3.929013079667063,3.929013079667063
-110.62576994971029,1482.1391651539748,115.59061925231781,-101.37032261311556,1494.6706714893226,124.36809645211483,0.6900981947236448,0.0,-0.7237157464358271,3.929013079667063,3.929013079667063
-101.37032261311556,1494.6706714893226,124.36809645211483,-92.11487527652082,1507.2021778246701,133.14557365191183,0.6900981947236448,0.0,-0.7237157464358271,3.929013079667063,3.929013079667063
-90.96184266474297,1483.031610878258,134.29860626368966,-101.37032261311556,1494.6706714893226,124.36809645211483,0.6900981947236448,0.0,-0.7237157464358271,3.929013079667063,3.929013079667063
-101.37032261311556,1494.6706714893226,124.36809645211483,-111.77880256148813,1506.3097321003868,114.43758664053996,0.6900981947236448,0.0,-0.7237157464358271,3.929013079667063,3.929013079667063
-111.77880256148813,1506.3097321003868,114.43758664053996,-102.52335522489341,1518.8412384357343,123.21506384033697,0.6900981947236448,0.0,-0.7237157464358271,3.929013079667063,3.929013079667063
-102.52335522489341,1518.8412384357343,123.21506384033697,-93.26790788829868,1531.372744771082,131.99254104013397,0.6900981947236448,0.0,-0.7237157464358271,3.929013079667063,3.929013079667063
-92.11487527652082,1507.2021778246701,133.14557365191183,-102.52335522489341,1518.8412384357343,123.21506384033697,0.6900981947236448,0.0,-0.7237157464358271,3.929013079667063,3.929013079667063
-102.52335522489341,1518.8412384357343,123.21506384033697,-112.931835173266,1530.4802990467986,113.28455402876212,0.6900981947236448,0.0,-0.7237157464358271,3.929013079667063,3.929013079667063
-112.931835173266,1530.4802990467986,113.28455402876212,-103.67638783667125,1543.0118053821461,122.06203122855912,0.6900981947236448,0.0,-0.7237157464358271,3.929013079667063,3.929013079667063
-103.67638783667125,1543.0118053821461,122.06203122855912,-94.42094050007653,1555.543311717494,130.83950842835614,0.6900981947236448,0.0,-0.7237157464358271,3.929013079667063,3.929013079667063
-93.26790788829868,1531.372744771082,131.99254104013397,-103.67638783667125,1543.0118053821461,122.06203122855912,0.6900981947236448,0.0,-0.7237157464358271,3.929013079667063,3.929013079667063
-103.67638783667125,1543.0118053821461,122.06203122855912,-114.08486778504384,1554.6508659932106,112.13152141698427,0.6900981947236448,0.0,-0.7237157464358271,3.929013079667063,3.929013079667063
-114.08486778504384,1554.6508659932106,112.13152141698427,-104.8294204484491,1567.1823723285581,120.90899861678128,0.6900981947236448,0.0,-0.7237157464358271,3.929013079667063,3.929013079667063
-104.8294204484491,1567.1823723285581,120.90899861678128,-95.57397311185437,1579.7138786639057,129.68647581657828,0.6900981947236448,0.0,-0.7237157464358271,3.929013079667063,3.929013079667063
-94.42094050007653,1555.543311717494,130.83950842835614,-104.8294204484491,1567.1823723285581,120.90899861678128,0.6900981947236448,0.0,-0.7237157464358271,3.929013079667063,3.929013079667063
-104.8294204484491,1567.1823723285581,120.90899861678128,-115.23790039682169,1578.8214329396224,110.97848880520641,0.6900981947236448,0.0,-0.7237157464358271,3.929013079667063,3.929013079667063
-115.23790039682169,1578.8214329396224,110.97848880520641,-105.98245306022696,1591.35293927497,119.75596600500343,0.6900981947236448,0.0,-0.7237157464358271,3.929013079667063,3.929013079667063
-105.98245306022696,1591.35293927497,119.75596600500343,-96.72700572363222,1603.8844456103175,128.53344320480042,0.6900981947236448,0.0,-0.7237157464358271,3.929013079667063,3.929013079667063
-95.57397311185437,1579.7138786639057,129.68647581657828,-105.98245306022696,1591.35293927497,119.75596600500343,0.6900981947236448,0.0,-0.7237157464358271,3.929013079667063,3.929013079667063
-105.98245306022696,1591.35293927497,119.75596600500343,-116.39093300859953,1602.9919998860341,109.82545619342856,0.6900981947236448,0.0,-0.7237157464358271,3.929013079667063,3.929013079667063
-116.39093300859953,1602.9919998860341,109.82545619342856,-107.1354856720048,1615.5235062213817,118.60293339322558,0.6900981947236448,0.0,-0.7237157464358271,3.929013079667063,3.929013079667063
-107.1354856720048,1615.5235062213817,118.60293339322558,-97.88003833541006,1628.0550125567295,127.38041059302259,0.6900981947236448,0.0,-0.7237157464358271,3.929013079667063,3.929013079667063
-96.72700572363222,1603.8844456103175,128.53344320480042,-107.1354856720048,1615.5235062213817,118.60293339322558,0.6900981947236448,0.0,-0.7237157464358271,3.929013079667063,3.929013079667063
-107.1354856720048,1615.5235062213817,118.60293339322558,-117.54396562037738,1627.1625668324461,108.67242358165072,0.6900981947236448,0.0,-0.7237157464358271,3.929013079667063,3.929013079667063
-117.54396562037738,1627.1625668324461,108.67242358165072,-108.28851828378265,1639.6940731677937,117.44990078144772,0.6900981947236448,0.0,-0.7237157464358271,3.929013079667063,3.929013079667063
-108.28851828378265,1639.6940731677937,117.44990078144772,-99.03307094718792,1652.2255795031413,126.22737798124474,0.6900981947236448,0.0,-0.7237157464358271,3.929013079667063,3.929013079667063
-97.88003833541006,1628.0550125567295,127.38041059302259,-108.28851828378265,1639.6940731677937,117.44990078144772,0.6900981947236448,0.0,-0.7237157464358271,3.929013079667063,3.929013079667063
-108.28851828378265,1639.6940731677937,117.44990078144772,-118.69699823215524,1651.333133778858,107.51939096987287,0.6900981947236448,0.0,-0.7237157464358271,3.929013079667063,3.929013079667063
-118.69699823215524,1651.333133778858,107.51939096987287,-109.4415508955605,1663.8646401142055,116.29686816966988,0.6900981947236448,0.0,-0.7237157464358271,3.929013079667063,3.929013079667063
-109.4415508955605,1663.8646401142055,116.29686816966988,-100.18610355896577,1676.3961464495533,125.0743453694669,0.6900981947236448,0.0,-0.7237157464358271,3.929013079667063,3.929013079667063
-99.03307094718792,1652.2255795031413,126.22737798124474,-109.4415508955605,1663.8646401142055,116.29686816966988,0.6900981947236448,0.0,-0.7237157464358271,3.929013079667063,3.929013079667063
-109.4415508955605,1663.8646401142055,116.29686816966988,-119.85003084393308,1675.50370072527,106.36635835809503,0.6900981947236448,0.0,-0.7237157464358271,3.929013079667063,3.929013079667063
-119.85003084393308,1675.50370072527,106.36635835809503,-110.59458350733836,1688.0352070606175,115.14383555789203,0.6900981947236448,0.0,-0.7237157464358271,3.929013079667063,3.929013079667063
-110.59458350733836,1688.0352070606175,115.14383555789203,-101.33913617074361,1700.566713395965,123.92131275768904,0.6900981947236448,0.0,-0.7237157464358271,3.929013079667063,3.929013079667063
-100.18610355896577,1676.3961464495533,125.0743453694669,-110.59458350733836,1688.0352070606175,115.14383555789203,0.6900981947236448,0.0,-0.7237157464358271,3.929013079667063,3.929013079667063
-110.59458350733836,1688.0352070606175,115.14383555789203,-121.00306345571093,1699.6742676716817,105.21332574631717,0.6900981947236448,0.0,-0.7237157464358271,3.929013079667063,3.929013079667063
-121.00306345571093,1699.6742676716817,105.21332574631717,-111.7476161191162,1712.2057740070293,113.99080294611419,0.6900981947236448,0.0,-0.7237157464358271,3.929013079667063,3.929013079667063
-111.7476161191162,1712.2057740070293,113.99080294611419,-102.49216878252146,1724.7372803423768,122.76828014591119,0.6900981947236448,0.0,-0.7237157464358271,3.929013079667063,3.929013079667063
-101.33913617074361,1700.566713395965,123.92131275768904,-111.7476161191162,1712.2057740070293,113.99080294611419,0.6900981947236448,0.0,-0.7237157464358271,3.929013079667063,3.929013079667063
-111.7476161191162,1712.2057740070293,113.99080294611419,-122.15609606748878,1723.8448346180935,104.06029313453932,0.6900981947236448,0.0,-0.7237157464358271,3.929013079667063,3.929013079667063
-122.15609606748878,1723.8448346180935,104.06029313453932,-112.90064873089405,1736.376340953441,112.83777033433634,0.6900981947236448,0.0,-0.7237157464358271,3.929013079667063,3.929013079667063
-112.90064873089405,1736.376340953441,112.83777033433634,-103.6452013942993,1748.9078472887886,121.61524753413335,0.6900981947236448,0.0,-0.7237157464358271,3.929013079667063,3.929013079667063
-102.49216878252146,1724.7372803423768,122.76828014591119,-112.90064873089405,1736.376340953441,112.83777033433634,0.6900981947236448,0.0,-0.7237157464358271,3.929013079667063,3.929013079667063
-112.90064873089405,1736.376340953441,112.83777033433634,-123.30912867926662,1748.0154015645053,102.90726052276148,0.6900981947236448,0.0,-0.7237157464358271,3.929013079667063,3.929013079667063
-123.30912867926662,1748.0154015645053,102.90726052276148,-114.0536813426719,1760.5469078998528,111.68473772255848,0.6900981947236448,0.0,-0.7237157464358271,3.929013079667063,3.929013079667063
-114.0536813426719,1760.5469078998528,111.68473772255848,-104.79823400607717,1773.0784142352006,120.4622149223555,0.6900981947236448,0.0,-0.7237157464358271,3.929013079667063,3.929013079667063
-103.6452013942993,1748.9078472887886,121.61524753413335,-114.0536813426719,1760.5469078998528,111.68473772255848,0.6900981947236448,0.0,-0.7237157464358271,3.929013079667063,3.929013079667063
-114.0536813426719,1760.5469078998528,111.68473772255848,-124.46216129104448,1772.1859685109173,101.75422791098363,0.6900981947236448,0.0,-0.7237157464358271,3.929013079667063,3.929013079667063
-124.46216129104448,1772.1859685109173,101.75422791098363,-115.20671395444974,1784.7174748462648,110.53170511078065,0.6900981947236448,0.0,-0.7237157464358271,3.929013079667063,3.929013079667063
-115.20671395444974,1784.7174748462648,110.53170511078065,-105.95126661785501,1797.2489811816124,119.30918231057765,0.6900981947236448,0.0,-0.7237157464358271,3.929013079667063,3.929013079667063
-104.79823400607717,1773.0784142352006,120.4622149223555,-115.20671395444974,1784.7174748462648,110.53170511078065,0.6900981947236448,0.0,-0.7237157464358271,3.929013079667063,3.929013079667063
-115.20671395444974,1784.7174748462648,110.53170511078065,-125.61519390282233,1796.356535457329,100.60119529920578,0.6900981947236448,0.0,-0.7237157464358271,3.929013079667063,3.929013079667063
-125.61519390282233,1796.3565354573293,100.60119529920578,-116.3597465662276,1808.8880417926769,109.37867249900279,0.6900981947236448,0.0,-0.7237157464358271,3.929013079667063,3.929013079667063
-116.3597465662276,1808.8880417926769,109.37867249900279,-107.10429922963286,1821.4195481280244,118.1561496987998,0.6900981947236448,0.0,-0.7237157464358271,3.929013079667063,3.929013079667063
-105.95126661785501,1797.2489811816126,119.30918231057765,-116.3597465662276,1808.8880417926769,109.37867249900279,0.6900981947236448,0.0,-0.7237157464358271,3.929013079667063,3.929013079667063
-116.3597465662276,1808.8880417926769,109.37867249900279,-126.76822651460017,1820.527102403741,99.44816268742792,0.6900981947236448,0.0,-0.7237157464358271,3.929013079667063,3.929013079667063
-126.76822651460017,1820.527102403741,99.44816268742792,-117.51277917800545,1833.0586087390886,108.22563988722494,0.6900981947236448,0.0,-0.7237157464358271,3.929013079667063,3.929013079667063
-117.51277917800545,1833.0586087390886,108.22563988722494,-108.25733184141072,1845.5901150744362,117.00311708702196,0.6900981947236448,0.0,-0.7237157464358271,3.929013079667063,3.929013079667063
-107.10429922963286,1821.4195481280244,118.1561496987998,-117.51277917800545,1833.0586087390886,108.22563988722494,0.6900981947236448,0.0,-0.7237157464358271,3.929013079667063,3.929013079667063
-117.51277917800545,1833.0586087390886,108.22563988722494,-127.92125912637803,1844.6976693501529,98.29513007565009,0.6900981947236448,0.0,-0.7237157464358271,3.929013079667063,3.929013079667063
-127.92125912637803,1844.6976693501529,98.29513007565009,-118.66581178978329,1857.2291756855004,107.0726072754471,0.6900981947236448,0.0,-0.7237157464358271,3.929013079667063,3.929013079667063
-118.66581178978329,1857.2291756855004,107.0726072754471,-109.41036445318855,1869.760682020848,115.8500844752441,0.6900981947236448,0.0,-0.7237157464358271,3.929013079667063,3.929013079667063
-108.25733184141072,1845.5901150744362,117.00311708702196,-118.66581178978329,1857.2291756855004,107.0726072754471,0.6900981947236448,0.0,-0.7237157464358271,3.929013079667063,3.929013079667063
-118.66581178978329,1857.2291756855004,107.0726072754471,-129.07429173815586,1868.8682362965646,97.14209746387223,0.6900981947236448,0.0,-0.7237157464358271,3.929013079667063,3.929013079667063
-129.07429173815586,1868.8682362965646,97.14209746387223,-119.81884440156114,1881.3997426319122,105.91957466366924,0.6900981947236448,0.0,-0.7237157464358271,3.929013079667063,3.929013079667063
-119.81884440156114,1881.3997426319122,105.91957466366924,-110.56339706496641,1893.9312489672598,114.69705186346626,0.6900981947236448,0.0,-0.7237157464358271,3.929013079667063,3.929013079667063
-109.41036445318855,1869.760682020848,115.8500844752441,-119.81884440156114,1881.3997426319122,105.91957466366924,0.6900981947236448,0.0,-0.7237157464358271,3.929013079667063,3.929013079667063
-119.81884440156114,1881.3997426319122,105.91957466366924,-130.22732434993372,1893.0388032429764,95.98906485209439,0.6900981947236448,0.0,-0.7237157464358271,3.929013079667063,3.929013079667063
-130.22732434993372,1893.0388032429764,95.98906485209439,-120.97187701333898,1905.5703095783242,104.7665420518914,0.6900981947236448,0.0,-0.7237157464358271,3.929013079667063,3.929013079667063
-120.97187701333898,1905.5703095783242,104.7665420518914,-111.71642967674426,1918.1018159136718,113.54401925168841,0.6900981947236448,0.0,-0.7237157464358271,3.929013079667063,3.929013079667063
-110.56339706496641,1893.9312489672598,114.69705186346626,-120.97187701333898,1905.5703095783242,104.7665420518914,0.6900981947236448,0.0,-0.7237157464358271,3.929013079667063,3.929013079667063
-120.97187701333898,1905.5703095783242,104.7665420518914,-131.38035696171158,1917.2093701893884,94.83603224031654,0.6900981947236448,0.0,-0.7237157464358271,3.929013079667063,3.929013079667063
-131.38035696171158,1917.2093701893887,94.83603224031654,-122.12490962511684,1929.7408765247362,103.61350944011355,0.6900981947236448,0.0,-0.7237157464358271,3.929013079667063,3.929013079667063
-122.12490962511684,1929.7408765247362,103.61350944011355,-112.8694622885221,1942.2723828600838,112.39098663991055,0.6900981947236448,0.0,-0.7237157464358271,3.929013079667063,3.929013079667063
-111.71642967674426,1918.101815913672,113.54401925168841,-122.12490962511684,1929.7408765247362,103.61350944011355,0.6900981947236448,0.0,-0.7237157464358271,3.929013079667063,3.929013079667063
-122.12490962511684,1929.7408765247362,103.61350944011355,-132.53338957348942,1941.3799371358004,93.68299962853868,0.6900981947236448,0.0,-0.7237157464358271,3.929013079667063,3.929013079667063
-132.53338957348942,1941.3799371358004,93.68299962853868,-123.27794223689469,1953.911443471148,102.4604768283357,0.6900981947236448,0.0,-0.7237157464358271,3.929013079667063,3.929013079667063
-123.27794223689469,1953.911443471148,102.4604768283357,-114.02249490029996,1966.4429498064956,111.23795402813272,0.6900981947236448,0.0,-0.7237157464358271,3.929013079667063,3.929013079667063
-112.8694622885221,1942.2723828600838,112.39098663991055,-123.27794223689469,1953.911443471148,102.4604768283357,0.6900981947236448,0.0,-0.7237157464358271,3.929013079667063,3.929013079667063
-123.27794223689469,1953.911443471148,102.4604768283357,-133.68642218526728,1965.5505040822122,92.52996701676085,0.6900981947236448,0.0,-0.7237157464358271,3.929013079667063,3.929013079667063
-133.68642218526728,1965.5505040822122,92.52996701676085,-124.43097484867253,1978.0820104175598,101.30744421655785,0.6900981947236448,0.0,-0.7237157464358271,3.929013079667063,3.929013079667063
-124.43097484867253,1978.0820104175598,101.30744421655785,-115.17552751207779,1990.6135167529073,110.08492141635486,0.6900981947236448,0.0,-0.7237157464358271,3.929013079667063,3.929013079667063
-114.02249490029996,1966.4429498064956,111.23795402813272,-124.43097484867253,1978.0820104175598,101.30744421655785,0.6900981947236448,0.0,-0.7237157464358271,3.929013079667063,3.929013079667063
-124.43097484867253,1978.0820104175598,101.30744421655785,-134.8394547970451,1989.721071028624,91.37693440498299,0.6900981947236448,0.0,-0.7237157464358271,3.929013079667063,3.929013079667063
-134.8394547970451,1989.721071028624,91.37693440498299,-125.58400746045038,2002.2525773639713,100.15441160478,0.6900981947236448,0.0,-0.7237157464358271,3.929013079667063,3.929013079667063
-125.58400746045038,2002.2525773639713,100.15441160478,-116.32856012385565,2014.7840836993191,108.93188880457701,0.6900981947236448,0.0,-0.7237157464358271,3.929013079667063,3.929013079667063
-115.17552751207779,1990.6135167529073,110.08492141635486,-125.58400746045038,2002.2525773639713,100.15441160478,0.6900981947236448,0.0,-0.7237157464358271,3.929013079667063,3.929013079667063
-125.58400746045038,2002.2525773639713,100.15441160478,-135.99248740882297,2013.8916379750358,90.22390179320514,0.6900981947236448,0.0,-0.7237157464358271,3.929013079667063,3.929013079667063
-135.99248740882297,2013.8916379750358,90.22390179320514,-126.73704007222824,2026.4231443103831,99.00137899300216,0.6900981947236448,0.0,-0.7237157464358271,3.929013079667063,3.929013079667063
-126.73704007222824,2026.4231443103831,99.00137899300216,-117.4815927356335,2038.9546506457314,107.77885619279917,0.6900981947236448,0.0,-0.7237157464358271,3.929013079667063,3.929013079667063
-116.32856012385565,2014.7840836993191,108.93188880457701,-126.73704007222824,2026.4231443103831,99.00137899300216,0.6900981947236448,0.0,-0.7237157464358271,3.929013079667063,3.929013079667063
-126.73704007222824,2026.4231443103831,99.00137899300216,-137.14552002060083,2038.062204921448,89.0708691814273,0.6900981947236448,0.0,-0.7237157464358271,3.929013079667063,3.929013079667063
-137.14552002060083,2038.062204921448,89.0708691814273,-127.89007268400609,2050.5937112567954,97.8483463812243,0.6900981947236448,0.0,-0.7237157464358271,3.929013079667063,3.929013079667063
-127.89007268400609,2050.5937112567954,97.8483463812243,-118.63462534741134,2063.125217592143,106.62582358102131,0.6900981947236448,0.0,-0.7237157464358271,3.929013079667063,3.929013079667063
-117.48159273563351,2038.9546506457314,107.77885619279917,-127.89007268400609,2050.5937112567954,97.8483463812243,0.6900981947236448,0.0,-0.7237157464358271,3.929013079667063,3.929013079667063
-127.89007268400609,2050.5937112567954,97.8483463812243,-138.29855263237866,2062.23277186786,87.91783656964944,0.6900981947236448,0.0,-0.7237157464358271,3.929013079667063,3.929013079667063
-138.29855263237866,2062.23277186786,87.91783656964944,-129.04310529578393,2074.764278203207,96.69531376944646,0.6900981947236448,0.0,-0.7237157464358271,3.929013079667063,3.929013079667063
-129.04310529578393,2074.764278203207,96.69531376944646,-119.7876579591892,2087.295784538555,105.47279096924348,0.6900981947236448,0.0,-0.7237157464358271,3.929013079667063,3.929013079667063
-118.63462534741134,2063.125217592143,106.62582358102131,-129.04310529578393,2074.764278203207,96.69531376944646,0.6900981947236448,0.0,-0.7237157464358271,3.929013079667063,3.929013079667063
-129.04310529578393,2074.764278203207,96.69531376944646,-139.45158524415652,2086.4033388142716,86.7648039578716,0.6900981947236448,0.0,-0.7237157464358271,3.929013079667063,3.929013079667063
-139.45158524415652,2086.4033388142716,86.7648039578716,-130.19613790756176,2098.934845149619,95.54228115766861,0.6900981947236448,0.0,-0.7237157464358271,3.929013079667063,3.929013079667063
-130.19613790756176,2098.934845149619,95.54228115766861,-120.94069057096704,2111.4663514849667,104.31975835746562,0.6900981947236448,0.0,-0.7237157464358271,3.929013079667063,3.929013079667063
-119.7876579591892,2087.295784538555,105.47279096924348,-130.19613790756176,2098.934845149619,95.54228115766861,0.6900981947236448,0.0,-0.7237157464358271,3.929013079667063,3.929013079667063
-130.19613790756176,2098.934845149619,95.54228115766861,-140.60461785593435,2110.5739057606834,85.61177134609375,0.6900981947236448,0.0,-0.7237157464358271,3.929013079667063,3.929013079667063
-140.60461785593435,2110.5739057606834,85.61177134609375,-131.34917051933962,2123.1054120960307,94.38924854589075,0.6900981947236448,0.0,-0.7237157464358271,3.929013079667063,3.929013079667063
-131.34917051933962,2123.1054120960307,94.38924854589075,-122.0937231827449,2135.6369184313785,103.16672574568777,0.6900981947236448,0.0,-0.7237157464358271,3.929013079667063,3.929013079667063
-120.94069057096704,2111.4663514849667,104.31975835746562,-131.34917051933962,2123.1054120960307,94.38924854589075,0.6900981947236448,0.0,-0.7237157464358271,3.929013079667063,3.929013079667063
-131.34917051933962,2123.1054120960307,94.38924854589075,-141.7576504677122,2134.744472707095,84.4587387343159,0.6900981947236448,0.0,-0.7237157464358271,3.929013079667063,3.929013079667063
-141.7576504677122,2134.744472707095,84.4587387343159,-132.50220313111748,2147.2759790424425,93.23621593411292,0.6900981947236448,0.0,-0.7237157464358271,3.929013079667063,3.929013079667063
-132.50220313111748,2147.2759790424425,93.23621593411292,-123.24675579452274,2159.8074853777903,102.01369313390992,0.6900981947236448,0.0,-0.7237157464358271,3.929013079667063,3.929013079667063
-122.0937231827449,2135.6369184313785,103.16672574568777,-132.50220313111748,2147.2759790424425,93.23621593411292,0.6900981947236448,0.0,-0.7237157464358271,3.929013079667063,3.929013079667063
-132.50220313111748,2147.2759790424425,93.23621593411292,-142.91068307949007,2158.915039653507,83.30570612253806,0.6900981947236448,0.0,-0.7237157464358271,3.929013079667063,3.929013079667063
-142.91068307949007,2158.915039653507,83.30570612253806,-133.65523574289534,2171.4465459888547,92.08318332233506,0.6900981947236448,0.0,-0.7237157464358271,3.929013079667063,3.929013079667063
-133.65523574289534,2171.4465459888547,92.08318332233506,-124.39978840630059,2183.9780523242025,100.86066052213206,0.6900981947236448,0.0,-0.7237157464358271,3.929013079667063,3.929013079667063
-123.24675579452276,2159.8074853777903,102.01369313390992,-133.65523574289534,2171.4465459888547,92.08318332233506,0.6900981947236448,0.0,-0.7237157464358271,3.929013079667063,3.929013079667063
-133.65523574289534,2171.4465459888547,92.08318332233506,-144.0637156912679,2183.085606599919,82.1526735107602,0.6900981947236448,0.0,-0.7237157464358271,3.929013079667063,3.929013079667063
-144.0637156912679,2183.085606599919,82.1526735107602,-134.80826835467317,2195.6171129352665,90.93015071055721,0.6900981947236448,0.0,-0.7237157464358271,3.929013079667063,3.929013079667063
-134.80826835467317,2195.6171129352665,90.93015071055721,-125.55282101807845,2208.1486192706143,99.70762791035423,0.6900981947236448,0.0,-0.7237157464358271,3.929013079667063,3.929013079667063
-124.39978840630059,2183.9780523242025,100.86066052213206,-134.80826835467317,2195.6171129352665,90.93015071055721,0.6900981947236448,0.0,-0.7237157464358271,3.929013079667063,3.929013079667063
-134.80826835467317,2195.6171129352665,90.93015071055721,-145.21674830304576,2207.256173546331,80.99964089898236,0.6900981947236448,0.0,-0.7237157464358271,3.929013079667063,3.929013079667063
-145.21674830304576,2207.256173546331,80.99964089898236,-135.961300966451,2219.7876798816783,89.77711809877937,0.6900981947236448,0.0,-0.7237157464358271,3.929013079667063,3.929013079667063
-135.961300966451,2219.7876798816783,89.77711809877937,-126.70585362985628,2232.319186217026,98.55459529857637,0.6900981947236448,0.0,-0.7237157464358271,3.929013079667063,3.929013079667063
-125.55282101807845,2208.1486192706143,99.70762791035423,-135.961300966451,2219.7876798816783,89.77711809877937,0.6900981947236448,0.0,-0.7237157464358271,3.929013079667063,3.929013079667063
-135.961300966451,2219.7876798816783,89.77711809877937,-146.3697809148236,2231.4267404927427,79.8466082872045,0.6900981947236448,0.0,-0.7237157464358271,3.929013079667063,3.929013079667063
-146.3697809148236,2231.4267404927427,79.8466082872045,-137.11433357822887,2243.95824682809,88.62408548700152,0.6900981947236448,0.0,-0.7237157464358271,3.929013079667063,3.929013079667063
-137.11433357822887,2243.95824682809,88.62408548700152,-127.85888624163414,2256.489753163438,97.40156268679853,0.6900981947236448,0.0,-0.7237157464358271,3.929013079667063,3.929013079667063
-126.70585362985628,2232.319186217026,98.55459529857637,-137.11433357822887,2243.95824682809,88.62408548700152,0.6900981947236448,0.0,-0.7237157464358271,3.929013079667063,3.929013079667063
-137.11433357822887,2243.95824682809,88.62408548700152,-147.52281352660145,2255.5973074391545,78.69357567542666,0.6900981947236448,0.0,-0.7237157464358271,3.929013079667063,3.929013079667063
-147.52281352660145,2255.5973074391545,78.69357567542666,-138.26736619000673,2268.128813774502,87.47105287522368,0.6900981947236448,0.0,-0.7237157464358271,3.929013079667063,3.929013079667063
-138.26736619000673,2268.128813774502,87.47105287522368,-129.011918853412,2280.66032010985,96.24853007502068,0.6900981947236448,0.0,-0.7237157464358271,3.929013079667063,3.929013079667063
-127.85888624163414,2256.489753163438,97.40156268679853,-138.26736619000673,2268.128813774502,87.47105287522368,0.6900981947236448,0.0,-0.7237157464358271,3.929013079667063,3.929013079667063
-138.26736619000673,2268.128813774502,87.47105287522368,-148.6758461383793,2279.7678743855668,77.54054306364881,0.6900981947236448,0.0,-0.7237157464358271,3.929013079667063,3.929013079667063
-148.6758461383793,2279.7678743855668,77.54054306364881,-139.42039880178456,2292.299380720914,86.31802026344582,0.6900981947236448,0.0,-0.7237157464358271,3.929013079667063,3.929013079667063
-139.42039880178456,2292.299380720914,86.31802026344582,-130.16495146518983,2304.830887056262,95.09549746324284,0.6900981947236448,0.0,-0.7237157464358271,3.929013079667063,3.929013079667063
-129.011918853412,2280.66032010985,96.24853007502068,-139.42039880178456,2292.299380720914,86.31802026344582,0.6900981947236448,0.0,-0.7237157464358271,3.929013079667063,3.929013079667063
-139.42039880178456,2292.299380720914,86.31802026344582,-149.82887875015714,2303.9384413319785,76.38751045187097,0.6900981947236448,0.0,-0.7237157464358271,3.929013079667063,3.929013079667063
-75.60344827586204,1160.187213427769,130.94901364119875,-91.6533954974636,1184.3577803741807,129.7959810294209,0.0,0.0,1.0,3.929013079667063,3.929013079667063
-61.85956627781616,1184.3577803741807,129.7959810294209,-77.90951349941773,1208.5283473205927,128.64294841764305,0.0,0.0,1.0,3.929013079667063,3.929013079667063
-77.90951349941773,1208.5283473205927,128.64294841764305,-93.95946072101931,1232.6989142670045,127.48991580586521,0.0,0.0,1.0,3.929013079667063,3.929013079667063
-91.6533954974636,1184.3577803741807,129.7959810294209,-77.90951349941773,1208.5283473205927,128.64294841764305,0.0,0.0,1.0,3.929013079667063,3.929013079667063
-77.90951349941773,1208.5283473205927,128.64294841764305,-64.16563150137186,1232.6989142670045,127.48991580586521,0.0,0.0,1.0,3.929013079667063,3.929013079667063
-64.16563150137186,1232.6989142670045,127.48991580586521,-80.21557872297343,1256.8694812134163,126.33688319408735,0.0,0.0,1.0,3.929013079667063,3.929013079667063
-80.21557872297343,1256.8694812134163,126.33688319408735,-96.265525944575,1281.0400481598283,125.1838505823095,0.0,0.0,1.0,3.929013079667063,3.929013079667063
-93.95946072101931,1232.6989142670045,127.48991580586521,-80.21557872297343,1256.8694812134163,126.33688319408735,0.0,0.0,1.0,3.929013079667063,3.929013079667063
-80.21557872297343,1256.8694812134163,126.33688319408735,-66.47169672492755,1281.0400481598283,125.1838505823095,0.0,0.0,1.0,3.929013079667063,3.929013079667063
-66.47169672492755,1281.0400481598283,125.1838505823095,-82.52164394652912,1305.21061510624,124.03081797053166,0.0,0.0,1.0,3.929013079667063,3.929013079667063
-82.52164394652912,1305.21061510624,124.03081797053166,-98.5715911681307,1329.3811820526519,122.87778535875381,0.0,0.0,1.0,3.929013079667063,3.929013079667063
-96.265525944575,1281.0400481598283,125.1838505823095,-82.52164394652912,1305.21061510624,124.03081797053166,0.0,0.0,1.0,3.929013079667063,3.929013079667063
-82.52164394652912,1305.21061510624,124.03081797053166,-68.77776194848325,1329.3811820526519,122.87778535875381,0.0,0.0,1.0,3.929013079667063,3.929013079667063
-68.77776194848325,1329.3811820526519,122.87778535875381,-84.82770917008482,1353.5517489990639,121.72475274697597,0.0,0.0,1.0,3.929013079667063,3.929013079667063
-84.82770917008482,1353.5517489990639,121.72475274697597,-100.87765639168639,1377.7223159454757,120.57172013519812,0.0,0.0,1.0,3.929013079667063,3.929013079667063
-98.5715911681307,1329.3811820526519,122.87778535875381,-84.82770917008482,1353.5517489990639,121.72475274697597,0.0,0.0,1.0,3.929013079667063,3.929013079667063
-84.82770917008482,1353.5517489990639,121.72475274697597,-71.08382717203894,1377.7223159454757,120.57172013519812,0.0,0.0,1.0,3.929013079667063,3.929013079667063
-71.08382717203895,1377.7223159454757,120.57172013519812,-87.13377439364052,1401.8928828918874,119.41868752342026,0.0,0.0,1.0,3.929013079667063,3.929013079667063
-87.13377439364052,1401.8928828918874,119.41868752342026,-103.18372161524209,1426.0634498382992,118.26565491164241,0.0,0.0,1.0,3.929013079667063,3.929013079667063
-100.8776563916864,1377.7223159454757,120.57172013519812,-87.13377439364052,1401.8928828918874,119.41868752342026,0.0,0.0,1.0,3.929013079667063,3.929013079667063
-87.13377439364052,1401.8928828918874,119.41868752342026,-73.38989239559464,1426.0634498382992,118.26565491164241,0.0,0.0,1.0,3.929013079667063,3.929013079667063
-73.38989239559464,1426.0634498382992,118.26565491164241,-89.43983961719621,1450.2340167847112,117.11262229986457,0.0,0.0,1.0,3.929013079667063,3.929013079667063
-89.43983961719621,1450.2340167847112,117.11262229986457,-105.48978683879778,1474.404583731123,115.95958968808672,0.0,0.0,1.0,3.929013079667063,3.929013079667063
-103.18372161524209,1426.0634498382992,118.26565491164241,-89.43983961719621,1450.2340167847112,117.11262229986457,0.0,0.0,1.0,3.929013079667063,3.929013079667063
-89.43983961719621,1450.2340167847112,117.11262229986457,-75.69595761915033,1474.404583731123,115.95958968808672,0.0,0.0,1.0,3.929013079667063,3.929013079667063
-75.69595761915033,1474.404583731123,115.95958968808672,-91.7459048407519,1498.5751506775348,114.80655707630888,0.0,0.0,1.0,3.929013079667063,3.929013079667063
-91.7459048407519,1498.5751506775348,114.80655707630888,-107.79585206235349,1522.7457176239468,113.65352446453103,0.0,0.0,1.0,3.929013079667063,3.929013079667063
-105.48978683879778,1474.404583731123,115.95958968808672,-91.7459048407519,1498.5751506775348,114.80655707630888,0.0,0.0,1.0,3.929013079667063,3.929013079667063
-91.7459048407519,1498.5751506775348,114.80655707630888,-78.00202284270604,1522.7457176239468,113.65352446453103,0.0,0.0,1.0,3.929013079667063,3.929013079667063
-78.00202284270604,1522.7457176239468,113.65352446453103,-94.05197006430761,1546.9162845703586,112.50049185275319,0.0,0.0,1.0,3.929013079667063,3.929013079667063
-94.05197006430761,1546.9162845703586,112.50049185275319,-110.10191728590918,1571.0868515167704,111.34745924097533,0.0,0.0,1.0,3.929013079667063,3.929013079667063
-107.79585206235349,1522.7457176239468,113.65352446453103,-94.05197006430761,1546.9162845703586,112.50049185275319,0.0,0.0,1.0,3.929013079667063,3.929013079667063
-94.05197006430761,1546.9162845703586,112.50049185275319,-80.30808806626173,1571.0868515167704,111.34745924097533,0.0,0.0,1.0,3.929013079667063,3.929013079667063
-80.30808806626173,1571.0868515167704,111.34745924097533,-96.3580352878633,1595.2574184631824,110.1944266291975,0.0,0.0,1.0,3.929013079667063,3.929013079667063
-96.3580352878633,1595.2574184631824,110.1944266291975,-112.40798250946487,1619.4279854095942,109.04139401741963,0.0,0.0,1.0,3.929013079667063,3.929013079667063
-110.10191728590918,1571.0868515167704,111.34745924097533,-96.3580352878633,1595.2574184631824,110.1944266291975,0.0,0.0,1.0,3.929013079667063,3.929013079667063
-96.3580352878633,1595.2574184631824,110.1944266291975,-82.61415328981742,1619.4279854095942,109.04139401741963,0.0,0.0,1.0,3.929013079667063,3.929013079667063
-82.61415328981742,1619.4279854095942,109.04139401741963,-98.664100511419,1643.598552356006,107.88836140564179,0.0,0.0,1.0,3.929013079667063,3.929013079667063
-98.664100511419,1643.598552356006,107.88836140564179,-114.71404773302056,1667.769119302418,106.73532879386394,0.0,0.0,1.0,3.929013079667063,3.929013079667063
-112.40798250946487,1619.4279854095942,109.04139401741963,-98.664100511419,1643.598552356006,107.88836140564179,0.0,0.0,1.0,3.929013079667063,3.929013079667063
-98.664100511419,1643.598552356006,107.88836140564179,-84.92021851337311,1667.769119302418,106.73532879386394,0.0,0.0,1.0,3.929013079667063,3.929013079667063
-84.92021851337311,1667.769119302418,106.73532879386394,-100.9701657349747,1691.9396862488297,105.5822961820861,0.0,0.0,1.0,3.929013079667063,3.929013079667063
-100.9701657349747,1691.9396862488297,105.5822961820861,-117.02011295657627,1716.1102531952415,104.42926357030825,0.0,0.0,1.0,3.929013079667063,3.929013079667063
-114.71404773302056,1667.769119302418,106.73532879386394,-100.9701657349747,1691.9396862488297,105.5822961820861,0.0,0.0,1.0,3.929013079667063,3.929013079667063
-100.9701657349747,1691.9396862488297,105.5822961820861,-87.22628373692882,1716.1102531952415,104.42926357030825,0.0,0.0,1.0,3.929013079667063,3.929013079667063
-87.22628373692882,1716.1102531952415,104.42926357030825,-103.27623095853039,1740.2808201416533,103.27623095853039,0.0,0.0,1.0,3.929013079667063,3.929013079667063
-103.27623095853039,1740.2808201416533,103.27623095853039,-119.32617818013196,1764.4513870880653,102.12319834675256,0.0,0.0,1.0,3.929013079667063,3.929013079667063
-117.02011295657627,1716.1102531952415,104.42926357030825,-103.27623095853039,1740.2808201416533,103.27623095853039,0.0,0.0,1.0,3.929013079667063,3.929013079667063
-103.27623095853039,1740.2808201416533,103.27623095853039,-89.53234896048451,1764.4513870880653,102.12319834675256,0.0,0.0,1.0,3.929013079667063,3.929013079667063
-89.53234896048451,1764.4513870880653,102.12319834675256,-105.58229618208608,1788.621954034477,100.9701657349747,0.0,0.0,1.0,3.929013079667063,3.929013079667063
-105.58229618208608,1788.621954034477,100.9701657349747,-121.63224340368767,1812.792520980889,99.81713312319685,0.0,0.0,1.0,3.929013079667063,3.929013079667063
-119.32617818013196,1764.4513870880653,102.12319834675256,-105.58229618208608,1788.621954034477,100.9701657349747,0.0,0.0,1.0,3.929013079667063,3.929013079667063
-105.58229618208608,1788.621954034477,100.9701657349747,-91.83841418404022,1812.792520980889,99.81713312319685,0.0,0.0,1.0,3.929013079667063,3.929013079667063
-91.83841418404022,1812.792520980889,99.81713312319685,-107.88836140564177,1836.9630879273009,98.66410051141901,0.0,0.0,1.0,3.929013079667063,3.929013079667063
-107.88836140564177,1836.9630879273009,98.66410051141901,-123.93830862724336,1861.1336548737127,97.51106789964116,0.0,0.0,1.0,3.929013079667063,3.929013079667063
-121.63224340368767,1812.792520980889,99.81713312319685,-107.88836140564177,1836.9630879273009,98.66410051141901,0.0,0.0,1.0,3.929013079667063,3.929013079667063
-107.88836140564177,1836.9630879273009,98.66410051141901,-94.14447940759591,1861.1336548737127,97.51106789964116,0.0,0.0,1.0,3.929013079667063,3.929013079667063
-94.14447940759591,1861.1336548737127,97.51106789964115,-110.19442662919748,1885.3042218201244,96.35803528786332,0.0,0.0,1.0,3.929013079667063,3.929013079667063
-110.19442662919748,1885.3042218201244,96.35803528786332,-126.24437385079905,1909.4747887665364,95.20500267608546,0.0,0.0,1.0,3.929013079667063,3.929013079667063
-123.93830862724336,1861.1336548737127,97.51106789964115,-110.19442662919748,1885.3042218201244,96.35803528786332,0.0,0.0,1.0,3.929013079667063,3.929013079667063
-110.19442662919748,1885.3042218201244,96.35803528786332,-96.4505446311516,1909.4747887665364,95.20500267608546,0.0,0.0,1.0,3.929013079667063,3.929013079667063
-96.4505446311516,1909.4747887665364,95.20500267608546,-112.50049185275319,1933.6453557129482,94.05197006430762,0.0,0.0,1.0,3.929013079667063,3.929013079667063
-112.50049185275319,1933.6453557129482,94.05197006430762,-128.55043907435473,1957.8159226593602,92.89893745252976,0.0,0.0,1.0,3.929013079667063,3.929013079667063
-126.24437385079905,1909.4747887665364,95.20500267608546,-112.50049185275319,1933.6453557129482,94.05197006430762,0.0,0.0,1.0,3.929013079667063,3.929013079667063
-112.50049185275319,1933.6453557129482,94.05197006430762,-98.75660985470729,1957.8159226593602,92.89893745252976,0.0,0.0,1.0,3.929013079667063,3.929013079667063
-98.75660985470729,1957.8159226593602,92.89893745252976,-114.80655707630888,1981.986489605772,91.74590484075192,0.0,0.0,1.0,3.929013079667063,3.929013079667063
-114.80655707630888,1981.986489605772,91.74590484075192,-130.85650429791045,2006.1570565521838,90.59287222897407,0.0,0.0,1.0,3.929013079667063,3.929013079667063
-128.55043907435473,1957.8159226593602,92.89893745252976,-114.80655707630888,1981.986489605772,91.74590484075192,0.0,0.0,1.0,3.929013079667063,3.929013079667063
-114.80655707630888,1981.986489605772,91.74590484075192,-101.062675078263,2006.1570565521838,90.59287222897407,0.0,0.0,1.0,3.929013079667063,3.929013079667063
-101.062675078263,2006.1570565521838,90.59287222897407,-117.11262229986457,2030.3276234985956,89.43983961719623,0.0,0.0,1.0,3.929013079667063,3.929013079667063
-117.11262229986457,2030.3276234985956,89.43983961719623,-133.16256952146614,2054.4981904450074,88.28680700541838,0.0,0.0,1.0,3.929013079667063,3.929013079667063
-130.85650429791045,2006.1570565521838,90.59287222897407,-117.11262229986457,2030.3276234985956,89.43983961719623,0.0,0.0,1.0,3.929013079667063,3.929013079667063
-117.11262229986457,2030.3276234985956,89.43983961719623,-103.36874030181869,2054.4981904450074,88.28680700541838,0.0,0.0,1.0,3.929013079667063,3.929013079667063
-103.36874030181869,2054.4981904450074,88.28680700541838,-119.41868752342026,2078.6687573914196,87.13377439364052,0.0,0.0,1.0,3.929013079667063,3.929013079667063
-119.41868752342026,2078.6687573914196,87.13377439364052,-135.46863474502183,2102.8393243378314,85.98074178186269,0.0,0.0,1.0,3.929013079667063,3.929013079667063
-133.16256952146614,2054.4981904450074,88.28680700541838,-119.41868752342026,2078.6687573914196,87.13377439364052,0.0,0.0,1.0,3.929013079667063,3.929013079667063
-119.41868752342026,2078.6687573914196,87.13377439364052,-105.6748055253744,2102.8393243378314,85.98074178186269,0.0,0.0,1.0,3.929013079667063,3.929013079667063
-105.6748055253744,2102.8393243378314,85.98074178186268,-121.72475274697597,2127.009891284243,84.82770917008483,0.0,0.0,1.0,3.929013079667063,3.929013079667063
-121.72475274697597,2127.009891284243,84.82770917008483,-137.77469996857752,2151.180458230655,83.67467655830698,0.0,0.0,1.0,3.929013079667063,3.929013079667063
-135.46863474502183,2102.8393243378314,85.98074178186268,-121.72475274697597,2127.009891284243,84.82770917008483,0.0,0.0,1.0,3.929013079667063,3.929013079667063
-121.72475274697597,2127.009891284243,84.82770917008483,-107.98087074893009,2151.180458230655,83.67467655830698,0.0,0.0,1.0,3.929013079667063,3.929013079667063
-107.98087074893009,2151.180458230655,83.67467655830698,-124.03081797053166,2175.3510251770667,82.52164394652914,0.0,0.0,1.0,3.929013079667063,3.929013079667063
-124.03081797053166,2175.3510251770667,82.52164394652914,-140.0807651921332,2199.5215921234785,81.36861133475128,0.0,0.0,1.0,3.929013079667063,3.929013079667063
-137.77469996857752,2151.180458230655,83.67467655830698,-124.03081797053166,2175.3510251770667,82.52164394652914,0.0,0.0,1.0,3.929013079667063,3.929013079667063
-124.03081797053166,2175.3510251770667,82.52164394652914,-110.28693597248578,2199.5215921234785,81.36861133475128,0.0,0.0,1.0,3.929013079667063,3.929013079667063
-110.28693597248578,2199.5215921234785,81.36861133475128,-126.33688319408736,2223.6921590698903,80.21557872297345,0.0,0.0,1.0,3.929013079667063,3.929013079667063
-126.33688319408736,2223.6921590698903,80.21557872297345,-142.3868304156889,2247.862726016302,79.06254611119559,0.0,0.0,1.0,3.929013079667063,3.929013079667063
-140.0807651921332,2199.5215921234785,81.36861133475128,-126.33688319408736,2223.6921590698903,80.21557872297345,0.0,0.0,1.0,3.929013079667063,3.929013079667063
-126.33688319408736,2223.6921590698903,80.21557872297345,-112.59300119604147,2247.862726016302,79.06254611119559,0.0,0.0,1.0,3.929013079667063,3.929013079667063
-112.59300119604147,2247.862726016302,79.06254611119559,-128.64294841764305,2272.033292962714,77.90951349941776,0.0,0.0,1.0,3.929013079667063,3.929013079667063
-128.64294841764305,2272.033292962714,77.90951349941776,-144.6928956392446,2296.203859909126,76.7564808876399,0.0,0.0,1.0,3.929013079667063,3.929013079667063
-142.3868304156889,2247.862726016302,79.06254611119559,-128.64294841764305,2272.033292962714,77.90951349941776,0.0,0.0,1.0,3.929013079667063,3.929013079667063
-128.64294841764305,2272.033292962714,77.90951349941776,-114.89906641959716,2296.203859909126,76.7564808876399,0.0,0.0,1.0,3.929013079667063,3.929013079667063
-130.94901364119875,2320.374426855538,75.60344827586205,-144.6928956392446,2296.203859909126,76.7564808876399,0.0,0.0,1.0,3.929013079667063,3.929013079667063
-64.16563150137186,1232.6989142670045,127.48991580586521,-59.76758926199717,1240.4334956898563,127.1209453700963,0.0,0.0,1.0,3.929013079667063,3.929013079667063
-93.95946072101931,1232.6989142670045,127.48991580586521,-99.0954438319318,1240.4334956898563,127.1209453700963,0.0,0.0,1.0,3.929013079667063,3.929013079667063
-66.47169672492755,1281.0400481598283,125.1838505823095,-62.07365448555288,1288.77462958268,124.81488014654059,0.0,0.0,1.0,3.929013079667063,3.929013079667063
-96.265525944575,1281.0400481598283,125.1838505823095,-101.40150905548751,1288.77462958268,124.81488014654059,0.0,0.0,1.0,3.929013079667063,3.929013079667063
-68.77776194848325,1329.3811820526519,122.87778535875381,-64.37971970910857,1337.1157634755036,122.5088149229849,0.0,0.0,1.0,3.929013079667063,3.929013079667063
-98.5715911681307,1329.3811820526519,122.87778535875381,-103.7075742790432,1337.1157634755036,122.5088149229849,0.0,0.0,1.0,3.929013079667063,3.929013079667063
-71.08382717203894,1377.7223159454757,120.57172013519812,-66.68578493266426,1385.4568973683274,120.2027496994292,0.0,0.0,1.0,3.929013079667063,3.929013079667063
-100.87765639168639,1377.7223159454757,120.57172013519812,-106.01363950259889,1385.4568973683274,120.2027496994292,0.0,0.0,1.0,3.929013079667063,3.929013079667063
-73.38989239559464,1426.0634498382992,118.26565491164241,-68.99185015621997,1433.7980312611512,117.89668447587351,0.0,0.0,1.0,3.929013079667063,3.929013079667063
-103.18372161524209,1426.0634498382992,118.26565491164241,-108.3197047261546,1433.7980312611512,117.89668447587351,0.0,0.0,1.0,3.929013079667063,3.929013079667063
-75.69595761915033,1474.404583731123,115.95958968808672,-71.29791537977566,1482.1391651539748,115.59061925231782,0.0,0.0,1.0,3.929013079667063,3.929013079667063
-105.48978683879778,1474.404583731123,115.95958968808672,-110.62576994971029,1482.1391651539748,115.59061925231782,0.0,0.0,1.0,3.929013079667063,3.929013079667063
-78.00202284270604,1522.7457176239468,113.65352446453103,-73.60398060333135,1530.4802990467986,113.28455402876212,0.0,0.0,1.0,3.929013079667063,3.929013079667063
-107.79585206235349,1522.7457176239468,113.65352446453103,-112.93183517326598,1530.4802990467986,113.28455402876212,0.0,0.0,1.0,3.929013079667063,3.929013079667063
-80.30808806626173,1571.0868515167704,111.34745924097533,-75.91004582688706,1578.8214329396224,110.97848880520642,0.0,0.0,1.0,3.929013079667063,3.929013079667063
-110.10191728590918,1571.0868515167704,111.34745924097533,-115.23790039682169,1578.8214329396224,110.97848880520642,0.0,0.0,1.0,3.929013079667063,3.929013079667063
-82.61415328981742,1619.4279854095942,109.04139401741963,-78.21611105044275,1627.162566832446,108.67242358165072,0.0,0.0,1.0,3.929013079667063,3.929013079667063
-112.40798250946487,1619.4279854095942,109.04139401741963,-117.54396562037738,1627.162566832446,108.67242358165072,0.0,0.0,1.0,3.929013079667063,3.929013079667063
-84.92021851337311,1667.769119302418,106.73532879386394,-80.52217627399844,1675.5037007252697,106.36635835809503,0.0,0.0,1.0,3.929013079667063,3.929013079667063
-114.71404773302056,1667.769119302418,106.73532879386394,-119.85003084393307,1675.5037007252697,106.36635835809503,0.0,0.0,1.0,3.929013079667063,3.929013079667063
-87.22628373692882,1716.1102531952415,104.42926357030825,-82.82824149755413,1723.8448346180935,104.06029313453934,0.0,0.0,1.0,3.929013079667063,3.929013079667063
-117.02011295657627,1716.1102531952415,104.42926357030825,-122.15609606748876,1723.8448346180935,104.06029313453934,0.0,0.0,1.0,3.929013079667063,3.929013079667063
-89.53234896048451,1764.4513870880653,102.12319834675256,-85.13430672110984,1772.185968510917,101.75422791098364,0.0,0.0,1.0,3.929013079667063,3.929013079667063
-119.32617818013196,1764.4513870880653,102.12319834675256,-124.46216129104447,1772.185968510917,101.75422791098364,0.0,0.0,1.0,3.929013079667063,3.929013079667063
-91.83841418404022,1812.792520980889,99.81713312319685,-87.44037194466553,1820.5271024037406,99.44816268742795,0.0,0.0,1.0,3.929013079667063,3.929013079667063
-121.63224340368767,1812.792520980889,99.81713312319685,-126.76822651460016,1820.5271024037406,99.44816268742795,0.0,0.0,1.0,3.929013079667063,3.929013079667063
-94.14447940759591,1861.1336548737127,97.51106789964116,-89.74643716822123,1868.8682362965644,97.14209746387226,0.0,0.0,1.0,3.929013079667063,3.929013079667063
-123.93830862724336,1861.1336548737127,97.51106789964116,-129.07429173815586,1868.8682362965644,97.14209746387226,0.0,0.0,1.0,3.929013079667063,3.929013079667063
-96.4505446311516,1909.4747887665364,95.20500267608546,-92.05250239177693,1917.2093701893882,94.83603224031654,0.0,0.0,1.0,3.929013079667063,3.929013079667063
-126.24437385079905,1909.4747887665364,95.20500267608546,-131.38035696171156,1917.2093701893882,94.83603224031654,0.0,0.0,1.0,3.929013079667063,3.929013079667063
-98.75660985470729,1957.8159226593602,92.89893745252976,-94.35856761533262,1965.5505040822118,92.52996701676085,0.0,0.0,1.0,3.929013079667063,3.929013079667063
-128.55043907435473,1957.8159226593602,92.89893745252976,-133.68642218526725,1965.5505040822118,92.52996701676085,0.0,0.0,1.0,3.929013079667063,3.929013079667063
-101.062675078263,2006.1570565521838,90.59287222897407,-96.66463283888831,2013.8916379750353,90.22390179320516,0.0,0.0,1.0,3.929013079667063,3.929013079667063
-130.85650429791045,2006.1570565521838,90.59287222897407,-135.99248740882294,2013.8916379750353,90.22390179320516,0.0,0.0,1.0,3.929013079667063,3.929013079667063
-103.36874030181869,2054.4981904450074,88.28680700541838,-98.97069806244401,2062.2327718678594,87.91783656964947,0.0,0.0,1.0,3.929013079667063,3.929013079667063
-133.16256952146614,2054.4981904450074,88.28680700541838,-138.29855263237863,2062.2327718678594,87.91783656964947,0.0,0.0,1.0,3.929013079667063,3.929013079667063
-105.6748055253744,2102.8393243378314,85.98074178186269,-101.2767632859997,2110.573905760683,85.61177134609378,0.0,0.0,1.0,3.929013079667063,3.929013079667063
-135.46863474502183,2102.8393243378314,85.98074178186269,-140.60461785593435,2110.573905760683,85.61177134609378,0.0,0.0,1.0,3.929013079667063,3.929013079667063
-107.98087074893009,2151.180458230655,83.67467655830698,-103.58282850955541,2158.915039653507,83.30570612253807,0.0,0.0,1.0,3.929013079667063,3.929013079667063
-137.77469996857752,2151.180458230655,83.67467655830698,-142.91068307949004,2158.915039653507,83.30570612253807,0.0,0.0,1.0,3.929013079667063,3.929013079667063
-110.28693597248578,2199.5215921234785,81.36861133475128,-105.8888937331111,2207.2561735463305,80.99964089898238,0.0,0.0,1.0,3.929013079667063,3.929013079667063
-140.0807651921332,2199.5215921234785,81.36861133475128,-145.21674830304573,2207.2561735463305,80.99964089898238,0.0,0.0,1.0,3.929013079667063,3.929013079667063
-112.59300119604147,2247.862726016302,79.06254611119559,-108.1949589566668,2255.597307439154,78.69357567542667,0.0,0.0,1.0,3.929013079667063,3.929013079667063
-142.3868304156889,2247.862726016302,79.06254611119559,-147.52281352660142,2255.597307439154,78.69357567542667,0.0,0.0,1.0,3.929013079667063,3.929013079667063
-114.89906641959716,2296.203859909126,76.7564808876399,-110.50102418022249,2303.9384413319776,76.38751045187098,0.0,0.0,1.0,3.929013079667063,3.929013079667063
-144.6928956392446,2296.203859909126,76.7564808876399,-149.82887875015712,2303.9384413319776,76.38751045187098,0.0,0.0,1.0,3.929013079667063,3.929013079667063
-130.94901364119875,2320.374426855538,75.60344827586205,-114.89906641959716,2296.203859909126,76.7564808876399,0.0,0.0,1.0,3.929013079667063,3.929013079667063
-159.46812607616906,2320.374426855538,92.06896551724137,-159.46812607616909,2320.374426855538,-92.06896551724132,0.0,0.0,1.0,3.929013079667063,3.929013079667063
-159.46812607616906,2320.374426855538,92.06896551724137,-187.9872385111394,2320.374426855538,108.53448275862068,0.0,0.0,1.0,3.929013079667063,3.929013079667063
-159.46812607616906,2320.374426855538,92.06896551724137,-130.94901364119875,2320.374426855538,75.60344827586205,0.0,0.0,1.0,3.929013079667063,3.929013079667063
-187.9872385111394,2320.374426855538,108.53448275862068,-187.9872385111394,2320.374426855538,-108.53448275862064,0.0,0.0,1.0,3.929013079667063,3.929013079667063
-130.94901364119875,2320.374426855538,75.60344827586205,-130.94901364119875,2320.374426855538,-75.60344827586202,0.0,0.0,1.0,3.929013079667063,3.929013079667063
-217.0689655172414,1160.187213427769,2.6583281381491687e-14,-203.6442461022869,1184.3577803741807,9.662101614751448,0.0,0.0,1.0,3.929013079667063,3.929013079667063
-225.6285625659493,1190.8104553818557,19.195558547067225,-212.18551457141183,1203.5366920626502,17.105333868005197,-0.69347657033171,0.0,-0.7204791783257647,3.929013079667063,3.929013079667063
-212.18551457141183,1203.5366920626502,17.105333868005197,-198.74246657687436,1216.2629287434445,15.015109188943166,-0.69347657033171,0.0,-0.7204791783257647,3.929013079667063,3.929013079667063
-199.3483358895015,1192.0923617970325,12.753974131471901,-212.18551457141183,1203.5366920626502,17.105333868005197,-0.69347657033171,0.0,-0.7204791783257647,3.929013079667063,3.929013079667063
-212.18551457141183,1203.5366920626502,17.105333868005197,-225.02269325332216,1214.9810223282677,21.45669360453849,-0.69347657033171,0.0,-0.7204791783257647,3.929013079667063,3.929013079667063
-225.02269325332216,1214.9810223282677,21.45669360453849,-211.5796452587847,1227.707259009062,19.36646892547646,-0.69347657033171,0.0,-0.7204791783257647,3.929013079667063,3.929013079667063
-211.5796452587847,1227.707259009062,19.36646892547646,-198.13659726424723,1240.4334956898563,17.27624424641443,-0.69347657033171,0.0,-0.7204791783257647,3.929013079667063,3.929013079667063
-198.74246657687436,1216.2629287434445,15.015109188943166,-211.5796452587847,1227.707259009062,19.36646892547646,-0.69347657033171,0.0,-0.7204791783257647,3.929013079667063,3.929013079667063
-211.5796452587847,1227.707259009062,19.36646892547646,-224.41682394069502,1239.1515892746795,23.717828662009754,-0.69347657033171,0.0,-0.7204791783257647,3.929013079667063,3.929013079667063
-224.41682394069502,1239.1515892746795,23.717828662009754,-210.97377594615756,1251.8778259554738,21.627603982947726,-0.69347657033171,0.0,-0.7204791783257647,3.929013079667063,3.929013079667063
-210.97377594615756,1251.8778259554738,21.627603982947726,-197.53072795162012,1264.604062636268,19.537379303885693,-0.69347657033171,0.0,-0.7204791783257647,3.929013079667063,3.929013079667063
-198.13659726424723,1240.4334956898563,17.27624424641443,-210.97377594615756,1251.8778259554738,21.627603982947726,-0.69347657033171,0.0,-0.7204791783257647,3.929013079667063,3.929013079667063
-210.97377594615756,1251.8778259554738,21.627603982947726,-223.81095462806792,1263.3221562210913,25.978963719481015,-0.69347657033171,0.0,-0.7204791783257647,3.929013079667063,3.929013079667063
-223.81095462806792,1263.3221562210913,25.978963719481015,-210.36790663353045,1276.0483929018858,23.88873904041899,-0.69347657033171,0.0,-0.7204791783257647,3.929013079667063,3.929013079667063
-210.36790663353045,1276.0483929018858,23.88873904041899,-196.924858638993,1288.77462958268,21.798514361356958,-0.69347657033171,0.0,-0.7204791783257647,3.929013079667063,3.929013079667063
-197.53072795162012,1264.604062636268,19.537379303885693,-210.36790663353045,1276.0483929018858,23.88873904041899,-0.69347657033171,0.0,-0.7204791783257647,3.929013079667063,3.929013079667063
-210.36790663353045,1276.0483929018858,23.88873904041899,-223.20508531544078,1287.4927231675033,28.24009877695228,-0.69347657033171,0.0,-0.7204791783257647,3.929013079667063,3.929013079667063
-223.20508531544078,1287.4927231675033,28.24009877695228,-209.76203732090332,1300.2189598482976,26.14987409789025,-0.69347657033171,0.0,-0.7204791783257647,3.929013079667063,3.929013079667063
-209.76203732090332,1300.2189598482976,26.14987409789025,-196.31898932636585,1312.9451965290918,24.059649418828222,-0.69347657033171,0.0,-0.7204791783257647,3.929013079667063,3.929013079667063
-196.924858638993,1288.77462958268,21.798514361356958,-209.76203732090332,1300.2189598482976,26.14987409789025,-0.69347657033171,0.0,-0.7204791783257647,3.929013079667063,3.929013079667063
-209.76203732090332,1300.2189598482976,26.14987409789025,-222.59921600281365,1311.663290113915,30.501233834423548,-0.69347657033171,0.0,-0.7204791783257647,3.929013079667063,3.929013079667063
-222.59921600281365,1311.663290113915,30.501233834423545,-209.15616800827618,1324.3895267947094,28.411009155361516,-0.69347657033171,0.0,-0.7204791783257647,3.929013079667063,3.929013079667063
-209.15616800827618,1324.3895267947094,28.411009155361516,-195.71312001373875,1337.1157634755036,26.320784476299487,-0.69347657033171,0.0,-0.7204791783257647,3.929013079667063,3.929013079667063
-196.31898932636585,1312.9451965290918,24.059649418828222,-209.15616800827618,1324.3895267947094,28.411009155361516,-0.69347657033171,0.0,-0.7204791783257647,3.929013079667063,3.929013079667063
-209.15616800827618,1324.3895267947094,28.411009155361516,-221.99334669018654,1335.8338570603269,32.76236889189481,-0.69347657033171,0.0,-0.7204791783257647,3.929013079667063,3.929013079667063
-221.99334669018654,1335.8338570603269,32.76236889189481,-208.55029869564908,1348.5600937411214,30.67214421283278,-0.69347657033171,0.0,-0.7204791783257647,3.929013079667063,3.929013079667063
-208.55029869564908,1348.5600937411214,30.67214421283278,-195.1072507011116,1361.2863304219156,28.58191953377075,-0.69347657033171,0.0,-0.7204791783257647,3.929013079667063,3.929013079667063
-195.71312001373875,1337.1157634755036,26.320784476299487,-208.55029869564908,1348.5600937411214,30.67214421283278,-0.69347657033171,0.0,-0.7204791783257647,3.929013079667063,3.929013079667063
-208.55029869564908,1348.5600937411214,30.67214421283278,-221.3874773775594,1360.0044240067389,35.023503949366074,-0.69347657033171,0.0,-0.7204791783257647,3.929013079667063,3.929013079667063
-221.3874773775594,1360.0044240067389,35.023503949366074,-207.94442938302194,1372.7306606875331,32.93327927030404,-0.69347657033171,0.0,-0.7204791783257647,3.929013079667063,3.929013079667063
-207.94442938302194,1372.7306606875331,32.93327927030404,-194.50138138848448,1385.4568973683274,30.843054591242016,-0.69347657033171,0.0,-0.7204791783257647,3.929013079667063,3.929013079667063
-195.1072507011116,1361.2863304219156,28.581919533770744,-207.94442938302194,1372.7306606875331,32.93327927030404,-0.69347657033171,0.0,-0.7204791783257647,3.929013079667063,3.929013079667063
-207.94442938302194,1372.7306606875331,32.93327927030404,-220.78160806493227,1384.1749909531507,37.28463900683734,-0.69347657033171,0.0,-0.7204791783257647,3.929013079667063,3.929013079667063
-220.78160806493227,1384.1749909531507,37.28463900683734,-207.33856007039483,1396.901227633945,35.194414327775306,-0.69347657033171,0.0,-0.7204791783257647,3.929013079667063,3.929013079667063
-207.33856007039483,1396.901227633945,35.194414327775306,-193.89551207585737,1409.6274643147392,33.10418964871328,-0.69347657033171,0.0,-0.7204791783257647,3.929013079667063,3.929013079667063
-194.50138138848448,1385.4568973683274,30.843054591242016,-207.33856007039483,1396.901227633945,35.194414327775306,-0.69347657033171,0.0,-0.7204791783257647,3.929013079667063,3.929013079667063
-207.33856007039483,1396.901227633945,35.194414327775306,-220.17573875230516,1408.3455578995624,39.5457740643086,-0.69347657033171,0.0,-0.7204791783257647,3.929013079667063,3.929013079667063
-220.17573875230516,1408.3455578995624,39.5457740643086,-206.7326907577677,1421.071794580357,37.45554938524657,-0.69347657033171,0.0,-0.7204791783257647,3.929013079667063,3.929013079667063
-206.7326907577677,1421.071794580357,37.45554938524657,-193.28964276323023,1433.7980312611512,35.365324706184545,-0.69347657033171,0.0,-0.7204791783257647,3.929013079667063,3.929013079667063
-193.89551207585737,1409.6274643147392,33.10418964871328,-206.7326907577677,1421.071794580357,37.45554938524657,-0.69347657033171,0.0,-0.7204791783257647,3.929013079667063,3.929013079667063
-206.7326907577677,1421.071794580357,37.45554938524657,-219.56986943967803,1432.5161248459744,41.80690912177987,-0.69347657033171,0.0,-0.7204791783257647,3.929013079667063,3.929013079667063
-219.56986943967803,1432.5161248459742,41.80690912177986,-206.12682144514056,1445.2423615267687,39.716684442717835,-0.69347657033171,0.0,-0.7204791783257647,3.929013079667063,3.929013079667063
-206.12682144514056,1445.2423615267687,39.716684442717835,-192.6837734506031,1457.968598207563,37.62645976365581,-0.69347657033171,0.0,-0.7204791783257647,3.929013079667063,3.929013079667063
-193.28964276323023,1433.798031261151,35.36532470618454,-206.12682144514056,1445.2423615267687,39.716684442717835,-0.69347657033171,0.0,-0.7204791783257647,3.929013079667063,3.929013079667063
-206.12682144514056,1445.2423615267687,39.716684442717835,-218.9640001270509,1456.6866917923862,44.06804417925113,-0.69347657033171,0.0,-0.7204791783257647,3.929013079667063,3.929013079667063
-218.9640001270509,1456.6866917923862,44.06804417925113,-205.52095213251343,1469.4129284731807,41.9778195001891,-0.69347657033171,0.0,-0.7204791783257647,3.929013079667063,3.929013079667063
-205.52095213251343,1469.4129284731807,41.9778195001891,-192.077904137976,1482.1391651539748,39.88759482112707,-0.69347657033171,0.0,-0.7204791783257647,3.929013079667063,3.929013079667063
-192.6837734506031,1457.968598207563,37.62645976365581,-205.52095213251343,1469.4129284731807,41.9778195001891,-0.69347657033171,0.0,-0.7204791783257647,3.929013079667063,3.929013079667063
-205.52095213251343,1469.4129284731807,41.9778195001891,-218.3581308144238,1480.857258738798,46.32917923672239,-0.69347657033171,0.0,-0.7204791783257647,3.929013079667063,3.929013079667063
-218.3581308144238,1480.8572587387982,46.329179236722396,-204.91508281988632,1493.5834954195925,44.238954557660364,-0.69347657033171,0.0,-0.7204791783257647,3.929013079667063,3.929013079667063
-204.91508281988632,1493.5834954195925,44.238954557660364,-191.47203482534886,1506.3097321003868,42.14872987859834,-0.69347657033171,0.0,-0.7204791783257647,3.929013079667063,3.929013079667063
-192.077904137976,1482.139165153975,39.887594821127074,-204.91508281988632,1493.5834954195925,44.238954557660364,-0.69347657033171,0.0,-0.7204791783257647,3.929013079667063,3.929013079667063
-204.91508281988632,1493.5834954195925,44.238954557660364,-217.75226150179665,1505.02782568521,48.59031429419366,-0.69347657033171,0.0,-0.7204791783257647,3.929013079667063,3.929013079667063
-217.75226150179665,1505.02782568521,48.59031429419366,-204.3092135072592,1517.7540623660043,46.500089615131635,-0.69347657033171,0.0,-0.7204791783257647,3.929013079667063,3.929013079667063
-204.3092135072592,1517.7540623660043,46.500089615131635,-190.86616551272172,1530.4802990467986,44.409864936069596,-0.69347657033171,0.0,-0.7204791783257647,3.929013079667063,3.929013079667063
-191.47203482534886,1506.3097321003868,42.14872987859834,-204.3092135072592,1517.7540623660043,46.500089615131635,-0.69347657033171,0.0,-0.7204791783257647,3.929013079667063,3.929013079667063
-204.3092135072592,1517.7540623660043,46.500089615131635,-217.14639218916952,1529.1983926316218,50.851449351664925,-0.69347657033171,0.0,-0.7204791783257647,3.929013079667063,3.929013079667063
-217.14639218916952,1529.1983926316218,50.851449351664925,-203.70334419463208,1541.924629312416,48.7612246726029,-0.69347657033171,0.0,-0.7204791783257647,3.929013079667063,3.929013079667063
-203.70334419463208,1541.924629312416,48.7612246726029,-190.26029620009461,1554.6508659932103,46.67099999354086,-0.69347657033171,0.0,-0.7204791783257647,3.929013079667063,3.929013079667063
-190.86616551272172,1530.4802990467986,44.409864936069596,-203.70334419463208,1541.924629312416,48.7612246726029,-0.69347657033171,0.0,-0.7204791783257647,3.929013079667063,3.929013079667063
-203.70334419463208,1541.924629312416,48.7612246726029,-216.5405228765424,1553.3689595780336,53.11258440913619,-0.69347657033171,0.0,-0.7204791783257647,3.929013079667063,3.929013079667063
-216.5405228765424,1553.3689595780338,53.11258440913619,-203.09747488200495,1566.0951962588279,51.02235973007416,-0.69347657033171,0.0,-0.7204791783257647,3.929013079667063,3.929013079667063
-203.09747488200495,1566.0951962588279,51.02235973007416,-189.65442688746748,1578.8214329396224,48.932135051012125,-0.69347657033171,0.0,-0.7204791783257647,3.929013079667063,3.929013079667063
-190.26029620009461,1554.6508659932106,46.67099999354087,-203.09747488200495,1566.0951962588279,51.02235973007416,-0.69347657033171,0.0,-0.7204791783257647,3.929013079667063,3.929013079667063
-203.09747488200495,1566.0951962588279,51.02235973007416,-215.93465356391528,1577.5395265244456,55.373719466607454,-0.69347657033171,0.0,-0.7204791783257647,3.929013079667063,3.929013079667063
-215.93465356391528,1577.5395265244456,55.373719466607454,-202.4916055693778,1590.2657632052399,53.28349478754543,-0.69347657033171,0.0,-0.7204791783257647,3.929013079667063,3.929013079667063
-202.4916055693778,1590.2657632052399,53.28349478754543,-189.04855757484037,1602.9919998860341,51.19327010848339,-0.69347657033171,0.0,-0.7204791783257647,3.929013079667063,3.929013079667063
-189.65442688746748,1578.8214329396224,48.932135051012125,-202.4916055693778,1590.2657632052399,53.28349478754543,-0.69347657033171,0.0,-0.7204791783257647,3.929013079667063,3.929013079667063
-202.4916055693778,1590.2657632052399,53.28349478754543,-215.32878425128817,1601.7100934708574,57.63485452407872,-0.69347657033171,0.0,-0.7204791783257647,3.929013079667063,3.929013079667063
-215.32878425128814,1601.7100934708576,57.63485452407872,-201.8857362567507,1614.4363301516516,55.544629845016686,-0.69347657033171,0.0,-0.7204791783257647,3.929013079667063,3.929013079667063
-201.8857362567507,1614.4363301516516,55.544629845016686,-188.44268826221324,1627.1625668324461,53.45440516595466,-0.69347657033171,0.0,-0.7204791783257647,3.929013079667063,3.929013079667063
-189.04855757484034,1602.9919998860344,51.1932701084834,-201.8857362567507,1614.4363301516516,55.544629845016686,-0.69347657033171,0.0,-0.7204791783257647,3.929013079667063,3.929013079667063
-201.8857362567507,1614.4363301516516,55.544629845016686,-214.72291493866103,1625.8806604172694,59.89598958154998,-0.69347657033171,0.0,-0.7204791783257647,3.929013079667063,3.929013079667063
-214.72291493866103,1625.8806604172694,59.89598958154998,-201.27986694412357,1638.6068970980637,57.80576490248796,-0.69347657033171,0.0,-0.7204791783257647,3.929013079667063,3.929013079667063
-201.27986694412357,1638.6068970980637,57.80576490248796,-187.8368189495861,1651.333133778858,55.71554022342592,-0.69347657033171,0.0,-0.7204791783257647,3.929013079667063,3.929013079667063
-188.44268826221324,1627.1625668324461,53.45440516595466,-201.27986694412357,1638.6068970980637,57.80576490248796,-0.69347657033171,0.0,-0.7204791783257647,3.929013079667063,3.929013079667063
-201.27986694412357,1638.6068970980637,57.80576490248796,-214.1170456260339,1650.0512273636812,62.15712463902125,-0.69347657033171,0.0,-0.7204791783257647,3.929013079667063,3.929013079667063
-214.1170456260339,1650.0512273636812,62.15712463902125,-200.67399763149643,1662.7774640444754,60.066899959959215,-0.69347657033171,0.0,-0.7204791783257647,3.929013079667063,3.929013079667063
-200.67399763149643,1662.7774640444754,60.066899959959215,-187.230949636959,1675.5037007252697,57.976675280897176,-0.69347657033171,0.0,-0.7204791783257647,3.929013079667063,3.929013079667063
-187.8368189495861,1651.333133778858,55.71554022342592,-200.67399763149643,1662.7774640444754,60.066899959959215,-0.69347657033171,0.0,-0.7204791783257647,3.929013079667063,3.929013079667063
-200.67399763149643,1662.7774640444754,60.066899959959215,-213.5111763134068,1674.221794310093,64.4182596964925,-0.69347657033171,0.0,-0.7204791783257647,3.929013079667063,3.929013079667063
-213.51117631340676,1674.221794310093,64.41825969649251,-200.06812831886933,1686.9480309908872,62.32803501743048,-0.69347657033171,0.0,-0.7204791783257647,3.929013079667063,3.929013079667063
-200.06812831886933,1686.9480309908872,62.32803501743048,-186.62508032433186,1699.6742676716815,60.23781033836845,-0.69347657033171,0.0,-0.7204791783257647,3.929013079667063,3.929013079667063
-187.23094963695897,1675.5037007252697,57.97667528089719,-200.06812831886933,1686.9480309908872,62.32803501743048,-0.69347657033171,0.0,-0.7204791783257647,3.929013079667063,3.929013079667063
-200.06812831886933,1686.9480309908872,62.32803501743048,-212.90530700077966,1698.3923612565047,66.67939475396378,-0.69347657033171,0.0,-0.7204791783257647,3.929013079667063,3.929013079667063
-212.90530700077966,1698.3923612565047,66.67939475396378,-199.4622590062422,1711.118597937299,64.58917007490174,-0.69347657033171,0.0,-0.7204791783257647,3.929013079667063,3.929013079667063
-199.4622590062422,1711.118597937299,64.58917007490174,-186.01921101170473,1723.8448346180933,62.498945395839705,-0.69347657033171,0.0,-0.7204791783257647,3.929013079667063,3.929013079667063
-186.62508032433186,1699.6742676716815,60.23781033836845,-199.4622590062422,1711.118597937299,64.58917007490174,-0.69347657033171,0.0,-0.7204791783257647,3.929013079667063,3.929013079667063
-199.4622590062422,1711.118597937299,64.58917007490174,-212.29943768815252,1722.5629282029165,68.94052981143503,-0.69347657033171,0.0,-0.7204791783257647,3.929013079667063,3.929013079667063
-212.29943768815252,1722.5629282029165,68.94052981143503,-198.85638969361506,1735.289164883711,66.85030513237301,-0.69347657033171,0.0,-0.7204791783257647,3.929013079667063,3.929013079667063
-198.85638969361506,1735.289164883711,66.85030513237301,-185.41334169907762,1748.0154015645053,64.76008045331098,-0.69347657033171,0.0,-0.7204791783257647,3.929013079667063,3.929013079667063
-186.01921101170473,1723.8448346180933,62.498945395839705,-198.85638969361506,1735.289164883711,66.85030513237301,-0.69347657033171,0.0,-0.7204791783257647,3.929013079667063,3.929013079667063
-198.85638969361506,1735.289164883711,66.85030513237301,-211.69356837552542,1746.7334951493285,71.2016648689063,-0.69347657033171,0.0,-0.7204791783257647,3.929013079667063,3.929013079667063
-211.69356837552542,1746.7334951493283,71.20166486890629,-198.25052038098795,1759.4597318301228,69.11144018984427,-0.69347657033171,0.0,-0.7204791783257647,3.929013079667063,3.929013079667063
-198.25052038098795,1759.4597318301228,69.11144018984427,-184.80747238645048,1772.1859685109173,67.02121551078224,-0.69347657033171,0.0,-0.7204791783257647,3.929013079667063,3.929013079667063
-185.41334169907762,1748.015401564505,64.76008045331098,-198.25052038098795,1759.4597318301228,69.11144018984427,-0.69347657033171,0.0,-0.7204791783257647,3.929013079667063,3.929013079667063
-198.25052038098795,1759.4597318301228,69.11144018984427,-211.08769906289828,1770.9040620957405,73.46279992637756,-0.69347657033171,0.0,-0.7204791783257647,3.929013079667063,3.929013079667063
-211.08769906289828,1770.9040620957405,73.46279992637756,-197.64465106836082,1783.6302987765348,71.37257524731554,-0.69347657033171,0.0,-0.7204791783257647,3.929013079667063,3.929013079667063
-197.64465106836082,1783.6302987765348,71.37257524731554,-184.20160307382335,1796.356535457329,69.2823505682535,-0.69347657033171,0.0,-0.7204791783257647,3.929013079667063,3.929013079667063
-184.80747238645048,1772.1859685109173,67.02121551078224,-197.64465106836082,1783.6302987765348,71.37257524731554,-0.69347657033171,0.0,-0.7204791783257647,3.929013079667063,3.929013079667063
-197.64465106836082,1783.6302987765348,71.37257524731554,-210.48182975027115,1795.0746290421523,75.72393498384884,-0.69347657033171,0.0,-0.7204791783257647,3.929013079667063,3.929013079667063
-210.48182975027115,1795.0746290421523,75.72393498384882,-197.0387817557337,1807.8008657229466,73.6337103047868,-0.69347657033171,0.0,-0.7204791783257647,3.929013079667063,3.929013079667063
-197.0387817557337,1807.8008657229466,73.6337103047868,-183.59573376119624,1820.5271024037409,71.54348562572477,-0.69347657033171,0.0,-0.7204791783257647,3.929013079667063,3.929013079667063
-184.20160307382335,1796.356535457329,69.2823505682535,-197.0387817557337,1807.8008657229466,73.6337103047868,-0.69347657033171,0.0,-0.7204791783257647,3.929013079667063,3.929013079667063
-197.0387817557337,1807.8008657229466,73.6337103047868,-209.87596043764404,1819.245195988564,77.9850700413201,-0.69347657033171,0.0,-0.7204791783257647,3.929013079667063,3.929013079667063
-209.87596043764404,1819.245195988564,77.9850700413201,-196.43291244310657,1831.9714326693584,75.89484536225807,-0.69347657033171,0.0,-0.7204791783257647,3.929013079667063,3.929013079667063
-196.43291244310657,1831.9714326693584,75.89484536225807,-182.9898644485691,1844.6976693501526,73.80462068319603,-0.69347657033171,0.0,-0.7204791783257647,3.929013079667063,3.929013079667063
-183.59573376119624,1820.5271024037409,71.54348562572477,-196.43291244310657,1831.9714326693584,75.89484536225807,-0.69347657033171,0.0,-0.7204791783257647,3.929013079667063,3.929013079667063
-196.43291244310657,1831.9714326693584,75.89484536225807,-209.2700911250169,1843.4157629349759,80.24620509879136,-0.69347657033171,0.0,-0.7204791783257647,3.929013079667063,3.929013079667063
-209.2700911250169,1843.4157629349759,80.24620509879135,-195.82704313047944,1856.1419996157701,78.15598041972933,-0.69347657033171,0.0,-0.7204791783257647,3.929013079667063,3.929013079667063
-195.82704313047944,1856.1419996157701,78.15598041972933,-182.38399513594197,1868.8682362965646,76.0657557406673,-0.69347657033171,0.0,-0.7204791783257647,3.929013079667063,3.929013079667063
-182.9898644485691,1844.6976693501526,73.80462068319602,-195.82704313047944,1856.1419996157701,78.15598041972933,-0.69347657033171,0.0,-0.7204791783257647,3.929013079667063,3.929013079667063
-195.82704313047944,1856.1419996157701,78.15598041972933,-208.66422181238977,1867.5863298813879,82.50734015626263,-0.69347657033171,0.0,-0.7204791783257647,3.929013079667063,3.929013079667063
-208.6642218123898,1867.5863298813877,82.50734015626261,-195.22117381785233,1880.312566562182,80.41711547720058,-0.69347657033171,0.0,-0.7204791783257647,3.929013079667063,3.929013079667063
-195.22117381785233,1880.312566562182,80.41711547720058,-181.77812582331487,1893.0388032429764,78.32689079813855,-0.69347657033171,0.0,-0.7204791783257647,3.929013079667063,3.929013079667063
-182.383995135942,1868.8682362965644,76.06575574066729,-195.22117381785233,1880.312566562182,80.41711547720058,-0.69347657033171,0.0,-0.7204791783257647,3.929013079667063,3.929013079667063
-195.22117381785233,1880.312566562182,80.41711547720058,-208.05835249976266,1891.7568968277997,84.76847521373388,-0.69347657033171,0.0,-0.7204791783257647,3.929013079667063,3.929013079667063
-208.05835249976266,1891.7568968277997,84.76847521373388,-194.6153045052252,1904.483133508594,82.67825053467186,-0.69347657033171,0.0,-0.7204791783257647,3.929013079667063,3.929013079667063
-194.6153045052252,1904.483133508594,82.67825053467186,-181.17225651068773,1917.2093701893884,80.58802585560983,-0.69347657033171,0.0,-0.7204791783257647,3.929013079667063,3.929013079667063
-181.77812582331487,1893.0388032429764,78.32689079813855,-194.6153045052252,1904.483133508594,82.67825053467186,-0.69347657033171,0.0,-0.7204791783257647,3.929013079667063,3.929013079667063
-194.6153045052252,1904.483133508594,82.67825053467186,-207.45248318713553,1915.9274637742117,87.02961027120516,-0.69347657033171,0.0,-0.7204791783257647,3.929013079667063,3.929013079667063
-207.45248318713553,1915.9274637742114,87.02961027120514,-194.00943519259806,1928.653700455006,84.93938559214311,-0.69347657033171,0.0,-0.7204791783257647,3.929013079667063,3.929013079667063
-194.00943519259806,1928.653700455006,84.93938559214311,-180.5663871980606,1941.3799371358002,82.84916091308109,-0.69347657033171,0.0,-0.7204791783257647,3.929013079667063,3.929013079667063
-181.17225651068773,1917.2093701893882,80.58802585560981,-194.00943519259806,1928.653700455006,84.93938559214311,-0.69347657033171,0.0,-0.7204791783257647,3.929013079667063,3.929013079667063
-194.00943519259806,1928.653700455006,84.93938559214311,-206.8466138745084,1940.0980307206235,89.29074532867642,-0.69347657033171,0.0,-0.7204791783257647,3.929013079667063,3.929013079667063
-206.8466138745084,1940.0980307206235,89.29074532867642,-193.40356587997096,1952.8242674014177,87.20052064961439,-0.69347657033171,0.0,-0.7204791783257647,3.929013079667063,3.929013079667063
-193.40356587997096,1952.8242674014177,87.20052064961439,-179.9605178854335,1965.550504082212,85.11029597055236,-0.69347657033171,0.0,-0.7204791783257647,3.929013079667063,3.929013079667063
-180.5663871980606,1941.3799371358002,82.84916091308109,-193.40356587997096,1952.8242674014177,87.20052064961439,-0.69347657033171,0.0,-0.7204791783257647,3.929013079667063,3.929013079667063
-193.40356587997096,1952.8242674014177,87.20052064961439,-206.2407445618813,1964.2685976670352,91.55188038614769,-0.69347657033171,0.0,-0.7204791783257647,3.929013079667063,3.929013079667063
-206.2407445618813,1964.2685976670352,91.55188038614767,-192.79769656734382,1976.9948343478295,89.46165570708564,-0.69347657033171,0.0,-0.7204791783257647,3.929013079667063,3.929013079667063
-192.79769656734382,1976.9948343478295,89.46165570708564,-179.35464857280635,1989.7210710286238,87.37143102802362,-0.69347657033171,0.0,-0.7204791783257647,3.929013079667063,3.929013079667063
-179.9605178854335,1965.550504082212,85.11029597055234,-192.79769656734382,1976.9948343478295,89.46165570708564,-0.69347657033171,0.0,-0.7204791783257647,3.929013079667063,3.929013079667063
-192.79769656734382,1976.9948343478295,89.46165570708564,-205.63487524925415,1988.439164613447,93.81301544361895,-0.69347657033171,0.0,-0.7204791783257647,3.929013079667063,3.929013079667063
-205.63487524925415,1988.439164613447,93.81301544361894,-192.19182725471669,2001.165401294241,91.72279076455692,-0.69347657033171,0.0,-0.7204791783257647,3.929013079667063,3.929013079667063
-192.19182725471669,2001.165401294241,91.72279076455692,-178.74877926017925,2013.8916379750356,89.63256608549487,-0.69347657033171,0.0,-0.7204791783257647,3.929013079667063,3.929013079667063
-179.35464857280635,1989.7210710286238,87.37143102802361,-192.19182725471669,2001.165401294241,91.72279076455692,-0.69347657033171,0.0,-0.7204791783257647,3.929013079667063,3.929013079667063
-192.19182725471669,2001.165401294241,91.72279076455692,-205.02900593662704,2012.6097315598588,96.0741505010902,-0.69347657033171,0.0,-0.7204791783257647,3.929013079667063,3.929013079667063
-205.02900593662704,2012.6097315598588,96.0741505010902,-191.58595794208958,2025.3359682406528,93.98392582202817,-0.69347657033171,0.0,-0.7204791783257647,3.929013079667063,3.929013079667063
-191.58595794208958,2025.3359682406528,93.98392582202817,-178.1429099475521,2038.0622049214473,91.89370114296615,-0.69347657033171,0.0,-0.7204791783257647,3.929013079667063,3.929013079667063
-178.74877926017925,2013.8916379750356,89.63256608549487,-191.58595794208958,2025.3359682406528,93.98392582202817,-0.69347657033171,0.0,-0.7204791783257647,3.929013079667063,3.929013079667063
-191.58595794208958,2025.3359682406528,93.98392582202817,-204.4231366239999,2036.7802985062706,98.33528555856148,-0.69347657033171,0.0,-0.7204791783257647,3.929013079667063,3.929013079667063
-204.4231366239999,2036.7802985062706,98.33528555856147,-190.98008862946244,2049.5065351870644,96.24506087949945,-0.69347657033171,0.0,-0.7204791783257647,3.929013079667063,3.929013079667063
-190.98008862946244,2049.5065351870644,96.24506087949945,-177.53704063492498,2062.2327718678594,94.1548362004374,-0.69347657033171,0.0,-0.7204791783257647,3.929013079667063,3.929013079667063
-178.1429099475521,2038.0622049214473,91.89370114296614,-190.98008862946244,2049.5065351870644,96.24506087949945,-0.69347657033171,0.0,-0.7204791783257647,3.929013079667063,3.929013079667063
-190.98008862946244,2049.5065351870644,96.24506087949945,-203.81726731137277,2060.9508654526826,100.59642061603273,-0.69347657033171,0.0,-0.7204791783257647,3.929013079667063,3.929013079667063
-203.81726731137277,2060.9508654526826,100.59642061603273,-190.3742193168353,2073.6771021334766,98.5061959369707,-0.69347657033171,0.0,-0.7204791783257647,3.929013079667063,3.929013079667063
-190.3742193168353,2073.6771021334766,98.5061959369707,-176.93117132229784,2086.403338814271,96.41597125790868,-0.69347657033171,0.0,-0.7204791783257647,3.929013079667063,3.929013079667063
-177.53704063492498,2062.2327718678594,94.1548362004374,-190.3742193168353,2073.6771021334766,98.5061959369707,-0.69347657033171,0.0,-0.7204791783257647,3.929013079667063,3.929013079667063
-190.3742193168353,2073.6771021334766,98.5061959369707,-203.21139799874564,2085.1214323990944,102.85755567350401,-0.69347657033171,0.0,-0.7204791783257647,3.929013079667063,3.929013079667063
-203.21139799874567,2085.1214323990944,102.857555673504,-189.7683500042082,2097.8476690798884,100.76733099444198,-0.69347657033171,0.0,-0.7204791783257647,3.929013079667063,3.929013079667063
-189.7683500042082,2097.8476690798884,100.76733099444198,-176.32530200967074,2110.573905760683,98.67710631537993,-0.69347657033171,0.0,-0.7204791783257647,3.929013079667063,3.929013079667063
-176.93117132229787,2086.403338814271,96.41597125790867,-189.7683500042082,2097.8476690798884,100.76733099444198,-0.69347657033171,0.0,-0.7204791783257647,3.929013079667063,3.929013079667063
-189.7683500042082,2097.8476690798884,100.76733099444198,-202.60552868611853,2109.291999345506,105.11869073097526,-0.69347657033171,0.0,-0.7204791783257647,3.929013079667063,3.929013079667063
-202.60552868611853,2109.291999345506,105.11869073097526,-189.16248069158107,2122.0182360263,103.02846605191323,-0.69347657033171,0.0,-0.7204791783257647,3.929013079667063,3.929013079667063
-189.16248069158107,2122.0182360263,103.02846605191323,-175.7194326970436,2134.7444727070947,100.9382413728512,-0.69347657033171,0.0,-0.7204791783257647,3.929013079667063,3.929013079667063
-176.32530200967074,2110.573905760683,98.67710631537993,-189.16248069158107,2122.0182360263,103.02846605191323,-0.69347657033171,0.0,-0.7204791783257647,3.929013079667063,3.929013079667063
-189.16248069158107,2122.0182360263,103.02846605191323,-201.9996593734914,2133.462566291918,107.37982578844652,-0.69347657033171,0.0,-0.7204791783257647,3.929013079667063,3.929013079667063
-201.9996593734914,2133.462566291918,107.37982578844652,-188.55661137895393,2146.188802972712,105.2896011093845,-0.69347657033171,0.0,-0.7204791783257647,3.929013079667063,3.929013079667063
-188.55661137895393,2146.188802972712,105.2896011093845,-175.1135633844165,2158.915039653507,103.19937643032246,-0.69347657033171,0.0,-0.7204791783257647,3.929013079667063,3.929013079667063
-175.7194326970436,2134.7444727070947,100.9382413728512,-188.55661137895393,2146.188802972712,105.2896011093845,-0.69347657033171,0.0,-0.7204791783257647,3.929013079667063,3.929013079667063
-188.55661137895393,2146.188802972712,105.2896011093845,-201.3937900608643,2157.63313323833,109.64096084591779,-0.69347657033171,0.0,-0.7204791783257647,3.929013079667063,3.929013079667063
-201.3937900608643,2157.6331332383297,109.64096084591779,-187.95074206632682,2170.3593699191238,107.55073616685576,-0.69347657033171,0.0,-0.7204791783257647,3.929013079667063,3.929013079667063
-187.95074206632682,2170.3593699191238,107.55073616685576,-174.50769407178936,2183.0856065999183,105.46051148779371,-0.69347657033171,0.0,-0.7204791783257647,3.929013079667063,3.929013079667063
-175.1135633844165,2158.9150396535065,103.19937643032246,-187.95074206632682,2170.3593699191238,107.55073616685576,-0.69347657033171,0.0,-0.7204791783257647,3.929013079667063,3.929013079667063
-187.95074206632682,2170.3593699191238,107.55073616685576,-200.78792074823716,2181.8037001847415,111.90209590338904,-0.69347657033171,0.0,-0.7204791783257647,3.929013079667063,3.929013079667063
-200.78792074823716,2181.8037001847415,111.90209590338904,-187.3448727536997,2194.529936865536,109.811871224327,-0.69347657033171,0.0,-0.7204791783257647,3.929013079667063,3.929013079667063
-187.3448727536997,2194.529936865536,109.811871224327,-173.90182475916222,2207.2561735463305,107.72164654526499,-0.69347657033171,0.0,-0.7204791783257647,3.929013079667063,3.929013079667063
-174.50769407178936,2183.0856065999183,105.46051148779371,-187.3448727536997,2194.529936865536,109.811871224327,-0.69347657033171,0.0,-0.7204791783257647,3.929013079667063,3.929013079667063
-187.3448727536997,2194.529936865536,109.811871224327,-200.18205143561002,2205.9742671311537,114.16323096086032,-0.69347657033171,0.0,-0.7204791783257647,3.929013079667063,3.929013079667063
-200.18205143561002,2205.9742671311537,114.16323096086032,-186.73900344107258,2218.700503811948,112.07300628179829,-0.69347657033171,0.0,-0.7204791783257647,3.929013079667063,3.929013079667063
-186.73900344107258,2218.700503811948,112.07300628179829,-173.29595544653512,2231.4267404927423,109.98278160273624,-0.69347657033171,0.0,-0.7204791783257647,3.929013079667063,3.929013079667063
-173.90182475916222,2207.2561735463305,107.72164654526499,-186.73900344107258,2218.700503811948,112.07300628179829,-0.69347657033171,0.0,-0.7204791783257647,3.929013079667063,3.929013079667063
-186.73900344107258,2218.700503811948,112.07300628179829,-199.5761821229829,2230.1448340775655,116.42436601833157,-0.69347657033171,0.0,-0.7204791783257647,3.929013079667063,3.929013079667063
-199.5761821229829,2230.1448340775655,116.42436601833157,-186.13313412844545,2242.8710707583596,114.33414133926954,-0.69347657033171,0.0,-0.7204791783257647,3.929013079667063,3.929013079667063
-186.13313412844545,2242.8710707583596,114.33414133926954,-172.69008613390798,2255.597307439154,112.2439166602075,-0.69347657033171,0.0,-0.7204791783257647,3.929013079667063,3.929013079667063
-173.29595544653512,2231.4267404927423,109.98278160273624,-186.13313412844545,2242.8710707583596,114.33414133926954,-0.69347657033171,0.0,-0.7204791783257647,3.929013079667063,3.929013079667063
-186.13313412844545,2242.8710707583596,114.33414133926954,-198.97031281035578,2254.3154010239773,118.68550107580283,-0.69347657033171,0.0,-0.7204791783257647,3.929013079667063,3.929013079667063
-198.97031281035578,2254.3154010239773,118.68550107580283,-185.5272648158183,2267.0416377047713,116.59527639674081,-0.69347657033171,0.0,-0.7204791783257647,3.929013079667063,3.929013079667063
-185.5272648158183,2267.0416377047713,116.59527639674081,-172.08421682128085,2279.767874385566,114.50505171767878,-0.69347657033171,0.0,-0.7204791783257647,3.929013079667063,3.929013079667063
-172.69008613390798,2255.597307439154,112.2439166602075,-185.5272648158183,2267.0416377047713,116.59527639674081,-0.69347657033171,0.0,-0.7204791783257647,3.929013079667063,3.929013079667063
-185.5272648158183,2267.0416377047713,116.59527639674081,-198.36444349772864,2278.485967970389,120.94663613327411,-0.69347657033171,0.0,-0.7204791783257647,3.929013079667063,3.929013079667063
-198.36444349772864,2278.485967970389,120.94663613327411,-184.9213955031912,2291.212204651183,118.85641145421206,-0.69347657033171,0.0,-0.7204791783257647,3.929013079667063,3.929013079667063
-184.9213955031912,2291.212204651183,118.85641145421206,-171.47834750865374,2303.9384413319776,116.76618677515005,-0.69347657033171,0.0,-0.7204791783257647,3.929013079667063,3.929013079667063
-172.08421682128085,2279.767874385566,114.50505171767878,-184.9213955031912,2291.212204651183,118.85641145421206,-0.69347657033171,0.0,-0.7204791783257647,3.929013079667063,3.929013079667063
-184.9213955031912,2291.212204651183,118.85641145421206,-197.75857418510154,2302.656534916801,123.20777119074538,-0.69347657033171,0.0,-0.7204791783257647,3.929013079667063,3.929013079667063
-233.1901001596457,1192.0923617970325,-6.7845775797477135,-229.10639670648393,1203.5366920626502,7.336058012395387,0.69347657033171,0.0,-0.7204791783257647,3.929013079667063,3.929013079667063
-229.10639670648393,1203.5366920626502,7.336058012395387,-225.02269325332216,1214.9810223282677,21.45669360453849,0.69347657033171,0.0,-0.7204791783257647,3.929013079667063,3.929013079667063
-225.6285625659493,1190.8104553818557,19.195558547067225,-229.10639670648393,1203.5366920626502,7.336058012395387,0.69347657033171,0.0,-0.7204791783257647,3.929013079667063,3.929013079667063
-229.10639670648393,1203.5366920626502,7.336058012395387,-232.58423084701857,1216.2629287434445,-4.523442522276449,0.69347657033171,0.0,-0.7204791783257647,3.929013079667063,3.929013079667063
-232.58423084701857,1216.2629287434445,-4.523442522276449,-228.5005273938568,1227.707259009062,9.597193069866652,0.69347657033171,0.0,-0.7204791783257647,3.929013079667063,3.929013079667063
-228.5005273938568,1227.707259009062,9.597193069866652,-224.41682394069502,1239.1515892746795,23.717828662009754,0.69347657033171,0.0,-0.7204791783257647,3.929013079667063,3.929013079667063
-225.02269325332216,1214.9810223282677,21.45669360453849,-228.5005273938568,1227.707259009062,9.597193069866652,0.69347657033171,0.0,-0.7204791783257647,3.929013079667063,3.929013079667063
-228.5005273938568,1227.707259009062,9.597193069866652,-231.97836153439144,1240.4334956898563,-2.2623074648051853,0.69347657033171,0.0,-0.7204791783257647,3.929013079667063,3.929013079667063
-231.97836153439144,1240.4334956898563,-2.2623074648051853,-227.89465808122966,1251.8778259554738,11.858328127337915,0.69347657033171,0.0,-0.7204791783257647,3.929013079667063,3.929013079667063
-227.89465808122966,1251.8778259554738,11.858328127337915,-223.81095462806792,1263.3221562210913,25.978963719481015,0.69347657033171,0.0,-0.7204791783257647,3.929013079667063,3.929013079667063
-224.41682394069502,1239.1515892746795,23.717828662009754,-227.89465808122966,1251.8778259554738,11.858328127337915,0.69347657033171,0.0,-0.7204791783257647,3.929013079667063,3.929013079667063
-227.89465808122966,1251.8778259554738,11.858328127337915,-231.37249222176433,1264.604062636268,-0.0011724073339216545,0.69347657033171,0.0,-0.7204791783257647,3.929013079667063,3.929013079667063
-231.37249222176433,1264.604062636268,-0.0011724073339216545,-227.28878876860256,1276.0483929018858,14.11946318480918,0.69347657033171,0.0,-0.7204791783257647,3.929013079667063,3.929013079667063
-227.28878876860256,1276.0483929018858,14.11946318480918,-223.20508531544078,1287.4927231675033,28.24009877695228,0.69347657033171,0.0,-0.7204791783257647,3.929013079667063,3.929013079667063
-223.81095462806792,1263.3221562210913,25.978963719481015,-227.28878876860256,1276.0483929018858,14.11946318480918,0.69347657033171,0.0,-0.7204791783257647,3.929013079667063,3.929013079667063
-227.28878876860256,1276.0483929018858,14.11946318480918,-230.7666229091372,1288.77462958268,2.259962650137343,0.69347657033171,0.0,-0.7204791783257647,3.929013079667063,3.929013079667063
-230.7666229091372,1288.77462958268,2.259962650137343,-226.68291945597542,1300.2189598482976,16.380598242280442,0.69347657033171,0.0,-0.7204791783257647,3.929013079667063,3.929013079667063
-226.68291945597542,1300.2189598482976,16.380598242280442,-222.59921600281365,1311.663290113915,30.501233834423548,0.69347657033171,0.0,-0.7204791783257647,3.929013079667063,3.929013079667063
-223.20508531544078,1287.4927231675033,28.24009877695228,-226.68291945597542,1300.2189598482976,16.380598242280442,0.69347657033171,0.0,-0.7204791783257647,3.929013079667063,3.929013079667063
-226.68291945597542,1300.2189598482976,16.380598242280442,-230.16075359651006,1312.9451965290918,4.521097707608609,0.69347657033171,0.0,-0.7204791783257647,3.929013079667063,3.929013079667063
-230.16075359651006,1312.9451965290918,4.521097707608606,-226.0770501433483,1324.3895267947094,18.641733299751706,0.69347657033171,0.0,-0.7204791783257647,3.929013079667063,3.929013079667063
-226.0770501433483,1324.3895267947094,18.641733299751706,-221.99334669018654,1335.8338570603269,32.76236889189481,0.69347657033171,0.0,-0.7204791783257647,3.929013079667063,3.929013079667063
-222.59921600281365,1311.663290113915,30.501233834423545,-226.0770501433483,1324.3895267947094,18.641733299751706,0.69347657033171,0.0,-0.7204791783257647,3.929013079667063,3.929013079667063
-226.0770501433483,1324.3895267947094,18.641733299751706,-229.55488428388296,1337.1157634755036,6.78223276507987,0.69347657033171,0.0,-0.7204791783257647,3.929013079667063,3.929013079667063
-229.55488428388296,1337.1157634755036,6.78223276507987,-225.47118083072118,1348.5600937411214,20.90286835722297,0.69347657033171,0.0,-0.7204791783257647,3.929013079667063,3.929013079667063
-225.47118083072118,1348.5600937411214,20.90286835722297,-221.3874773775594,1360.0044240067389,35.023503949366074,0.69347657033171,0.0,-0.7204791783257647,3.929013079667063,3.929013079667063
-221.99334669018654,1335.8338570603269,32.76236889189481,-225.47118083072118,1348.5600937411214,20.90286835722297,0.69347657033171,0.0,-0.7204791783257647,3.929013079667063,3.929013079667063
-225.47118083072118,1348.5600937411214,20.90286835722297,-228.94901497125582,1361.2863304219156,9.043367822551135,0.69347657033171,0.0,-0.7204791783257647,3.929013079667063,3.929013079667063
-228.94901497125582,1361.2863304219156,9.043367822551131,-224.86531151809405,1372.7306606875331,23.164003414694232,0.69347657033171,0.0,-0.7204791783257647,3.929013079667063,3.929013079667063
-224.86531151809405,1372.7306606875331,23.164003414694232,-220.78160806493227,1384.1749909531507,37.28463900683734,0.69347657033171,0.0,-0.7204791783257647,3.929013079667063,3.929013079667063
-221.3874773775594,1360.0044240067389,35.023503949366074,-224.86531151809405,1372.7306606875331,23.164003414694232,0.69347657033171,0.0,-0.7204791783257647,3.929013079667063,3.929013079667063
-224.86531151809405,1372.7306606875331,23.164003414694232,-228.34314565862869,1385.4568973683274,11.3045028800224,0.69347657033171,0.0,-0.7204791783257647,3.929013079667063,3.929013079667063
-228.34314565862869,1385.4568973683274,11.3045028800224,-224.25944220546694,1396.901227633945,25.425138472165496,0.69347657033171,0.0,-0.7204791783257647,3.929013079667063,3.929013079667063
-224.25944220546694,1396.901227633945,25.425138472165496,-220.17573875230516,1408.3455578995624,39.5457740643086,0.69347657033171,0.0,-0.7204791783257647,3.929013079667063,3.929013079667063
-220.78160806493227,1384.1749909531507,37.28463900683734,-224.25944220546694,1396.901227633945,25.425138472165496,0.69347657033171,0.0,-0.7204791783257647,3.929013079667063,3.929013079667063
-224.25944220546694,1396.901227633945,25.425138472165496,-227.73727634600158,1409.6274643147392,13.565637937493664,0.69347657033171,0.0,-0.7204791783257647,3.929013079667063,3.929013079667063
-227.73727634600158,1409.6274643147392,13.565637937493664,-223.6535728928398,1421.071794580357,27.686273529636765,0.69347657033171,0.0,-0.7204791783257647,3.929013079667063,3.929013079667063
-223.6535728928398,1421.071794580357,27.686273529636765,-219.56986943967803,1432.5161248459744,41.80690912177987,0.69347657033171,0.0,-0.7204791783257647,3.929013079667063,3.929013079667063
-220.17573875230516,1408.3455578995624,39.5457740643086,-223.6535728928398,1421.071794580357,27.686273529636765,0.69347657033171,0.0,-0.7204791783257647,3.929013079667063,3.929013079667063
-223.6535728928398,1421.071794580357,27.686273529636765,-227.13140703337444,1433.7980312611512,15.826772994964932,0.69347657033171,0.0,-0.7204791783257647,3.929013079667063,3.929013079667063
-227.13140703337444,1433.798031261151,15.826772994964921,-223.04770358021267,1445.2423615267687,29.947408587108026,0.69347657033171,0.0,-0.7204791783257647,3.929013079667063,3.929013079667063
-223.04770358021267,1445.2423615267687,29.947408587108026,-218.9640001270509,1456.6866917923862,44.06804417925113,0.69347657033171,0.0,-0.7204791783257647,3.929013079667063,3.929013079667063
-219.56986943967803,1432.5161248459742,41.80690912177986,-223.04770358021267,1445.2423615267687,29.947408587108026,0.69347657033171,0.0,-0.7204791783257647,3.929013079667063,3.929013079667063
-223.04770358021267,1445.2423615267687,29.947408587108026,-226.5255377207473,1457.968598207563,18.08790805243619,0.69347657033171,0.0,-0.7204791783257647,3.929013079667063,3.929013079667063
-226.5255377207473,1457.968598207563,18.08790805243619,-222.44183426758553,1469.4129284731807,32.208543644579294,0.69347657033171,0.0,-0.7204791783257647,3.929013079667063,3.929013079667063
-222.44183426758553,1469.4129284731807,32.208543644579294,-218.3581308144238,1480.857258738798,46.32917923672239,0.69347657033171,0.0,-0.7204791783257647,3.929013079667063,3.929013079667063
-218.9640001270509,1456.6866917923862,44.06804417925113,-222.44183426758553,1469.4129284731807,32.208543644579294,0.69347657033171,0.0,-0.7204791783257647,3.929013079667063,3.929013079667063
-222.44183426758553,1469.4129284731807,32.208543644579294,-225.9196684081202,1482.1391651539748,20.34904310990745,0.69347657033171,0.0,-0.7204791783257647,3.929013079667063,3.929013079667063
-225.9196684081202,1482.139165153975,20.349043109907463,-221.83596495495843,1493.5834954195925,34.46967870205056,0.69347657033171,0.0,-0.7204791783257647,3.929013079667063,3.929013079667063
-221.83596495495843,1493.5834954195925,34.46967870205056,-217.75226150179665,1505.02782568521,48.59031429419366,0.69347657033171,0.0,-0.7204791783257647,3.929013079667063,3.929013079667063
-218.3581308144238,1480.8572587387982,46.329179236722396,-221.83596495495843,1493.5834954195925,34.46967870205056,0.69347657033171,0.0,-0.7204791783257647,3.929013079667063,3.929013079667063
-221.83596495495843,1493.5834954195925,34.46967870205056,-225.31379909549307,1506.3097321003868,22.610178167378727,0.69347657033171,0.0,-0.7204791783257647,3.929013079667063,3.929013079667063
-225.31379909549307,1506.3097321003868,22.610178167378727,-221.2300956423313,1517.7540623660043,36.73081375952182,0.69347657033171,0.0,-0.7204791783257647,3.929013079667063,3.929013079667063
-221.2300956423313,1517.7540623660043,36.73081375952182,-217.14639218916952,1529.1983926316218,50.851449351664925,0.69347657033171,0.0,-0.7204791783257647,3.929013079667063,3.929013079667063
-217.75226150179665,1505.02782568521,48.59031429419366,-221.2300956423313,1517.7540623660043,36.73081375952182,0.69347657033171,0.0,-0.7204791783257647,3.929013079667063,3.929013079667063
-221.2300956423313,1517.7540623660043,36.73081375952182,-224.70792978286593,1530.4802990467986,24.871313224849985,0.69347657033171,0.0,-0.7204791783257647,3.929013079667063,3.929013079667063
-224.70792978286593,1530.4802990467986,24.871313224849985,-220.6242263297042,1541.924629312416,38.99194881699309,0.69347657033171,0.0,-0.7204791783257647,3.929013079667063,3.929013079667063
-220.6242263297042,1541.924629312416,38.99194881699309,-216.5405228765424,1553.3689595780336,53.11258440913619,0.69347657033171,0.0,-0.7204791783257647,3.929013079667063,3.929013079667063
-217.14639218916952,1529.1983926316218,50.851449351664925,-220.6242263297042,1541.924629312416,38.99194881699309,0.69347657033171,0.0,-0.7204791783257647,3.929013079667063,3.929013079667063
-220.6242263297042,1541.924629312416,38.99194881699309,-224.10206047023883,1554.6508659932103,27.13244828232125,0.69347657033171,0.0,-0.7204791783257647,3.929013079667063,3.929013079667063
-224.10206047023883,1554.6508659932106,27.132448282321256,-220.01835701707705,1566.0951962588279,41.25308387446435,0.69347657033171,0.0,-0.7204791783257647,3.929013079667063,3.929013079667063
-220.01835701707705,1566.0951962588279,41.25308387446435,-215.93465356391528,1577.5395265244456,55.373719466607454,0.69347657033171,0.0,-0.7204791783257647,3.929013079667063,3.929013079667063
-216.5405228765424,1553.3689595780338,53.11258440913619,-220.01835701707705,1566.0951962588279,41.25308387446435,0.69347657033171,0.0,-0.7204791783257647,3.929013079667063,3.929013079667063
-220.01835701707705,1566.0951962588279,41.25308387446435,-223.4961911576117,1578.8214329396224,29.393583339792514,0.69347657033171,0.0,-0.7204791783257647,3.929013079667063,3.929013079667063
-223.4961911576117,1578.8214329396224,29.393583339792514,-219.41248770444992,1590.2657632052399,43.514218931935616,0.69347657033171,0.0,-0.7204791783257647,3.929013079667063,3.929013079667063
-219.41248770444992,1590.2657632052399,43.514218931935616,-215.32878425128817,1601.7100934708574,57.63485452407872,0.69347657033171,0.0,-0.7204791783257647,3.929013079667063,3.929013079667063
-215.93465356391528,1577.5395265244456,55.373719466607454,-219.41248770444992,1590.2657632052399,43.514218931935616,0.69347657033171,0.0,-0.7204791783257647,3.929013079667063,3.929013079667063
-219.41248770444992,1590.2657632052399,43.514218931935616,-222.89032184498458,1602.9919998860341,31.65471839726378,0.69347657033171,0.0,-0.7204791783257647,3.929013079667063,3.929013079667063
-222.89032184498456,1602.9919998860344,31.654718397263785,-218.8066183918228,1614.4363301516516,45.77535398940688,0.69347657033171,0.0,-0.7204791783257647,3.929013079667063,3.929013079667063
-218.8066183918228,1614.4363301516516,45.77535398940688,-214.72291493866103,1625.8806604172694,59.89598958154998,0.69347657033171,0.0,-0.7204791783257647,3.929013079667063,3.929013079667063
-215.32878425128814,1601.7100934708576,57.63485452407872,-218.8066183918228,1614.4363301516516,45.77535398940688,0.69347657033171,0.0,-0.7204791783257647,3.929013079667063,3.929013079667063
-218.8066183918228,1614.4363301516516,45.77535398940688,-222.28445253235745,1627.1625668324461,33.91585345473505,0.69347657033171,0.0,-0.7204791783257647,3.929013079667063,3.929013079667063
-222.28445253235745,1627.1625668324461,33.91585345473505,-218.20074907919567,1638.6068970980637,48.036489046878145,0.69347657033171,0.0,-0.7204791783257647,3.929013079667063,3.929013079667063
-218.20074907919567,1638.6068970980637,48.036489046878145,-214.1170456260339,1650.0512273636812,62.15712463902125,0.69347657033171,0.0,-0.7204791783257647,3.929013079667063,3.929013079667063
-214.72291493866103,1625.8806604172694,59.89598958154998,-218.20074907919567,1638.6068970980637,48.036489046878145,0.69347657033171,0.0,-0.7204791783257647,3.929013079667063,3.929013079667063
-218.20074907919567,1638.6068970980637,48.036489046878145,-221.6785832197303,1651.333133778858,36.17698851220631,0.69347657033171,0.0,-0.7204791783257647,3.929013079667063,3.929013079667063
-221.6785832197303,1651.333133778858,36.17698851220631,-217.59487976656854,1662.7774640444754,50.29762410434941,0.69347657033171,0.0,-0.7204791783257647,3.929013079667063,3.929013079667063
-217.59487976656854,1662.7774640444754,50.29762410434941,-213.5111763134068,1674.221794310093,64.4182596964925,0.69347657033171,0.0,-0.7204791783257647,3.929013079667063,3.929013079667063
-214.1170456260339,1650.0512273636812,62.15712463902125,-217.59487976656854,1662.7774640444754,50.29762410434941,0.69347657033171,0.0,-0.7204791783257647,3.929013079667063,3.929013079667063
-217.59487976656854,1662.7774640444754,50.29762410434941,-221.0727139071032,1675.5037007252697,38.438123569677565,0.69347657033171,0.0,-0.7204791783257647,3.929013079667063,3.929013079667063
-221.07271390710318,1675.5037007252697,38.43812356967758,-216.98901045394143,1686.9480309908872,52.558759161820674,0.69347657033171,0.0,-0.7204791783257647,3.929013079667063,3.929013079667063
-216.98901045394143,1686.9480309908872,52.558759161820674,-212.90530700077966,1698.3923612565047,66.67939475396378,0.69347657033171,0.0,-0.7204791783257647,3.929013079667063,3.929013079667063
-213.51117631340676,1674.221794310093,64.41825969649251,-216.98901045394143,1686.9480309908872,52.558759161820674,0.69347657033171,0.0,-0.7204791783257647,3.929013079667063,3.929013079667063
-216.98901045394143,1686.9480309908872,52.558759161820674,-220.46684459447607,1699.6742676716815,40.699258627148836,0.69347657033171,0.0,-0.7204791783257647,3.929013079667063,3.929013079667063
-220.46684459447607,1699.6742676716815,40.699258627148836,-216.3831411413143,1711.118597937299,54.81989421929194,0.69347657033171,0.0,-0.7204791783257647,3.929013079667063,3.929013079667063
-216.3831411413143,1711.118597937299,54.81989421929194,-212.29943768815252,1722.5629282029165,68.94052981143503,0.69347657033171,0.0,-0.7204791783257647,3.929013079667063,3.929013079667063
-212.90530700077966,1698.3923612565047,66.67939475396378,-216.3831411413143,1711.118597937299,54.81989421929194,0.69347657033171,0.0,-0.7204791783257647,3.929013079667063,3.929013079667063
-216.3831411413143,1711.118597937299,54.81989421929194,-219.86097528184894,1723.8448346180933,42.960393684620094,0.69347657033171,0.0,-0.7204791783257647,3.929013079667063,3.929013079667063
-219.86097528184894,1723.8448346180933,42.960393684620094,-215.77727182868716,1735.289164883711,57.0810292767632,0.69347657033171,0.0,-0.7204791783257647,3.929013079667063,3.929013079667063
-215.77727182868716,1735.289164883711,57.0810292767632,-211.69356837552542,1746.7334951493285,71.2016648689063,0.69347657033171,0.0,-0.7204791783257647,3.929013079667063,3.929013079667063
-212.29943768815252,1722.5629282029165,68.94052981143503,-215.77727182868716,1735.289164883711,57.0810292767632,0.69347657033171,0.0,-0.7204791783257647,3.929013079667063,3.929013079667063
-215.77727182868716,1735.289164883711,57.0810292767632,-219.25510596922183,1748.0154015645053,45.221528742091365,0.69347657033171,0.0,-0.7204791783257647,3.929013079667063,3.929013079667063
-219.25510596922183,1748.015401564505,45.22152874209136,-215.17140251606006,1759.4597318301228,59.342164334234454,0.69347657033171,0.0,-0.7204791783257647,3.929013079667063,3.929013079667063
-215.17140251606006,1759.4597318301228,59.342164334234454,-211.08769906289828,1770.9040620957405,73.46279992637756,0.69347657033171,0.0,-0.7204791783257647,3.929013079667063,3.929013079667063
-211.69356837552542,1746.7334951493283,71.20166486890629,-215.17140251606006,1759.4597318301228,59.342164334234454,0.69347657033171,0.0,-0.7204791783257647,3.929013079667063,3.929013079667063
-215.17140251606006,1759.4597318301228,59.342164334234454,-218.6492366565947,1772.1859685109173,47.48266379956262,0.69347657033171,0.0,-0.7204791783257647,3.929013079667063,3.929013079667063
-218.6492366565947,1772.1859685109173,47.48266379956262,-214.56553320343292,1783.6302987765348,61.60329939170573,0.69347657033171,0.0,-0.7204791783257647,3.929013079667063,3.929013079667063
-214.56553320343292,1783.6302987765348,61.60329939170573,-210.48182975027115,1795.0746290421523,75.72393498384884,0.69347657033171,0.0,-0.7204791783257647,3.929013079667063,3.929013079667063
-211.08769906289828,1770.9040620957405,73.46279992637756,-214.56553320343292,1783.6302987765348,61.60329939170573,0.69347657033171,0.0,-0.7204791783257647,3.929013079667063,3.929013079667063
-214.56553320343292,1783.6302987765348,61.60329939170573,-218.04336734396756,1796.356535457329,49.743798857033894,0.69347657033171,0.0,-0.7204791783257647,3.929013079667063,3.929013079667063
-218.04336734396756,1796.356535457329,49.74379885703389,-213.9596638908058,1807.8008657229466,63.86443444917698,0.69347657033171,0.0,-0.7204791783257647,3.929013079667063,3.929013079667063
-213.9596638908058,1807.8008657229466,63.86443444917698,-209.87596043764404,1819.245195988564,77.9850700413201,0.69347657033171,0.0,-0.7204791783257647,3.929013079667063,3.929013079667063
-210.48182975027115,1795.0746290421523,75.72393498384882,-213.9596638908058,1807.8008657229466,63.86443444917698,0.69347657033171,0.0,-0.7204791783257647,3.929013079667063,3.929013079667063
-213.9596638908058,1807.8008657229466,63.86443444917698,-217.43749803134045,1820.5271024037409,52.00493391450516,0.69347657033171,0.0,-0.7204791783257647,3.929013079667063,3.929013079667063
-217.43749803134045,1820.5271024037409,52.00493391450516,-213.35379457817868,1831.9714326693584,66.12556950664826,0.69347657033171,0.0,-0.7204791783257647,3.929013079667063,3.929013079667063
-213.35379457817868,1831.9714326693584,66.12556950664826,-209.2700911250169,1843.4157629349759,80.24620509879136,0.69347657033171,0.0,-0.7204791783257647,3.929013079667063,3.929013079667063
-209.87596043764404,1819.245195988564,77.9850700413201,-213.35379457817868,1831.9714326693584,66.12556950664826,0.69347657033171,0.0,-0.7204791783257647,3.929013079667063,3.929013079667063
-213.35379457817868,1831.9714326693584,66.12556950664826,-216.83162871871332,1844.6976693501526,54.26606897197642,0.69347657033171,0.0,-0.7204791783257647,3.929013079667063,3.929013079667063
-216.83162871871332,1844.6976693501526,54.26606897197641,-212.74792526555154,1856.1419996157701,68.38670456411951,0.69347657033171,0.0,-0.7204791783257647,3.929013079667063,3.929013079667063
-212.74792526555154,1856.1419996157701,68.38670456411951,-208.66422181238977,1867.5863298813879,82.50734015626263,0.69347657033171,0.0,-0.7204791783257647,3.929013079667063,3.929013079667063
-209.2700911250169,1843.4157629349759,80.24620509879135,-212.74792526555154,1856.1419996157701,68.38670456411951,0.69347657033171,0.0,-0.7204791783257647,3.929013079667063,3.929013079667063
-212.74792526555154,1856.1419996157701,68.38670456411951,-216.22575940608618,1868.8682362965646,56.52720402944769,0.69347657033171,0.0,-0.7204791783257647,3.929013079667063,3.929013079667063
-216.2257594060862,1868.8682362965644,56.527204029447674,-212.14205595292444,1880.312566562182,70.64783962159078,0.69347657033171,0.0,-0.7204791783257647,3.929013079667063,3.929013079667063
-212.14205595292444,1880.312566562182,70.64783962159078,-208.05835249976266,1891.7568968277997,84.76847521373388,0.69347657033171,0.0,-0.7204791783257647,3.929013079667063,3.929013079667063
-208.6642218123898,1867.5863298813877,82.50734015626261,-212.14205595292444,1880.312566562182,70.64783962159078,0.69347657033171,0.0,-0.7204791783257647,3.929013079667063,3.929013079667063
-212.14205595292444,1880.312566562182,70.64783962159078,-215.61989009345908,1893.0388032429764,58.78833908691894,0.69347657033171,0.0,-0.7204791783257647,3.929013079667063,3.929013079667063
-215.61989009345908,1893.0388032429764,58.78833908691894,-211.5361866402973,1904.483133508594,72.90897467906204,0.69347657033171,0.0,-0.7204791783257647,3.929013079667063,3.929013079667063
-211.5361866402973,1904.483133508594,72.90897467906204,-207.45248318713553,1915.9274637742117,87.02961027120516,0.69347657033171,0.0,-0.7204791783257647,3.929013079667063,3.929013079667063
-208.05835249976266,1891.7568968277997,84.76847521373388,-211.5361866402973,1904.483133508594,72.90897467906204,0.69347657033171,0.0,-0.7204791783257647,3.929013079667063,3.929013079667063
-211.5361866402973,1904.483133508594,72.90897467906204,-215.01402078083194,1917.2093701893884,61.04947414439022,0.69347657033171,0.0,-0.7204791783257647,3.929013079667063,3.929013079667063
-215.01402078083194,1917.2093701893882,61.0494741443902,-210.93031732767017,1928.653700455006,75.1701097365333,0.69347657033171,0.0,-0.7204791783257647,3.929013079667063,3.929013079667063
-210.93031732767017,1928.653700455006,75.1701097365333,-206.8466138745084,1940.0980307206235,89.29074532867642,0.69347657033171,0.0,-0.7204791783257647,3.929013079667063,3.929013079667063
-207.45248318713553,1915.9274637742114,87.02961027120514,-210.93031732767017,1928.653700455006,75.1701097365333,0.69347657033171,0.0,-0.7204791783257647,3.929013079667063,3.929013079667063
-210.93031732767017,1928.653700455006,75.1701097365333,-214.4081514682048,1941.3799371358002,63.31060920186148,0.69347657033171,0.0,-0.7204791783257647,3.929013079667063,3.929013079667063
-214.4081514682048,1941.3799371358002,63.31060920186148,-210.32444801504306,1952.8242674014177,77.43124479400457,0.69347657033171,0.0,-0.7204791783257647,3.929013079667063,3.929013079667063
-210.32444801504306,1952.8242674014177,77.43124479400457,-206.2407445618813,1964.2685976670352,91.55188038614769,0.69347657033171,0.0,-0.7204791783257647,3.929013079667063,3.929013079667063
-206.8466138745084,1940.0980307206235,89.29074532867642,-210.32444801504306,1952.8242674014177,77.43124479400457,0.69347657033171,0.0,-0.7204791783257647,3.929013079667063,3.929013079667063
-210.32444801504306,1952.8242674014177,77.43124479400457,-213.8022821555777,1965.550504082212,65.57174425933275,0.69347657033171,0.0,-0.7204791783257647,3.929013079667063,3.929013079667063
-213.8022821555777,1965.550504082212,65.57174425933273,-209.71857870241593,1976.9948343478295,79.69237985147583,0.69347657033171,0.0,-0.7204791783257647,3.929013079667063,3.929013079667063
-209.71857870241593,1976.9948343478295,79.69237985147583,-205.63487524925415,1988.439164613447,93.81301544361895,0.69347657033171,0.0,-0.7204791783257647,3.929013079667063,3.929013079667063
-206.2407445618813,1964.2685976670352,91.55188038614767,-209.71857870241593,1976.9948343478295,79.69237985147583,0.69347657033171,0.0,-0.7204791783257647,3.929013079667063,3.929013079667063
-209.71857870241593,1976.9948343478295,79.69237985147583,-213.19641284295056,1989.7210710286238,67.83287931680401,0.69347657033171,0.0,-0.7204791783257647,3.929013079667063,3.929013079667063
-213.19641284295056,1989.7210710286238,67.832879316804,-209.1127093897888,2001.165401294241,81.9535149089471,0.69347657033171,0.0,-0.7204791783257647,3.929013079667063,3.929013079667063
-209.1127093897888,2001.165401294241,81.9535149089471,-205.02900593662704,2012.6097315598588,96.0741505010902,0.69347657033171,0.0,-0.7204791783257647,3.929013079667063,3.929013079667063
-205.63487524925415,1988.439164613447,93.81301544361894,-209.1127093897888,2001.165401294241,81.9535149089471,0.69347657033171,0.0,-0.7204791783257647,3.929013079667063,3.929013079667063
-209.1127093897888,2001.165401294241,81.9535149089471,-212.59054353032346,2013.8916379750356,70.09401437427526,0.69347657033171,0.0,-0.7204791783257647,3.929013079667063,3.929013079667063
-212.59054353032346,2013.8916379750356,70.09401437427526,-208.50684007716168,2025.3359682406528,84.21464996641836,0.69347657033171,0.0,-0.7204791783257647,3.929013079667063,3.929013079667063
-208.50684007716168,2025.3359682406528,84.21464996641836,-204.4231366239999,2036.7802985062706,98.33528555856148,0.69347657033171,0.0,-0.7204791783257647,3.929013079667063,3.929013079667063
-205.02900593662704,2012.6097315598588,96.0741505010902,-208.50684007716168,2025.3359682406528,84.21464996641836,0.69347657033171,0.0,-0.7204791783257647,3.929013079667063,3.929013079667063
-208.50684007716168,2025.3359682406528,84.21464996641836,-211.98467421769632,2038.0622049214473,72.35514943174654,0.69347657033171,0.0,-0.7204791783257647,3.929013079667063,3.929013079667063
-211.98467421769632,2038.0622049214473,72.35514943174653,-207.90097076453455,2049.5065351870644,86.47578502388963,0.69347657033171,0.0,-0.7204791783257647,3.929013079667063,3.929013079667063
-207.90097076453455,2049.5065351870644,86.47578502388963,-203.81726731137277,2060.9508654526826,100.59642061603273,0.69347657033171,0.0,-0.7204791783257647,3.929013079667063,3.929013079667063
-204.4231366239999,2036.7802985062706,98.33528555856147,-207.90097076453455,2049.5065351870644,86.47578502388963,0.69347657033171,0.0,-0.7204791783257647,3.929013079667063,3.929013079667063
-207.90097076453455,2049.5065351870644,86.47578502388963,-211.3788049050692,2062.2327718678594,74.61628448921779,0.69347657033171,0.0,-0.7204791783257647,3.929013079667063,3.929013079667063
-211.3788049050692,2062.2327718678594,74.61628448921779,-207.2951014519074,2073.6771021334766,88.73692008136089,0.69347657033171,0.0,-0.7204791783257647,3.929013079667063,3.929013079667063
-207.2951014519074,2073.6771021334766,88.73692008136089,-203.21139799874564,2085.1214323990944,102.85755567350401,0.69347657033171,0.0,-0.7204791783257647,3.929013079667063,3.929013079667063
-203.81726731137277,2060.9508654526826,100.59642061603273,-207.2951014519074,2073.6771021334766,88.73692008136089,0.69347657033171,0.0,-0.7204791783257647,3.929013079667063,3.929013079667063
-207.2951014519074,2073.6771021334766,88.73692008136089,-210.77293559244205,2086.403338814271,76.87741954668907,0.69347657033171,0.0,-0.7204791783257647,3.929013079667063,3.929013079667063
-210.77293559244208,2086.403338814271,76.87741954668905,-206.6892321392803,2097.8476690798884,90.99805513883216,0.69347657033171,0.0,-0.7204791783257647,3.929013079667063,3.929013079667063
-206.6892321392803,2097.8476690798884,90.99805513883216,-202.60552868611853,2109.291999345506,105.11869073097526,0.69347657033171,0.0,-0.7204791783257647,3.929013079667063,3.929013079667063
-203.21139799874567,2085.1214323990944,102.857555673504,-206.6892321392803,2097.8476690798884,90.99805513883216,0.69347657033171,0.0,-0.7204791783257647,3.929013079667063,3.929013079667063
-206.6892321392803,2097.8476690798884,90.99805513883216,-210.16706627981495,2110.573905760683,79.13855460416032,0.69347657033171,0.0,-0.7204791783257647,3.929013079667063,3.929013079667063
-210.16706627981495,2110.573905760683,79.13855460416032,-206.08336282665317,2122.0182360263,93.25919019630341,0.69347657033171,0.0,-0.7204791783257647,3.929013079667063,3.929013079667063
-206.08336282665317,2122.0182360263,93.25919019630341,-201.9996593734914,2133.462566291918,107.37982578844652,0.69347657033171,0.0,-0.7204791783257647,3.929013079667063,3.929013079667063
-202.60552868611853,2109.291999345506,105.11869073097526,-206.08336282665317,2122.0182360263,93.25919019630341,0.69347657033171,0.0,-0.7204791783257647,3.929013079667063,3.929013079667063
-206.08336282665317,2122.0182360263,93.25919019630341,-209.5611969671878,2134.7444727070947,81.39968966163158,0.69347657033171,0.0,-0.7204791783257647,3.929013079667063,3.929013079667063
-209.5611969671878,2134.7444727070947,81.39968966163158,-205.47749351402604,2146.188802972712,95.52032525377469,0.69347657033171,0.0,-0.7204791783257647,3.929013079667063,3.929013079667063
-205.47749351402604,2146.188802972712,95.52032525377469,-201.3937900608643,2157.63313323833,109.64096084591779,0.69347657033171,0.0,-0.7204791783257647,3.929013079667063,3.929013079667063
-201.9996593734914,2133.462566291918,107.37982578844652,-205.47749351402604,2146.188802972712,95.52032525377469,0.69347657033171,0.0,-0.7204791783257647,3.929013079667063,3.929013079667063
-205.47749351402604,2146.188802972712,95.52032525377469,-208.9553276545607,2158.915039653507,83.66082471910285,0.69347657033171,0.0,-0.7204791783257647,3.929013079667063,3.929013079667063
-208.9553276545607,2158.9150396535065,83.66082471910285,-204.87162420139893,2170.3593699191238,97.78146031124594,0.69347657033171,0.0,-0.7204791783257647,3.929013079667063,3.929013079667063
-204.87162420139893,2170.3593699191238,97.78146031124594,-200.78792074823716,2181.8037001847415,111.90209590338904,0.69347657033171,0.0,-0.7204791783257647,3.929013079667063,3.929013079667063
-201.3937900608643,2157.6331332383297,109.64096084591779,-204.87162420139893,2170.3593699191238,97.78146031124594,0.69347657033171,0.0,-0.7204791783257647,3.929013079667063,3.929013079667063
-204.87162420139893,2170.3593699191238,97.78146031124594,-208.34945834193357,2183.0856065999183,85.9219597765741,0.69347657033171,0.0,-0.7204791783257647,3.929013079667063,3.929013079667063
-208.34945834193357,2183.0856065999183,85.9219597765741,-204.2657548887718,2194.529936865536,100.0425953687172,0.69347657033171,0.0,-0.7204791783257647,3.929013079667063,3.929013079667063
-204.2657548887718,2194.529936865536,100.0425953687172,-200.18205143561002,2205.9742671311537,114.16323096086032,0.69347657033171,0.0,-0.7204791783257647,3.929013079667063,3.929013079667063
-200.78792074823716,2181.8037001847415,111.90209590338904,-204.2657548887718,2194.529936865536,100.0425953687172,0.69347657033171,0.0,-0.7204791783257647,3.929013079667063,3.929013079667063
-204.2657548887718,2194.529936865536,100.0425953687172,-207.74358902930643,2207.2561735463305,88.18309483404538,0.69347657033171,0.0,-0.7204791783257647,3.929013079667063,3.929013079667063
-207.74358902930643,2207.2561735463305,88.18309483404538,-203.6598855761447,2218.700503811948,102.30373042618847,0.69347657033171,0.0,-0.7204791783257647,3.929013079667063,3.929013079667063
-203.6598855761447,2218.700503811948,102.30373042618847,-199.5761821229829,2230.1448340775655,116.42436601833157,0.69347657033171,0.0,-0.7204791783257647,3.929013079667063,3.929013079667063
-200.18205143561002,2205.9742671311537,114.16323096086032,-203.6598855761447,2218.700503811948,102.30373042618847,0.69347657033171,0.0,-0.7204791783257647,3.929013079667063,3.929013079667063
-203.6598855761447,2218.700503811948,102.30373042618847,-207.13771971667933,2231.4267404927423,90.44422989151663,0.69347657033171,0.0,-0.7204791783257647,3.929013079667063,3.929013079667063
-207.13771971667933,2231.4267404927423,90.44422989151663,-203.05401626351755,2242.8710707583596,104.56486548365972,0.69347657033171,0.0,-0.7204791783257647,3.929013079667063,3.929013079667063
-203.05401626351755,2242.8710707583596,104.56486548365972,-198.97031281035578,2254.3154010239773,118.68550107580283,0.69347657033171,0.0,-0.7204791783257647,3.929013079667063,3.929013079667063
-199.5761821229829,2230.1448340775655,116.42436601833157,-203.05401626351755,2242.8710707583596,104.56486548365972,0.69347657033171,0.0,-0.7204791783257647,3.929013079667063,3.929013079667063
-203.05401626351755,2242.8710707583596,104.56486548365972,-206.5318504040522,2255.597307439154,92.70536494898789,0.69347657033171,0.0,-0.7204791783257647,3.929013079667063,3.929013079667063
-206.5318504040522,2255.597307439154,92.70536494898789,-202.44814695089042,2267.0416377047713,106.826000541131,0.69347657033171,0.0,-0.7204791783257647,3.929013079667063,3.929013079667063
-202.44814695089042,2267.0416377047713,106.826000541131,-198.36444349772864,2278.485967970389,120.94663613327411,0.69347657033171,0.0,-0.7204791783257647,3.929013079667063,3.929013079667063
-198.97031281035578,2254.3154010239773,118.68550107580283,-202.44814695089042,2267.0416377047713,106.826000541131,0.69347657033171,0.0,-0.7204791783257647,3.929013079667063,3.929013079667063
-202.44814695089042,2267.0416377047713,106.826000541131,-205.92598109142506,2279.767874385566,94.96650000645917,0.69347657033171,0.0,-0.7204791783257647,3.929013079667063,3.929013079667063
-205.92598109142506,2279.767874385566,94.96650000645917,-201.8422776382633,2291.212204651183,109.08713559860226,0.69347657033171,0.0,-0.7204791783257647,3.929013079667063,3.929013079667063
-201.8422776382633,2291.212204651183,109.08713559860226,-197.75857418510154,2302.656534916801,123.20777119074538,0.69347657033171,0.0,-0.7204791783257647,3.929013079667063,3.929013079667063
-198.36444349772864,2278.485967970389,120.94663613327411,-201.8422776382633,2291.212204651183,109.08713559860226,0.69347657033171,0.0,-0.7204791783257647,3.929013079667063,3.929013079667063
-201.8422776382633,2291.212204651183,109.08713559860226,-205.32011177879795,2303.9384413319776,97.22763506393044,0.69347657033171,0.0,-0.7204791783257647,3.929013079667063,3.929013079667063
-217.0689655172414,1160.187213427769,2.6583281381491687e-14,-229.28194630694162,1184.3577803741807,-5.139831499808867,0.0,0.0,1.0,3.929013079667063,3.929013079667063
-203.6442461022869,1184.3577803741807,9.662101614751448,-215.85722689198715,1208.5283473205927,4.522270114942554,0.0,0.0,1.0,3.929013079667063,3.929013079667063
-215.85722689198715,1208.5283473205927,4.522270114942554,-228.07020768168738,1232.6989142670045,-0.6175613848663399,0.0,0.0,1.0,3.929013079667063,3.929013079667063
-229.28194630694162,1184.3577803741807,-5.139831499808867,-215.85722689198715,1208.5283473205927,4.522270114942554,0.0,0.0,1.0,3.929013079667063,3.929013079667063
-215.85722689198715,1208.5283473205927,4.522270114942554,-202.43250747703266,1232.6989142670045,14.184371729693975,0.0,0.0,1.0,3.929013079667063,3.929013079667063
-202.43250747703266,1232.6989142670045,14.184371729693975,-214.64548826673288,1256.8694812134163,9.044540229885081,0.0,0.0,1.0,3.929013079667063,3.929013079667063
-214.64548826673288,1256.8694812134163,9.044540229885081,-226.85846905643314,1281.0400481598283,3.9047087300761882,0.0,0.0,1.0,3.929013079667063,3.929013079667063
-228.07020768168738,1232.6989142670045,-0.6175613848663399,-214.64548826673288,1256.8694812134163,9.044540229885081,0.0,0.0,1.0,3.929013079667063,3.929013079667063
-214.64548826673288,1256.8694812134163,9.044540229885081,-201.22076885177842,1281.0400481598283,18.706641844636504,0.0,0.0,1.0,3.929013079667063,3.929013079667063
-201.22076885177842,1281.0400481598283,18.706641844636504,-213.43374964147864,1305.21061510624,13.566810344827609,0.0,0.0,1.0,3.929013079667063,3.929013079667063
-213.43374964147864,1305.21061510624,13.566810344827609,-225.64673043117887,1329.3811820526519,8.426978845018713,0.0,0.0,1.0,3.929013079667063,3.929013079667063
-226.85846905643314,1281.0400481598283,3.9047087300761882,-213.43374964147864,1305.21061510624,13.566810344827609,0.0,0.0,1.0,3.929013079667063,3.929013079667063
-213.43374964147864,1305.21061510624,13.566810344827609,-200.00903022652415,1329.3811820526519,23.22891195957903,0.0,0.0,1.0,3.929013079667063,3.929013079667063
-200.00903022652415,1329.3811820526519,23.22891195957903,-212.2220110162244,1353.5517489990636,18.089080459770134,0.0,0.0,1.0,3.929013079667063,3.929013079667063
-212.2220110162244,1353.5517489990636,18.089080459770134,-224.43499180592462,1377.7223159454757,12.949248959961238,0.0,0.0,1.0,3.929013079667063,3.929013079667063
-225.64673043117887,1329.3811820526519,8.426978845018713,-212.2220110162244,1353.5517489990636,18.089080459770134,0.0,0.0,1.0,3.929013079667063,3.929013079667063
-212.2220110162244,1353.5517489990636,18.089080459770134,-198.7972916012699,1377.7223159454757,27.75118207452155,0.0,0.0,1.0,3.929013079667063,3.929013079667063
-198.7972916012699,1377.7223159454757,27.75118207452155,-211.01027239097016,1401.8928828918874,22.611350574712663,0.0,0.0,1.0,3.929013079667063,3.929013079667063
-211.01027239097016,1401.8928828918874,22.611350574712663,-223.22325318067038,1426.0634498382992,17.471519074903767,0.0,0.0,1.0,3.929013079667063,3.929013079667063
-224.43499180592462,1377.7223159454757,12.949248959961238,-211.01027239097016,1401.8928828918874,22.611350574712663,0.0,0.0,1.0,3.929013079667063,3.929013079667063
-211.01027239097016,1401.8928828918874,22.611350574712663,-197.58555297601566,1426.0634498382992,32.27345218946408,0.0,0.0,1.0,3.929013079667063,3.929013079667063
-197.58555297601566,1426.0634498382992,32.27345218946408,-209.7985337657159,1450.2340167847112,27.13362068965519,0.0,0.0,1.0,3.929013079667063,3.929013079667063
-209.7985337657159,1450.2340167847112,27.13362068965519,-222.01151455541614,1474.404583731123,21.993789189846296,0.0,0.0,1.0,3.929013079667063,3.929013079667063
-223.22325318067038,1426.0634498382992,17.471519074903767,-209.7985337657159,1450.2340167847112,27.13362068965519,0.0,0.0,1.0,3.929013079667063,3.929013079667063
-209.7985337657159,1450.2340167847112,27.13362068965519,-196.37381435076142,1474.404583731123,36.79572230440661,0.0,0.0,1.0,3.929013079667063,3.929013079667063
-196.37381435076142,1474.404583731123,36.79572230440661,-208.58679514046165,1498.5751506775348,31.655890804597714,0.0,0.0,1.0,3.929013079667063,3.929013079667063
-208.58679514046165,1498.5751506775348,31.655890804597714,-220.79977593016187,1522.7457176239468,26.516059304788833,0.0,0.0,1.0,3.929013079667063,3.929013079667063
-222.01151455541614,1474.404583731123,21.993789189846296,-208.58679514046165,1498.5751506775348,31.655890804597714,0.0,0.0,1.0,3.929013079667063,3.929013079667063
-208.58679514046165,1498.5751506775348,31.655890804597714,-195.16207572550715,1522.7457176239468,41.317992419349146,0.0,0.0,1.0,3.929013079667063,3.929013079667063
-195.16207572550715,1522.7457176239466,41.31799241934913,-207.3750565152074,1546.9162845703586,36.17816091954025,0.0,0.0,1.0,3.929013079667063,3.929013079667063
-207.3750565152074,1546.9162845703586,36.17816091954025,-219.58803730490763,1571.0868515167704,31.038329419731348,0.0,0.0,1.0,3.929013079667063,3.929013079667063
-220.79977593016187,1522.7457176239466,26.51605930478882,-207.3750565152074,1546.9162845703586,36.17816091954025,0.0,0.0,1.0,3.929013079667063,3.929013079667063
-207.3750565152074,1546.9162845703586,36.17816091954025,-193.9503371002529,1571.0868515167704,45.84026253429166,0.0,0.0,1.0,3.929013079667063,3.929013079667063
-193.9503371002529,1571.0868515167704,45.84026253429166,-206.16331788995313,1595.2574184631824,40.700431034482776,0.0,0.0,1.0,3.929013079667063,3.929013079667063
-206.16331788995313,1595.2574184631824,40.700431034482776,-218.3762986796534,1619.4279854095942,35.56059953467388,0.0,0.0,1.0,3.929013079667063,3.929013079667063
-219.58803730490763,1571.0868515167704,31.038329419731348,-206.16331788995313,1595.2574184631824,40.700431034482776,0.0,0.0,1.0,3.929013079667063,3.929013079667063
-206.16331788995313,1595.2574184631824,40.700431034482776,-192.73859847499867,1619.4279854095942,50.36253264923419,0.0,0.0,1.0,3.929013079667063,3.929013079667063
-192.73859847499867,1619.4279854095942,50.36253264923419,-204.9515792646989,1643.598552356006,45.222701149425305,0.0,0.0,1.0,3.929013079667063,3.929013079667063
-204.9515792646989,1643.598552356006,45.222701149425305,-217.16456005439912,1667.7691193024177,40.08286964961641,0.0,0.0,1.0,3.929013079667063,3.929013079667063
-218.3762986796534,1619.4279854095942,35.56059953467388,-204.9515792646989,1643.598552356006,45.222701149425305,0.0,0.0,1.0,3.929013079667063,3.929013079667063
-204.9515792646989,1643.598552356006,45.222701149425305,-191.5268598497444,1667.7691193024177,54.884802764176726,0.0,0.0,1.0,3.929013079667063,3.929013079667063
-191.5268598497444,1667.7691193024177,54.884802764176726,-203.73984063944465,1691.9396862488295,49.74497126436783,0.0,0.0,1.0,3.929013079667063,3.929013079667063
-203.73984063944465,1691.9396862488295,49.74497126436783,-215.95282142914488,1716.1102531952417,44.60513976455894,0.0,0.0,1.0,3.929013079667063,3.929013079667063
-217.16456005439912,1667.7691193024177,40.08286964961641,-203.73984063944465,1691.9396862488295,49.74497126436783,0.0,0.0,1.0,3.929013079667063,3.929013079667063
-203.73984063944465,1691.9396862488295,49.74497126436783,-190.31512122449016,1716.1102531952417,59.407072879119255,0.0,0.0,1.0,3.929013079667063,3.929013079667063
-190.31512122449016,1716.1102531952415,59.40707287911924,-202.52810201419038,1740.2808201416535,54.267241379310356,0.0,0.0,1.0,3.929013079667063,3.929013079667063
-202.52810201419038,1740.2808201416535,54.267241379310356,-214.74108280389063,1764.4513870880653,49.12740987950146,0.0,0.0,1.0,3.929013079667063,3.929013079667063
-215.95282142914488,1716.1102531952415,44.60513976455893,-202.52810201419038,1740.2808201416535,54.267241379310356,0.0,0.0,1.0,3.929013079667063,3.929013079667063
-202.52810201419038,1740.2808201416535,54.267241379310356,-189.1033825992359,1764.4513870880653,63.92934299406177,0.0,0.0,1.0,3.929013079667063,3.929013079667063
-189.1033825992359,1764.4513870880653,63.929342994061784,-201.31636338893614,1788.621954034477,58.789511494252885,0.0,0.0,1.0,3.929013079667063,3.929013079667063
-201.31636338893614,1788.621954034477,58.789511494252885,-213.5293441786364,1812.7925209808889,53.64967999444399,0.0,0.0,1.0,3.929013079667063,3.929013079667063
-214.74108280389063,1764.4513870880653,49.12740987950147,-201.31636338893614,1788.621954034477,58.789511494252885,0.0,0.0,1.0,3.929013079667063,3.929013079667063
-201.31636338893614,1788.621954034477,58.789511494252885,-187.89164397398167,1812.7925209808889,68.45161310900431,0.0,0.0,1.0,3.929013079667063,3.929013079667063
-187.89164397398167,1812.792520980889,68.45161310900431,-200.1046247636819,1836.9630879273009,63.311781609195414,0.0,0.0,1.0,3.929013079667063,3.929013079667063
-200.1046247636819,1836.9630879273009,63.311781609195414,-212.31760555338212,1861.1336548737127,58.171950109386515,0.0,0.0,1.0,3.929013079667063,3.929013079667063
-213.5293441786364,1812.792520980889,53.649679994444,-200.1046247636819,1836.9630879273009,63.311781609195414,0.0,0.0,1.0,3.929013079667063,3.929013079667063
-200.1046247636819,1836.9630879273009,63.311781609195414,-186.6799053487274,1861.1336548737127,72.97388322394683,0.0,0.0,1.0,3.929013079667063,3.929013079667063
-186.6799053487274,1861.1336548737127,72.97388322394683,-198.89288613842766,1885.3042218201244,67.83405172413794,0.0,0.0,1.0,3.929013079667063,3.929013079667063
-198.89288613842766,1885.3042218201244,67.83405172413794,-211.10586692812788,1909.4747887665364,62.694220224329044,0.0,0.0,1.0,3.929013079667063,3.929013079667063
-212.31760555338212,1861.1336548737127,58.171950109386515,-198.89288613842766,1885.3042218201244,67.83405172413794,0.0,0.0,1.0,3.929013079667063,3.929013079667063
-198.89288613842766,1885.3042218201244,67.83405172413794,-185.46816672347316,1909.4747887665364,77.49615333888936,0.0,0.0,1.0,3.929013079667063,3.929013079667063
-185.46816672347316,1909.4747887665364,77.49615333888936,-197.68114751317339,1933.6453557129482,72.35632183908046,0.0,0.0,1.0,3.929013079667063,3.929013079667063
-197.68114751317339,1933.6453557129482,72.35632183908046,-209.89412830287364,1957.81592265936,67.21649033927157,0.0,0.0,1.0,3.929013079667063,3.929013079667063
-211.10586692812788,1909.4747887665364,62.694220224329044,-197.68114751317339,1933.6453557129482,72.35632183908046,0.0,0.0,1.0,3.929013079667063,3.929013079667063
-197.68114751317339,1933.6453557129482,72.35632183908046,-184.25642809821892,1957.81592265936,82.01842345383189,0.0,0.0,1.0,3.929013079667063,3.929013079667063
-184.25642809821892,1957.81592265936,82.01842345383189,-196.46940888791914,1981.9864896057718,76.878591954023,0.0,0.0,1.0,3.929013079667063,3.929013079667063
-196.46940888791914,1981.9864896057718,76.878591954023,-208.68238967761937,2006.1570565521836,71.7387604542141,0.0,0.0,1.0,3.929013079667063,3.929013079667063
-209.89412830287364,1957.81592265936,67.21649033927157,-196.46940888791914,1981.9864896057718,76.878591954023,0.0,0.0,1.0,3.929013079667063,3.929013079667063
-196.46940888791914,1981.9864896057718,76.878591954023,-183.04468947296465,2006.1570565521836,86.54069356877442,0.0,0.0,1.0,3.929013079667063,3.929013079667063
-183.04468947296465,2006.157056552184,86.54069356877443,-195.2576702626649,2030.3276234985958,81.40086206896552,0.0,0.0,1.0,3.929013079667063,3.929013079667063
-195.2576702626649,2030.3276234985958,81.40086206896552,-207.47065105236513,2054.4981904450074,76.26103056915663,0.0,0.0,1.0,3.929013079667063,3.929013079667063
-208.68238967761937,2006.157056552184,71.73876045421412,-195.2576702626649,2030.3276234985958,81.40086206896552,0.0,0.0,1.0,3.929013079667063,3.929013079667063
-195.2576702626649,2030.3276234985958,81.40086206896552,-181.8329508477104,2054.4981904450074,91.06296368371694,0.0,0.0,1.0,3.929013079667063,3.929013079667063
-181.8329508477104,2054.4981904450074,91.06296368371696,-194.04593163741063,2078.668757391419,85.92313218390805,0.0,0.0,1.0,3.929013079667063,3.929013079667063
-194.04593163741063,2078.668757391419,85.92313218390805,-206.2589124271109,2102.839324337831,80.78330068409916,0.0,0.0,1.0,3.929013079667063,3.929013079667063
-207.47065105236513,2054.4981904450074,76.26103056915665,-194.04593163741063,2078.668757391419,85.92313218390805,0.0,0.0,1.0,3.929013079667063,3.929013079667063
-194.04593163741063,2078.668757391419,85.92313218390805,-180.62121222245617,2102.839324337831,95.58523379865947,0.0,0.0,1.0,3.929013079667063,3.929013079667063
-180.62121222245617,2102.839324337831,95.58523379865947,-192.8341930121564,2127.0098912842427,90.44540229885058,0.0,0.0,1.0,3.929013079667063,3.929013079667063
-192.8341930121564,2127.0098912842427,90.44540229885058,-205.04717380185664,2151.1804582306545,85.30557079904167,0.0,0.0,1.0,3.929013079667063,3.929013079667063
-206.2589124271109,2102.839324337831,80.78330068409916,-192.8341930121564,2127.0098912842427,90.44540229885058,0.0,0.0,1.0,3.929013079667063,3.929013079667063
-192.8341930121564,2127.0098912842427,90.44540229885058,-179.40947359720192,2151.1804582306545,100.10750391360199,0.0,0.0,1.0,3.929013079667063,3.929013079667063
-179.4094735972019,2151.180458230655,100.107503913602,-191.62245438690215,2175.3510251770667,94.96767241379311,0.0,0.0,1.0,3.929013079667063,3.929013079667063
-191.62245438690215,2175.3510251770667,94.96767241379311,-203.83543517660237,2199.5215921234785,89.8278409139842,0.0,0.0,1.0,3.929013079667063,3.929013079667063
-205.04717380185662,2151.180458230655,85.30557079904169,-191.62245438690215,2175.3510251770667,94.96767241379311,0.0,0.0,1.0,3.929013079667063,3.929013079667063
-191.62245438690215,2175.3510251770667,94.96767241379311,-178.19773497194765,2199.5215921234785,104.62977402854452,0.0,0.0,1.0,3.929013079667063,3.929013079667063
-178.19773497194765,2199.5215921234785,104.62977402854453,-190.4107157616479,2223.6921590698903,99.48994252873563,0.0,0.0,1.0,3.929013079667063,3.929013079667063
-190.4107157616479,2223.6921590698903,99.48994252873563,-202.62369655134813,2247.862726016302,94.35011102892673,0.0,0.0,1.0,3.929013079667063,3.929013079667063
-203.83543517660237,2199.5215921234785,89.82784091398422,-190.4107157616479,2223.6921590698903,99.48994252873563,0.0,0.0,1.0,3.929013079667063,3.929013079667063
-190.4107157616479,2223.6921590698903,99.48994252873563,-176.9859963466934,2247.862726016302,109.15204414348705,0.0,0.0,1.0,3.929013079667063,3.929013079667063
-176.9859963466934,2247.862726016302,109.15204414348703,-189.19897713639364,2272.033292962714,104.01221264367814,0.0,0.0,1.0,3.929013079667063,3.929013079667063
-189.19897713639364,2272.033292962714,104.01221264367814,-201.4119579260939,2296.2038599091256,98.87238114386926,0.0,0.0,1.0,3.929013079667063,3.929013079667063
-202.62369655134813,2247.862726016302,94.35011102892672,-189.19897713639364,2272.033292962714,104.01221264367814,0.0,0.0,1.0,3.929013079667063,3.929013079667063
-189.19897713639364,2272.033292962714,104.01221264367814,-175.77425772143917,2296.2038599091256,113.67431425842958,0.0,0.0,1.0,3.929013079667063,3.929013079667063
-187.9872385111394,2320.3744268555374,108.53448275862068,-201.4119579260939,2296.2038599091256,98.87238114386926,0.0,0.0,1.0,3.929013079667063,3.929013079667063
-202.43250747703266,1232.6989142670045,14.184371729693975,-198.13659726424723,1240.4334956898563,17.27624424641443,0.0,0.0,1.0,3.929013079667063,3.929013079667063
-228.07020768168738,1232.6989142670045,-0.6175613848663399,-231.97836153439144,1240.4334956898563,-2.2623074648051853,0.0,0.0,1.0,3.929013079667063,3.929013079667063
-201.22076885177842,1281.0400481598283,18.706641844636504,-196.924858638993,1288.77462958268,21.798514361356958,0.0,0.0,1.0,3.929013079667063,3.929013079667063
-226.85846905643314,1281.0400481598283,3.9047087300761882,-230.7666229091372,1288.77462958268,2.259962650137343,0.0,0.0,1.0,3.929013079667063,3.929013079667063
-200.00903022652415,1329.3811820526519,23.22891195957903,-195.71312001373875,1337.1157634755036,26.320784476299487,0.0,0.0,1.0,3.929013079667063,3.929013079667063
-225.64673043117887,1329.3811820526519,8.426978845018713,-229.55488428388296,1337.1157634755036,6.78223276507987,0.0,0.0,1.0,3.929013079667063,3.929013079667063
-198.7972916012699,1377.7223159454757,27.75118207452155,-194.50138138848448,1385.4568973683274,30.84305459124201,0.0,0.0,1.0,3.929013079667063,3.929013079667063
-224.43499180592462,1377.7223159454757,12.949248959961238,-228.34314565862869,1385.4568973683274,11.304502880022396,0.0,0.0,1.0,3.929013079667063,3.929013079667063
-197.58555297601566,1426.0634498382992,32.27345218946408,-193.28964276323023,1433.798031261151,35.36532470618454,0.0,0.0,1.0,3.929013079667063,3.929013079667063
-223.22325318067038,1426.0634498382992,17.471519074903767,-227.13140703337444,1433.798031261151,15.826772994964921,0.0,0.0,1.0,3.929013079667063,3.929013079667063
-196.37381435076142,1474.404583731123,36.79572230440661,-192.077904137976,1482.1391651539748,39.88759482112707,0.0,0.0,1.0,3.929013079667063,3.929013079667063
-222.01151455541614,1474.404583731123,21.993789189846296,-225.9196684081202,1482.1391651539748,20.34904310990745,0.0,0.0,1.0,3.929013079667063,3.929013079667063
-195.16207572550715,1522.7457176239468,41.317992419349146,-190.86616551272172,1530.4802990467986,44.409864936069596,0.0,0.0,1.0,3.929013079667063,3.929013079667063
-220.79977593016187,1522.7457176239468,26.516059304788833,-224.70792978286593,1530.4802990467986,24.871313224849985,0.0,0.0,1.0,3.929013079667063,3.929013079667063
-193.9503371002529,1571.0868515167704,45.84026253429166,-189.65442688746748,1578.8214329396221,48.93213505101212,0.0,0.0,1.0,3.929013079667063,3.929013079667063
-219.58803730490763,1571.0868515167704,31.038329419731348,-223.4961911576117,1578.8214329396221,29.393583339792507,0.0,0.0,1.0,3.929013079667063,3.929013079667063
-192.73859847499867,1619.4279854095942,50.36253264923419,-188.44268826221324,1627.162566832446,53.45440516595465,0.0,0.0,1.0,3.929013079667063,3.929013079667063
-218.3762986796534,1619.4279854095942,35.56059953467388,-222.28445253235745,1627.162566832446,33.915853454735036,0.0,0.0,1.0,3.929013079667063,3.929013079667063
-191.5268598497444,1667.7691193024177,54.884802764176726,-187.230949636959,1675.5037007252697,57.976675280897176,0.0,0.0,1.0,3.929013079667063,3.929013079667063
-217.16456005439912,1667.7691193024177,40.08286964961641,-221.0727139071032,1675.5037007252697,38.438123569677565,0.0,0.0,1.0,3.929013079667063,3.929013079667063
-190.31512122449016,1716.1102531952417,59.407072879119255,-186.01921101170473,1723.8448346180933,62.498945395839705,0.0,0.0,1.0,3.929013079667063,3.929013079667063
-215.95282142914488,1716.1102531952417,44.60513976455894,-219.86097528184894,1723.8448346180933,42.960393684620094,0.0,0.0,1.0,3.929013079667063,3.929013079667063
-189.1033825992359,1764.4513870880653,63.92934299406177,-184.80747238645048,1772.185968510917,67.02121551078223,0.0,0.0,1.0,3.929013079667063,3.929013079667063
-214.74108280389063,1764.4513870880653,49.12740987950146,-218.6492366565947,1772.185968510917,47.482663799562616,0.0,0.0,1.0,3.929013079667063,3.929013079667063
-187.89164397398167,1812.7925209808889,68.45161310900431,-183.59573376119624,1820.5271024037409,71.54348562572476,0.0,0.0,1.0,3.929013079667063,3.929013079667063
-213.5293441786364,1812.7925209808889,53.64967999444399,-217.43749803134045,1820.5271024037409,52.004933914505145,0.0,0.0,1.0,3.929013079667063,3.929013079667063
-186.6799053487274,1861.1336548737127,72.97388322394683,-182.383995135942,1868.8682362965644,76.06575574066729,0.0,0.0,1.0,3.929013079667063,3.929013079667063
-212.31760555338212,1861.1336548737127,58.171950109386515,-216.2257594060862,1868.8682362965644,56.527204029447674,0.0,0.0,1.0,3.929013079667063,3.929013079667063
-185.46816672347316,1909.4747887665364,77.49615333888936,-181.17225651068773,1917.209370189388,80.5880258556098,0.0,0.0,1.0,3.929013079667063,3.929013079667063
-211.10586692812788,1909.4747887665364,62.694220224329044,-215.01402078083194,1917.209370189388,61.04947414439019,0.0,0.0,1.0,3.929013079667063,3.929013079667063
-184.25642809821892,1957.81592265936,82.01842345383189,-179.9605178854335,1965.550504082212,85.11029597055233,0.0,0.0,1.0,3.929013079667063,3.929013079667063
-209.89412830287364,1957.81592265936,67.21649033927157,-213.8022821555777,1965.550504082212,65.57174425933272,0.0,0.0,1.0,3.929013079667063,3.929013079667063
-183.04468947296465,2006.1570565521836,86.54069356877442,-178.74877926017925,2013.8916379750356,89.63256608549487,0.0,0.0,1.0,3.929013079667063,3.929013079667063
-208.68238967761937,2006.1570565521836,71.7387604542141,-212.59054353032346,2013.8916379750356,70.09401437427526,0.0,0.0,1.0,3.929013079667063,3.929013079667063
-181.8329508477104,2054.4981904450074,91.06296368371694,-177.53704063492498,2062.232771867859,94.1548362004374,0.0,0.0,1.0,3.929013079667063,3.929013079667063
-207.47065105236513,2054.4981904450074,76.26103056915663,-211.3788049050692,2062.232771867859,74.61628448921779,0.0,0.0,1.0,3.929013079667063,3.929013079667063
-180.62121222245617,2102.839324337831,95.58523379865947,-176.32530200967074,2110.573905760683,98.67710631537993,0.0,0.0,1.0,3.929013079667063,3.929013079667063
-206.2589124271109,2102.839324337831,80.78330068409916,-210.16706627981495,2110.573905760683,79.13855460416032,0.0,0.0,1.0,3.929013079667063,3.929013079667063
-179.40947359720192,2151.1804582306545,100.10750391360199,-175.1135633844165,2158.9150396535065,103.19937643032245,0.0,0.0,1.0,3.929013079667063,3.929013079667063
-205.04717380185664,2151.1804582306545,85.30557079904167,-208.9553276545607,2158.9150396535065,83.66082471910283,0.0,0.0,1.0,3.929013079667063,3.929013079667063
-178.19773497194765,2199.5215921234785,104.62977402854452,-173.90182475916222,2207.25617354633,107.72164654526496,0.0,0.0,1.0,3.929013079667063,3.929013079667063
-203.83543517660237,2199.5215921234785,89.8278409139842,-207.74358902930643,2207.25617354633,88.18309483404535,0.0,0.0,1.0,3.929013079667063,3.929013079667063
-176.9859963466934,2247.862726016302,109.15204414348705,-172.69008613390798,2255.597307439154,112.2439166602075,0.0,0.0,1.0,3.929013079667063,3.929013079667063
-202.62369655134813,2247.862726016302,94.35011102892673,-206.5318504040522,2255.597307439154,92.70536494898789,0.0,0.0,1.0,3.929013079667063,3.929013079667063
-175.77425772143917,2296.2038599091256,113.67431425842958,-171.47834750865374,2303.9384413319776,116.76618677515002,0.0,0.0,1.0,3.929013079667063,3.929013079667063
-201.4119579260939,2296.2038599091256,98.87238114386926,-205.32011177879795,2303.9384413319776,97.2276350639304,0.0,0.0,1.0,3.929013079667063,3.929013079667063
-187.9872385111394,2320.3744268555374,108.53448275862068,-175.77425772143917,2296.2038599091256,113.67431425842958,0.0,0.0,1.0,3.929013079667063,3.929013079667063
-151.20689655172413,1160.187213427769,1.851750418710739e-14,-143.33640001950965,1184.3577803741807,11.326034651034451,0.0,0.0,1.0,3.929013079667063,3.929013079667063
-166.851396777202,1192.9848075213158,7.2748986780997535,-153.62359933955022,1204.6238681323803,10.325096289192382,-0.6900981947236448,0.0,-0.7237157464358271,3.929013079667063,3.929013079667063
-153.62359933955022,1204.6238681323803,10.325096289192382,-140.3958019018984,1216.2629287434445,13.375293900285012,-0.6900981947236448,0.0,-0.7237157464358271,3.929013079667063,3.929013079667063
-140.817841129201,1192.0923617970325,14.950365739365473,-153.62359933955022,1204.6238681323803,10.325096289192382,-0.6900981947236448,0.0,-0.7237157464358271,3.929013079667063,3.929013079667063
-153.62359933955022,1204.6238681323803,10.325096289192382,-166.4293575498994,1217.1553744677278,5.699826839019293,-0.6900981947236448,0.0,-0.7237157464358271,3.929013079667063,3.929013079667063
-166.4293575498994,1217.1553744677278,5.699826839019293,-153.20156011224762,1228.794435078792,8.750024450111923,-0.6900981947236448,0.0,-0.7237157464358271,3.929013079667063,3.929013079667063
-153.20156011224762,1228.794435078792,8.750024450111923,-139.9737626745958,1240.4334956898563,11.800222061204552,-0.6900981947236448,0.0,-0.7237157464358271,3.929013079667063,3.929013079667063
-140.3958019018984,1216.2629287434445,13.375293900285012,-153.20156011224762,1228.794435078792,8.750024450111923,-0.6900981947236448,0.0,-0.7237157464358271,3.929013079667063,3.929013079667063
-153.20156011224762,1228.794435078792,8.750024450111923,-166.0073183225968,1241.3259414141396,4.124754999938833,-0.6900981947236448,0.0,-0.7237157464358271,3.929013079667063,3.929013079667063
-166.0073183225968,1241.3259414141396,4.124754999938833,-152.77952088494501,1252.9650020252038,7.174952611031462,-0.6900981947236448,0.0,-0.7237157464358271,3.929013079667063,3.929013079667063
-152.77952088494501,1252.9650020252038,7.174952611031462,-139.5517234472932,1264.6040626362683,10.225150222124093,-0.6900981947236448,0.0,-0.7237157464358271,3.929013079667063,3.929013079667063
-139.9737626745958,1240.4334956898563,11.800222061204552,-152.77952088494501,1252.9650020252038,7.174952611031462,-0.6900981947236448,0.0,-0.7237157464358271,3.929013079667063,3.929013079667063
-152.77952088494501,1252.9650020252038,7.174952611031462,-165.5852790952942,1265.4965083605516,2.5496831608583728,-0.6900981947236448,0.0,-0.7237157464358271,3.929013079667063,3.929013079667063
-165.5852790952942,1265.4965083605514,2.5496831608583745,-152.35748165764238,1277.1355689716158,5.599880771951002,-0.6900981947236448,0.0,-0.7237157464358271,3.929013079667063,3.929013079667063
-152.35748165764238,1277.1355689716158,5.599880771951002,-139.12968421999057,1288.77462958268,8.650078383043633,-0.6900981947236448,0.0,-0.7237157464358271,3.929013079667063,3.929013079667063
-139.5517234472932,1264.604062636268,10.225150222124093,-152.35748165764238,1277.1355689716158,5.599880771951002,-0.6900981947236448,0.0,-0.7237157464358271,3.929013079667063,3.929013079667063
-152.35748165764238,1277.1355689716158,5.599880771951002,-165.16323986799156,1289.6670753069634,0.974611321777914,-0.6900981947236448,0.0,-0.7237157464358271,3.929013079667063,3.929013079667063
-165.16323986799156,1289.6670753069634,0.974611321777914,-151.93544243033978,1301.3061359180276,4.02480893287054,-0.6900981947236448,0.0,-0.7237157464358271,3.929013079667063,3.929013079667063
-151.93544243033978,1301.3061359180276,4.02480893287054,-138.70764499268796,1312.9451965290918,7.0750065439631715,-0.6900981947236448,0.0,-0.7237157464358271,3.929013079667063,3.929013079667063
-139.12968421999057,1288.77462958268,8.650078383043633,-151.93544243033978,1301.3061359180276,4.02480893287054,-0.6900981947236448,0.0,-0.7237157464358271,3.929013079667063,3.929013079667063
-151.93544243033978,1301.3061359180276,4.02480893287054,-164.74120064068896,1313.8376422533752,-0.6004605173025475,-0.6900981947236448,0.0,-0.7237157464358271,3.929013079667063,3.929013079667063
-164.74120064068896,1313.8376422533752,-0.6004605173025475,-151.51340320303717,1325.4767028644394,2.4497370937900804,-0.6900981947236448,0.0,-0.7237157464358271,3.929013079667063,3.929013079667063
-151.51340320303717,1325.4767028644394,2.4497370937900804,-138.28560576538536,1337.1157634755039,5.499934704882712,-0.6900981947236448,0.0,-0.7237157464358271,3.929013079667063,3.929013079667063
-138.70764499268796,1312.9451965290918,7.0750065439631715,-151.51340320303717,1325.4767028644394,2.4497370937900804,-0.6900981947236448,0.0,-0.7237157464358271,3.929013079667063,3.929013079667063
-151.51340320303717,1325.4767028644394,2.4497370937900804,-164.31916141338635,1338.0082091997872,-2.175532356383007,-0.6900981947236448,0.0,-0.7237157464358271,3.929013079667063,3.929013079667063
-164.31916141338635,1338.0082091997872,-2.175532356383007,-151.09136397573457,1349.6472698108514,0.8746652547096208,-0.6900981947236448,0.0,-0.7237157464358271,3.929013079667063,3.929013079667063
-151.09136397573457,1349.6472698108514,0.8746652547096208,-137.86356653808275,1361.2863304219156,3.924862865802252,-0.6900981947236448,0.0,-0.7237157464358271,3.929013079667063,3.929013079667063
-138.28560576538536,1337.1157634755039,5.499934704882712,-151.09136397573457,1349.6472698108514,0.8746652547096208,-0.6900981947236448,0.0,-0.7237157464358271,3.929013079667063,3.929013079667063
-151.09136397573457,1349.6472698108514,0.8746652547096208,-163.89712218608375,1362.178776146199,-3.750604195463467,-0.6900981947236448,0.0,-0.7237157464358271,3.929013079667063,3.929013079667063
-163.89712218608375,1362.178776146199,-3.7506041954634686,-150.66932474843193,1373.8178367572632,-0.7004065843708389,-0.6900981947236448,0.0,-0.7237157464358271,3.929013079667063,3.929013079667063
-150.66932474843193,1373.8178367572632,-0.7004065843708389,-137.44152731078012,1385.4568973683274,2.3497910267217925,-0.6900981947236448,0.0,-0.7237157464358271,3.929013079667063,3.929013079667063
-137.86356653808275,1361.2863304219156,3.9248628658022504,-150.66932474843193,1373.8178367572632,-0.7004065843708389,-0.6900981947236448,0.0,-0.7237157464358271,3.929013079667063,3.929013079667063
-150.66932474843193,1373.8178367572632,-0.7004065843708389,-163.47508295878112,1386.3493430926108,-5.3256760345439265,-0.6900981947236448,0.0,-0.7237157464358271,3.929013079667063,3.929013079667063
-163.47508295878112,1386.3493430926108,-5.325676034543928,-150.24728552112933,1397.9884037036752,-2.2754784234512986,-0.6900981947236448,0.0,-0.7237157464358271,3.929013079667063,3.929013079667063
-150.24728552112933,1397.9884037036752,-2.2754784234512986,-137.0194880834775,1409.6274643147394,0.7747191876413311,-0.6900981947236448,0.0,-0.7237157464358271,3.929013079667063,3.929013079667063
-137.44152731078012,1385.4568973683274,2.3497910267217907,-150.24728552112933,1397.9884037036752,-2.2754784234512986,-0.6900981947236448,0.0,-0.7237157464358271,3.929013079667063,3.929013079667063
-150.24728552112933,1397.9884037036752,-2.2754784234512986,-163.0530437314785,1410.5199100390228,-6.900747873624388,-0.6900981947236448,0.0,-0.7237157464358271,3.929013079667063,3.929013079667063
-163.0530437314785,1410.5199100390228,-6.900747873624388,-149.82524629382672,1422.158970650087,-3.8505502625317582,-0.6900981947236448,0.0,-0.7237157464358271,3.929013079667063,3.929013079667063
-149.82524629382672,1422.158970650087,-3.8505502625317582,-136.5974488561749,1433.7980312611512,-0.8003526514391304,-0.6900981947236448,0.0,-0.7237157464358271,3.929013079667063,3.929013079667063
-137.0194880834775,1409.6274643147394,0.7747191876413311,-149.82524629382672,1422.158970650087,-3.8505502625317582,-0.6900981947236448,0.0,-0.7237157464358271,3.929013079667063,3.929013079667063
-149.82524629382672,1422.158970650087,-3.8505502625317582,-162.6310045041759,1434.6904769854345,-8.47581971270485,-0.6900981947236448,0.0,-0.7237157464358271,3.929013079667063,3.929013079667063
-162.6310045041759,1434.6904769854345,-8.47581971270485,-149.40320706652412,1446.3295375964988,-5.42562210161222,-0.6900981947236448,0.0,-0.7237157464358271,3.929013079667063,3.929013079667063
-149.40320706652412,1446.3295375964988,-5.42562210161222,-136.1754096288723,1457.968598207563,-2.3754244905195883,-0.6900981947236448,0.0,-0.7237157464358271,3.929013079667063,3.929013079667063
-136.5974488561749,1433.7980312611512,-0.8003526514391304,-149.40320706652412,1446.3295375964988,-5.42562210161222,-0.6900981947236448,0.0,-0.7237157464358271,3.929013079667063,3.929013079667063
-149.40320706652412,1446.3295375964988,-5.42562210161222,-162.2089652768733,1458.8610439318463,-10.050891551785307,-0.6900981947236448,0.0,-0.7237157464358271,3.929013079667063,3.929013079667063
-162.2089652768733,1458.8610439318463,-10.050891551785307,-148.98116783922148,1470.5001045429105,-7.000693940692678,-0.6900981947236448,0.0,-0.7237157464358271,3.929013079667063,3.929013079667063
-148.98116783922148,1470.5001045429105,-7.000693940692678,-135.75337040156967,1482.1391651539748,-3.950496329600046,-0.6900981947236448,0.0,-0.7237157464358271,3.929013079667063,3.929013079667063
-136.1754096288723,1457.968598207563,-2.3754244905195883,-148.98116783922148,1470.5001045429105,-7.000693940692678,-0.6900981947236448,0.0,-0.7237157464358271,3.929013079667063,3.929013079667063
-148.98116783922148,1470.5001045429105,-7.000693940692678,-161.78692604957067,1483.031610878258,-11.625963390865765,-0.6900981947236448,0.0,-0.7237157464358271,3.929013079667063,3.929013079667063
-161.78692604957067,1483.031610878258,-11.625963390865765,-148.55912861191888,1494.6706714893226,-8.575765779773135,-0.6900981947236448,0.0,-0.7237157464358271,3.929013079667063,3.929013079667063
-148.55912861191888,1494.6706714893226,-8.575765779773135,-135.33133117426706,1506.3097321003868,-5.525568168680504,-0.6900981947236448,0.0,-0.7237157464358271,3.929013079667063,3.929013079667063
-135.75337040156967,1482.1391651539748,-3.950496329600046,-148.55912861191888,1494.6706714893226,-8.575765779773135,-0.6900981947236448,0.0,-0.7237157464358271,3.929013079667063,3.929013079667063
-148.55912861191888,1494.6706714893226,-8.575765779773135,-161.36488682226806,1507.2021778246701,-13.201035229946223,-0.6900981947236448,0.0,-0.7237157464358271,3.929013079667063,3.929013079667063
-161.36488682226806,1507.2021778246701,-13.201035229946223,-148.13708938461627,1518.8412384357343,-10.150837618853593,-0.6900981947236448,0.0,-0.7237157464358271,3.929013079667063,3.929013079667063
-148.13708938461627,1518.8412384357343,-10.150837618853593,-134.90929194696446,1530.4802990467986,-7.100640007760962,-0.6900981947236448,0.0,-0.7237157464358271,3.929013079667063,3.929013079667063
-135.33133117426706,1506.3097321003868,-5.525568168680504,-148.13708938461627,1518.8412384357343,-10.150837618853593,-0.6900981947236448,0.0,-0.7237157464358271,3.929013079667063,3.929013079667063
-148.13708938461627,1518.8412384357343,-10.150837618853593,-160.94284759496546,1531.372744771082,-14.776107069026681,-0.6900981947236448,0.0,-0.7237157464358271,3.929013079667063,3.929013079667063
-160.94284759496546,1531.372744771082,-14.776107069026681,-147.71505015731367,1543.0118053821461,-11.725909457934051,-0.6900981947236448,0.0,-0.7237157464358271,3.929013079667063,3.929013079667063
-147.71505015731367,1543.0118053821461,-11.725909457934051,-134.48725271966185,1554.6508659932106,-8.675711846841423,-0.6900981947236448,0.0,-0.7237157464358271,3.929013079667063,3.929013079667063
-134.90929194696446,1530.4802990467986,-7.100640007760962,-147.71505015731367,1543.0118053821461,-11.725909457934051,-0.6900981947236448,0.0,-0.7237157464358271,3.929013079667063,3.929013079667063
-147.71505015731367,1543.0118053821461,-11.725909457934051,-160.52080836766285,1555.543311717494,-16.351178908107144,-0.6900981947236448,0.0,-0.7237157464358271,3.929013079667063,3.929013079667063
-160.52080836766282,1555.543311717494,-16.35117890810715,-147.29301093001104,1567.1823723285581,-13.30098129701452,-0.6900981947236448,0.0,-0.7237157464358271,3.929013079667063,3.929013079667063
-147.29301093001104,1567.1823723285581,-13.30098129701452,-134.06521349235922,1578.8214329396224,-10.250783685921888,-0.6900981947236448,0.0,-0.7237157464358271,3.929013079667063,3.929013079667063
-134.48725271966183,1554.6508659932106,-8.67571184684143,-147.29301093001104,1567.1823723285581,-13.30098129701452,-0.6900981947236448,0.0,-0.7237157464358271,3.929013079667063,3.929013079667063
-147.29301093001104,1567.1823723285581,-13.30098129701452,-160.09876914036022,1579.7138786639057,-17.92625074718761,-0.6900981947236448,0.0,-0.7237157464358271,3.929013079667063,3.929013079667063
-160.09876914036022,1579.7138786639057,-17.92625074718761,-146.87097170270843,1591.35293927497,-14.876053136094978,-0.6900981947236448,0.0,-0.7237157464358271,3.929013079667063,3.929013079667063
-146.87097170270843,1591.35293927497,-14.876053136094978,-133.64317426505662,1602.9919998860341,-11.825855525002346,-0.6900981947236448,0.0,-0.7237157464358271,3.929013079667063,3.929013079667063
-134.06521349235922,1578.8214329396224,-10.250783685921888,-146.87097170270843,1591.35293927497,-14.876053136094978,-0.6900981947236448,0.0,-0.7237157464358271,3.929013079667063,3.929013079667063
-146.87097170270843,1591.35293927497,-14.876053136094978,-159.6767299130576,1603.8844456103175,-19.501322586268067,-0.6900981947236448,0.0,-0.7237157464358271,3.929013079667063,3.929013079667063
-159.6767299130576,1603.8844456103175,-19.501322586268067,-146.44893247540583,1615.5235062213817,-16.451124975175436,-0.6900981947236448,0.0,-0.7237157464358271,3.929013079667063,3.929013079667063
-146.44893247540583,1615.5235062213817,-16.451124975175436,-133.221135037754,1627.1625668324461,-13.400927364082804,-0.6900981947236448,0.0,-0.7237157464358271,3.929013079667063,3.929013079667063
-133.64317426505662,1602.9919998860341,-11.825855525002346,-146.44893247540583,1615.5235062213817,-16.451124975175436,-0.6900981947236448,0.0,-0.7237157464358271,3.929013079667063,3.929013079667063
-146.44893247540583,1615.5235062213817,-16.451124975175436,-159.254690685755,1628.0550125567295,-21.076394425348525,-0.6900981947236448,0.0,-0.7237157464358271,3.929013079667063,3.929013079667063
-159.254690685755,1628.0550125567295,-21.076394425348525,-146.02689324810322,1639.6940731677937,-18.026196814255893,-0.6900981947236448,0.0,-0.7237157464358271,3.929013079667063,3.929013079667063
-146.02689324810322,1639.6940731677937,-18.026196814255893,-132.7990958104514,1651.333133778858,-14.975999203163258,-0.6900981947236448,0.0,-0.7237157464358271,3.929013079667063,3.929013079667063
-133.221135037754,1627.1625668324461,-13.400927364082804,-146.02689324810322,1639.6940731677937,-18.026196814255893,-0.6900981947236448,0.0,-0.7237157464358271,3.929013079667063,3.929013079667063
-146.02689324810322,1639.6940731677937,-18.026196814255893,-158.8326514584524,1652.2255795031413,-22.651466264428976,-0.6900981947236448,0.0,-0.7237157464358271,3.929013079667063,3.929013079667063
-158.8326514584524,1652.2255795031413,-22.651466264428976,-145.6048540208006,1663.8646401142055,-19.60126865333635,-0.6900981947236448,0.0,-0.7237157464358271,3.929013079667063,3.929013079667063
-145.6048540208006,1663.8646401142055,-19.60126865333635,-132.37705658314877,1675.50370072527,-16.551071042243716,-0.6900981947236448,0.0,-0.7237157464358271,3.929013079667063,3.929013079667063
-132.7990958104514,1651.333133778858,-14.975999203163258,-145.6048540208006,1663.8646401142055,-19.60126865333635,-0.6900981947236448,0.0,-0.7237157464358271,3.929013079667063,3.929013079667063
-145.6048540208006,1663.8646401142055,-19.60126865333635,-158.41061223114977,1676.3961464495533,-24.226538103509434,-0.6900981947236448,0.0,-0.7237157464358271,3.929013079667063,3.929013079667063
-158.41061223114977,1676.3961464495533,-24.22653810350944,-145.18281479349798,1688.0352070606175,-21.176340492416816,-0.6900981947236448,0.0,-0.7237157464358271,3.929013079667063,3.929013079667063
-145.18281479349798,1688.0352070606175,-21.176340492416816,-131.95501735584617,1699.6742676716817,-18.12614288132418,-0.6900981947236448,0.0,-0.7237157464358271,3.929013079667063,3.929013079667063
-132.37705658314877,1675.50370072527,-16.551071042243723,-145.18281479349798,1688.0352070606175,-21.176340492416816,-0.6900981947236448,0.0,-0.7237157464358271,3.929013079667063,3.929013079667063
-145.18281479349798,1688.0352070606175,-21.176340492416816,-157.98857300384716,1700.566713395965,-25.8016099425899,-0.6900981947236448,0.0,-0.7237157464358271,3.929013079667063,3.929013079667063
-157.98857300384716,1700.566713395965,-25.8016099425899,-144.76077556619538,1712.2057740070293,-22.751412331497274,-0.6900981947236448,0.0,-0.7237157464358271,3.929013079667063,3.929013079667063
-144.76077556619538,1712.2057740070293,-22.751412331497274,-131.53297812854356,1723.8448346180935,-19.701214720404646,-0.6900981947236448,0.0,-0.7237157464358271,3.929013079667063,3.929013079667063
-131.95501735584617,1699.6742676716817,-18.12614288132418,-144.76077556619538,1712.2057740070293,-22.751412331497274,-0.6900981947236448,0.0,-0.7237157464358271,3.929013079667063,3.929013079667063
-144.76077556619538,1712.2057740070293,-22.751412331497274,-157.56653377654456,1724.7372803423768,-27.376681781670364,-0.6900981947236448,0.0,-0.7237157464358271,3.929013079667063,3.929013079667063
-157.56653377654456,1724.7372803423768,-27.376681781670364,-144.33873633889277,1736.376340953441,-24.326484170577732,-0.6900981947236448,0.0,-0.7237157464358271,3.929013079667063,3.929013079667063
-144.33873633889277,1736.376340953441,-24.326484170577732,-131.11093890124093,1748.0154015645053,-21.276286559485104,-0.6900981947236448,0.0,-0.7237157464358271,3.929013079667063,3.929013079667063
-131.53297812854356,1723.8448346180935,-19.701214720404646,-144.33873633889277,1736.376340953441,-24.326484170577732,-0.6900981947236448,0.0,-0.7237157464358271,3.929013079667063,3.929013079667063
-144.33873633889277,1736.376340953441,-24.326484170577732,-157.14449454924193,1748.9078472887886,-28.95175362075082,-0.6900981947236448,0.0,-0.7237157464358271,3.929013079667063,3.929013079667063
-157.14449454924193,1748.9078472887886,-28.95175362075082,-143.91669711159014,1760.5469078998528,-25.90155600965819,-0.6900981947236448,0.0,-0.7237157464358271,3.929013079667063,3.929013079667063
-143.91669711159014,1760.5469078998528,-25.90155600965819,-130.68889967393832,1772.1859685109173,-22.851358398565562,-0.6900981947236448,0.0,-0.7237157464358271,3.929013079667063,3.929013079667063
-131.11093890124093,1748.0154015645053,-21.276286559485104,-143.91669711159014,1760.5469078998528,-25.90155600965819,-0.6900981947236448,0.0,-0.7237157464358271,3.929013079667063,3.929013079667063
-143.91669711159014,1760.5469078998528,-25.90155600965819,-156.72245532193932,1773.0784142352006,-30.52682545983128,-0.6900981947236448,0.0,-0.7237157464358271,3.929013079667063,3.929013079667063
-156.72245532193932,1773.0784142352006,-30.52682545983128,-143.49465788428753,1784.7174748462648,-27.476627848738648,-0.6900981947236448,0.0,-0.7237157464358271,3.929013079667063,3.929013079667063
-143.49465788428753,1784.7174748462648,-27.476627848738648,-130.26686044663572,1796.356535457329,-24.42643023764602,-0.6900981947236448,0.0,-0.7237157464358271,3.929013079667063,3.929013079667063
-130.68889967393832,1772.1859685109173,-22.851358398565562,-143.49465788428753,1784.7174748462648,-27.476627848738648,-0.6900981947236448,0.0,-0.7237157464358271,3.929013079667063,3.929013079667063
-143.49465788428753,1784.7174748462648,-27.476627848738648,-156.30041609463672,1797.2489811816124,-32.10189729891174,-0.6900981947236448,0.0,-0.7237157464358271,3.929013079667063,3.929013079667063
-156.30041609463672,1797.2489811816126,-32.101897298911744,-143.07261865698493,1808.8880417926769,-29.051699687819113,-0.6900981947236448,0.0,-0.7237157464358271,3.929013079667063,3.929013079667063
-143.07261865698493,1808.8880417926769,-29.051699687819113,-129.8448212193331,1820.527102403741,-26.001502076726485,-0.6900981947236448,0.0,-0.7237157464358271,3.929013079667063,3.929013079667063
-130.26686044663572,1796.3565354573293,-24.426430237646027,-143.07261865698493,1808.8880417926769,-29.051699687819113,-0.6900981947236448,0.0,-0.7237157464358271,3.929013079667063,3.929013079667063
-143.07261865698493,1808.8880417926769,-29.051699687819113,-155.8783768673341,1821.4195481280244,-33.6769691379922,-0.6900981947236448,0.0,-0.7237157464358271,3.929013079667063,3.929013079667063
-155.8783768673341,1821.4195481280244,-33.6769691379922,-142.65057942968232,1833.0586087390886,-30.626771526899578,-0.6900981947236448,0.0,-0.7237157464358271,3.929013079667063,3.929013079667063
-142.65057942968232,1833.0586087390886,-30.626771526899578,-129.42278199203048,1844.6976693501529,-27.576573915806943,-0.6900981947236448,0.0,-0.7237157464358271,3.929013079667063,3.929013079667063
-129.8448212193331,1820.527102403741,-26.001502076726485,-142.65057942968232,1833.0586087390886,-30.626771526899578,-0.6900981947236448,0.0,-0.7237157464358271,3.929013079667063,3.929013079667063
-142.65057942968232,1833.0586087390886,-30.626771526899578,-155.45633764003148,1845.5901150744362,-35.25204097707266,-0.6900981947236448,0.0,-0.7237157464358271,3.929013079667063,3.929013079667063
-155.45633764003148,1845.5901150744362,-35.25204097707266,-142.2285402023797,1857.2291756855004,-32.20184336598004,-0.6900981947236448,0.0,-0.7237157464358271,3.929013079667063,3.929013079667063
-142.2285402023797,1857.2291756855004,-32.20184336598004,-129.00074276472787,1868.8682362965646,-29.1516457548874,-0.6900981947236448,0.0,-0.7237157464358271,3.929013079667063,3.929013079667063
-129.42278199203048,1844.6976693501529,-27.576573915806943,-142.2285402023797,1857.2291756855004,-32.20184336598004,-0.6900981947236448,0.0,-0.7237157464358271,3.929013079667063,3.929013079667063
-142.2285402023797,1857.2291756855004,-32.20184336598004,-155.03429841272887,1869.760682020848,-36.82711281615312,-0.6900981947236448,0.0,-0.7237157464358271,3.929013079667063,3.929013079667063
-155.03429841272887,1869.760682020848,-36.82711281615312,-141.80650097507709,1881.3997426319122,-33.77691520506049,-0.6900981947236448,0.0,-0.7237157464358271,3.929013079667063,3.929013079667063
-141.80650097507709,1881.3997426319122,-33.77691520506049,-128.57870353742527,1893.0388032429764,-30.72671759396786,-0.6900981947236448,0.0,-0.7237157464358271,3.929013079667063,3.929013079667063
-129.00074276472787,1868.8682362965646,-29.1516457548874,-141.80650097507709,1881.3997426319122,-33.77691520506049,-0.6900981947236448,0.0,-0.7237157464358271,3.929013079667063,3.929013079667063
-141.80650097507709,1881.3997426319122,-33.77691520506049,-154.61225918542627,1893.9312489672598,-38.402184655233576,-0.6900981947236448,0.0,-0.7237157464358271,3.929013079667063,3.929013079667063
-154.61225918542627,1893.9312489672598,-38.402184655233576,-141.38446174777448,1905.5703095783242,-35.351987044140955,-0.6900981947236448,0.0,-0.7237157464358271,3.929013079667063,3.929013079667063
-141.38446174777448,1905.5703095783242,-35.351987044140955,-128.15666431012266,1917.2093701893884,-32.30178943304831,-0.6900981947236448,0.0,-0.7237157464358271,3.929013079667063,3.929013079667063
-128.57870353742527,1893.0388032429764,-30.72671759396786,-141.38446174777448,1905.5703095783242,-35.351987044140955,-0.6900981947236448,0.0,-0.7237157464358271,3.929013079667063,3.929013079667063
-141.38446174777448,1905.5703095783242,-35.351987044140955,-154.19021995812366,1918.1018159136718,-39.977256494314034,-0.6900981947236448,0.0,-0.7237157464358271,3.929013079667063,3.929013079667063
-154.19021995812366,1918.101815913672,-39.97725649431404,-140.96242252047188,1929.7408765247362,-36.92705888322142,-0.6900981947236448,0.0,-0.7237157464358271,3.929013079667063,3.929013079667063
-140.96242252047188,1929.7408765247362,-36.92705888322142,-127.73462508282003,1941.3799371358004,-33.87686127212879,-0.6900981947236448,0.0,-0.7237157464358271,3.929013079667063,3.929013079667063
-128.15666431012266,1917.2093701893887,-32.30178943304833,-140.96242252047188,1929.7408765247362,-36.92705888322142,-0.6900981947236448,0.0,-0.7237157464358271,3.929013079667063,3.929013079667063
-140.96242252047188,1929.7408765247362,-36.92705888322142,-153.76818073082103,1942.2723828600838,-41.552328333394506,-0.6900981947236448,0.0,-0.7237157464358271,3.929013079667063,3.929013079667063
-153.76818073082103,1942.2723828600838,-41.552328333394506,-140.54038329316924,1953.911443471148,-38.50213072230187,-0.6900981947236448,0.0,-0.7237157464358271,3.929013079667063,3.929013079667063
-140.54038329316924,1953.911443471148,-38.50213072230187,-127.31258585551743,1965.5505040822122,-35.45193311120924,-0.6900981947236448,0.0,-0.7237157464358271,3.929013079667063,3.929013079667063
-127.73462508282003,1941.3799371358004,-33.87686127212879,-140.54038329316924,1953.911443471148,-38.50213072230187,-0.6900981947236448,0.0,-0.7237157464358271,3.929013079667063,3.929013079667063
-140.54038329316924,1953.911443471148,-38.50213072230187,-153.34614150351842,1966.4429498064956,-43.127400172474964,-0.6900981947236448,0.0,-0.7237157464358271,3.929013079667063,3.929013079667063
-153.34614150351842,1966.4429498064956,-43.127400172474964,-140.11834406586664,1978.0820104175598,-40.077202561382336,-0.6900981947236448,0.0,-0.7237157464358271,3.929013079667063,3.929013079667063
-140.11834406586664,1978.0820104175598,-40.077202561382336,-126.89054662821482,1989.721071028624,-37.02700495028971,-0.6900981947236448,0.0,-0.7237157464358271,3.929013079667063,3.929013079667063
-127.31258585551743,1965.5505040822122,-35.45193311120924,-140.11834406586664,1978.0820104175598,-40.077202561382336,-0.6900981947236448,0.0,-0.7237157464358271,3.929013079667063,3.929013079667063
-140.11834406586664,1978.0820104175598,-40.077202561382336,-152.92410227621582,1990.6135167529073,-44.70247201155542,-0.6900981947236448,0.0,-0.7237157464358271,3.929013079667063,3.929013079667063
-152.92410227621582,1990.6135167529073,-44.70247201155542,-139.69630483856403,2002.2525773639713,-41.65227440046279,-0.6900981947236448,0.0,-0.7237157464358271,3.929013079667063,3.929013079667063
-139.69630483856403,2002.2525773639713,-41.65227440046279,-126.46850740091222,2013.8916379750358,-38.60207678937016,-0.6900981947236448,0.0,-0.7237157464358271,3.929013079667063,3.929013079667063
-126.89054662821482,1989.721071028624,-37.02700495028971,-139.69630483856403,2002.2525773639713,-41.65227440046279,-0.6900981947236448,0.0,-0.7237157464358271,3.929013079667063,3.929013079667063
-139.69630483856403,2002.2525773639713,-41.65227440046279,-152.50206304891321,2014.7840836993191,-46.27754385063588,-0.6900981947236448,0.0,-0.7237157464358271,3.929013079667063,3.929013079667063
-152.50206304891321,2014.7840836993191,-46.27754385063588,-139.2742656112614,2026.4231443103831,-43.22734623954325,-0.6900981947236448,0.0,-0.7237157464358271,3.929013079667063,3.929013079667063
-139.2742656112614,2026.4231443103831,-43.22734623954325,-126.04646817360958,2038.062204921448,-40.177148628450624,-0.6900981947236448,0.0,-0.7237157464358271,3.929013079667063,3.929013079667063
-126.46850740091222,2013.8916379750358,-38.60207678937016,-139.2742656112614,2026.4231443103831,-43.22734623954325,-0.6900981947236448,0.0,-0.7237157464358271,3.929013079667063,3.929013079667063
-139.2742656112614,2026.4231443103831,-43.22734623954325,-152.08002382161058,2038.9546506457314,-47.85261568971634,-0.6900981947236448,0.0,-0.7237157464358271,3.929013079667063,3.929013079667063
-152.08002382161058,2038.9546506457314,-47.852615689716345,-138.8522263839588,2050.5937112567954,-44.80241807862372,-0.6900981947236448,0.0,-0.7237157464358271,3.929013079667063,3.929013079667063
-138.8522263839588,2050.5937112567954,-44.80241807862372,-125.62442894630698,2062.23277186786,-41.75222046753109,-0.6900981947236448,0.0,-0.7237157464358271,3.929013079667063,3.929013079667063
-126.04646817360958,2038.062204921448,-40.177148628450624,-138.8522263839588,2050.5937112567954,-44.80241807862372,-0.6900981947236448,0.0,-0.7237157464358271,3.929013079667063,3.929013079667063
-138.8522263839588,2050.5937112567954,-44.80241807862372,-151.65798459430798,2063.125217592143,-49.4276875287968,-0.6900981947236448,0.0,-0.7237157464358271,3.929013079667063,3.929013079667063
-151.65798459430798,2063.125217592143,-49.4276875287968,-138.4301871566562,2074.764278203207,-46.37748991770418,-0.6900981947236448,0.0,-0.7237157464358271,3.929013079667063,3.929013079667063
-138.4301871566562,2074.764278203207,-46.37748991770418,-125.20238971900437,2086.4033388142716,-43.32729230661154,-0.6900981947236448,0.0,-0.7237157464358271,3.929013079667063,3.929013079667063
-125.62442894630698,2062.23277186786,-41.75222046753109,-138.4301871566562,2074.764278203207,-46.37748991770418,-0.6900981947236448,0.0,-0.7237157464358271,3.929013079667063,3.929013079667063
-138.4301871566562,2074.764278203207,-46.37748991770418,-151.23594536700537,2087.295784538555,-51.00275936787726,-0.6900981947236448,0.0,-0.7237157464358271,3.929013079667063,3.929013079667063
-151.23594536700537,2087.295784538555,-51.00275936787726,-138.00814792935358,2098.934845149619,-47.95256175678463,-0.6900981947236448,0.0,-0.7237157464358271,3.929013079667063,3.929013079667063
-138.00814792935358,2098.934845149619,-47.95256175678463,-124.78035049170177,2110.5739057606834,-44.902364145692005,-0.6900981947236448,0.0,-0.7237157464358271,3.929013079667063,3.929013079667063
-125.20238971900437,2086.4033388142716,-43.32729230661154,-138.00814792935358,2098.934845149619,-47.95256175678463,-0.6900981947236448,0.0,-0.7237157464358271,3.929013079667063,3.929013079667063
-138.00814792935358,2098.934845149619,-47.95256175678463,-150.81390613970277,2111.4663514849667,-52.57783120695772,-0.6900981947236448,0.0,-0.7237157464358271,3.929013079667063,3.929013079667063
-150.81390613970277,2111.4663514849667,-52.57783120695772,-137.58610870205098,2123.1054120960307,-49.5276335958651,-0.6900981947236448,0.0,-0.7237157464358271,3.929013079667063,3.929013079667063
-137.58610870205098,2123.1054120960307,-49.5276335958651,-124.35831126439913,2134.744472707095,-46.477435984772455,-0.6900981947236448,0.0,-0.7237157464358271,3.929013079667063,3.929013079667063
-124.78035049170177,2110.5739057606834,-44.902364145692005,-137.58610870205098,2123.1054120960307,-49.5276335958651,-0.6900981947236448,0.0,-0.7237157464358271,3.929013079667063,3.929013079667063
-137.58610870205098,2123.1054120960307,-49.5276335958651,-150.39186691240013,2135.6369184313785,-54.152903046038176,-0.6900981947236448,0.0,-0.7237157464358271,3.929013079667063,3.929013079667063
-150.39186691240013,2135.6369184313785,-54.152903046038176,-137.16406947474835,2147.2759790424425,-51.10270543494556,-0.6900981947236448,0.0,-0.7237157464358271,3.929013079667063,3.929013079667063
-137.16406947474835,2147.2759790424425,-51.10270543494556,-123.93627203709653,2158.915039653507,-48.052507823852935,-0.6900981947236448,0.0,-0.7237157464358271,3.929013079667063,3.929013079667063
-124.35831126439913,2134.744472707095,-46.477435984772455,-137.16406947474835,2147.2759790424425,-51.10270543494556,-0.6900981947236448,0.0,-0.7237157464358271,3.929013079667063,3.929013079667063
-137.16406947474835,2147.2759790424425,-51.10270543494556,-149.96982768509753,2159.8074853777903,-55.72797488511865,-0.6900981947236448,0.0,-0.7237157464358271,3.929013079667063,3.929013079667063
-149.96982768509753,2159.8074853777903,-55.72797488511865,-136.74203024744574,2171.4465459888547,-52.67777727402603,-0.6900981947236448,0.0,-0.7237157464358271,3.929013079667063,3.929013079667063
-136.74203024744574,2171.4465459888547,-52.67777727402603,-123.51423280979392,2183.085606599919,-49.6275796629334,-0.6900981947236448,0.0,-0.7237157464358271,3.929013079667063,3.929013079667063
-123.93627203709653,2158.915039653507,-48.052507823852935,-136.74203024744574,2171.4465459888547,-52.67777727402603,-0.6900981947236448,0.0,-0.7237157464358271,3.929013079667063,3.929013079667063
-136.74203024744574,2171.4465459888547,-52.67777727402603,-149.54778845779492,2183.9780523242025,-57.30304672419911,-0.6900981947236448,0.0,-0.7237157464358271,3.929013079667063,3.929013079667063
-149.54778845779492,2183.9780523242025,-57.30304672419911,-136.31999102014314,2195.6171129352665,-54.25284911310649,-0.6900981947236448,0.0,-0.7237157464358271,3.929013079667063,3.929013079667063
-136.31999102014314,2195.6171129352665,-54.25284911310649,-123.09219358249132,2207.256173546331,-51.20265150201385,-0.6900981947236448,0.0,-0.7237157464358271,3.929013079667063,3.929013079667063
-123.51423280979392,2183.085606599919,-49.6275796629334,-136.31999102014314,2195.6171129352665,-54.25284911310649,-0.6900981947236448,0.0,-0.7237157464358271,3.929013079667063,3.929013079667063
-136.31999102014314,2195.6171129352665,-54.25284911310649,-149.12574923049232,2208.1486192706143,-58.878118563279564,-0.6900981947236448,0.0,-0.7237157464358271,3.929013079667063,3.929013079667063
-149.12574923049232,2208.1486192706143,-58.878118563279564,-135.8979517928405,2219.7876798816783,-55.82792095218694,-0.6900981947236448,0.0,-0.7237157464358271,3.929013079667063,3.929013079667063
-135.8979517928405,2219.7876798816783,-55.82792095218694,-122.67015435518869,2231.4267404927427,-52.777723341094315,-0.6900981947236448,0.0,-0.7237157464358271,3.929013079667063,3.929013079667063
-123.09219358249132,2207.256173546331,-51.20265150201385,-135.8979517928405,2219.7876798816783,-55.82792095218694,-0.6900981947236448,0.0,-0.7237157464358271,3.929013079667063,3.929013079667063
-135.8979517928405,2219.7876798816783,-55.82792095218694,-148.70371000318968,2232.319186217026,-60.45319040236003,-0.6900981947236448,0.0,-0.7237157464358271,3.929013079667063,3.929013079667063
-148.70371000318968,2232.319186217026,-60.45319040236003,-135.4759125655379,2243.95824682809,-57.40299279126741,-0.6900981947236448,0.0,-0.7237157464358271,3.929013079667063,3.929013079667063
-135.4759125655379,2243.95824682809,-57.40299279126741,-122.24811512788608,2255.5973074391545,-54.352795180174766,-0.6900981947236448,0.0,-0.7237157464358271,3.929013079667063,3.929013079667063
-122.67015435518869,2231.4267404927427,-52.777723341094315,-135.4759125655379,2243.95824682809,-57.40299279126741,-0.6900981947236448,0.0,-0.7237157464358271,3.929013079667063,3.929013079667063
-135.4759125655379,2243.95824682809,-57.40299279126741,-148.28167077588708,2256.489753163438,-62.02826224144048,-0.6900981947236448,0.0,-0.7237157464358271,3.929013079667063,3.929013079667063
-148.28167077588708,2256.489753163438,-62.02826224144048,-135.0538733382353,2268.128813774502,-58.97806463034786,-0.6900981947236448,0.0,-0.7237157464358271,3.929013079667063,3.929013079667063
-135.0538733382353,2268.128813774502,-58.97806463034786,-121.82607590058348,2279.7678743855668,-55.92786701925523,-0.6900981947236448,0.0,-0.7237157464358271,3.929013079667063,3.929013079667063
-122.24811512788608,2255.5973074391545,-54.352795180174766,-135.0538733382353,2268.128813774502,-58.97806463034786,-0.6900981947236448,0.0,-0.7237157464358271,3.929013079667063,3.929013079667063
-135.0538733382353,2268.128813774502,-58.97806463034786,-147.85963154858447,2280.66032010985,-63.603334080520945,-0.6900981947236448,0.0,-0.7237157464358271,3.929013079667063,3.929013079667063
-147.85963154858447,2280.66032010985,-63.603334080520945,-134.6318341109327,2292.299380720914,-60.553136469428324,-0.6900981947236448,0.0,-0.7237157464358271,3.929013079667063,3.929013079667063
-134.6318341109327,2292.299380720914,-60.553136469428324,-121.40403667328087,2303.9384413319785,-57.502938858335696,-0.6900981947236448,0.0,-0.7237157464358271,3.929013079667063,3.929013079667063
-121.82607590058348,2279.7678743855668,-55.92786701925523,-134.6318341109327,2292.299380720914,-60.553136469428324,-0.6900981947236448,0.0,-0.7237157464358271,3.929013079667063,3.929013079667063
-134.6318341109327,2292.299380720914,-60.553136469428324,-147.43759232128187,2304.830887056262,-65.17840591960142,-0.6900981947236448,0.0,-0.7237157464358271,3.929013079667063,3.929013079667063
-160.48176841416833,1192.0923617970325,-19.108555394537845,-163.45556298203388,1204.6238681323803,-6.7043642777592805,0.6900981947236448,0.0,-0.7237157464358271,3.929013079667063,3.929013079667063
-163.45556298203388,1204.6238681323803,-6.7043642777592805,-166.4293575498994,1217.1553744677278,5.699826839019286,0.6900981947236448,0.0,-0.7237157464358271,3.929013079667063,3.929013079667063
-166.851396777202,1192.9848075213158,7.274898678099746,-163.45556298203388,1204.6238681323803,-6.7043642777592805,0.6900981947236448,0.0,-0.7237157464358271,3.929013079667063,3.929013079667063
-163.45556298203388,1204.6238681323803,-6.7043642777592805,-160.05972918686572,1216.2629287434445,-20.683627233618306,0.6900981947236448,0.0,-0.7237157464358271,3.929013079667063,3.929013079667063
-160.05972918686572,1216.2629287434445,-20.683627233618306,-163.03352375473128,1228.794435078792,-8.27943611683974,0.6900981947236448,0.0,-0.7237157464358271,3.929013079667063,3.929013079667063
-163.03352375473128,1228.794435078792,-8.27943611683974,-166.0073183225968,1241.3259414141396,4.124754999938826,0.6900981947236448,0.0,-0.7237157464358271,3.929013079667063,3.929013079667063
-166.4293575498994,1217.1553744677278,5.699826839019286,-163.03352375473128,1228.794435078792,-8.27943611683974,0.6900981947236448,0.0,-0.7237157464358271,3.929013079667063,3.929013079667063
-163.03352375473128,1228.794435078792,-8.27943611683974,-159.63768995956312,1240.4334956898563,-22.258699072698768,0.6900981947236448,0.0,-0.7237157464358271,3.929013079667063,3.929013079667063
-159.63768995956312,1240.4334956898563,-22.258699072698768,-162.61148452742867,1252.9650020252038,-9.8545079559202,0.6900981947236448,0.0,-0.7237157464358271,3.929013079667063,3.929013079667063
-162.61148452742867,1252.9650020252038,-9.8545079559202,-165.5852790952942,1265.4965083605516,2.5496831608583657,0.6900981947236448,0.0,-0.7237157464358271,3.929013079667063,3.929013079667063
-166.0073183225968,1241.3259414141396,4.124754999938826,-162.61148452742867,1252.9650020252038,-9.8545079559202,0.6900981947236448,0.0,-0.7237157464358271,3.929013079667063,3.929013079667063
-162.61148452742867,1252.9650020252038,-9.8545079559202,-159.2156507322605,1264.6040626362683,-23.833770911779226,0.6900981947236448,0.0,-0.7237157464358271,3.929013079667063,3.929013079667063
-159.2156507322605,1264.604062636268,-23.833770911779226,-162.18944530012604,1277.1355689716158,-11.42957979500066,0.6900981947236448,0.0,-0.7237157464358271,3.929013079667063,3.929013079667063
-162.18944530012604,1277.1355689716158,-11.42957979500066,-165.1632398679916,1289.6670753069634,0.9746113217779069,0.6900981947236448,0.0,-0.7237157464358271,3.929013079667063,3.929013079667063
-165.5852790952942,1265.4965083605514,2.5496831608583674,-162.18944530012604,1277.1355689716158,-11.42957979500066,0.6900981947236448,0.0,-0.7237157464358271,3.929013079667063,3.929013079667063
-162.18944530012604,1277.1355689716158,-11.42957979500066,-158.79361150495788,1288.77462958268,-25.408842750859684,0.6900981947236448,0.0,-0.7237157464358271,3.929013079667063,3.929013079667063
-158.79361150495788,1288.77462958268,-25.408842750859684,-161.76740607282343,1301.3061359180276,-13.004651634081121,0.6900981947236448,0.0,-0.7237157464358271,3.929013079667063,3.929013079667063
-161.76740607282343,1301.3061359180276,-13.004651634081121,-164.741200640689,1313.8376422533752,-0.6004605173025546,0.6900981947236448,0.0,-0.7237157464358271,3.929013079667063,3.929013079667063
-165.1632398679916,1289.6670753069634,0.9746113217779069,-161.76740607282343,1301.3061359180276,-13.004651634081121,0.6900981947236448,0.0,-0.7237157464358271,3.929013079667063,3.929013079667063
-161.76740607282343,1301.3061359180276,-13.004651634081121,-158.37157227765528,1312.9451965290918,-26.98391458994015,0.6900981947236448,0.0,-0.7237157464358271,3.929013079667063,3.929013079667063
-158.37157227765528,1312.9451965290918,-26.98391458994015,-161.34536684552083,1325.4767028644394,-14.579723473161582,0.6900981947236448,0.0,-0.7237157464358271,3.929013079667063,3.929013079667063
-161.34536684552083,1325.4767028644394,-14.579723473161582,-164.31916141338638,1338.0082091997872,-2.1755323563830142,0.6900981947236448,0.0,-0.7237157464358271,3.929013079667063,3.929013079667063
-164.741200640689,1313.8376422533752,-0.6004605173025546,-161.34536684552083,1325.4767028644394,-14.579723473161582,0.6900981947236448,0.0,-0.7237157464358271,3.929013079667063,3.929013079667063
-161.34536684552083,1325.4767028644394,-14.579723473161582,-157.94953305035267,1337.1157634755039,-28.558986429020607,0.6900981947236448,0.0,-0.7237157464358271,3.929013079667063,3.929013079667063
-157.94953305035267,1337.1157634755039,-28.558986429020607,-160.92332761821822,1349.6472698108514,-16.15479531224204,0.6900981947236448,0.0,-0.7237157464358271,3.929013079667063,3.929013079667063
-160.92332761821822,1349.6472698108514,-16.15479531224204,-163.89712218608378,1362.178776146199,-3.750604195463474,0.6900981947236448,0.0,-0.7237157464358271,3.929013079667063,3.929013079667063
-164.31916141338638,1338.0082091997872,-2.1755323563830142,-160.92332761821822,1349.6472698108514,-16.15479531224204,0.6900981947236448,0.0,-0.7237157464358271,3.929013079667063,3.929013079667063
-160.92332761821822,1349.6472698108514,-16.15479531224204,-157.52749382305007,1361.2863304219156,-30.134058268101064,0.6900981947236448,0.0,-0.7237157464358271,3.929013079667063,3.929013079667063
-157.52749382305007,1361.2863304219156,-30.134058268101068,-160.5012883909156,1373.8178367572632,-17.7298671513225,0.6900981947236448,0.0,-0.7237157464358271,3.929013079667063,3.929013079667063
-160.5012883909156,1373.8178367572632,-17.7298671513225,-163.47508295878112,1386.3493430926108,-5.325676034543934,0.6900981947236448,0.0,-0.7237157464358271,3.929013079667063,3.929013079667063
-163.89712218608378,1362.178776146199,-3.7506041954634757,-160.5012883909156,1373.8178367572632,-17.7298671513225,0.6900981947236448,0.0,-0.7237157464358271,3.929013079667063,3.929013079667063
-160.5012883909156,1373.8178367572632,-17.7298671513225,-157.10545459574743,1385.4568973683274,-31.709130107181526,0.6900981947236448,0.0,-0.7237157464358271,3.929013079667063,3.929013079667063
-157.10545459574743,1385.4568973683274,-31.70913010718153,-160.07924916361299,1397.9884037036752,-19.30493899040296,0.6900981947236448,0.0,-0.7237157464358271,3.929013079667063,3.929013079667063
-160.07924916361299,1397.9884037036752,-19.30493899040296,-163.0530437314785,1410.5199100390228,-6.900747873624395,0.6900981947236448,0.0,-0.7237157464358271,3.929013079667063,3.929013079667063
-163.47508295878112,1386.3493430926108,-5.325676034543935,-160.07924916361299,1397.9884037036752,-19.30493899040296,0.6900981947236448,0.0,-0.7237157464358271,3.929013079667063,3.929013079667063
-160.07924916361299,1397.9884037036752,-19.30493899040296,-156.68341536844483,1409.6274643147394,-33.28420194626199,0.6900981947236448,0.0,-0.7237157464358271,3.929013079667063,3.929013079667063
-156.68341536844483,1409.6274643147394,-33.28420194626199,-159.65720993631038,1422.158970650087,-20.88001082948342,0.6900981947236448,0.0,-0.7237157464358271,3.929013079667063,3.929013079667063
-159.65720993631038,1422.158970650087,-20.88001082948342,-162.6310045041759,1434.6904769854345,-8.475819712704856,0.6900981947236448,0.0,-0.7237157464358271,3.929013079667063,3.929013079667063
-163.0530437314785,1410.5199100390228,-6.900747873624395,-159.65720993631038,1422.158970650087,-20.88001082948342,0.6900981947236448,0.0,-0.7237157464358271,3.929013079667063,3.929013079667063
-159.65720993631038,1422.158970650087,-20.88001082948342,-156.26137614114222,1433.7980312611512,-34.85927378534245,0.6900981947236448,0.0,-0.7237157464358271,3.929013079667063,3.929013079667063
-156.26137614114222,1433.7980312611512,-34.85927378534245,-159.23517070900778,1446.3295375964988,-22.455082668563882,0.6900981947236448,0.0,-0.7237157464358271,3.929013079667063,3.929013079667063
-159.23517070900778,1446.3295375964988,-22.455082668563882,-162.2089652768733,1458.8610439318463,-10.050891551785314,0.6900981947236448,0.0,-0.7237157464358271,3.929013079667063,3.929013079667063
-162.6310045041759,1434.6904769854345,-8.475819712704856,-159.23517070900778,1446.3295375964988,-22.455082668563882,0.6900981947236448,0.0,-0.7237157464358271,3.929013079667063,3.929013079667063
-159.23517070900778,1446.3295375964988,-22.455082668563882,-155.83933691383962,1457.968598207563,-36.4343456244229,0.6900981947236448,0.0,-0.7237157464358271,3.929013079667063,3.929013079667063
-155.83933691383962,1457.968598207563,-36.4343456244229,-158.81313148170514,1470.5001045429105,-24.03015450764434,0.6900981947236448,0.0,-0.7237157464358271,3.929013079667063,3.929013079667063
-158.81313148170514,1470.5001045429105,-24.03015450764434,-161.7869260495707,1483.031610878258,-11.625963390865772,0.6900981947236448,0.0,-0.7237157464358271,3.929013079667063,3.929013079667063
-162.2089652768733,1458.8610439318463,-10.050891551785314,-158.81313148170514,1470.5001045429105,-24.03015450764434,0.6900981947236448,0.0,-0.7237157464358271,3.929013079667063,3.929013079667063
-158.81313148170514,1470.5001045429105,-24.03015450764434,-155.41729768653698,1482.1391651539748,-38.00941746350337,0.6900981947236448,0.0,-0.7237157464358271,3.929013079667063,3.929013079667063
-155.41729768653698,1482.1391651539748,-38.00941746350337,-158.39109225440254,1494.6706714893226,-25.6052263467248,0.6900981947236448,0.0,-0.7237157464358271,3.929013079667063,3.929013079667063
-158.39109225440254,1494.6706714893226,-25.6052263467248,-161.3648868222681,1507.2021778246701,-13.20103522994623,0.6900981947236448,0.0,-0.7237157464358271,3.929013079667063,3.929013079667063
-161.7869260495707,1483.031610878258,-11.625963390865772,-158.39109225440254,1494.6706714893226,-25.6052263467248,0.6900981947236448,0.0,-0.7237157464358271,3.929013079667063,3.929013079667063
-158.39109225440254,1494.6706714893226,-25.6052263467248,-154.99525845923438,1506.3097321003868,-39.58448930258382,0.6900981947236448,0.0,-0.7237157464358271,3.929013079667063,3.929013079667063
-154.99525845923438,1506.3097321003868,-39.58448930258382,-157.96905302709993,1518.8412384357343,-27.180298185805256,0.6900981947236448,0.0,-0.7237157464358271,3.929013079667063,3.929013079667063
-157.96905302709993,1518.8412384357343,-27.180298185805256,-160.94284759496549,1531.372744771082,-14.776107069026688,0.6900981947236448,0.0,-0.7237157464358271,3.929013079667063,3.929013079667063
-161.3648868222681,1507.2021778246701,-13.20103522994623,-157.96905302709993,1518.8412384357343,-27.180298185805256,0.6900981947236448,0.0,-0.7237157464358271,3.929013079667063,3.929013079667063
-157.96905302709993,1518.8412384357343,-27.180298185805256,-154.57321923193177,1530.4802990467986,-41.159561141664284,0.6900981947236448,0.0,-0.7237157464358271,3.929013079667063,3.929013079667063
-154.57321923193177,1530.4802990467986,-41.159561141664284,-157.54701379979733,1543.0118053821461,-28.755370024885714,0.6900981947236448,0.0,-0.7237157464358271,3.929013079667063,3.929013079667063
-157.54701379979733,1543.0118053821461,-28.755370024885714,-160.52080836766288,1555.543311717494,-16.35117890810715,0.6900981947236448,0.0,-0.7237157464358271,3.929013079667063,3.929013079667063
-160.94284759496549,1531.372744771082,-14.776107069026688,-157.54701379979733,1543.0118053821461,-28.755370024885714,0.6900981947236448,0.0,-0.7237157464358271,3.929013079667063,3.929013079667063
-157.54701379979733,1543.0118053821461,-28.755370024885714,-154.15118000462917,1554.6508659932106,-42.73463298074474,0.6900981947236448,0.0,-0.7237157464358271,3.929013079667063,3.929013079667063
-154.15118000462914,1554.6508659932106,-42.73463298074475,-157.1249745724947,1567.1823723285581,-30.330441863966183,0.6900981947236448,0.0,-0.7237157464358271,3.929013079667063,3.929013079667063
-157.1249745724947,1567.1823723285581,-30.330441863966183,-160.09876914036022,1579.7138786639057,-17.926250747187616,0.6900981947236448,0.0,-0.7237157464358271,3.929013079667063,3.929013079667063
-160.52080836766282,1555.543311717494,-16.35117890810716,-157.1249745724947,1567.1823723285581,-30.330441863966183,0.6900981947236448,0.0,-0.7237157464358271,3.929013079667063,3.929013079667063
-157.1249745724947,1567.1823723285581,-30.330441863966183,-153.72914077732653,1578.8214329396224,-44.30970481982521,0.6900981947236448,0.0,-0.7237157464358271,3.929013079667063,3.929013079667063
-153.72914077732653,1578.8214329396224,-44.30970481982521,-156.7029353451921,1591.35293927497,-31.90551370304664,0.6900981947236448,0.0,-0.7237157464358271,3.929013079667063,3.929013079667063
-156.7029353451921,1591.35293927497,-31.90551370304664,-159.6767299130576,1603.8844456103175,-19.501322586268074,0.6900981947236448,0.0,-0.7237157464358271,3.929013079667063,3.929013079667063
-160.09876914036022,1579.7138786639057,-17.926250747187616,-156.7029353451921,1591.35293927497,-31.90551370304664,0.6900981947236448,0.0,-0.7237157464358271,3.929013079667063,3.929013079667063
-156.7029353451921,1591.35293927497,-31.90551370304664,-153.30710155002393,1602.9919998860341,-45.884776658905665,0.6900981947236448,0.0,-0.7237157464358271,3.929013079667063,3.929013079667063
-153.30710155002393,1602.9919998860341,-45.884776658905665,-156.28089611788948,1615.5235062213817,-33.480585542127095,0.6900981947236448,0.0,-0.7237157464358271,3.929013079667063,3.929013079667063
-156.28089611788948,1615.5235062213817,-33.480585542127095,-159.254690685755,1628.0550125567295,-21.076394425348532,0.6900981947236448,0.0,-0.7237157464358271,3.929013079667063,3.929013079667063
-159.6767299130576,1603.8844456103175,-19.501322586268074,-156.28089611788948,1615.5235062213817,-33.480585542127095,0.6900981947236448,0.0,-0.7237157464358271,3.929013079667063,3.929013079667063
-156.28089611788948,1615.5235062213817,-33.480585542127095,-152.88506232272132,1627.1625668324461,-47.45984849798612,0.6900981947236448,0.0,-0.7237157464358271,3.929013079667063,3.929013079667063
-152.88506232272132,1627.1625668324461,-47.45984849798612,-155.85885689058688,1639.6940731677937,-35.05565738120755,0.6900981947236448,0.0,-0.7237157464358271,3.929013079667063,3.929013079667063
-155.85885689058688,1639.6940731677937,-35.05565738120755,-158.8326514584524,1652.2255795031413,-22.651466264428983,0.6900981947236448,0.0,-0.7237157464358271,3.929013079667063,3.929013079667063
-159.254690685755,1628.0550125567295,-21.076394425348532,-155.85885689058688,1639.6940731677937,-35.05565738120755,0.6900981947236448,0.0,-0.7237157464358271,3.929013079667063,3.929013079667063
-155.85885689058688,1639.6940731677937,-35.05565738120755,-152.46302309541872,1651.333133778858,-49.03492033706658,0.6900981947236448,0.0,-0.7237157464358271,3.929013079667063,3.929013079667063
-152.46302309541872,1651.333133778858,-49.03492033706658,-155.43681766328424,1663.8646401142055,-36.63072922028801,0.6900981947236448,0.0,-0.7237157464358271,3.929013079667063,3.929013079667063
-155.43681766328424,1663.8646401142055,-36.63072922028801,-158.4106122311498,1676.3961464495533,-24.22653810350944,0.6900981947236448,0.0,-0.7237157464358271,3.929013079667063,3.929013079667063
-158.8326514584524,1652.2255795031413,-22.651466264428983,-155.43681766328424,1663.8646401142055,-36.63072922028801,0.6900981947236448,0.0,-0.7237157464358271,3.929013079667063,3.929013079667063
-155.43681766328424,1663.8646401142055,-36.63072922028801,-152.0409838681161,1675.50370072527,-50.60999217614703,0.6900981947236448,0.0,-0.7237157464358271,3.929013079667063,3.929013079667063
-152.0409838681161,1675.50370072527,-50.609992176147045,-155.01477843598164,1688.0352070606175,-38.205801059368476,0.6900981947236448,0.0,-0.7237157464358271,3.929013079667063,3.929013079667063
-155.01477843598164,1688.0352070606175,-38.205801059368476,-157.9885730038472,1700.566713395965,-25.801609942589906,0.6900981947236448,0.0,-0.7237157464358271,3.929013079667063,3.929013079667063
-158.4106122311498,1676.3961464495533,-24.226538103509448,-155.01477843598164,1688.0352070606175,-38.205801059368476,0.6900981947236448,0.0,-0.7237157464358271,3.929013079667063,3.929013079667063
-155.01477843598164,1688.0352070606175,-38.205801059368476,-151.61894464081348,1699.6742676716817,-52.185064015227496,0.6900981947236448,0.0,-0.7237157464358271,3.929013079667063,3.929013079667063
-151.61894464081348,1699.6742676716817,-52.185064015227496,-154.59273920867903,1712.2057740070293,-39.78087289844893,0.6900981947236448,0.0,-0.7237157464358271,3.929013079667063,3.929013079667063
-154.59273920867903,1712.2057740070293,-39.78087289844893,-157.5665337765446,1724.7372803423768,-27.37668178167037,0.6900981947236448,0.0,-0.7237157464358271,3.929013079667063,3.929013079667063
-157.9885730038472,1700.566713395965,-25.801609942589906,-154.59273920867903,1712.2057740070293,-39.78087289844893,0.6900981947236448,0.0,-0.7237157464358271,3.929013079667063,3.929013079667063
-154.59273920867903,1712.2057740070293,-39.78087289844893,-151.19690541351088,1723.8448346180935,-53.76013585430796,0.6900981947236448,0.0,-0.7237157464358271,3.929013079667063,3.929013079667063
-151.19690541351088,1723.8448346180935,-53.76013585430796,-154.17069998137643,1736.376340953441,-41.35594473752939,0.6900981947236448,0.0,-0.7237157464358271,3.929013079667063,3.929013079667063
-154.17069998137643,1736.376340953441,-41.35594473752939,-157.14449454924193,1748.9078472887886,-28.95175362075083,0.6900981947236448,0.0,-0.7237157464358271,3.929013079667063,3.929013079667063
-157.5665337765446,1724.7372803423768,-27.37668178167037,-154.17069998137643,1736.376340953441,-41.35594473752939,0.6900981947236448,0.0,-0.7237157464358271,3.929013079667063,3.929013079667063
-154.17069998137643,1736.376340953441,-41.35594473752939,-150.77486618620824,1748.0154015645053,-55.335207693388426,0.6900981947236448,0.0,-0.7237157464358271,3.929013079667063,3.929013079667063
-150.77486618620824,1748.0154015645053,-55.335207693388426,-153.7486607540738,1760.5469078998528,-42.93101657660985,0.6900981947236448,0.0,-0.7237157464358271,3.929013079667063,3.929013079667063
-153.7486607540738,1760.5469078998528,-42.93101657660985,-156.72245532193932,1773.0784142352006,-30.526825459831286,0.6900981947236448,0.0,-0.7237157464358271,3.929013079667063,3.929013079667063
-157.14449454924193,1748.9078472887886,-28.95175362075083,-153.7486607540738,1760.5469078998528,-42.93101657660985,0.6900981947236448,0.0,-0.7237157464358271,3.929013079667063,3.929013079667063
-153.7486607540738,1760.5469078998528,-42.93101657660985,-150.35282695890564,1772.1859685109173,-56.91027953246888,0.6900981947236448,0.0,-0.7237157464358271,3.929013079667063,3.929013079667063
-150.35282695890564,1772.1859685109173,-56.91027953246888,-153.3266215267712,1784.7174748462648,-44.50608841569031,0.6900981947236448,0.0,-0.7237157464358271,3.929013079667063,3.929013079667063
-153.3266215267712,1784.7174748462648,-44.50608841569031,-156.30041609463672,1797.2489811816124,-32.101897298911744,0.6900981947236448,0.0,-0.7237157464358271,3.929013079667063,3.929013079667063
-156.72245532193932,1773.0784142352006,-30.526825459831286,-153.3266215267712,1784.7174748462648,-44.50608841569031,0.6900981947236448,0.0,-0.7237157464358271,3.929013079667063,3.929013079667063
-153.3266215267712,1784.7174748462648,-44.50608841569031,-149.93078773160303,1796.356535457329,-58.48535137154934,0.6900981947236448,0.0,-0.7237157464358271,3.929013079667063,3.929013079667063
-149.93078773160303,1796.3565354573293,-58.48535137154934,-152.9045822994686,1808.8880417926769,-46.08116025477077,0.6900981947236448,0.0,-0.7237157464358271,3.929013079667063,3.929013079667063
-152.9045822994686,1808.8880417926769,-46.08116025477077,-155.8783768673341,1821.4195481280244,-33.67696913799221,0.6900981947236448,0.0,-0.7237157464358271,3.929013079667063,3.929013079667063
-156.30041609463672,1797.2489811816126,-32.10189729891175,-152.9045822994686,1808.8880417926769,-46.08116025477077,0.6900981947236448,0.0,-0.7237157464358271,3.929013079667063,3.929013079667063
-152.9045822994686,1808.8880417926769,-46.08116025477077,-149.50874850430043,1820.527102403741,-60.06042321062981,0.6900981947236448,0.0,-0.7237157464358271,3.929013079667063,3.929013079667063
-149.50874850430043,1820.527102403741,-60.06042321062981,-152.48254307216598,1833.0586087390886,-47.65623209385124,0.6900981947236448,0.0,-0.7237157464358271,3.929013079667063,3.929013079667063
-152.48254307216598,1833.0586087390886,-47.65623209385124,-155.4563376400315,1845.5901150744362,-35.25204097707267,0.6900981947236448,0.0,-0.7237157464358271,3.929013079667063,3.929013079667063
-155.8783768673341,1821.4195481280244,-33.67696913799221,-152.48254307216598,1833.0586087390886,-47.65623209385124,0.6900981947236448,0.0,-0.7237157464358271,3.929013079667063,3.929013079667063
-152.48254307216598,1833.0586087390886,-47.65623209385124,-149.0867092769978,1844.6976693501529,-61.63549504971026,0.6900981947236448,0.0,-0.7237157464358271,3.929013079667063,3.929013079667063
-149.0867092769978,1844.6976693501529,-61.63549504971026,-152.06050384486335,1857.2291756855004,-49.231303932931695,0.6900981947236448,0.0,-0.7237157464358271,3.929013079667063,3.929013079667063
-152.06050384486335,1857.2291756855004,-49.231303932931695,-155.0342984127289,1869.760682020848,-36.827112816153125,0.6900981947236448,0.0,-0.7237157464358271,3.929013079667063,3.929013079667063
-155.4563376400315,1845.5901150744362,-35.25204097707267,-152.06050384486335,1857.2291756855004,-49.231303932931695,0.6900981947236448,0.0,-0.7237157464358271,3.929013079667063,3.929013079667063
-152.06050384486335,1857.2291756855004,-49.231303932931695,-148.6646700496952,1868.8682362965646,-63.21056688879072,0.6900981947236448,0.0,-0.7237157464358271,3.929013079667063,3.929013079667063
-148.6646700496952,1868.8682362965646,-63.21056688879072,-151.63846461756074,1881.3997426319122,-50.80637577201215,0.6900981947236448,0.0,-0.7237157464358271,3.929013079667063,3.929013079667063
-151.63846461756074,1881.3997426319122,-50.80637577201215,-154.6122591854263,1893.9312489672598,-38.40218465523358,0.6900981947236448,0.0,-0.7237157464358271,3.929013079667063,3.929013079667063
-155.0342984127289,1869.760682020848,-36.827112816153125,-151.63846461756074,1881.3997426319122,-50.80637577201215,0.6900981947236448,0.0,-0.7237157464358271,3.929013079667063,3.929013079667063
-151.63846461756074,1881.3997426319122,-50.80637577201215,-148.24263082239258,1893.0388032429764,-64.78563872787117,0.6900981947236448,0.0,-0.7237157464358271,3.929013079667063,3.929013079667063
-148.24263082239258,1893.0388032429764,-64.78563872787117,-151.21642539025814,1905.5703095783242,-52.38144761109261,0.6900981947236448,0.0,-0.7237157464358271,3.929013079667063,3.929013079667063
-151.21642539025814,1905.5703095783242,-52.38144761109261,-154.1902199581237,1918.1018159136718,-39.97725649431404,0.6900981947236448,0.0,-0.7237157464358271,3.929013079667063,3.929013079667063
-154.6122591854263,1893.9312489672598,-38.40218465523358,-151.21642539025814,1905.5703095783242,-52.38144761109261,0.6900981947236448,0.0,-0.7237157464358271,3.929013079667063,3.929013079667063
-151.21642539025814,1905.5703095783242,-52.38144761109261,-147.82059159508998,1917.2093701893884,-66.36071056695164,0.6900981947236448,0.0,-0.7237157464358271,3.929013079667063,3.929013079667063
-147.82059159508998,1917.2093701893887,-66.36071056695164,-150.79438616295553,1929.7408765247362,-53.956519450173076,0.6900981947236448,0.0,-0.7237157464358271,3.929013079667063,3.929013079667063
-150.79438616295553,1929.7408765247362,-53.956519450173076,-153.76818073082103,1942.2723828600838,-41.55232833339451,0.6900981947236448,0.0,-0.7237157464358271,3.929013079667063,3.929013079667063
-154.1902199581237,1918.101815913672,-39.97725649431405,-150.79438616295553,1929.7408765247362,-53.956519450173076,0.6900981947236448,0.0,-0.7237157464358271,3.929013079667063,3.929013079667063
-150.79438616295553,1929.7408765247362,-53.956519450173076,-147.39855236778735,1941.3799371358004,-67.9357824060321,0.6900981947236448,0.0,-0.7237157464358271,3.929013079667063,3.929013079667063
-147.39855236778735,1941.3799371358004,-67.9357824060321,-150.3723469356529,1953.911443471148,-55.531591289253534,0.6900981947236448,0.0,-0.7237157464358271,3.929013079667063,3.929013079667063
-150.3723469356529,1953.911443471148,-55.531591289253534,-153.34614150351842,1966.4429498064956,-43.12740017247497,0.6900981947236448,0.0,-0.7237157464358271,3.929013079667063,3.929013079667063
-153.76818073082103,1942.2723828600838,-41.55232833339451,-150.3723469356529,1953.911443471148,-55.531591289253534,0.6900981947236448,0.0,-0.7237157464358271,3.929013079667063,3.929013079667063
-150.3723469356529,1953.911443471148,-55.531591289253534,-146.97651314048474,1965.5505040822122,-69.51085424511257,0.6900981947236448,0.0,-0.7237157464358271,3.929013079667063,3.929013079667063
-146.97651314048474,1965.5505040822122,-69.51085424511257,-149.9503077083503,1978.0820104175598,-57.10666312833399,0.6900981947236448,0.0,-0.7237157464358271,3.929013079667063,3.929013079667063
-149.9503077083503,1978.0820104175598,-57.10666312833399,-152.92410227621582,1990.6135167529073,-44.70247201155543,0.6900981947236448,0.0,-0.7237157464358271,3.929013079667063,3.929013079667063
-153.34614150351842,1966.4429498064956,-43.12740017247497,-149.9503077083503,1978.0820104175598,-57.10666312833399,0.6900981947236448,0.0,-0.7237157464358271,3.929013079667063,3.929013079667063
-149.9503077083503,1978.0820104175598,-57.10666312833399,-146.55447391318214,1989.721071028624,-71.08592608419302,0.6900981947236448,0.0,-0.7237157464358271,3.929013079667063,3.929013079667063
-146.55447391318214,1989.721071028624,-71.08592608419302,-149.5282684810477,2002.2525773639713,-58.68173496741445,0.6900981947236448,0.0,-0.7237157464358271,3.929013079667063,3.929013079667063
-149.5282684810477,2002.2525773639713,-58.68173496741445,-152.50206304891321,2014.7840836993191,-46.27754385063589,0.6900981947236448,0.0,-0.7237157464358271,3.929013079667063,3.929013079667063
-152.92410227621582,1990.6135167529073,-44.70247201155543,-149.5282684810477,2002.2525773639713,-58.68173496741445,0.6900981947236448,0.0,-0.7237157464358271,3.929013079667063,3.929013079667063
-149.5282684810477,2002.2525773639713,-58.68173496741445,-146.13243468587953,2013.8916379750358,-72.66099792327348,0.6900981947236448,0.0,-0.7237157464358271,3.929013079667063,3.929013079667063
-146.13243468587953,2013.8916379750358,-72.66099792327348,-149.10622925374506,2026.4231443103831,-60.25680680649491,0.6900981947236448,0.0,-0.7237157464358271,3.929013079667063,3.929013079667063
-149.10622925374506,2026.4231443103831,-60.25680680649491,-152.0800238216106,2038.9546506457314,-47.852615689716345,0.6900981947236448,0.0,-0.7237157464358271,3.929013079667063,3.929013079667063
-152.50206304891321,2014.7840836993191,-46.27754385063589,-149.10622925374506,2026.4231443103831,-60.25680680649491,0.6900981947236448,0.0,-0.7237157464358271,3.929013079667063,3.929013079667063
-149.10622925374506,2026.4231443103831,-60.25680680649491,-145.7103954585769,2038.062204921448,-74.23606976235394,0.6900981947236448,0.0,-0.7237157464358271,3.929013079667063,3.929013079667063
-145.7103954585769,2038.062204921448,-74.23606976235395,-148.68419002644245,2050.5937112567954,-61.83187864557538,0.6900981947236448,0.0,-0.7237157464358271,3.929013079667063,3.929013079667063
-148.68419002644245,2050.5937112567954,-61.83187864557538,-151.657984594308,2063.125217592143,-49.42768752879681,0.6900981947236448,0.0,-0.7237157464358271,3.929013079667063,3.929013079667063
-152.0800238216106,2038.9546506457314,-47.85261568971635,-148.68419002644245,2050.5937112567954,-61.83187864557538,0.6900981947236448,0.0,-0.7237157464358271,3.929013079667063,3.929013079667063
-148.68419002644245,2050.5937112567954,-61.83187864557538,-145.2883562312743,2062.23277186786,-75.8111416014344,0.6900981947236448,0.0,-0.7237157464358271,3.929013079667063,3.929013079667063
-145.2883562312743,2062.23277186786,-75.8111416014344,-148.26215079913985,2074.764278203207,-63.40695048465584,0.6900981947236448,0.0,-0.7237157464358271,3.929013079667063,3.929013079667063
-148.26215079913985,2074.764278203207,-63.40695048465584,-151.2359453670054,2087.295784538555,-51.00275936787727,0.6900981947236448,0.0,-0.7237157464358271,3.929013079667063,3.929013079667063
-151.657984594308,2063.125217592143,-49.42768752879681,-148.26215079913985,2074.764278203207,-63.40695048465584,0.6900981947236448,0.0,-0.7237157464358271,3.929013079667063,3.929013079667063
-148.26215079913985,2074.764278203207,-63.40695048465584,-144.8663170039717,2086.4033388142716,-77.38621344051487,0.6900981947236448,0.0,-0.7237157464358271,3.929013079667063,3.929013079667063
-144.8663170039717,2086.4033388142716,-77.38621344051487,-147.84011157183724,2098.934845149619,-64.9820223237363,0.6900981947236448,0.0,-0.7237157464358271,3.929013079667063,3.929013079667063
-147.84011157183724,2098.934845149619,-64.9820223237363,-150.8139061397028,2111.4663514849667,-52.577831206957725,0.6900981947236448,0.0,-0.7237157464358271,3.929013079667063,3.929013079667063
-151.2359453670054,2087.295784538555,-51.00275936787727,-147.84011157183724,2098.934845149619,-64.9820223237363,0.6900981947236448,0.0,-0.7237157464358271,3.929013079667063,3.929013079667063
-147.84011157183724,2098.934845149619,-64.9820223237363,-144.44427777666908,2110.5739057606834,-78.96128527959532,0.6900981947236448,0.0,-0.7237157464358271,3.929013079667063,3.929013079667063
-144.44427777666908,2110.5739057606834,-78.96128527959532,-147.41807234453464,2123.1054120960307,-66.55709416281675,0.6900981947236448,0.0,-0.7237157464358271,3.929013079667063,3.929013079667063
-147.41807234453464,2123.1054120960307,-66.55709416281675,-150.39186691240013,2135.6369184313785,-54.15290304603818,0.6900981947236448,0.0,-0.7237157464358271,3.929013079667063,3.929013079667063
-150.8139061397028,2111.4663514849667,-52.577831206957725,-147.41807234453464,2123.1054120960307,-66.55709416281675,0.6900981947236448,0.0,-0.7237157464358271,3.929013079667063,3.929013079667063
-147.41807234453464,2123.1054120960307,-66.55709416281675,-144.02223854936645,2134.744472707095,-80.53635711867578,0.6900981947236448,0.0,-0.7237157464358271,3.929013079667063,3.929013079667063
-144.02223854936645,2134.744472707095,-80.53635711867578,-146.996033117232,2147.2759790424425,-68.13216600189722,0.6900981947236448,0.0,-0.7237157464358271,3.929013079667063,3.929013079667063
-146.996033117232,2147.2759790424425,-68.13216600189722,-149.96982768509753,2159.8074853777903,-55.727974885118655,0.6900981947236448,0.0,-0.7237157464358271,3.929013079667063,3.929013079667063
-150.39186691240013,2135.6369184313785,-54.15290304603818,-146.996033117232,2147.2759790424425,-68.13216600189722,0.6900981947236448,0.0,-0.7237157464358271,3.929013079667063,3.929013079667063
-146.996033117232,2147.2759790424425,-68.13216600189722,-143.60019932206384,2158.915039653507,-82.11142895775625,0.6900981947236448,0.0,-0.7237157464358271,3.929013079667063,3.929013079667063
-143.60019932206384,2158.915039653507,-82.11142895775625,-146.5739938899294,2171.4465459888547,-69.70723784097768,0.6900981947236448,0.0,-0.7237157464358271,3.929013079667063,3.929013079667063
-146.5739938899294,2171.4465459888547,-69.70723784097768,-149.54778845779492,2183.9780523242025,-57.30304672419912,0.6900981947236448,0.0,-0.7237157464358271,3.929013079667063,3.929013079667063
-149.96982768509753,2159.8074853777903,-55.727974885118655,-146.5739938899294,2171.4465459888547,-69.70723784097768,0.6900981947236448,0.0,-0.7237157464358271,3.929013079667063,3.929013079667063
-146.5739938899294,2171.4465459888547,-69.70723784097768,-143.17816009476124,2183.085606599919,-83.68650079683671,0.6900981947236448,0.0,-0.7237157464358271,3.929013079667063,3.929013079667063
-143.17816009476124,2183.085606599919,-83.68650079683671,-146.1519546626268,2195.6171129352665,-71.28230968005815,0.6900981947236448,0.0,-0.7237157464358271,3.929013079667063,3.929013079667063
-146.1519546626268,2195.6171129352665,-71.28230968005815,-149.12574923049232,2208.1486192706143,-58.87811856327957,0.6900981947236448,0.0,-0.7237157464358271,3.929013079667063,3.929013079667063
-149.54778845779492,2183.9780523242025,-57.30304672419912,-146.1519546626268,2195.6171129352665,-71.28230968005815,0.6900981947236448,0.0,-0.7237157464358271,3.929013079667063,3.929013079667063
-146.1519546626268,2195.6171129352665,-71.28230968005815,-142.75612086745863,2207.256173546331,-85.26157263591716,0.6900981947236448,0.0,-0.7237157464358271,3.929013079667063,3.929013079667063
-142.75612086745863,2207.256173546331,-85.26157263591716,-145.72991543532416,2219.7876798816783,-72.8573815191386,0.6900981947236448,0.0,-0.7237157464358271,3.929013079667063,3.929013079667063
-145.72991543532416,2219.7876798816783,-72.8573815191386,-148.7037100031897,2232.319186217026,-60.453190402360036,0.6900981947236448,0.0,-0.7237157464358271,3.929013079667063,3.929013079667063
-149.12574923049232,2208.1486192706143,-58.87811856327957,-145.72991543532416,2219.7876798816783,-72.8573815191386,0.6900981947236448,0.0,-0.7237157464358271,3.929013079667063,3.929013079667063
-145.72991543532416,2219.7876798816783,-72.8573815191386,-142.334081640156,2231.4267404927427,-86.83664447499763,0.6900981947236448,0.0,-0.7237157464358271,3.929013079667063,3.929013079667063
-142.334081640156,2231.4267404927427,-86.83664447499763,-145.30787620802155,2243.95824682809,-74.43245335821906,0.6900981947236448,0.0,-0.7237157464358271,3.929013079667063,3.929013079667063
-145.30787620802155,2243.95824682809,-74.43245335821906,-148.2816707758871,2256.489753163438,-62.02826224144049,0.6900981947236448,0.0,-0.7237157464358271,3.929013079667063,3.929013079667063
-148.7037100031897,2232.319186217026,-60.453190402360036,-145.30787620802155,2243.95824682809,-74.43245335821906,0.6900981947236448,0.0,-0.7237157464358271,3.929013079667063,3.929013079667063
-145.30787620802155,2243.95824682809,-74.43245335821906,-141.9120424128534,2255.5973074391545,-88.41171631407808,0.6900981947236448,0.0,-0.7237157464358271,3.929013079667063,3.929013079667063
-141.9120424128534,2255.5973074391545,-88.41171631407808,-144.88583698071895,2268.128813774502,-76.00752519729951,0.6900981947236448,0.0,-0.7237157464358271,3.929013079667063,3.929013079667063
-144.88583698071895,2268.128813774502,-76.00752519729951,-147.8596315485845,2280.66032010985,-63.60333408052095,0.6900981947236448,0.0,-0.7237157464358271,3.929013079667063,3.929013079667063
-148.2816707758871,2256.489753163438,-62.02826224144049,-144.88583698071895,2268.128813774502,-76.00752519729951,0.6900981947236448,0.0,-0.7237157464358271,3.929013079667063,3.929013079667063
-144.88583698071895,2268.128813774502,-76.00752519729951,-141.4900031855508,2279.7678743855668,-89.98678815315854,0.6900981947236448,0.0,-0.7237157464358271,3.929013079667063,3.929013079667063
-141.4900031855508,2279.7678743855668,-89.98678815315854,-144.46379775341634,2292.299380720914,-77.58259703637998,0.6900981947236448,0.0,-0.7237157464358271,3.929013079667063,3.929013079667063
-144.46379775341634,2292.299380720914,-77.58259703637998,-147.4375923212819,2304.830887056262,-65.17840591960142,0.6900981947236448,0.0,-0.7237157464358271,3.929013079667063,3.929013079667063
-147.8596315485845,2280.66032010985,-63.60333408052095,-144.46379775341634,2292.299380720914,-77.58259703637998,0.6900981947236448,0.0,-0.7237157464358271,3.929013079667063,3.929013079667063
-144.46379775341634,2292.299380720914,-77.58259703637998,-141.06796395824819,2303.9384413319785,-91.56185999223901,0.6900981947236448,0.0,-0.7237157464358271,3.929013079667063,3.929013079667063
-151.20689655172413,1160.187213427769,1.851750418710739e-14,-158.2333146293334,1184.3577803741807,-14.476178329195331,0.0,0.0,1.0,3.929013079667063,3.929013079667063
-143.33640001950965,1184.3577803741807,11.326034651034451,-150.36281809711892,1208.5283473205927,-3.1501436781609,0.0,0.0,1.0,3.929013079667063,3.929013079667063
-150.36281809711892,1208.5283473205927,-3.1501436781609,-157.38923617472815,1232.6989142670045,-17.62632200735625,0.0,0.0,1.0,3.929013079667063,3.929013079667063
-158.2333146293334,1184.3577803741807,-14.476178329195331,-150.36281809711892,1208.5283473205927,-3.1501436781609,0.0,0.0,1.0,3.929013079667063,3.929013079667063
-150.36281809711892,1208.5283473205927,-3.1501436781609,-142.49232156490442,1232.6989142670045,8.175890972873532,0.0,0.0,1.0,3.929013079667063,3.929013079667063
-142.49232156490442,1232.6989142670045,8.175890972873532,-149.51873964251368,1256.8694812134163,-6.300287356321818,0.0,0.0,1.0,3.929013079667063,3.929013079667063
-149.51873964251368,1256.8694812134163,-6.300287356321818,-156.54515772012294,1281.0400481598283,-20.77646568551717,0.0,0.0,1.0,3.929013079667063,3.929013079667063
-157.38923617472815,1232.6989142670045,-17.62632200735625,-149.51873964251368,1256.8694812134163,-6.300287356321818,0.0,0.0,1.0,3.929013079667063,3.929013079667063
-149.51873964251368,1256.8694812134163,-6.300287356321818,-141.6482431102992,1281.0400481598283,5.025747294712613,0.0,0.0,1.0,3.929013079667063,3.929013079667063
-141.6482431102992,1281.0400481598283,5.025747294712613,-148.67466118790847,1305.21061510624,-9.450431034482738,0.0,0.0,1.0,3.929013079667063,3.929013079667063
-148.67466118790847,1305.21061510624,-9.450431034482738,-155.7010792655177,1329.3811820526519,-23.92660936367809,0.0,0.0,1.0,3.929013079667063,3.929013079667063
-156.54515772012294,1281.0400481598283,-20.77646568551717,-148.67466118790847,1305.21061510624,-9.450431034482738,0.0,0.0,1.0,3.929013079667063,3.929013079667063
-148.67466118790847,1305.21061510624,-9.450431034482738,-140.80416465569397,1329.3811820526519,1.8756036165516932,0.0,0.0,1.0,3.929013079667063,3.929013079667063
-140.80416465569397,1329.3811820526519,1.875603616551695,-147.83058273330323,1353.5517489990639,-12.600574712643656,0.0,0.0,1.0,3.929013079667063,3.929013079667063
-147.83058273330323,1353.5517489990639,-12.600574712643656,-154.8570008109125,1377.7223159454757,-27.076753041839005,0.0,0.0,1.0,3.929013079667063,3.929013079667063
-155.7010792655177,1329.3811820526519,-23.92660936367809,-147.83058273330323,1353.5517489990639,-12.600574712643656,0.0,0.0,1.0,3.929013079667063,3.929013079667063
-147.83058273330323,1353.5517489990639,-12.600574712643656,-139.96008620108876,1377.7223159454757,-1.2745400616092244,0.0,0.0,1.0,3.929013079667063,3.929013079667063
-139.96008620108876,1377.7223159454757,-1.2745400616092262,-146.98650427869802,1401.8928828918874,-15.750718390804575,0.0,0.0,1.0,3.929013079667063,3.929013079667063
-146.98650427869802,1401.8928828918874,-15.750718390804575,-154.01292235630726,1426.0634498382992,-30.226896719999925,0.0,0.0,1.0,3.929013079667063,3.929013079667063
-154.8570008109125,1377.7223159454757,-27.07675304183901,-146.98650427869802,1401.8928828918874,-15.750718390804575,0.0,0.0,1.0,3.929013079667063,3.929013079667063
-146.98650427869802,1401.8928828918874,-15.750718390804575,-139.11600774648352,1426.0634498382992,-4.424683739770142,0.0,0.0,1.0,3.929013079667063,3.929013079667063
-139.11600774648352,1426.0634498382992,-4.424683739770142,-146.14242582409278,1450.2340167847112,-18.900862068965495,0.0,0.0,1.0,3.929013079667063,3.929013079667063
-146.14242582409278,1450.2340167847112,-18.900862068965495,-153.16884390170205,1474.404583731123,-33.377040398160844,0.0,0.0,1.0,3.929013079667063,3.929013079667063
-154.01292235630726,1426.0634498382992,-30.226896719999925,-146.14242582409278,1450.2340167847112,-18.900862068965495,0.0,0.0,1.0,3.929013079667063,3.929013079667063
-146.14242582409278,1450.2340167847112,-18.900862068965495,-138.2719292918783,1474.404583731123,-7.574827417931061,0.0,0.0,1.0,3.929013079667063,3.929013079667063
-138.2719292918783,1474.404583731123,-7.574827417931061,-145.29834736948757,1498.5751506775348,-22.05100574712641,0.0,0.0,1.0,3.929013079667063,3.929013079667063
-145.29834736948757,1498.5751506775348,-22.05100574712641,-152.3247654470968,1522.7457176239468,-36.52718407632176,0.0,0.0,1.0,3.929013079667063,3.929013079667063
-153.16884390170205,1474.404583731123,-33.377040398160844,-145.29834736948757,1498.5751506775348,-22.05100574712641,0.0,0.0,1.0,3.929013079667063,3.929013079667063
-145.29834736948757,1498.5751506775348,-22.05100574712641,-137.42785083727307,1522.7457176239468,-10.724971096091977,0.0,0.0,1.0,3.929013079667063,3.929013079667063
-137.42785083727307,1522.7457176239468,-10.72497109609198,-144.45426891488233,1546.9162845703586,-25.20114942528733,0.0,0.0,1.0,3.929013079667063,3.929013079667063
-144.45426891488233,1546.9162845703586,-25.20114942528733,-151.4806869924916,1571.0868515167704,-39.67732775448268,0.0,0.0,1.0,3.929013079667063,3.929013079667063
-152.3247654470968,1522.7457176239468,-36.52718407632176,-144.45426891488233,1546.9162845703586,-25.20114942528733,0.0,0.0,1.0,3.929013079667063,3.929013079667063
-144.45426891488233,1546.9162845703586,-25.20114942528733,-136.58377238266786,1571.0868515167704,-13.8751147742529,0.0,0.0,1.0,3.929013079667063,3.929013079667063
-136.58377238266786,1571.0868515167704,-13.8751147742529,-143.61019046027712,1595.2574184631824,-28.35129310344825,0.0,0.0,1.0,3.929013079667063,3.929013079667063
-143.61019046027712,1595.2574184631824,-28.35129310344825,-150.63660853788636,1619.4279854095942,-42.8274714326436,0.0,0.0,1.0,3.929013079667063,3.929013079667063
-151.4806869924916,1571.0868515167704,-39.67732775448268,-143.61019046027712,1595.2574184631824,-28.35129310344825,0.0,0.0,1.0,3.929013079667063,3.929013079667063
-143.61019046027712,1595.2574184631824,-28.35129310344825,-135.73969392806262,1619.4279854095942,-17.025258452413816,0.0,0.0,1.0,3.929013079667063,3.929013079667063
-135.73969392806262,1619.4279854095942,-17.025258452413816,-142.76611200567189,1643.598552356006,-31.501436781609165,0.0,0.0,1.0,3.929013079667063,3.929013079667063
-142.76611200567189,1643.598552356006,-31.501436781609165,-149.79253008328115,1667.769119302418,-45.977615110804514,0.0,0.0,1.0,3.929013079667063,3.929013079667063
-150.63660853788636,1619.4279854095942,-42.8274714326436,-142.76611200567189,1643.598552356006,-31.501436781609165,0.0,0.0,1.0,3.929013079667063,3.929013079667063
-142.76611200567189,1643.598552356006,-31.501436781609165,-134.8956154734574,1667.769119302418,-20.17540213057473,0.0,0.0,1.0,3.929013079667063,3.929013079667063
-134.8956154734574,1667.769119302418,-20.17540213057473,-141.92203355106665,1691.9396862488297,-34.65158045977008,0.0,0.0,1.0,3.929013079667063,3.929013079667063
-141.92203355106665,1691.9396862488297,-34.65158045977008,-148.9484516286759,1716.1102531952415,-49.12775878896543,0.0,0.0,1.0,3.929013079667063,3.929013079667063
-149.79253008328115,1667.769119302418,-45.977615110804514,-141.92203355106665,1691.9396862488297,-34.65158045977008,0.0,0.0,1.0,3.929013079667063,3.929013079667063
-141.92203355106665,1691.9396862488297,-34.65158045977008,-134.05153701885217,1716.1102531952415,-23.325545808735647,0.0,0.0,1.0,3.929013079667063,3.929013079667063
-134.05153701885217,1716.1102531952415,-23.325545808735647,-141.07795509646144,1740.2808201416533,-37.801724137931004,0.0,0.0,1.0,3.929013079667063,3.929013079667063
-141.07795509646144,1740.2808201416533,-37.801724137931004,-148.1043731740707,1764.4513870880653,-52.27790246712635,0.0,0.0,1.0,3.929013079667063,3.929013079667063
-148.9484516286759,1716.1102531952415,-49.12775878896543,-141.07795509646144,1740.2808201416533,-37.801724137931004,0.0,0.0,1.0,3.929013079667063,3.929013079667063
-141.07795509646144,1740.2808201416533,-37.801724137931004,-133.20745856424696,1764.4513870880653,-26.47568948689657,0.0,0.0,1.0,3.929013079667063,3.929013079667063
-133.20745856424696,1764.4513870880653,-26.47568948689657,-140.23387664185623,1788.621954034477,-40.95186781609192,0.0,0.0,1.0,3.929013079667063,3.929013079667063
-140.23387664185623,1788.621954034477,-40.95186781609192,-147.26029471946546,1812.792520980889,-55.42804614528727,0.0,0.0,1.0,3.929013079667063,3.929013079667063
-148.1043731740707,1764.4513870880653,-52.27790246712635,-140.23387664185623,1788.621954034477,-40.95186781609192,0.0,0.0,1.0,3.929013079667063,3.929013079667063
-140.23387664185623,1788.621954034477,-40.95186781609192,-132.36338010964172,1812.792520980889,-29.625833165057486,0.0,0.0,1.0,3.929013079667063,3.929013079667063
-132.36338010964172,1812.792520980889,-29.625833165057486,-139.389798187251,1836.9630879273009,-44.102011494252835,0.0,0.0,1.0,3.929013079667063,3.929013079667063
-139.389798187251,1836.9630879273009,-44.102011494252835,-146.41621626486025,1861.1336548737127,-58.578189823448184,0.0,0.0,1.0,3.929013079667063,3.929013079667063
-147.26029471946546,1812.792520980889,-55.42804614528727,-139.389798187251,1836.9630879273009,-44.102011494252835,0.0,0.0,1.0,3.929013079667063,3.929013079667063
-139.389798187251,1836.9630879273009,-44.102011494252835,-131.51930165503651,1861.1336548737127,-32.7759768432184,0.0,0.0,1.0,3.929013079667063,3.929013079667063
-131.51930165503651,1861.1336548737127,-32.77597684321841,-138.54571973264575,1885.3042218201244,-47.25215517241376,0.0,0.0,1.0,3.929013079667063,3.929013079667063
-138.54571973264575,1885.3042218201244,-47.25215517241376,-145.57213781025501,1909.4747887665364,-61.72833350160911,0.0,0.0,1.0,3.929013079667063,3.929013079667063
-146.41621626486025,1861.1336548737127,-58.57818982344819,-138.54571973264575,1885.3042218201244,-47.25215517241376,0.0,0.0,1.0,3.929013079667063,3.929013079667063
-138.54571973264575,1885.3042218201244,-47.25215517241376,-130.67522320043128,1909.4747887665364,-35.926120521379325,0.0,0.0,1.0,3.929013079667063,3.929013079667063
-130.67522320043128,1909.4747887665364,-35.926120521379325,-137.70164127804054,1933.6453557129482,-50.402298850574674,0.0,0.0,1.0,3.929013079667063,3.929013079667063
-137.70164127804054,1933.6453557129482,-50.402298850574674,-144.7280593556498,1957.8159226593602,-64.87847717977002,0.0,0.0,1.0,3.929013079667063,3.929013079667063
-145.57213781025501,1909.4747887665364,-61.72833350160911,-137.70164127804054,1933.6453557129482,-50.402298850574674,0.0,0.0,1.0,3.929013079667063,3.929013079667063
-137.70164127804054,1933.6453557129482,-50.402298850574674,-129.83114474582607,1957.8159226593602,-39.07626419954024,0.0,0.0,1.0,3.929013079667063,3.929013079667063
-129.83114474582607,1957.8159226593602,-39.07626419954024,-136.85756282343533,1981.986489605772,-53.5524425287356,0.0,0.0,1.0,3.929013079667063,3.929013079667063
-136.85756282343533,1981.986489605772,-53.5524425287356,-143.88398090104457,2006.1570565521838,-68.02862085793095,0.0,0.0,1.0,3.929013079667063,3.929013079667063
-144.7280593556498,1957.8159226593602,-64.87847717977002,-136.85756282343533,1981.986489605772,-53.5524425287356,0.0,0.0,1.0,3.929013079667063,3.929013079667063
-136.85756282343533,1981.986489605772,-53.5524425287356,-128.98706629122083,2006.1570565521838,-42.22640787770116,0.0,0.0,1.0,3.929013079667063,3.929013079667063
-128.98706629122083,2006.1570565521838,-42.22640787770116,-136.0134843688301,2030.3276234985956,-56.70258620689651,0.0,0.0,1.0,3.929013079667063,3.929013079667063
-136.0134843688301,2030.3276234985956,-56.70258620689651,-143.03990244643936,2054.4981904450074,-71.17876453609186,0.0,0.0,1.0,3.929013079667063,3.929013079667063
-143.88398090104457,2006.1570565521838,-68.02862085793095,-136.0134843688301,2030.3276234985956,-56.70258620689651,0.0,0.0,1.0,3.929013079667063,3.929013079667063
-136.0134843688301,2030.3276234985956,-56.70258620689651,-128.14298783661562,2054.4981904450074,-45.37655155586208,0.0,0.0,1.0,3.929013079667063,3.929013079667063
-128.14298783661562,2054.4981904450074,-45.37655155586208,-135.16940591422485,2078.6687573914196,-59.85272988505743,0.0,0.0,1.0,3.929013079667063,3.929013079667063
-135.16940591422485,2078.6687573914196,-59.85272988505743,-142.19582399183412,2102.8393243378314,-74.32890821425278,0.0,0.0,1.0,3.929013079667063,3.929013079667063
-143.03990244643936,2054.4981904450074,-71.17876453609186,-135.16940591422485,2078.6687573914196,-59.85272988505743,0.0,0.0,1.0,3.929013079667063,3.929013079667063
-135.16940591422485,2078.6687573914196,-59.85272988505743,-127.29890938201038,2102.8393243378314,-48.526695234022995,0.0,0.0,1.0,3.929013079667063,3.929013079667063
-127.29890938201038,2102.8393243378314,-48.526695234023,-134.32532745961964,2127.009891284243,-63.00287356321835,0.0,0.0,1.0,3.929013079667063,3.929013079667063
-134.32532745961964,2127.009891284243,-63.00287356321835,-141.3517455372289,2151.180458230655,-77.47905189241371,0.0,0.0,1.0,3.929013079667063,3.929013079667063
-142.19582399183412,2102.8393243378314,-74.32890821425278,-134.32532745961964,2127.009891284243,-63.00287356321835,0.0,0.0,1.0,3.929013079667063,3.929013079667063
-134.32532745961964,2127.009891284243,-63.00287356321835,-126.45483092740517,2151.180458230655,-51.67683891218393,0.0,0.0,1.0,3.929013079667063,3.929013079667063
-126.45483092740517,2151.180458230655,-51.67683891218393,-133.48124900501443,2175.3510251770667,-66.15301724137927,0.0,0.0,1.0,3.929013079667063,3.929013079667063
-133.48124900501443,2175.3510251770667,-66.15301724137927,-140.50766708262367,2199.5215921234785,-80.62919557057464,0.0,0.0,1.0,3.929013079667063,3.929013079667063
-141.3517455372289,2151.180458230655,-77.47905189241371,-133.48124900501443,2175.3510251770667,-66.15301724137927,0.0,0.0,1.0,3.929013079667063,3.929013079667063
-133.48124900501443,2175.3510251770667,-66.15301724137927,-125.61075247279993,2199.5215921234785,-54.82698259034485,0.0,0.0,1.0,3.929013079667063,3.929013079667063
-125.61075247279993,2199.5215921234785,-54.82698259034485,-132.6371705504092,2223.6921590698903,-69.30316091954019,0.0,0.0,1.0,3.929013079667063,3.929013079667063
-132.6371705504092,2223.6921590698903,-69.30316091954019,-139.66358862801846,2247.862726016302,-83.77933924873554,0.0,0.0,1.0,3.929013079667063,3.929013079667063
-140.50766708262367,2199.5215921234785,-80.62919557057464,-132.6371705504092,2223.6921590698903,-69.30316091954019,0.0,0.0,1.0,3.929013079667063,3.929013079667063
-132.6371705504092,2223.6921590698903,-69.30316091954019,-124.76667401819472,2247.862726016302,-57.977126268505764,0.0,0.0,1.0,3.929013079667063,3.929013079667063
-124.76667401819472,2247.862726016302,-57.977126268505764,-131.79309209580396,2272.033292962714,-72.4533045977011,0.0,0.0,1.0,3.929013079667063,3.929013079667063
-131.79309209580396,2272.033292962714,-72.4533045977011,-138.81951017341322,2296.203859909126,-86.92948292689647,0.0,0.0,1.0,3.929013079667063,3.929013079667063
-139.66358862801846,2247.862726016302,-83.77933924873554,-131.79309209580396,2272.033292962714,-72.4533045977011,0.0,0.0,1.0,3.929013079667063,3.929013079667063
-131.79309209580396,2272.033292962714,-72.4533045977011,-123.92259556358948,2296.203859909126,-61.12726994666668,0.0,0.0,1.0,3.929013079667063,3.929013079667063
-130.94901364119875,2320.374426855538,-75.60344827586204,-138.81951017341322,2296.203859909126,-86.92948292689647,0.0,0.0,1.0,3.929013079667063,3.929013079667063
-142.49232156490442,1232.6989142670045,8.175890972873532,-139.9737626745958,1240.4334956898563,11.800222061204552,0.0,0.0,1.0,3.929013079667063,3.929013079667063
-157.38923617472815,1232.6989142670045,-17.62632200735625,-159.63768995956312,1240.4334956898563,-22.258699072698768,0.0,0.0,1.0,3.929013079667063,3.929013079667063
-141.6482431102992,1281.0400481598283,5.025747294712613,-139.12968421999057,1288.77462958268,8.650078383043633,0.0,0.0,1.0,3.929013079667063,3.929013079667063
-156.54515772012294,1281.0400481598283,-20.77646568551717,-158.79361150495788,1288.77462958268,-25.408842750859684,0.0,0.0,1.0,3.929013079667063,3.929013079667063
-140.80416465569397,1329.3811820526519,1.8756036165516932,-138.28560576538536,1337.1157634755036,5.499934704882715,0.0,0.0,1.0,3.929013079667063,3.929013079667063
-155.7010792655177,1329.3811820526519,-23.92660936367809,-157.94953305035267,1337.1157634755036,-28.558986429020603,0.0,0.0,1.0,3.929013079667063,3.929013079667063
-139.96008620108876,1377.7223159454757,-1.2745400616092244,-137.44152731078012,1385.4568973683274,2.349791026721796,0.0,0.0,1.0,3.929013079667063,3.929013079667063
-154.8570008109125,1377.7223159454757,-27.076753041839005,-157.10545459574743,1385.4568973683274,-31.709130107181522,0.0,0.0,1.0,3.929013079667063,3.929013079667063
-139.11600774648352,1426.0634498382992,-4.424683739770142,-136.5974488561749,1433.7980312611512,-0.8003526514391197,0.0,0.0,1.0,3.929013079667063,3.929013079667063
-154.01292235630726,1426.0634498382992,-30.226896719999925,-156.26137614114222,1433.7980312611512,-34.85927378534244,0.0,0.0,1.0,3.929013079667063,3.929013079667063
-138.2719292918783,1474.404583731123,-7.574827417931061,-135.75337040156967,1482.1391651539748,-3.950496329600039,0.0,0.0,1.0,3.929013079667063,3.929013079667063
-153.16884390170205,1474.404583731123,-33.377040398160844,-155.41729768653698,1482.1391651539748,-38.009417463503354,0.0,0.0,1.0,3.929013079667063,3.929013079667063
-137.42785083727307,1522.7457176239468,-10.724971096091977,-134.90929194696446,1530.4802990467986,-7.100640007760955,0.0,0.0,1.0,3.929013079667063,3.929013079667063
-152.3247654470968,1522.7457176239468,-36.52718407632176,-154.57321923193177,1530.4802990467986,-41.15956114166427,0.0,0.0,1.0,3.929013079667063,3.929013079667063
-136.58377238266786,1571.0868515167704,-13.8751147742529,-134.06521349235922,1578.8214329396224,-10.250783685921881,0.0,0.0,1.0,3.929013079667063,3.929013079667063
-151.4806869924916,1571.0868515167704,-39.67732775448268,-153.72914077732653,1578.8214329396224,-44.3097048198252,0.0,0.0,1.0,3.929013079667063,3.929013079667063
-135.73969392806262,1619.4279854095942,-17.025258452413816,-133.221135037754,1627.162566832446,-13.400927364082797,0.0,0.0,1.0,3.929013079667063,3.929013079667063
-150.63660853788636,1619.4279854095942,-42.8274714326436,-152.88506232272132,1627.162566832446,-47.459848497986115,0.0,0.0,1.0,3.929013079667063,3.929013079667063
-134.8956154734574,1667.769119302418,-20.17540213057473,-132.37705658314877,1675.5037007252697,-16.55107104224371,0.0,0.0,1.0,3.929013079667063,3.929013079667063
-149.79253008328115,1667.769119302418,-45.977615110804514,-152.0409838681161,1675.5037007252697,-50.60999217614703,0.0,0.0,1.0,3.929013079667063,3.929013079667063
-134.05153701885217,1716.1102531952415,-23.325545808735647,-131.53297812854356,1723.8448346180935,-19.701214720404625,0.0,0.0,1.0,3.929013079667063,3.929013079667063
-148.9484516286759,1716.1102531952415,-49.12775878896543,-151.19690541351088,1723.8448346180935,-53.76013585430795,0.0,0.0,1.0,3.929013079667063,3.929013079667063
-133.20745856424696,1764.4513870880653,-26.47568948689657,-130.68889967393832,1772.185968510917,-22.851358398565548,0.0,0.0,1.0,3.929013079667063,3.929013079667063
-148.1043731740707,1764.4513870880653,-52.27790246712635,-150.35282695890564,1772.185968510917,-56.91027953246886,0.0,0.0,1.0,3.929013079667063,3.929013079667063
-132.36338010964172,1812.792520980889,-29.625833165057486,-129.8448212193331,1820.5271024037406,-26.001502076726464,0.0,0.0,1.0,3.929013079667063,3.929013079667063
-147.26029471946546,1812.792520980889,-55.42804614528727,-149.50874850430043,1820.5271024037406,-60.06042321062978,0.0,0.0,1.0,3.929013079667063,3.929013079667063
-131.51930165503651,1861.1336548737127,-32.7759768432184,-129.00074276472787,1868.8682362965644,-29.15164575488738,0.0,0.0,1.0,3.929013079667063,3.929013079667063
-146.41621626486025,1861.1336548737127,-58.578189823448184,-148.6646700496952,1868.8682362965644,-63.210566888790694,0.0,0.0,1.0,3.929013079667063,3.929013079667063
-130.67522320043128,1909.4747887665364,-35.926120521379325,-128.15666431012266,1917.2093701893882,-32.3017894330483,0.0,0.0,1.0,3.929013079667063,3.929013079667063
-145.57213781025501,1909.4747887665364,-61.72833350160911,-147.82059159508998,1917.2093701893882,-66.36071056695162,0.0,0.0,1.0,3.929013079667063,3.929013079667063
-129.83114474582607,1957.8159226593602,-39.07626419954024,-127.31258585551743,1965.5505040822118,-35.45193311120923,0.0,0.0,1.0,3.929013079667063,3.929013079667063
-144.7280593556498,1957.8159226593602,-64.87847717977002,-146.97651314048474,1965.5505040822118,-69.51085424511254,0.0,0.0,1.0,3.929013079667063,3.929013079667063
-128.98706629122083,2006.1570565521838,-42.22640787770116,-126.46850740091222,2013.8916379750353,-38.602076789370145,0.0,0.0,1.0,3.929013079667063,3.929013079667063
-143.88398090104457,2006.1570565521838,-68.02862085793095,-146.13243468587953,2013.8916379750353,-72.66099792327346,0.0,0.0,1.0,3.929013079667063,3.929013079667063
-128.14298783661562,2054.4981904450074,-45.37655155586208,-125.62442894630698,2062.2327718678594,-41.75222046753106,0.0,0.0,1.0,3.929013079667063,3.929013079667063
-143.03990244643936,2054.4981904450074,-71.17876453609186,-145.2883562312743,2062.2327718678594,-75.81114160143437,0.0,0.0,1.0,3.929013079667063,3.929013079667063
-127.29890938201038,2102.8393243378314,-48.526695234022995,-124.78035049170177,2110.573905760683,-44.902364145691976,0.0,0.0,1.0,3.929013079667063,3.929013079667063
-142.19582399183412,2102.8393243378314,-74.32890821425278,-144.44427777666908,2110.573905760683,-78.96128527959529,0.0,0.0,1.0,3.929013079667063,3.929013079667063
-126.45483092740517,2151.180458230655,-51.67683891218393,-123.93627203709653,2158.915039653507,-48.052507823852906,0.0,0.0,1.0,3.929013079667063,3.929013079667063
-141.3517455372289,2151.180458230655,-77.47905189241371,-143.60019932206384,2158.915039653507,-82.11142895775622,0.0,0.0,1.0,3.929013079667063,3.929013079667063
-125.61075247279993,2199.5215921234785,-54.82698259034485,-123.09219358249132,2207.2561735463305,-51.20265150201382,0.0,0.0,1.0,3.929013079667063,3.929013079667063
-140.50766708262367,2199.5215921234785,-80.62919557057464,-142.75612086745863,2207.2561735463305,-85.26157263591713,0.0,0.0,1.0,3.929013079667063,3.929013079667063
-124.76667401819472,2247.862726016302,-57.977126268505764,-122.24811512788608,2255.597307439154,-54.35279518017474,0.0,0.0,1.0,3.929013079667063,3.929013079667063
-139.66358862801846,2247.862726016302,-83.77933924873554,-141.9120424128534,2255.597307439154,-88.41171631407805,0.0,0.0,1.0,3.929013079667063,3.929013079667063
-123.92259556358948,2296.203859909126,-61.12726994666668,-121.40403667328087,2303.9384413319776,-57.50293885833565,0.0,0.0,1.0,3.929013079667063,3.929013079667063
-138.81951017341322,2296.203859909126,-86.92948292689647,-141.06796395824819,2303.9384413319776,-91.56185999223896,0.0,0.0,1.0,3.929013079667063,3.929013079667063
-130.94901364119875,2320.374426855538,-75.60344827586204,-123.92259556358948,2296.203859909126,-61.12726994666668,0.0,0.0,1.0,3.929013079667063,3.929013079667063
-159.46812607616909,2320.374426855538,-92.06896551724132,-1.9737292576950685e-13,2320.374426855538,-184.13793103448276,0.0,0.0,1.0,3.929013079667063,3.929013079667063
-159.46812607616909,2320.374426855538,-92.06896551724132,-187.9872385111394,2320.374426855538,-108.53448275862064,0.0,0.0,1.0,3.929013079667063,3.929013079667063
-159.46812607616909,2320.374426855538,-92.06896551724132,-130.94901364119875,2320.374426855538,-75.60344827586202,0.0,0.0,1.0,3.929013079667063,3.929013079667063
-187.9872385111394,2320.374426855538,-108.53448275862064,-2.3267089283128196e-13,2320.374426855538,-217.0689655172414,0.0,0.0,1.0,3.929013079667063,3.929013079667063
-130.94901364119875,2320.374426855538,-75.60344827586202,-1.6207495870773174e-13,2320.374426855538,-151.20689655172413,0.0,0.0,1.0,3.929013079667063,3.929013079667063
-108.5344827586208,1160.187213427769,-187.9872385111393,-110.18974850346494,1184.3577803741807,-171.53003965173485,0.0,0.0,1.0,3.929013079667063,3.929013079667063
-129.43812262456646,1190.8104553818557,-185.80228772794504,-120.90641095561281,1203.5366920626502,-175.20537899991317,-0.69347657033171,0.0,-0.7204791783257647,3.929013079667063,3.929013079667063
-120.90641095561281,1203.5366920626502,-175.20537899991317,-112.37469928665918,1216.2629287434445,-164.6084702718813,-0.69347657033171,0.0,-0.7204791783257647,3.929013079667063,3.929013079667063
-110.71943354181505,1192.0923617970325,-166.26373601672543,-120.90641095561281,1203.5366920626502,-175.20537899991317,-0.69347657033171,0.0,-0.7204791783257647,3.929013079667063,3.929013079667063
-120.90641095561281,1203.5366920626502,-175.20537899991317,-131.09338836941058,1214.9810223282677,-184.1470219831009,-0.69347657033171,0.0,-0.7204791783257647,3.929013079667063,3.929013079667063
-131.09338836941058,1214.9810223282677,-184.1470219831009,-122.56167670045696,1227.707259009062,-173.55011325506902,-0.69347657033171,0.0,-0.7204791783257647,3.929013079667063,3.929013079667063
-122.56167670045696,1227.707259009062,-173.55011325506902,-114.02996503150332,1240.4334956898563,-162.95320452703714,-0.69347657033171,0.0,-0.7204791783257647,3.929013079667063,3.929013079667063
-112.37469928665918,1216.2629287434445,-164.6084702718813,-122.56167670045696,1227.707259009062,-173.55011325506902,-0.69347657033171,0.0,-0.7204791783257647,3.929013079667063,3.929013079667063
-122.56167670045696,1227.707259009062,-173.55011325506902,-132.74865411425472,1239.1515892746795,-182.49175623825676,-0.69347657033171,0.0,-0.7204791783257647,3.929013079667063,3.929013079667063
-132.74865411425472,1239.1515892746795,-182.49175623825676,-124.2169424453011,1251.8778259554738,-171.8948475102249,-0.69347657033171,0.0,-0.7204791783257647,3.929013079667063,3.929013079667063
-124.2169424453011,1251.8778259554738,-171.8948475102249,-115.68523077634745,1264.604062636268,-161.29793878219303,-0.69347657033171,0.0,-0.7204791783257647,3.929013079667063,3.929013079667063
-114.02996503150332,1240.4334956898563,-162.95320452703714,-124.2169424453011,1251.8778259554738,-171.8948475102249,-0.69347657033171,0.0,-0.7204791783257647,3.929013079667063,3.929013079667063
-124.2169424453011,1251.8778259554738,-171.8948475102249,-134.40391985909883,1263.3221562210913,-180.83649049341264,-0.69347657033171,0.0,-0.7204791783257647,3.929013079667063,3.929013079667063
-134.40391985909883,1263.3221562210913,-180.83649049341264,-125.87220819014523,1276.0483929018858,-170.23958176538076,-0.69347657033171,0.0,-0.7204791783257647,3.929013079667063,3.929013079667063
-125.87220819014523,1276.0483929018858,-170.23958176538076,-117.3404965211916,1288.77462958268,-159.64267303734889,-0.69347657033171,0.0,-0.7204791783257647,3.929013079667063,3.929013079667063
-115.68523077634745,1264.604062636268,-161.29793878219303,-125.87220819014523,1276.0483929018858,-170.23958176538076,-0.69347657033171,0.0,-0.7204791783257647,3.929013079667063,3.929013079667063
-125.87220819014523,1276.0483929018858,-170.23958176538076,-136.05918560394298,1287.4927231675033,-179.1812247485685,-0.69347657033171,0.0,-0.7204791783257647,3.929013079667063,3.929013079667063
-136.05918560394298,1287.4927231675033,-179.1812247485685,-127.52747393498937,1300.2189598482976,-168.58431602053662,-0.69347657033171,0.0,-0.7204791783257647,3.929013079667063,3.929013079667063
-127.52747393498937,1300.2189598482976,-168.58431602053662,-118.99576226603573,1312.9451965290918,-157.98740729250474,-0.69347657033171,0.0,-0.7204791783257647,3.929013079667063,3.929013079667063
-117.3404965211916,1288.77462958268,-159.64267303734889,-127.52747393498937,1300.2189598482976,-168.58431602053662,-0.69347657033171,0.0,-0.7204791783257647,3.929013079667063,3.929013079667063
-127.52747393498937,1300.2189598482976,-168.58431602053662,-137.71445134878712,1311.663290113915,-177.52595900372435,-0.69347657033171,0.0,-0.7204791783257647,3.929013079667063,3.929013079667063
-137.71445134878712,1311.663290113915,-177.52595900372435,-129.1827396798335,1324.3895267947094,-166.92905027569248,-0.69347657033171,0.0,-0.7204791783257647,3.929013079667063,3.929013079667063
-129.1827396798335,1324.3895267947094,-166.92905027569248,-120.65102801087987,1337.1157634755036,-156.3321415476606,-0.69347657033171,0.0,-0.7204791783257647,3.929013079667063,3.929013079667063
-118.99576226603573,1312.9451965290918,-157.98740729250474,-129.1827396798335,1324.3895267947094,-166.92905027569248,-0.69347657033171,0.0,-0.7204791783257647,3.929013079667063,3.929013079667063
-129.1827396798335,1324.3895267947094,-166.92905027569248,-139.36971709363127,1335.8338570603269,-175.8706932588802,-0.69347657033171,0.0,-0.7204791783257647,3.929013079667063,3.929013079667063
-139.36971709363127,1335.8338570603269,-175.8706932588802,-130.83800542467765,1348.5600937411214,-165.27378453084833,-0.69347657033171,0.0,-0.7204791783257647,3.929013079667063,3.929013079667063
-130.83800542467765,1348.5600937411214,-165.27378453084833,-122.30629375572401,1361.2863304219156,-154.67687580281645,-0.69347657033171,0.0,-0.7204791783257647,3.929013079667063,3.929013079667063
-120.65102801087987,1337.1157634755036,-156.3321415476606,-130.83800542467765,1348.5600937411214,-165.27378453084833,-0.69347657033171,0.0,-0.7204791783257647,3.929013079667063,3.929013079667063
-130.83800542467765,1348.5600937411214,-165.27378453084833,-141.0249828384754,1360.0044240067389,-174.21542751403607,-0.69347657033171,0.0,-0.7204791783257647,3.929013079667063,3.929013079667063
-141.0249828384754,1360.0044240067389,-174.21542751403607,-132.49327116952176,1372.7306606875331,-163.6185187860042,-0.69347657033171,0.0,-0.7204791783257647,3.929013079667063,3.929013079667063
-132.49327116952176,1372.7306606875331,-163.6185187860042,-123.96155950056814,1385.4568973683274,-153.0216100579723,-0.69347657033171,0.0,-0.7204791783257647,3.929013079667063,3.929013079667063
-122.30629375572401,1361.2863304219156,-154.67687580281645,-132.49327116952176,1372.7306606875331,-163.6185187860042,-0.69347657033171,0.0,-0.7204791783257647,3.929013079667063,3.929013079667063
-132.49327116952176,1372.7306606875331,-163.6185187860042,-142.68024858331955,1384.1749909531507,-172.56016176919192,-0.69347657033171,0.0,-0.7204791783257647,3.929013079667063,3.929013079667063
-142.68024858331955,1384.1749909531507,-172.56016176919192,-134.1485369143659,1396.901227633945,-161.96325304116004,-0.69347657033171,0.0,-0.7204791783257647,3.929013079667063,3.929013079667063
-134.1485369143659,1396.901227633945,-161.96325304116004,-125.61682524541229,1409.6274643147392,-151.3663443131282,-0.69347657033171,0.0,-0.7204791783257647,3.929013079667063,3.929013079667063
-123.96155950056814,1385.4568973683274,-153.0216100579723,-134.1485369143659,1396.901227633945,-161.96325304116004,-0.69347657033171,0.0,-0.7204791783257647,3.929013079667063,3.929013079667063
-134.1485369143659,1396.901227633945,-161.96325304116004,-144.3355143281637,1408.3455578995624,-170.9048960243478,-0.69347657033171,0.0,-0.7204791783257647,3.929013079667063,3.929013079667063
-144.3355143281637,1408.3455578995624,-170.9048960243478,-135.80380265921005,1421.071794580357,-160.30798729631593,-0.69347657033171,0.0,-0.7204791783257647,3.929013079667063,3.929013079667063
-135.80380265921005,1421.071794580357,-160.30798729631593,-127.27209099025643,1433.7980312611512,-149.71107856828405,-0.69347657033171,0.0,-0.7204791783257647,3.929013079667063,3.929013079667063
-125.61682524541229,1409.6274643147392,-151.3663443131282,-135.80380265921005,1421.071794580357,-160.30798729631593,-0.69347657033171,0.0,-0.7204791783257647,3.929013079667063,3.929013079667063
-135.80380265921005,1421.071794580357,-160.30798729631593,-145.99078007300784,1432.5161248459744,-169.24963027950366,-0.69347657033171,0.0,-0.7204791783257647,3.929013079667063,3.929013079667063
-145.9907800730078,1432.5161248459742,-169.24963027950366,-137.4590684040542,1445.2423615267687,-158.65272155147179,-0.69347657033171,0.0,-0.7204791783257647,3.929013079667063,3.929013079667063
-137.4590684040542,1445.2423615267687,-158.65272155147179,-128.92735673510057,1457.968598207563,-148.0558128234399,-0.69347657033171,0.0,-0.7204791783257647,3.929013079667063,3.929013079667063
-127.27209099025642,1433.798031261151,-149.71107856828405,-137.4590684040542,1445.2423615267687,-158.65272155147179,-0.69347657033171,0.0,-0.7204791783257647,3.929013079667063,3.929013079667063
-137.4590684040542,1445.2423615267687,-158.65272155147179,-147.64604581785196,1456.6866917923862,-167.59436453465952,-0.69347657033171,0.0,-0.7204791783257647,3.929013079667063,3.929013079667063
-147.64604581785196,1456.6866917923862,-167.59436453465952,-139.11433414889834,1469.4129284731807,-156.99745580662764,-0.69347657033171,0.0,-0.7204791783257647,3.929013079667063,3.929013079667063
-139.11433414889834,1469.4129284731807,-156.99745580662764,-130.58262247994472,1482.1391651539748,-146.40054707859576,-0.69347657033171,0.0,-0.7204791783257647,3.929013079667063,3.929013079667063
-128.92735673510057,1457.968598207563,-148.0558128234399,-139.11433414889834,1469.4129284731807,-156.99745580662764,-0.69347657033171,0.0,-0.7204791783257647,3.929013079667063,3.929013079667063
-139.11433414889834,1469.4129284731807,-156.99745580662764,-149.3013115626961,1480.857258738798,-165.93909878981538,-0.69347657033171,0.0,-0.7204791783257647,3.929013079667063,3.929013079667063
-149.3013115626961,1480.8572587387982,-165.93909878981538,-140.76959989374248,1493.5834954195925,-155.3421900617835,-0.69347657033171,0.0,-0.7204791783257647,3.929013079667063,3.929013079667063
-140.76959989374248,1493.5834954195925,-155.3421900617835,-132.23788822478886,1506.3097321003868,-144.74528133375162,-0.69347657033171,0.0,-0.7204791783257647,3.929013079667063,3.929013079667063
-130.58262247994472,1482.139165153975,-146.40054707859576,-140.76959989374248,1493.5834954195925,-155.3421900617835,-0.69347657033171,0.0,-0.7204791783257647,3.929013079667063,3.929013079667063
-140.76959989374248,1493.5834954195925,-155.3421900617835,-150.95657730754024,1505.02782568521,-164.28383304497123,-0.69347657033171,0.0,-0.7204791783257647,3.929013079667063,3.929013079667063
-150.95657730754024,1505.02782568521,-164.28383304497123,-142.42486563858662,1517.7540623660043,-153.68692431693935,-0.69347657033171,0.0,-0.7204791783257647,3.929013079667063,3.929013079667063
-142.42486563858662,1517.7540623660043,-153.68692431693935,-133.89315396963298,1530.4802990467986,-143.09001558890748,-0.69347657033171,0.0,-0.7204791783257647,3.929013079667063,3.929013079667063
-132.23788822478886,1506.3097321003868,-144.74528133375162,-142.42486563858662,1517.7540623660043,-153.68692431693935,-0.69347657033171,0.0,-0.7204791783257647,3.929013079667063,3.929013079667063
-142.42486563858662,1517.7540623660043,-153.68692431693935,-152.61184305238436,1529.1983926316218,-162.6285673001271,-0.69347657033171,0.0,-0.7204791783257647,3.929013079667063,3.929013079667063
-152.61184305238436,1529.1983926316218,-162.6285673001271,-144.08013138343074,1541.924629312416,-152.03165857209524,-0.69347657033171,0.0,-0.7204791783257647,3.929013079667063,3.929013079667063
-144.08013138343074,1541.924629312416,-152.03165857209524,-135.54841971447712,1554.6508659932103,-141.43474984406336,-0.69347657033171,0.0,-0.7204791783257647,3.929013079667063,3.929013079667063
-133.89315396963298,1530.4802990467986,-143.09001558890748,-144.08013138343074,1541.924629312416,-152.03165857209524,-0.69347657033171,0.0,-0.7204791783257647,3.929013079667063,3.929013079667063
-144.08013138343074,1541.924629312416,-152.03165857209524,-154.2671087972285,1553.3689595780336,-160.97330155528297,-0.69347657033171,0.0,-0.7204791783257647,3.929013079667063,3.929013079667063
-154.2671087972285,1553.3689595780338,-160.97330155528294,-145.73539712827488,1566.0951962588279,-150.3763928272511,-0.69347657033171,0.0,-0.7204791783257647,3.929013079667063,3.929013079667063
-145.73539712827488,1566.0951962588279,-150.3763928272511,-137.20368545932126,1578.8214329396224,-139.77948409921922,-0.69347657033171,0.0,-0.7204791783257647,3.929013079667063,3.929013079667063
-135.54841971447712,1554.6508659932106,-141.43474984406333,-145.73539712827488,1566.0951962588279,-150.3763928272511,-0.69347657033171,0.0,-0.7204791783257647,3.929013079667063,3.929013079667063
-145.73539712827488,1566.0951962588279,-150.3763928272511,-155.92237454207265,1577.5395265244456,-159.31803581043883,-0.69347657033171,0.0,-0.7204791783257647,3.929013079667063,3.929013079667063
-155.92237454207265,1577.5395265244456,-159.31803581043883,-147.39066287311903,1590.2657632052399,-148.72112708240695,-0.69347657033171,0.0,-0.7204791783257647,3.929013079667063,3.929013079667063
-147.39066287311903,1590.2657632052399,-148.72112708240695,-138.8589512041654,1602.9919998860341,-138.12421835437507,-0.69347657033171,0.0,-0.7204791783257647,3.929013079667063,3.929013079667063
-137.20368545932126,1578.8214329396224,-139.77948409921922,-147.39066287311903,1590.2657632052399,-148.72112708240695,-0.69347657033171,0.0,-0.7204791783257647,3.929013079667063,3.929013079667063
-147.39066287311903,1590.2657632052399,-148.72112708240695,-157.5776402869168,1601.7100934708574,-157.66277006559469,-0.69347657033171,0.0,-0.7204791783257647,3.929013079667063,3.929013079667063
-157.5776402869168,1601.7100934708576,-157.66277006559469,-149.04592861796317,1614.4363301516516,-147.0658613375628,-0.69347657033171,0.0,-0.7204791783257647,3.929013079667063,3.929013079667063
-149.04592861796317,1614.4363301516516,-147.0658613375628,-140.51421694900955,1627.1625668324461,-136.46895260953093,-0.69347657033171,0.0,-0.7204791783257647,3.929013079667063,3.929013079667063
-138.8589512041654,1602.9919998860344,-138.12421835437507,-149.04592861796317,1614.4363301516516,-147.0658613375628,-0.69347657033171,0.0,-0.7204791783257647,3.929013079667063,3.929013079667063
-149.04592861796317,1614.4363301516516,-147.0658613375628,-159.23290603176093,1625.8806604172694,-156.00750432075054,-0.69347657033171,0.0,-0.7204791783257647,3.929013079667063,3.929013079667063
-159.23290603176093,1625.8806604172694,-156.00750432075054,-150.70119436280729,1638.6068970980637,-145.41059559271866,-0.69347657033171,0.0,-0.7204791783257647,3.929013079667063,3.929013079667063
-150.70119436280729,1638.6068970980637,-145.41059559271866,-142.16948269385367,1651.333133778858,-134.8136868646868,-0.69347657033171,0.0,-0.7204791783257647,3.929013079667063,3.929013079667063
-140.51421694900955,1627.1625668324461,-136.46895260953093,-150.70119436280729,1638.6068970980637,-145.41059559271866,-0.69347657033171,0.0,-0.7204791783257647,3.929013079667063,3.929013079667063
-150.70119436280729,1638.6068970980637,-145.41059559271866,-160.88817177660505,1650.0512273636812,-154.3522385759064,-0.69347657033171,0.0,-0.7204791783257647,3.929013079667063,3.929013079667063
-160.88817177660505,1650.0512273636812,-154.3522385759064,-152.35646010765143,1662.7774640444754,-143.75532984787452,-0.69347657033171,0.0,-0.7204791783257647,3.929013079667063,3.929013079667063
-152.35646010765143,1662.7774640444754,-143.75532984787452,-143.8247484386978,1675.5037007252697,-133.15842111984267,-0.69347657033171,0.0,-0.7204791783257647,3.929013079667063,3.929013079667063
-142.16948269385367,1651.333133778858,-134.8136868646868,-152.35646010765143,1662.7774640444754,-143.75532984787452,-0.69347657033171,0.0,-0.7204791783257647,3.929013079667063,3.929013079667063
-152.35646010765143,1662.7774640444754,-143.75532984787452,-162.5434375214492,1674.221794310093,-152.69697283106228,-0.69347657033171,0.0,-0.7204791783257647,3.929013079667063,3.929013079667063
-162.5434375214492,1674.221794310093,-152.69697283106225,-154.01172585249557,1686.9480309908872,-142.10006410303038,-0.69347657033171,0.0,-0.7204791783257647,3.929013079667063,3.929013079667063
-154.01172585249557,1686.9480309908872,-142.10006410303038,-145.48001418354195,1699.6742676716815,-131.50315537499853,-0.69347657033171,0.0,-0.7204791783257647,3.929013079667063,3.929013079667063
-143.8247484386978,1675.5037007252697,-133.15842111984264,-154.01172585249557,1686.9480309908872,-142.10006410303038,-0.69347657033171,0.0,-0.7204791783257647,3.929013079667063,3.929013079667063
-154.01172585249557,1686.9480309908872,-142.10006410303038,-164.19870326629334,1698.3923612565047,-151.04170708621814,-0.69347657033171,0.0,-0.7204791783257647,3.929013079667063,3.929013079667063
-164.19870326629334,1698.3923612565047,-151.04170708621814,-155.66699159733972,1711.118597937299,-140.44479835818623,-0.69347657033171,0.0,-0.7204791783257647,3.929013079667063,3.929013079667063
-155.66699159733972,1711.118597937299,-140.44479835818623,-147.13527992838607,1723.8448346180933,-129.84788963015438,-0.69347657033171,0.0,-0.7204791783257647,3.929013079667063,3.929013079667063
-145.48001418354195,1699.6742676716815,-131.50315537499853,-155.66699159733972,1711.118597937299,-140.44479835818623,-0.69347657033171,0.0,-0.7204791783257647,3.929013079667063,3.929013079667063
-155.66699159733972,1711.118597937299,-140.44479835818623,-165.85396901113745,1722.5629282029165,-149.386441341374,-0.69347657033171,0.0,-0.7204791783257647,3.929013079667063,3.929013079667063
-165.85396901113745,1722.5629282029165,-149.386441341374,-157.32225734218386,1735.289164883711,-138.78953261334212,-0.69347657033171,0.0,-0.7204791783257647,3.929013079667063,3.929013079667063
-157.32225734218386,1735.289164883711,-138.78953261334212,-148.7905456732302,1748.0154015645053,-128.19262388531024,-0.69347657033171,0.0,-0.7204791783257647,3.929013079667063,3.929013079667063
-147.13527992838607,1723.8448346180933,-129.84788963015438,-157.32225734218386,1735.289164883711,-138.78953261334212,-0.69347657033171,0.0,-0.7204791783257647,3.929013079667063,3.929013079667063
-157.32225734218386,1735.289164883711,-138.78953261334212,-167.5092347559816,1746.7334951493285,-147.73117559652985,-0.69347657033171,0.0,-0.7204791783257647,3.929013079667063,3.929013079667063
-167.5092347559816,1746.7334951493283,-147.73117559652985,-158.97752308702798,1759.4597318301228,-137.13426686849797,-0.69347657033171,0.0,-0.7204791783257647,3.929013079667063,3.929013079667063
-158.97752308702798,1759.4597318301228,-137.13426686849797,-150.44581141807436,1772.1859685109173,-126.5373581404661,-0.69347657033171,0.0,-0.7204791783257647,3.929013079667063,3.929013079667063
-148.7905456732302,1748.015401564505,-128.19262388531024,-158.97752308702798,1759.4597318301228,-137.13426686849797,-0.69347657033171,0.0,-0.7204791783257647,3.929013079667063,3.929013079667063
-158.97752308702798,1759.4597318301228,-137.13426686849797,-169.16450050082574,1770.9040620957405,-146.0759098516857,-0.69347657033171,0.0,-0.7204791783257647,3.929013079667063,3.929013079667063
-169.16450050082574,1770.9040620957405,-146.0759098516857,-160.63278883187212,1783.6302987765348,-135.47900112365383,-0.69347657033171,0.0,-0.7204791783257647,3.929013079667063,3.929013079667063
-160.63278883187212,1783.6302987765348,-135.47900112365383,-152.1010771629185,1796.356535457329,-124.88209239562195,-0.69347657033171,0.0,-0.7204791783257647,3.929013079667063,3.929013079667063
-150.44581141807436,1772.1859685109173,-126.5373581404661,-160.63278883187212,1783.6302987765348,-135.47900112365383,-0.69347657033171,0.0,-0.7204791783257647,3.929013079667063,3.929013079667063
-160.63278883187212,1783.6302987765348,-135.47900112365383,-170.81976624566988,1795.0746290421523,-144.42064410684156,-0.69347657033171,0.0,-0.7204791783257647,3.929013079667063,3.929013079667063
-170.81976624566988,1795.0746290421523,-144.42064410684156,-162.28805457671626,1807.8008657229466,-133.8237353788097,-0.69347657033171,0.0,-0.7204791783257647,3.929013079667063,3.929013079667063
-162.28805457671626,1807.8008657229466,-133.8237353788097,-153.75634290776264,1820.5271024037409,-123.22682665077781,-0.69347657033171,0.0,-0.7204791783257647,3.929013079667063,3.929013079667063
-152.1010771629185,1796.356535457329,-124.88209239562195,-162.28805457671626,1807.8008657229466,-133.8237353788097,-0.69347657033171,0.0,-0.7204791783257647,3.929013079667063,3.929013079667063
-162.28805457671626,1807.8008657229466,-133.8237353788097,-172.47503199051403,1819.245195988564,-142.76537836199742,-0.69347657033171,0.0,-0.7204791783257647,3.929013079667063,3.929013079667063
-172.47503199051403,1819.245195988564,-142.76537836199742,-163.9433203215604,1831.9714326693584,-132.16846963396557,-0.69347657033171,0.0,-0.7204791783257647,3.929013079667063,3.929013079667063
-163.9433203215604,1831.9714326693584,-132.16846963396557,-155.4116086526068,1844.6976693501526,-121.57156090593367,-0.69347657033171,0.0,-0.7204791783257647,3.929013079667063,3.929013079667063
-153.75634290776264,1820.5271024037409,-123.22682665077781,-163.9433203215604,1831.9714326693584,-132.16846963396557,-0.69347657033171,0.0,-0.7204791783257647,3.929013079667063,3.929013079667063
-163.9433203215604,1831.9714326693584,-132.16846963396557,-174.13029773535817,1843.4157629349759,-141.11011261715328,-0.69347657033171,0.0,-0.7204791783257647,3.929013079667063,3.929013079667063
-174.13029773535817,1843.4157629349759,-141.1101126171533,-165.59858606640452,1856.1419996157701,-130.51320388912143,-0.69347657033171,0.0,-0.7204791783257647,3.929013079667063,3.929013079667063
-165.59858606640452,1856.1419996157701,-130.51320388912143,-157.06687439745093,1868.8682362965646,-119.91629516108955,-0.69347657033171,0.0,-0.7204791783257647,3.929013079667063,3.929013079667063
-155.4116086526068,1844.6976693501526,-121.5715609059337,-165.59858606640452,1856.1419996157701,-130.51320388912143,-0.69347657033171,0.0,-0.7204791783257647,3.929013079667063,3.929013079667063
-165.59858606640452,1856.1419996157701,-130.51320388912143,-175.7855634802023,1867.5863298813879,-139.45484687230916,-0.69347657033171,0.0,-0.7204791783257647,3.929013079667063,3.929013079667063
-175.78556348020228,1867.5863298813877,-139.45484687230916,-167.25385181124867,1880.312566562182,-128.85793814427728,-0.69347657033171,0.0,-0.7204791783257647,3.929013079667063,3.929013079667063
-167.25385181124867,1880.312566562182,-128.85793814427728,-158.72214014229505,1893.0388032429764,-118.2610294162454,-0.69347657033171,0.0,-0.7204791783257647,3.929013079667063,3.929013079667063
-157.0668743974509,1868.8682362965644,-119.91629516108955,-167.25385181124867,1880.312566562182,-128.85793814427728,-0.69347657033171,0.0,-0.7204791783257647,3.929013079667063,3.929013079667063
-167.25385181124867,1880.312566562182,-128.85793814427728,-177.44082922504643,1891.7568968277997,-137.79958112746502,-0.69347657033171,0.0,-0.7204791783257647,3.929013079667063,3.929013079667063
-177.44082922504643,1891.7568968277997,-137.79958112746502,-168.9091175560928,1904.483133508594,-127.20267239943313,-0.69347657033171,0.0,-0.7204791783257647,3.929013079667063,3.929013079667063
-168.9091175560928,1904.483133508594,-127.20267239943313,-160.3774058871392,1917.2093701893884,-116.60576367140126,-0.69347657033171,0.0,-0.7204791783257647,3.929013079667063,3.929013079667063
-158.72214014229505,1893.0388032429764,-118.2610294162454,-168.9091175560928,1904.483133508594,-127.20267239943313,-0.69347657033171,0.0,-0.7204791783257647,3.929013079667063,3.929013079667063
-168.9091175560928,1904.483133508594,-127.20267239943313,-179.09609496989057,1915.9274637742117,-136.14431538262087,-0.69347657033171,0.0,-0.7204791783257647,3.929013079667063,3.929013079667063
-179.09609496989057,1915.9274637742114,-136.14431538262087,-170.56438330093695,1928.653700455006,-125.54740665458898,-0.69347657033171,0.0,-0.7204791783257647,3.929013079667063,3.929013079667063
-170.56438330093695,1928.653700455006,-125.54740665458898,-162.03267163198333,1941.3799371358002,-114.95049792655712,-0.69347657033171,0.0,-0.7204791783257647,3.929013079667063,3.929013079667063
-160.3774058871392,1917.2093701893882,-116.60576367140126,-170.56438330093695,1928.653700455006,-125.54740665458898,-0.69347657033171,0.0,-0.7204791783257647,3.929013079667063,3.929013079667063
-170.56438330093695,1928.653700455006,-125.54740665458898,-180.75136071473472,1940.0980307206235,-134.48904963777673,-0.69347657033171,0.0,-0.7204791783257647,3.929013079667063,3.929013079667063
-180.75136071473472,1940.0980307206235,-134.48904963777673,-172.2196490457811,1952.8242674014177,-123.89214090974484,-0.69347657033171,0.0,-0.7204791783257647,3.929013079667063,3.929013079667063
-172.2196490457811,1952.8242674014177,-123.89214090974484,-163.68793737682748,1965.550504082212,-113.29523218171298,-0.69347657033171,0.0,-0.7204791783257647,3.929013079667063,3.929013079667063
-162.03267163198333,1941.3799371358002,-114.95049792655712,-172.2196490457811,1952.8242674014177,-123.89214090974484,-0.69347657033171,0.0,-0.7204791783257647,3.929013079667063,3.929013079667063
-172.2196490457811,1952.8242674014177,-123.89214090974484,-182.40662645957886,1964.2685976670352,-132.8337838929326,-0.69347657033171,0.0,-0.7204791783257647,3.929013079667063,3.929013079667063
-182.40662645957883,1964.2685976670352,-132.83378389293262,-173.87491479062524,1976.9948343478295,-122.2368751649007,-0.69347657033171,0.0,-0.7204791783257647,3.929013079667063,3.929013079667063
-173.87491479062524,1976.9948343478295,-122.2368751649007,-165.3432031216716,1989.7210710286238,-111.63996643686886,-0.69347657033171,0.0,-0.7204791783257647,3.929013079667063,3.929013079667063
-163.68793737682745,1965.550504082212,-113.295232181713,-173.87491479062524,1976.9948343478295,-122.2368751649007,-0.69347657033171,0.0,-0.7204791783257647,3.929013079667063,3.929013079667063
-173.87491479062524,1976.9948343478295,-122.2368751649007,-184.06189220442297,1988.439164613447,-131.17851814808847,-0.69347657033171,0.0,-0.7204791783257647,3.929013079667063,3.929013079667063
-184.06189220442297,1988.439164613447,-131.17851814808847,-175.53018053546936,2001.165401294241,-120.58160942005658,-0.69347657033171,0.0,-0.7204791783257647,3.929013079667063,3.929013079667063
-175.53018053546936,2001.165401294241,-120.58160942005658,-166.99846886651574,2013.8916379750356,-109.98470069202472,-0.69347657033171,0.0,-0.7204791783257647,3.929013079667063,3.929013079667063
-165.3432031216716,1989.7210710286238,-111.63996643686886,-175.53018053546936,2001.165401294241,-120.58160942005658,-0.69347657033171,0.0,-0.7204791783257647,3.929013079667063,3.929013079667063
-175.53018053546936,2001.165401294241,-120.58160942005658,-185.71715794926712,2012.6097315598588,-129.52325240324433,-0.69347657033171,0.0,-0.7204791783257647,3.929013079667063,3.929013079667063
-185.71715794926712,2012.6097315598588,-129.52325240324433,-177.1854462803135,2025.3359682406528,-118.92634367521244,-0.69347657033171,0.0,-0.7204791783257647,3.929013079667063,3.929013079667063
-177.1854462803135,2025.3359682406528,-118.92634367521244,-168.65373461135988,2038.0622049214473,-108.32943494718057,-0.69347657033171,0.0,-0.7204791783257647,3.929013079667063,3.929013079667063
-166.99846886651574,2013.8916379750356,-109.98470069202472,-177.1854462803135,2025.3359682406528,-118.92634367521244,-0.69347657033171,0.0,-0.7204791783257647,3.929013079667063,3.929013079667063
-177.1854462803135,2025.3359682406528,-118.92634367521244,-187.37242369411126,2036.7802985062706,-127.86798665840017,-0.69347657033171,0.0,-0.7204791783257647,3.929013079667063,3.929013079667063
-187.37242369411126,2036.7802985062706,-127.86798665840017,-178.84071202515764,2049.5065351870644,-117.27107793036829,-0.69347657033171,0.0,-0.7204791783257647,3.929013079667063,3.929013079667063
-178.84071202515764,2049.5065351870644,-117.27107793036829,-170.30900035620402,2062.2327718678594,-106.67416920233643,-0.69347657033171,0.0,-0.7204791783257647,3.929013079667063,3.929013079667063
-168.65373461135988,2038.0622049214473,-108.32943494718057,-178.84071202515764,2049.5065351870644,-117.27107793036829,-0.69347657033171,0.0,-0.7204791783257647,3.929013079667063,3.929013079667063
-178.84071202515764,2049.5065351870644,-117.27107793036829,-189.0276894389554,2060.9508654526826,-126.21272091355603,-0.69347657033171,0.0,-0.7204791783257647,3.929013079667063,3.929013079667063
-189.0276894389554,2060.9508654526826,-126.21272091355603,-180.4959777700018,2073.6771021334766,-115.61581218552415,-0.69347657033171,0.0,-0.7204791783257647,3.929013079667063,3.929013079667063
-180.4959777700018,2073.6771021334766,-115.61581218552415,-171.96426610104817,2086.403338814271,-105.01890345749229,-0.69347657033171,0.0,-0.7204791783257647,3.929013079667063,3.929013079667063
-170.30900035620402,2062.2327718678594,-106.67416920233643,-180.4959777700018,2073.6771021334766,-115.61581218552415,-0.69347657033171,0.0,-0.7204791783257647,3.929013079667063,3.929013079667063
-180.4959777700018,2073.6771021334766,-115.61581218552415,-190.68295518379955,2085.1214323990944,-124.55745516871188,-0.69347657033171,0.0,-0.7204791783257647,3.929013079667063,3.929013079667063
-190.68295518379955,2085.1214323990944,-124.55745516871188,-182.1512435148459,2097.8476690798884,-113.96054644068002,-0.69347657033171,0.0,-0.7204791783257647,3.929013079667063,3.929013079667063
-182.1512435148459,2097.8476690798884,-113.96054644068002,-173.6195318458923,2110.573905760683,-103.36363771264814,-0.69347657033171,0.0,-0.7204791783257647,3.929013079667063,3.929013079667063
-171.96426610104817,2086.403338814271,-105.01890345749229,-182.1512435148459,2097.8476690798884,-113.96054644068002,-0.69347657033171,0.0,-0.7204791783257647,3.929013079667063,3.929013079667063
-182.1512435148459,2097.8476690798884,-113.96054644068002,-192.3382209286437,2109.291999345506,-122.90218942386775,-0.69347657033171,0.0,-0.7204791783257647,3.929013079667063,3.929013079667063
-192.33822092864366,2109.291999345506,-122.90218942386775,-183.80650925969005,2122.0182360263,-112.30528069583588,-0.69347657033171,0.0,-0.7204791783257647,3.929013079667063,3.929013079667063
-183.80650925969005,2122.0182360263,-112.30528069583588,-175.27479759073643,2134.7444727070947,-101.708371967804,-0.69347657033171,0.0,-0.7204791783257647,3.929013079667063,3.929013079667063
-173.61953184589228,2110.573905760683,-103.36363771264814,-183.80650925969005,2122.0182360263,-112.30528069583588,-0.69347657033171,0.0,-0.7204791783257647,3.929013079667063,3.929013079667063
-183.80650925969005,2122.0182360263,-112.30528069583588,-193.9934866734878,2133.462566291918,-121.24692367902361,-0.69347657033171,0.0,-0.7204791783257647,3.929013079667063,3.929013079667063
-193.9934866734878,2133.462566291918,-121.24692367902361,-185.4617750045342,2146.188802972712,-110.65001495099173,-0.69347657033171,0.0,-0.7204791783257647,3.929013079667063,3.929013079667063
-185.4617750045342,2146.188802972712,-110.65001495099173,-176.93006333558057,2158.915039653507,-100.05310622295985,-0.69347657033171,0.0,-0.7204791783257647,3.929013079667063,3.929013079667063
-175.27479759073643,2134.7444727070947,-101.708371967804,-185.4617750045342,2146.188802972712,-110.65001495099173,-0.69347657033171,0.0,-0.7204791783257647,3.929013079667063,3.929013079667063
-185.4617750045342,2146.188802972712,-110.65001495099173,-195.64875241833195,2157.63313323833,-119.59165793417947,-0.69347657033171,0.0,-0.7204791783257647,3.929013079667063,3.929013079667063
-195.64875241833192,2157.6331332383297,-119.59165793417948,-187.11704074937833,2170.3593699191238,-108.9947492061476,-0.69347657033171,0.0,-0.7204791783257647,3.929013079667063,3.929013079667063
-187.11704074937833,2170.3593699191238,-108.9947492061476,-178.58532908042469,2183.0856065999183,-98.39784047811574,-0.69347657033171,0.0,-0.7204791783257647,3.929013079667063,3.929013079667063
-176.93006333558054,2158.9150396535065,-100.05310622295988,-187.11704074937833,2170.3593699191238,-108.9947492061476,-0.69347657033171,0.0,-0.7204791783257647,3.929013079667063,3.929013079667063
-187.11704074937833,2170.3593699191238,-108.9947492061476,-197.30401816317607,2181.8037001847415,-117.93639218933534,-0.69347657033171,0.0,-0.7204791783257647,3.929013079667063,3.929013079667063
-197.30401816317607,2181.8037001847415,-117.93639218933534,-188.77230649422248,2194.529936865536,-107.33948346130346,-0.69347657033171,0.0,-0.7204791783257647,3.929013079667063,3.929013079667063
-188.77230649422248,2194.529936865536,-107.33948346130346,-180.24059482526883,2207.2561735463305,-96.7425747332716,-0.69347657033171,0.0,-0.7204791783257647,3.929013079667063,3.929013079667063
-178.58532908042469,2183.0856065999183,-98.39784047811574,-188.77230649422248,2194.529936865536,-107.33948346130346,-0.69347657033171,0.0,-0.7204791783257647,3.929013079667063,3.929013079667063
-188.77230649422248,2194.529936865536,-107.33948346130346,-198.9592839080202,2205.9742671311537,-116.28112644449119,-0.69347657033171,0.0,-0.7204791783257647,3.929013079667063,3.929013079667063
-198.9592839080202,2205.9742671311537,-116.28112644449119,-190.42757223906662,2218.700503811948,-105.68421771645932,-0.69347657033171,0.0,-0.7204791783257647,3.929013079667063,3.929013079667063
-190.42757223906662,2218.700503811948,-105.68421771645932,-181.89586057011297,2231.4267404927423,-95.08730898842745,-0.69347657033171,0.0,-0.7204791783257647,3.929013079667063,3.929013079667063
-180.24059482526883,2207.2561735463305,-96.7425747332716,-190.42757223906662,2218.700503811948,-105.68421771645932,-0.69347657033171,0.0,-0.7204791783257647,3.929013079667063,3.929013079667063
-190.42757223906662,2218.700503811948,-105.68421771645932,-200.61454965286435,2230.1448340775655,-114.62586069964706,-0.69347657033171,0.0,-0.7204791783257647,3.929013079667063,3.929013079667063
-200.61454965286435,2230.1448340775655,-114.62586069964706,-192.0828379839107,2242.8710707583596,-104.02895197161519,-0.69347657033171,0.0,-0.7204791783257647,3.929013079667063,3.929013079667063
-192.0828379839107,2242.8710707583596,-104.02895197161519,-183.55112631495712,2255.597307439154,-93.43204324358331,-0.69347657033171,0.0,-0.7204791783257647,3.929013079667063,3.929013079667063
-181.89586057011297,2231.4267404927423,-95.08730898842745,-192.0828379839107,2242.8710707583596,-104.02895197161519,-0.69347657033171,0.0,-0.7204791783257647,3.929013079667063,3.929013079667063
-192.0828379839107,2242.8710707583596,-104.02895197161519,-202.2698153977085,2254.3154010239773,-112.97059495480292,-0.69347657033171,0.0,-0.7204791783257647,3.929013079667063,3.929013079667063
-202.2698153977085,2254.3154010239773,-112.97059495480292,-193.73810372875485,2267.0416377047713,-102.37368622677104,-0.69347657033171,0.0,-0.7204791783257647,3.929013079667063,3.929013079667063
-193.73810372875485,2267.0416377047713,-102.37368622677104,-185.20639205980126,2279.767874385566,-91.77677749873916,-0.69347657033171,0.0,-0.7204791783257647,3.929013079667063,3.929013079667063
-183.55112631495712,2255.597307439154,-93.43204324358331,-193.73810372875485,2267.0416377047713,-102.37368622677104,-0.69347657033171,0.0,-0.7204791783257647,3.929013079667063,3.929013079667063
-193.73810372875485,2267.0416377047713,-102.37368622677104,-203.92508114255264,2278.485967970389,-111.31532920995878,-0.69347657033171,0.0,-0.7204791783257647,3.929013079667063,3.929013079667063
-203.92508114255264,2278.485967970389,-111.31532920995878,-195.393369473599,2291.212204651183,-100.7184204819269,-0.69347657033171,0.0,-0.7204791783257647,3.929013079667063,3.929013079667063
-195.393369473599,2291.212204651183,-100.7184204819269,-186.8616578046454,2303.9384413319776,-90.12151175389502,-0.69347657033171,0.0,-0.7204791783257647,3.929013079667063,3.929013079667063
-185.20639205980126,2279.767874385566,-91.77677749873916,-195.393369473599,2291.212204651183,-100.7184204819269,-0.69347657033171,0.0,-0.7204791783257647,3.929013079667063,3.929013079667063
-195.393369473599,2291.212204651183,-100.7184204819269,-205.5803468873968,2302.656534916801,-109.66006346511463,-0.69347657033171,0.0,-0.7204791783257647,3.929013079667063,3.929013079667063
-110.71943354181508,1192.0923617970325,-205.34083943916465,-120.90641095561281,1203.5366920626502,-194.74393071113278,0.69347657033171,0.0,-0.7204791783257647,3.929013079667063,3.929013079667063
-120.90641095561281,1203.5366920626502,-194.74393071113278,-131.09338836941058,1214.9810223282677,-184.1470219831009,0.69347657033171,0.0,-0.7204791783257647,3.929013079667063,3.929013079667063
-129.43812262456646,1190.8104553818557,-185.80228772794504,-120.90641095561281,1203.5366920626502,-194.74393071113278,0.69347657033171,0.0,-0.7204791783257647,3.929013079667063,3.929013079667063
-120.90641095561281,1203.5366920626502,-194.74393071113278,-112.37469928665921,1216.2629287434445,-203.6855736943205,0.69347657033171,0.0,-0.7204791783257647,3.929013079667063,3.929013079667063
-112.37469928665921,1216.2629287434445,-203.6855736943205,-122.56167670045696,1227.707259009062,-193.08866496628863,0.69347657033171,0.0,-0.7204791783257647,3.929013079667063,3.929013079667063
-122.56167670045696,1227.707259009062,-193.08866496628863,-132.74865411425472,1239.1515892746795,-182.49175623825676,0.69347657033171,0.0,-0.7204791783257647,3.929013079667063,3.929013079667063
-131.09338836941058,1214.9810223282677,-184.1470219831009,-122.56167670045696,1227.707259009062,-193.08866496628863,0.69347657033171,0.0,-0.7204791783257647,3.929013079667063,3.929013079667063
-122.56167670045696,1227.707259009062,-193.08866496628863,-114.02996503150335,1240.4334956898563,-202.03030794947637,0.69347657033171,0.0,-0.7204791783257647,3.929013079667063,3.929013079667063
-114.02996503150335,1240.4334956898563,-202.03030794947637,-124.2169424453011,1251.8778259554738,-191.43339922144452,0.69347657033171,0.0,-0.7204791783257647,3.929013079667063,3.929013079667063
-124.2169424453011,1251.8778259554738,-191.43339922144452,-134.40391985909883,1263.3221562210913,-180.83649049341264,0.69347657033171,0.0,-0.7204791783257647,3.929013079667063,3.929013079667063
-132.74865411425472,1239.1515892746795,-182.49175623825676,-124.2169424453011,1251.8778259554738,-191.43339922144452,0.69347657033171,0.0,-0.7204791783257647,3.929013079667063,3.929013079667063
-124.2169424453011,1251.8778259554738,-191.43339922144452,-115.68523077634748,1264.604062636268,-200.37504220463225,0.69347657033171,0.0,-0.7204791783257647,3.929013079667063,3.929013079667063
-115.68523077634748,1264.604062636268,-200.37504220463225,-125.87220819014523,1276.0483929018858,-189.77813347660037,0.69347657033171,0.0,-0.7204791783257647,3.929013079667063,3.929013079667063
-125.87220819014523,1276.0483929018858,-189.77813347660037,-136.05918560394298,1287.4927231675033,-179.1812247485685,0.69347657033171,0.0,-0.7204791783257647,3.929013079667063,3.929013079667063
-134.40391985909883,1263.3221562210913,-180.83649049341264,-125.87220819014523,1276.0483929018858,-189.77813347660037,0.69347657033171,0.0,-0.7204791783257647,3.929013079667063,3.929013079667063
-125.87220819014523,1276.0483929018858,-189.77813347660037,-117.34049652119162,1288.77462958268,-198.7197764597881,0.69347657033171,0.0,-0.7204791783257647,3.929013079667063,3.929013079667063
-117.34049652119162,1288.77462958268,-198.7197764597881,-127.52747393498937,1300.2189598482976,-188.12286773175623,0.69347657033171,0.0,-0.7204791783257647,3.929013079667063,3.929013079667063
-127.52747393498937,1300.2189598482976,-188.12286773175623,-137.71445134878712,1311.663290113915,-177.52595900372435,0.69347657033171,0.0,-0.7204791783257647,3.929013079667063,3.929013079667063
-136.05918560394298,1287.4927231675033,-179.1812247485685,-127.52747393498937,1300.2189598482976,-188.12286773175623,0.69347657033171,0.0,-0.7204791783257647,3.929013079667063,3.929013079667063
-127.52747393498937,1300.2189598482976,-188.12286773175623,-118.99576226603575,1312.9451965290918,-197.06451071494396,0.69347657033171,0.0,-0.7204791783257647,3.929013079667063,3.929013079667063
-118.99576226603575,1312.9451965290918,-197.06451071494396,-129.1827396798335,1324.3895267947094,-186.4676019869121,0.69347657033171,0.0,-0.7204791783257647,3.929013079667063,3.929013079667063
-129.1827396798335,1324.3895267947094,-186.4676019869121,-139.36971709363127,1335.8338570603269,-175.8706932588802,0.69347657033171,0.0,-0.7204791783257647,3.929013079667063,3.929013079667063
-137.71445134878712,1311.663290113915,-177.52595900372435,-129.1827396798335,1324.3895267947094,-186.4676019869121,0.69347657033171,0.0,-0.7204791783257647,3.929013079667063,3.929013079667063
-129.1827396798335,1324.3895267947094,-186.4676019869121,-120.6510280108799,1337.1157634755036,-195.40924497009982,0.69347657033171,0.0,-0.7204791783257647,3.929013079667063,3.929013079667063
-120.6510280108799,1337.1157634755036,-195.40924497009982,-130.83800542467765,1348.5600937411214,-184.81233624206794,0.69347657033171,0.0,-0.7204791783257647,3.929013079667063,3.929013079667063
-130.83800542467765,1348.5600937411214,-184.81233624206794,-141.0249828384754,1360.0044240067389,-174.21542751403607,0.69347657033171,0.0,-0.7204791783257647,3.929013079667063,3.929013079667063
-139.36971709363127,1335.8338570603269,-175.8706932588802,-130.83800542467765,1348.5600937411214,-184.81233624206794,0.69347657033171,0.0,-0.7204791783257647,3.929013079667063,3.929013079667063
-130.83800542467765,1348.5600937411214,-184.81233624206794,-122.30629375572404,1361.2863304219156,-193.75397922525568,0.69347657033171,0.0,-0.7204791783257647,3.929013079667063,3.929013079667063
-122.30629375572404,1361.2863304219156,-193.75397922525568,-132.4932711695218,1372.7306606875331,-183.1570704972238,0.69347657033171,0.0,-0.7204791783257647,3.929013079667063,3.929013079667063
-132.4932711695218,1372.7306606875331,-183.1570704972238,-142.68024858331955,1384.1749909531507,-172.56016176919192,0.69347657033171,0.0,-0.7204791783257647,3.929013079667063,3.929013079667063
-141.0249828384754,1360.0044240067389,-174.21542751403607,-132.4932711695218,1372.7306606875331,-183.1570704972238,0.69347657033171,0.0,-0.7204791783257647,3.929013079667063,3.929013079667063
-132.4932711695218,1372.7306606875331,-183.1570704972238,-123.96155950056817,1385.4568973683274,-192.09871348041153,0.69347657033171,0.0,-0.7204791783257647,3.929013079667063,3.929013079667063
-123.96155950056817,1385.4568973683274,-192.09871348041153,-134.14853691436593,1396.901227633945,-181.50180475237966,0.69347657033171,0.0,-0.7204791783257647,3.929013079667063,3.929013079667063
-134.14853691436593,1396.901227633945,-181.50180475237966,-144.3355143281637,1408.3455578995624,-170.9048960243478,0.69347657033171,0.0,-0.7204791783257647,3.929013079667063,3.929013079667063
-142.68024858331955,1384.1749909531507,-172.56016176919192,-134.14853691436593,1396.901227633945,-181.50180475237966,0.69347657033171,0.0,-0.7204791783257647,3.929013079667063,3.929013079667063
-134.14853691436593,1396.901227633945,-181.50180475237966,-125.61682524541231,1409.6274643147392,-190.44344773556742,0.69347657033171,0.0,-0.7204791783257647,3.929013079667063,3.929013079667063
-125.61682524541231,1409.6274643147392,-190.44344773556742,-135.80380265921008,1421.071794580357,-179.84653900753554,0.69347657033171,0.0,-0.7204791783257647,3.929013079667063,3.929013079667063
-135.80380265921008,1421.071794580357,-179.84653900753554,-145.99078007300784,1432.5161248459744,-169.24963027950366,0.69347657033171,0.0,-0.7204791783257647,3.929013079667063,3.929013079667063
-144.3355143281637,1408.3455578995624,-170.9048960243478,-135.80380265921008,1421.071794580357,-179.84653900753554,0.69347657033171,0.0,-0.7204791783257647,3.929013079667063,3.929013079667063
-135.80380265921008,1421.071794580357,-179.84653900753554,-127.27209099025646,1433.7980312611512,-188.78818199072327,0.69347657033171,0.0,-0.7204791783257647,3.929013079667063,3.929013079667063
-127.27209099025644,1433.798031261151,-188.78818199072327,-137.4590684040542,1445.2423615267687,-178.1912732626914,0.69347657033171,0.0,-0.7204791783257647,3.929013079667063,3.929013079667063
-137.4590684040542,1445.2423615267687,-178.1912732626914,-147.64604581785196,1456.6866917923862,-167.59436453465952,0.69347657033171,0.0,-0.7204791783257647,3.929013079667063,3.929013079667063
-145.9907800730078,1432.5161248459742,-169.24963027950366,-137.4590684040542,1445.2423615267687,-178.1912732626914,0.69347657033171,0.0,-0.7204791783257647,3.929013079667063,3.929013079667063
-137.4590684040542,1445.2423615267687,-178.1912732626914,-128.92735673510057,1457.968598207563,-187.13291624587913,0.69347657033171,0.0,-0.7204791783257647,3.929013079667063,3.929013079667063
-128.92735673510057,1457.968598207563,-187.13291624587913,-139.11433414889834,1469.4129284731807,-176.53600751784725,0.69347657033171,0.0,-0.7204791783257647,3.929013079667063,3.929013079667063
-139.11433414889834,1469.4129284731807,-176.53600751784725,-149.3013115626961,1480.857258738798,-165.93909878981538,0.69347657033171,0.0,-0.7204791783257647,3.929013079667063,3.929013079667063
-147.64604581785196,1456.6866917923862,-167.59436453465952,-139.11433414889834,1469.4129284731807,-176.53600751784725,0.69347657033171,0.0,-0.7204791783257647,3.929013079667063,3.929013079667063
-139.11433414889834,1469.4129284731807,-176.53600751784725,-130.58262247994472,1482.1391651539748,-185.477650501035,0.69347657033171,0.0,-0.7204791783257647,3.929013079667063,3.929013079667063
-130.58262247994472,1482.139165153975,-185.477650501035,-140.76959989374248,1493.5834954195925,-174.8807417730031,0.69347657033171,0.0,-0.7204791783257647,3.929013079667063,3.929013079667063
-140.76959989374248,1493.5834954195925,-174.8807417730031,-150.95657730754024,1505.02782568521,-164.28383304497123,0.69347657033171,0.0,-0.7204791783257647,3.929013079667063,3.929013079667063
-149.3013115626961,1480.8572587387982,-165.93909878981538,-140.76959989374248,1493.5834954195925,-174.8807417730031,0.69347657033171,0.0,-0.7204791783257647,3.929013079667063,3.929013079667063
-140.76959989374248,1493.5834954195925,-174.8807417730031,-132.23788822478886,1506.3097321003868,-183.82238475619084,0.69347657033171,0.0,-0.7204791783257647,3.929013079667063,3.929013079667063
-132.23788822478886,1506.3097321003868,-183.82238475619084,-142.42486563858662,1517.7540623660043,-173.22547602815897,0.69347657033171,0.0,-0.7204791783257647,3.929013079667063,3.929013079667063
-142.42486563858662,1517.7540623660043,-173.22547602815897,-152.61184305238436,1529.1983926316218,-162.6285673001271,0.69347657033171,0.0,-0.7204791783257647,3.929013079667063,3.929013079667063
-150.95657730754024,1505.02782568521,-164.28383304497123,-142.42486563858662,1517.7540623660043,-173.22547602815897,0.69347657033171,0.0,-0.7204791783257647,3.929013079667063,3.929013079667063
-142.42486563858662,1517.7540623660043,-173.22547602815897,-133.89315396963298,1530.4802990467986,-182.1671190113467,0.69347657033171,0.0,-0.7204791783257647,3.929013079667063,3.929013079667063
-133.89315396963298,1530.4802990467986,-182.1671190113467,-144.08013138343074,1541.924629312416,-171.57021028331485,0.69347657033171,0.0,-0.7204791783257647,3.929013079667063,3.929013079667063
-144.08013138343074,1541.924629312416,-171.57021028331485,-154.2671087972285,1553.3689595780336,-160.97330155528297,0.69347657033171,0.0,-0.7204791783257647,3.929013079667063,3.929013079667063
-152.61184305238436,1529.1983926316218,-162.6285673001271,-144.08013138343074,1541.924629312416,-171.57021028331485,0.69347657033171,0.0,-0.7204791783257647,3.929013079667063,3.929013079667063
-144.08013138343074,1541.924629312416,-171.57021028331485,-135.54841971447712,1554.6508659932103,-180.51185326650258,0.69347657033171,0.0,-0.7204791783257647,3.929013079667063,3.929013079667063
-135.54841971447712,1554.6508659932106,-180.51185326650256,-145.73539712827488,1566.0951962588279,-169.9149445384707,0.69347657033171,0.0,-0.7204791783257647,3.929013079667063,3.929013079667063
-145.73539712827488,1566.0951962588279,-169.9149445384707,-155.92237454207265,1577.5395265244456,-159.31803581043883,0.69347657033171,0.0,-0.7204791783257647,3.929013079667063,3.929013079667063
-154.2671087972285,1553.3689595780338,-160.97330155528294,-145.73539712827488,1566.0951962588279,-169.9149445384707,0.69347657033171,0.0,-0.7204791783257647,3.929013079667063,3.929013079667063
-145.73539712827488,1566.0951962588279,-169.9149445384707,-137.20368545932126,1578.8214329396224,-178.85658752165844,0.69347657033171,0.0,-0.7204791783257647,3.929013079667063,3.929013079667063
-137.20368545932126,1578.8214329396224,-178.85658752165844,-147.39066287311903,1590.2657632052399,-168.25967879362656,0.69347657033171,0.0,-0.7204791783257647,3.929013079667063,3.929013079667063
-147.39066287311903,1590.2657632052399,-168.25967879362656,-157.5776402869168,1601.7100934708574,-157.66277006559469,0.69347657033171,0.0,-0.7204791783257647,3.929013079667063,3.929013079667063
-155.92237454207265,1577.5395265244456,-159.31803581043883,-147.39066287311903,1590.2657632052399,-168.25967879362656,0.69347657033171,0.0,-0.7204791783257647,3.929013079667063,3.929013079667063
-147.39066287311903,1590.2657632052399,-168.25967879362656,-138.8589512041654,1602.9919998860341,-177.2013217768143,0.69347657033171,0.0,-0.7204791783257647,3.929013079667063,3.929013079667063
-138.8589512041654,1602.9919998860344,-177.2013217768143,-149.04592861796317,1614.4363301516516,-166.60441304878242,0.69347657033171,0.0,-0.7204791783257647,3.929013079667063,3.929013079667063
-149.04592861796317,1614.4363301516516,-166.60441304878242,-159.23290603176093,1625.8806604172694,-156.00750432075054,0.69347657033171,0.0,-0.7204791783257647,3.929013079667063,3.929013079667063
-157.5776402869168,1601.7100934708576,-157.66277006559469,-149.04592861796317,1614.4363301516516,-166.60441304878242,0.69347657033171,0.0,-0.7204791783257647,3.929013079667063,3.929013079667063
-149.04592861796317,1614.4363301516516,-166.60441304878242,-140.51421694900955,1627.1625668324461,-175.54605603197015,0.69347657033171,0.0,-0.7204791783257647,3.929013079667063,3.929013079667063
-140.51421694900955,1627.1625668324461,-175.54605603197015,-150.70119436280729,1638.6068970980637,-164.94914730393828,0.69347657033171,0.0,-0.7204791783257647,3.929013079667063,3.929013079667063
-150.70119436280729,1638.6068970980637,-164.94914730393828,-160.88817177660505,1650.0512273636812,-154.3522385759064,0.69347657033171,0.0,-0.7204791783257647,3.929013079667063,3.929013079667063
-159.23290603176093,1625.8806604172694,-156.00750432075054,-150.70119436280729,1638.6068970980637,-164.94914730393828,0.69347657033171,0.0,-0.7204791783257647,3.929013079667063,3.929013079667063
-150.70119436280729,1638.6068970980637,-164.94914730393828,-142.16948269385367,1651.333133778858,-173.890790287126,0.69347657033171,0.0,-0.7204791783257647,3.929013079667063,3.929013079667063
-142.16948269385367,1651.333133778858,-173.890790287126,-152.35646010765143,1662.7774640444754,-163.29388155909413,0.69347657033171,0.0,-0.7204791783257647,3.929013079667063,3.929013079667063
-152.35646010765143,1662.7774640444754,-163.29388155909413,-162.5434375214492,1674.221794310093,-152.69697283106228,0.69347657033171,0.0,-0.7204791783257647,3.929013079667063,3.929013079667063
-160.88817177660505,1650.0512273636812,-154.3522385759064,-152.35646010765143,1662.7774640444754,-163.29388155909413,0.69347657033171,0.0,-0.7204791783257647,3.929013079667063,3.929013079667063
-152.35646010765143,1662.7774640444754,-163.29388155909413,-143.8247484386978,1675.5037007252697,-172.2355245422819,0.69347657033171,0.0,-0.7204791783257647,3.929013079667063,3.929013079667063
-143.8247484386978,1675.5037007252697,-172.23552454228187,-154.01172585249557,1686.9480309908872,-161.63861581425,0.69347657033171,0.0,-0.7204791783257647,3.929013079667063,3.929013079667063
-154.01172585249557,1686.9480309908872,-161.63861581425,-164.19870326629334,1698.3923612565047,-151.04170708621814,0.69347657033171,0.0,-0.7204791783257647,3.929013079667063,3.929013079667063
-162.5434375214492,1674.221794310093,-152.69697283106225,-154.01172585249557,1686.9480309908872,-161.63861581425,0.69347657033171,0.0,-0.7204791783257647,3.929013079667063,3.929013079667063
-154.01172585249557,1686.9480309908872,-161.63861581425,-145.48001418354195,1699.6742676716815,-170.58025879743775,0.69347657033171,0.0,-0.7204791783257647,3.929013079667063,3.929013079667063
-145.48001418354195,1699.6742676716815,-170.58025879743775,-155.66699159733972,1711.118597937299,-159.98335006940584,0.69347657033171,0.0,-0.7204791783257647,3.929013079667063,3.929013079667063
-155.66699159733972,1711.118597937299,-159.98335006940584,-165.85396901113745,1722.5629282029165,-149.386441341374,0.69347657033171,0.0,-0.7204791783257647,3.929013079667063,3.929013079667063
-164.19870326629334,1698.3923612565047,-151.04170708621814,-155.66699159733972,1711.118597937299,-159.98335006940584,0.69347657033171,0.0,-0.7204791783257647,3.929013079667063,3.929013079667063
-155.66699159733972,1711.118597937299,-159.98335006940584,-147.13527992838607,1723.8448346180933,-168.9249930525936,0.69347657033171,0.0,-0.7204791783257647,3.929013079667063,3.929013079667063
-147.13527992838607,1723.8448346180933,-168.9249930525936,-157.32225734218386,1735.289164883711,-158.32808432456173,0.69347657033171,0.0,-0.7204791783257647,3.929013079667063,3.929013079667063
-157.32225734218386,1735.289164883711,-158.32808432456173,-167.5092347559816,1746.7334951493285,-147.73117559652985,0.69347657033171,0.0,-0.7204791783257647,3.929013079667063,3.929013079667063
-165.85396901113745,1722.5629282029165,-149.386441341374,-157.32225734218386,1735.289164883711,-158.32808432456173,0.69347657033171,0.0,-0.7204791783257647,3.929013079667063,3.929013079667063
-157.32225734218386,1735.289164883711,-158.32808432456173,-148.7905456732302,1748.0154015645053,-167.26972730774946,0.69347657033171,0.0,-0.7204791783257647,3.929013079667063,3.929013079667063
-148.7905456732302,1748.015401564505,-167.26972730774946,-158.97752308702798,1759.4597318301228,-156.67281857971759,0.69347657033171,0.0,-0.7204791783257647,3.929013079667063,3.929013079667063
-158.97752308702798,1759.4597318301228,-156.67281857971759,-169.16450050082574,1770.9040620957405,-146.0759098516857,0.69347657033171,0.0,-0.7204791783257647,3.929013079667063,3.929013079667063
-167.5092347559816,1746.7334951493283,-147.73117559652985,-158.97752308702798,1759.4597318301228,-156.67281857971759,0.69347657033171,0.0,-0.7204791783257647,3.929013079667063,3.929013079667063
-158.97752308702798,1759.4597318301228,-156.67281857971759,-150.44581141807436,1772.1859685109173,-165.61446156290532,0.69347657033171,0.0,-0.7204791783257647,3.929013079667063,3.929013079667063
-150.44581141807436,1772.1859685109173,-165.61446156290532,-160.63278883187212,1783.6302987765348,-155.01755283487344,0.69347657033171,0.0,-0.7204791783257647,3.929013079667063,3.929013079667063
-160.63278883187212,1783.6302987765348,-155.01755283487344,-170.81976624566988,1795.0746290421523,-144.42064410684156,0.69347657033171,0.0,-0.7204791783257647,3.929013079667063,3.929013079667063
-169.16450050082574,1770.9040620957405,-146.0759098516857,-160.63278883187212,1783.6302987765348,-155.01755283487344,0.69347657033171,0.0,-0.7204791783257647,3.929013079667063,3.929013079667063
-160.63278883187212,1783.6302987765348,-155.01755283487344,-152.1010771629185,1796.356535457329,-163.95919581806118,0.69347657033171,0.0,-0.7204791783257647,3.929013079667063,3.929013079667063
-152.1010771629185,1796.356535457329,-163.95919581806118,-162.28805457671626,1807.8008657229466,-153.3622870900293,0.69347657033171,0.0,-0.7204791783257647,3.929013079667063,3.929013079667063
-162.28805457671626,1807.8008657229466,-153.3622870900293,-172.47503199051403,1819.245195988564,-142.76537836199742,0.69347657033171,0.0,-0.7204791783257647,3.929013079667063,3.929013079667063
-170.81976624566988,1795.0746290421523,-144.42064410684156,-162.28805457671626,1807.8008657229466,-153.3622870900293,0.69347657033171,0.0,-0.7204791783257647,3.929013079667063,3.929013079667063
-162.28805457671626,1807.8008657229466,-153.3622870900293,-153.75634290776264,1820.5271024037409,-162.30393007321703,0.69347657033171,0.0,-0.7204791783257647,3.929013079667063,3.929013079667063
-153.75634290776264,1820.5271024037409,-162.30393007321703,-163.9433203215604,1831.9714326693584,-151.70702134518518,0.69347657033171,0.0,-0.7204791783257647,3.929013079667063,3.929013079667063
-163.9433203215604,1831.9714326693584,-151.70702134518518,-174.13029773535817,1843.4157629349759,-141.11011261715328,0.69347657033171,0.0,-0.7204791783257647,3.929013079667063,3.929013079667063
-172.47503199051403,1819.245195988564,-142.76537836199742,-163.9433203215604,1831.9714326693584,-151.70702134518518,0.69347657033171,0.0,-0.7204791783257647,3.929013079667063,3.929013079667063
-163.9433203215604,1831.9714326693584,-151.70702134518518,-155.4116086526068,1844.6976693501526,-160.6486643283729,0.69347657033171,0.0,-0.7204791783257647,3.929013079667063,3.929013079667063
-155.4116086526068,1844.6976693501526,-160.64866432837292,-165.59858606640452,1856.1419996157701,-150.05175560034104,0.69347657033171,0.0,-0.7204791783257647,3.929013079667063,3.929013079667063
-165.59858606640452,1856.1419996157701,-150.05175560034104,-175.7855634802023,1867.5863298813879,-139.45484687230916,0.69347657033171,0.0,-0.7204791783257647,3.929013079667063,3.929013079667063
-174.13029773535817,1843.4157629349759,-141.1101126171533,-165.59858606640452,1856.1419996157701,-150.05175560034104,0.69347657033171,0.0,-0.7204791783257647,3.929013079667063,3.929013079667063
-165.59858606640452,1856.1419996157701,-150.05175560034104,-157.06687439745093,1868.8682362965646,-158.99339858352877,0.69347657033171,0.0,-0.7204791783257647,3.929013079667063,3.929013079667063
-157.0668743974509,1868.8682362965644,-158.99339858352877,-167.25385181124867,1880.312566562182,-148.3964898554969,0.69347657033171,0.0,-0.7204791783257647,3.929013079667063,3.929013079667063
-167.25385181124867,1880.312566562182,-148.3964898554969,-177.44082922504643,1891.7568968277997,-137.79958112746502,0.69347657033171,0.0,-0.7204791783257647,3.929013079667063,3.929013079667063
-175.78556348020228,1867.5863298813877,-139.45484687230916,-167.25385181124867,1880.312566562182,-148.3964898554969,0.69347657033171,0.0,-0.7204791783257647,3.929013079667063,3.929013079667063
-167.25385181124867,1880.312566562182,-148.3964898554969,-158.72214014229505,1893.0388032429764,-157.33813283868463,0.69347657033171,0.0,-0.7204791783257647,3.929013079667063,3.929013079667063
-158.72214014229505,1893.0388032429764,-157.33813283868463,-168.9091175560928,1904.483133508594,-146.74122411065275,0.69347657033171,0.0,-0.7204791783257647,3.929013079667063,3.929013079667063
-168.9091175560928,1904.483133508594,-146.74122411065275,-179.09609496989057,1915.9274637742117,-136.14431538262087,0.69347657033171,0.0,-0.7204791783257647,3.929013079667063,3.929013079667063
-177.44082922504643,1891.7568968277997,-137.79958112746502,-168.9091175560928,1904.483133508594,-146.74122411065275,0.69347657033171,0.0,-0.7204791783257647,3.929013079667063,3.929013079667063
-168.9091175560928,1904.483133508594,-146.74122411065275,-160.3774058871392,1917.2093701893884,-155.68286709384049,0.69347657033171,0.0,-0.7204791783257647,3.929013079667063,3.929013079667063
-160.3774058871392,1917.2093701893882,-155.68286709384049,-170.56438330093695,1928.653700455006,-145.0859583658086,0.69347657033171,0.0,-0.7204791783257647,3.929013079667063,3.929013079667063
-170.56438330093695,1928.653700455006,-145.0859583658086,-180.75136071473472,1940.0980307206235,-134.48904963777673,0.69347657033171,0.0,-0.7204791783257647,3.929013079667063,3.929013079667063
-179.09609496989057,1915.9274637742114,-136.14431538262087,-170.56438330093695,1928.653700455006,-145.0859583658086,0.69347657033171,0.0,-0.7204791783257647,3.929013079667063,3.929013079667063
-170.56438330093695,1928.653700455006,-145.0859583658086,-162.03267163198333,1941.3799371358002,-154.02760134899634,0.69347657033171,0.0,-0.7204791783257647,3.929013079667063,3.929013079667063
-162.03267163198333,1941.3799371358002,-154.02760134899634,-172.2196490457811,1952.8242674014177,-143.43069262096446,0.69347657033171,0.0,-0.7204791783257647,3.929013079667063,3.929013079667063
-172.2196490457811,1952.8242674014177,-143.43069262096446,-182.40662645957886,1964.2685976670352,-132.8337838929326,0.69347657033171,0.0,-0.7204791783257647,3.929013079667063,3.929013079667063
-180.75136071473472,1940.0980307206235,-134.48904963777673,-172.2196490457811,1952.8242674014177,-143.43069262096446,0.69347657033171,0.0,-0.7204791783257647,3.929013079667063,3.929013079667063
-172.2196490457811,1952.8242674014177,-143.43069262096446,-163.68793737682748,1965.550504082212,-152.3723356041522,0.69347657033171,0.0,-0.7204791783257647,3.929013079667063,3.929013079667063
-163.68793737682745,1965.550504082212,-152.37233560415223,-173.87491479062524,1976.9948343478295,-141.77542687612032,0.69347657033171,0.0,-0.7204791783257647,3.929013079667063,3.929013079667063
-173.87491479062524,1976.9948343478295,-141.77542687612032,-184.06189220442297,1988.439164613447,-131.17851814808847,0.69347657033171,0.0,-0.7204791783257647,3.929013079667063,3.929013079667063
-182.40662645957883,1964.2685976670352,-132.83378389293262,-173.87491479062524,1976.9948343478295,-141.77542687612032,0.69347657033171,0.0,-0.7204791783257647,3.929013079667063,3.929013079667063
-173.87491479062524,1976.9948343478295,-141.77542687612032,-165.3432031216716,1989.7210710286238,-150.71706985930808,0.69347657033171,0.0,-0.7204791783257647,3.929013079667063,3.929013079667063
-165.3432031216716,1989.7210710286238,-150.71706985930808,-175.53018053546936,2001.165401294241,-140.1201611312762,0.69347657033171,0.0,-0.7204791783257647,3.929013079667063,3.929013079667063
-175.53018053546936,2001.165401294241,-140.1201611312762,-185.71715794926712,2012.6097315598588,-129.52325240324433,0.69347657033171,0.0,-0.7204791783257647,3.929013079667063,3.929013079667063
-184.06189220442297,1988.439164613447,-131.17851814808847,-175.53018053546936,2001.165401294241,-140.1201611312762,0.69347657033171,0.0,-0.7204791783257647,3.929013079667063,3.929013079667063
-175.53018053546936,2001.165401294241,-140.1201611312762,-166.99846886651574,2013.8916379750356,-149.06180411446394,0.69347657033171,0.0,-0.7204791783257647,3.929013079667063,3.929013079667063
-166.99846886651574,2013.8916379750356,-149.06180411446394,-177.1854462803135,2025.3359682406528,-138.46489538643206,0.69347657033171,0.0,-0.7204791783257647,3.929013079667063,3.929013079667063
-177.1854462803135,2025.3359682406528,-138.46489538643206,-187.37242369411126,2036.7802985062706,-127.86798665840018,0.69347657033171,0.0,-0.7204791783257647,3.929013079667063,3.929013079667063
-185.71715794926712,2012.6097315598588,-129.52325240324433,-177.1854462803135,2025.3359682406528,-138.46489538643206,0.69347657033171,0.0,-0.7204791783257647,3.929013079667063,3.929013079667063
-177.1854462803135,2025.3359682406528,-138.46489538643206,-168.65373461135988,2038.0622049214473,-147.4065383696198,0.69347657033171,0.0,-0.7204791783257647,3.929013079667063,3.929013079667063
-168.65373461135988,2038.0622049214473,-147.4065383696198,-178.84071202515764,2049.5065351870644,-136.80962964158792,0.69347657033171,0.0,-0.7204791783257647,3.929013079667063,3.929013079667063
-178.84071202515764,2049.5065351870644,-136.80962964158792,-189.0276894389554,2060.9508654526826,-126.21272091355604,0.69347657033171,0.0,-0.7204791783257647,3.929013079667063,3.929013079667063
-187.37242369411126,2036.7802985062706,-127.86798665840018,-178.84071202515764,2049.5065351870644,-136.80962964158792,0.69347657033171,0.0,-0.7204791783257647,3.929013079667063,3.929013079667063
-178.84071202515764,2049.5065351870644,-136.80962964158792,-170.30900035620402,2062.2327718678594,-145.75127262477565,0.69347657033171,0.0,-0.7204791783257647,3.929013079667063,3.929013079667063
-170.30900035620402,2062.2327718678594,-145.75127262477565,-180.4959777700018,2073.6771021334766,-135.15436389674377,0.69347657033171,0.0,-0.7204791783257647,3.929013079667063,3.929013079667063
-180.4959777700018,2073.6771021334766,-135.15436389674377,-190.68295518379955,2085.1214323990944,-124.5574551687119,0.69347657033171,0.0,-0.7204791783257647,3.929013079667063,3.929013079667063
-189.0276894389554,2060.9508654526826,-126.21272091355604,-180.4959777700018,2073.6771021334766,-135.15436389674377,0.69347657033171,0.0,-0.7204791783257647,3.929013079667063,3.929013079667063
-180.4959777700018,2073.6771021334766,-135.15436389674377,-171.96426610104817,2086.403338814271,-144.0960068799315,0.69347657033171,0.0,-0.7204791783257647,3.929013079667063,3.929013079667063
-171.96426610104817,2086.403338814271,-144.0960068799315,-182.1512435148459,2097.8476690798884,-133.49909815189966,0.69347657033171,0.0,-0.7204791783257647,3.929013079667063,3.929013079667063
-182.1512435148459,2097.8476690798884,-133.49909815189966,-192.3382209286437,2109.291999345506,-122.90218942386777,0.69347657033171,0.0,-0.7204791783257647,3.929013079667063,3.929013079667063
-190.68295518379955,2085.1214323990944,-124.5574551687119,-182.1512435148459,2097.8476690798884,-133.49909815189966,0.69347657033171,0.0,-0.7204791783257647,3.929013079667063,3.929013079667063
-182.1512435148459,2097.8476690798884,-133.49909815189966,-173.6195318458923,2110.573905760683,-142.4407411350874,0.69347657033171,0.0,-0.7204791783257647,3.929013079667063,3.929013079667063
-173.61953184589228,2110.573905760683,-142.4407411350874,-183.80650925969005,2122.0182360263,-131.84383240705552,0.69347657033171,0.0,-0.7204791783257647,3.929013079667063,3.929013079667063
-183.80650925969005,2122.0182360263,-131.84383240705552,-193.9934866734878,2133.462566291918,-121.24692367902362,0.69347657033171,0.0,-0.7204791783257647,3.929013079667063,3.929013079667063
-192.33822092864366,2109.291999345506,-122.90218942386777,-183.80650925969005,2122.0182360263,-131.84383240705552,0.69347657033171,0.0,-0.7204791783257647,3.929013079667063,3.929013079667063
-183.80650925969005,2122.0182360263,-131.84383240705552,-175.27479759073643,2134.7444727070947,-140.78547539024325,0.69347657033171,0.0,-0.7204791783257647,3.929013079667063,3.929013079667063
-175.27479759073643,2134.7444727070947,-140.78547539024325,-185.4617750045342,2146.188802972712,-130.18856666221137,0.69347657033171,0.0,-0.7204791783257647,3.929013079667063,3.929013079667063
-185.4617750045342,2146.188802972712,-130.18856666221137,-195.64875241833195,2157.63313323833,-119.59165793417948,0.69347657033171,0.0,-0.7204791783257647,3.929013079667063,3.929013079667063
-193.9934866734878,2133.462566291918,-121.24692367902362,-185.4617750045342,2146.188802972712,-130.18856666221137,0.69347657033171,0.0,-0.7204791783257647,3.929013079667063,3.929013079667063
-185.4617750045342,2146.188802972712,-130.18856666221137,-176.93006333558057,2158.915039653507,-139.1302096453991,0.69347657033171,0.0,-0.7204791783257647,3.929013079667063,3.929013079667063
-176.93006333558054,2158.9150396535065,-139.1302096453991,-187.11704074937833,2170.3593699191238,-128.53330091736723,0.69347657033171,0.0,-0.7204791783257647,3.929013079667063,3.929013079667063
-187.11704074937833,2170.3593699191238,-128.53330091736723,-197.30401816317607,2181.8037001847415,-117.93639218933535,0.69347657033171,0.0,-0.7204791783257647,3.929013079667063,3.929013079667063
-195.64875241833192,2157.6331332383297,-119.5916579341795,-187.11704074937833,2170.3593699191238,-128.53330091736723,0.69347657033171,0.0,-0.7204791783257647,3.929013079667063,3.929013079667063
-187.11704074937833,2170.3593699191238,-128.53330091736723,-178.58532908042469,2183.0856065999183,-137.47494390055496,0.69347657033171,0.0,-0.7204791783257647,3.929013079667063,3.929013079667063
-178.58532908042469,2183.0856065999183,-137.47494390055496,-188.77230649422248,2194.529936865536,-126.87803517252308,0.69347657033171,0.0,-0.7204791783257647,3.929013079667063,3.929013079667063
-188.77230649422248,2194.529936865536,-126.87803517252308,-198.9592839080202,2205.9742671311537,-116.2811264444912,0.69347657033171,0.0,-0.7204791783257647,3.929013079667063,3.929013079667063
-197.30401816317607,2181.8037001847415,-117.93639218933535,-188.77230649422248,2194.529936865536,-126.87803517252308,0.69347657033171,0.0,-0.7204791783257647,3.929013079667063,3.929013079667063
-188.77230649422248,2194.529936865536,-126.87803517252308,-180.24059482526883,2207.2561735463305,-135.81967815571082,0.69347657033171,0.0,-0.7204791783257647,3.929013079667063,3.929013079667063
-180.24059482526883,2207.2561735463305,-135.81967815571082,-190.42757223906662,2218.700503811948,-125.22276942767894,0.69347657033171,0.0,-0.7204791783257647,3.929013079667063,3.929013079667063
-190.42757223906662,2218.700503811948,-125.22276942767894,-200.61454965286435,2230.1448340775655,-114.62586069964708,0.69347657033171,0.0,-0.7204791783257647,3.929013079667063,3.929013079667063
-198.9592839080202,2205.9742671311537,-116.2811264444912,-190.42757223906662,2218.700503811948,-125.22276942767894,0.69347657033171,0.0,-0.7204791783257647,3.929013079667063,3.929013079667063
-190.42757223906662,2218.700503811948,-125.22276942767894,-181.89586057011297,2231.4267404927423,-134.1644124108667,0.69347657033171,0.0,-0.7204791783257647,3.929013079667063,3.929013079667063
-181.89586057011297,2231.4267404927423,-134.1644124108667,-192.0828379839107,2242.8710707583596,-123.56750368283481,0.69347657033171,0.0,-0.7204791783257647,3.929013079667063,3.929013079667063
-192.0828379839107,2242.8710707583596,-123.56750368283481,-202.2698153977085,2254.3154010239773,-112.97059495480293,0.69347657033171,0.0,-0.7204791783257647,3.929013079667063,3.929013079667063
-200.61454965286435,2230.1448340775655,-114.62586069964708,-192.0828379839107,2242.8710707583596,-123.56750368283481,0.69347657033171,0.0,-0.7204791783257647,3.929013079667063,3.929013079667063
-192.0828379839107,2242.8710707583596,-123.56750368283481,-183.55112631495712,2255.597307439154,-132.50914666602256,0.69347657033171,0.0,-0.7204791783257647,3.929013079667063,3.929013079667063
-183.55112631495712,2255.597307439154,-132.50914666602256,-193.73810372875485,2267.0416377047713,-121.91223793799067,0.69347657033171,0.0,-0.7204791783257647,3.929013079667063,3.929013079667063
-193.73810372875485,2267.0416377047713,-121.91223793799067,-203.92508114255264,2278.485967970389,-111.31532920995879,0.69347657033171,0.0,-0.7204791783257647,3.929013079667063,3.929013079667063
-202.2698153977085,2254.3154010239773,-112.97059495480293,-193.73810372875485,2267.0416377047713,-121.91223793799067,0.69347657033171,0.0,-0.7204791783257647,3.929013079667063,3.929013079667063
-193.73810372875485,2267.0416377047713,-121.91223793799067,-185.20639205980126,2279.767874385566,-130.85388092117842,0.69347657033171,0.0,-0.7204791783257647,3.929013079667063,3.929013079667063
-185.20639205980126,2279.767874385566,-130.85388092117842,-195.393369473599,2291.212204651183,-120.25697219314652,0.69347657033171,0.0,-0.7204791783257647,3.929013079667063,3.929013079667063
-195.393369473599,2291.212204651183,-120.25697219314652,-205.5803468873968,2302.656534916801,-109.66006346511465,0.69347657033171,0.0,-0.7204791783257647,3.929013079667063,3.929013079667063
-203.92508114255264,2278.485967970389,-111.31532920995879,-195.393369473599,2291.212204651183,-120.25697219314652,0.69347657033171,0.0,-0.7204791783257647,3.929013079667063,3.929013079667063
-195.393369473599,2291.212204651183,-120.25697219314652,-186.8616578046454,2303.9384413319776,-129.19861517633427,0.69347657033171,0.0,-0.7204791783257647,3.929013079667063,3.929013079667063
-108.5344827586208,1160.187213427769,-187.9872385111393,-110.18974850346494,1184.3577803741807,-201.13390588085548,0.0,0.0,1.0,3.929013079667063,3.929013079667063
-110.18974850346494,1184.3577803741807,-171.53003965173485,-111.84501424830907,1208.5283473205927,-184.67670702145102,0.0,0.0,1.0,3.929013079667063,3.929013079667063
-111.84501424830907,1208.5283473205927,-184.67670702145102,-113.50027999315321,1232.6989142670045,-197.82337439116722,0.0,0.0,1.0,3.929013079667063,3.929013079667063
-110.18974850346494,1184.3577803741807,-201.13390588085548,-111.84501424830907,1208.5283473205927,-184.67670702145102,0.0,0.0,1.0,3.929013079667063,3.929013079667063
-111.84501424830907,1208.5283473205927,-184.67670702145102,-113.50027999315321,1232.6989142670045,-168.2195081620466,0.0,0.0,1.0,3.929013079667063,3.929013079667063
-113.50027999315321,1232.6989142670045,-168.2195081620466,-115.15554573799734,1256.8694812134163,-181.36617553176276,0.0,0.0,1.0,3.929013079667063,3.929013079667063
-115.15554573799734,1256.8694812134163,-181.36617553176276,-116.81081148284149,1281.0400481598283,-194.51284290147893,0.0,0.0,1.0,3.929013079667063,3.929013079667063
-113.50027999315321,1232.6989142670045,-197.82337439116722,-115.15554573799734,1256.8694812134163,-181.36617553176276,0.0,0.0,1.0,3.929013079667063,3.929013079667063
-115.15554573799734,1256.8694812134163,-181.36617553176276,-116.81081148284149,1281.0400481598283,-164.9089766723583,0.0,0.0,1.0,3.929013079667063,3.929013079667063
-116.81081148284149,1281.0400481598283,-164.9089766723583,-118.46607722768562,1305.21061510624,-178.05564404207448,0.0,0.0,1.0,3.929013079667063,3.929013079667063
-118.46607722768562,1305.21061510624,-178.05564404207448,-120.12134297252976,1329.3811820526519,-191.20231141179065,0.0,0.0,1.0,3.929013079667063,3.929013079667063
-116.81081148284149,1281.0400481598283,-194.51284290147893,-118.46607722768562,1305.21061510624,-178.05564404207448,0.0,0.0,1.0,3.929013079667063,3.929013079667063
-118.46607722768562,1305.21061510624,-178.05564404207448,-120.12134297252976,1329.3811820526519,-161.59844518267002,0.0,0.0,1.0,3.929013079667063,3.929013079667063
-120.12134297252976,1329.3811820526519,-161.59844518267002,-121.7766087173739,1353.5517489990636,-174.7451125523862,0.0,0.0,1.0,3.929013079667063,3.929013079667063
-121.7766087173739,1353.5517489990636,-174.7451125523862,-123.43187446221803,1377.7223159454757,-187.8917799221024,0.0,0.0,1.0,3.929013079667063,3.929013079667063
-120.12134297252976,1329.3811820526519,-191.20231141179065,-121.7766087173739,1353.5517489990636,-174.7451125523862,0.0,0.0,1.0,3.929013079667063,3.929013079667063
-121.7766087173739,1353.5517489990636,-174.7451125523862,-123.43187446221803,1377.7223159454757,-158.28791369298176,0.0,0.0,1.0,3.929013079667063,3.929013079667063
-123.43187446221803,1377.7223159454757,-158.28791369298176,-125.08714020706216,1401.8928828918874,-171.43458106269793,0.0,0.0,1.0,3.929013079667063,3.929013079667063
-125.08714020706216,1401.8928828918874,-171.43458106269793,-126.7424059519063,1426.0634498382992,-184.5812484324141,0.0,0.0,1.0,3.929013079667063,3.929013079667063
-123.43187446221803,1377.7223159454757,-187.8917799221024,-125.08714020706216,1401.8928828918874,-171.43458106269793,0.0,0.0,1.0,3.929013079667063,3.929013079667063
-125.08714020706216,1401.8928828918874,-171.43458106269793,-126.7424059519063,1426.0634498382992,-154.97738220329347,0.0,0.0,1.0,3.929013079667063,3.929013079667063
-126.7424059519063,1426.0634498382992,-154.97738220329347,-128.39767169675045,1450.2340167847112,-168.12404957300964,0.0,0.0,1.0,3.929013079667063,3.929013079667063
-128.39767169675045,1450.2340167847112,-168.12404957300964,-130.0529374415946,1474.404583731123,-181.2707169427258,0.0,0.0,1.0,3.929013079667063,3.929013079667063
-126.7424059519063,1426.0634498382992,-184.5812484324141,-128.39767169675045,1450.2340167847112,-168.12404957300964,0.0,0.0,1.0,3.929013079667063,3.929013079667063
-128.39767169675045,1450.2340167847112,-168.12404957300964,-130.0529374415946,1474.404583731123,-151.66685071360519,0.0,0.0,1.0,3.929013079667063,3.929013079667063
-130.0529374415946,1474.404583731123,-151.66685071360519,-131.7082031864387,1498.5751506775348,-164.81351808332136,0.0,0.0,1.0,3.929013079667063,3.929013079667063
-131.7082031864387,1498.5751506775348,-164.81351808332136,-133.36346893128285,1522.7457176239468,-177.96018545303752,0.0,0.0,1.0,3.929013079667063,3.929013079667063
-130.0529374415946,1474.404583731123,-181.2707169427258,-131.7082031864387,1498.5751506775348,-164.81351808332136,0.0,0.0,1.0,3.929013079667063,3.929013079667063
-131.7082031864387,1498.5751506775348,-164.81351808332136,-133.36346893128285,1522.7457176239468,-148.3563192239169,0.0,0.0,1.0,3.929013079667063,3.929013079667063
-133.36346893128285,1522.7457176239466,-148.35631922391693,-135.018734676127,1546.9162845703586,-161.5029865936331,0.0,0.0,1.0,3.929013079667063,3.929013079667063
-135.018734676127,1546.9162845703586,-161.5029865936331,-136.67400042097114,1571.0868515167704,-174.64965396334927,0.0,0.0,1.0,3.929013079667063,3.929013079667063
-133.36346893128285,1522.7457176239466,-177.96018545303755,-135.018734676127,1546.9162845703586,-161.5029865936331,0.0,0.0,1.0,3.929013079667063,3.929013079667063
-135.018734676127,1546.9162845703586,-161.5029865936331,-136.67400042097114,1571.0868515167704,-145.04578773422864,0.0,0.0,1.0,3.929013079667063,3.929013079667063
-136.67400042097114,1571.0868515167704,-145.04578773422864,-138.32926616581528,1595.2574184631824,-158.1924551039448,0.0,0.0,1.0,3.929013079667063,3.929013079667063
-138.32926616581528,1595.2574184631824,-158.1924551039448,-139.9845319106594,1619.4279854095942,-171.33912247366098,0.0,0.0,1.0,3.929013079667063,3.929013079667063
-136.67400042097114,1571.0868515167704,-174.64965396334927,-138.32926616581528,1595.2574184631824,-158.1924551039448,0.0,0.0,1.0,3.929013079667063,3.929013079667063
-138.32926616581528,1595.2574184631824,-158.1924551039448,-139.9845319106594,1619.4279854095942,-141.73525624454035,0.0,0.0,1.0,3.929013079667063,3.929013079667063
-139.9845319106594,1619.4279854095942,-141.73525624454035,-141.63979765550354,1643.598552356006,-154.88192361425652,0.0,0.0,1.0,3.929013079667063,3.929013079667063
-141.63979765550354,1643.598552356006,-154.88192361425652,-143.2950634003477,1667.7691193024177,-168.02859098397272,0.0,0.0,1.0,3.929013079667063,3.929013079667063
-139.9845319106594,1619.4279854095942,-171.33912247366098,-141.63979765550354,1643.598552356006,-154.88192361425652,0.0,0.0,1.0,3.929013079667063,3.929013079667063
-141.63979765550354,1643.598552356006,-154.88192361425652,-143.2950634003477,1667.7691193024177,-138.4247247548521,0.0,0.0,1.0,3.929013079667063,3.929013079667063
-143.2950634003477,1667.7691193024177,-138.4247247548521,-144.9503291451918,1691.9396862488295,-151.57139212456826,0.0,0.0,1.0,3.929013079667063,3.929013079667063
-144.9503291451918,1691.9396862488295,-151.57139212456826,-146.60559489003595,1716.1102531952417,-164.71805949428443,0.0,0.0,1.0,3.929013079667063,3.929013079667063
-143.2950634003477,1667.7691193024177,-168.02859098397272,-144.9503291451918,1691.9396862488295,-151.57139212456826,0.0,0.0,1.0,3.929013079667063,3.929013079667063
-144.9503291451918,1691.9396862488295,-151.57139212456826,-146.60559489003595,1716.1102531952417,-135.1141932651638,0.0,0.0,1.0,3.929013079667063,3.929013079667063
-146.60559489003595,1716.1102531952415,-135.1141932651638,-148.2608606348801,1740.2808201416535,-148.26086063487998,0.0,0.0,1.0,3.929013079667063,3.929013079667063
-148.2608606348801,1740.2808201416535,-148.26086063487998,-149.91612637972423,1764.4513870880653,-161.40752800459614,0.0,0.0,1.0,3.929013079667063,3.929013079667063
-146.60559489003595,1716.1102531952415,-164.71805949428443,-148.2608606348801,1740.2808201416535,-148.26086063487998,0.0,0.0,1.0,3.929013079667063,3.929013079667063
-148.2608606348801,1740.2808201416535,-148.26086063487998,-149.91612637972423,1764.4513870880653,-131.80366177547552,0.0,0.0,1.0,3.929013079667063,3.929013079667063
-149.91612637972423,1764.4513870880653,-131.80366177547552,-151.57139212456838,1788.621954034477,-144.9503291451917,0.0,0.0,1.0,3.929013079667063,3.929013079667063
-151.57139212456838,1788.621954034477,-144.9503291451917,-153.22665786941252,1812.7925209808889,-158.0969965149079,0.0,0.0,1.0,3.929013079667063,3.929013079667063
-149.91612637972423,1764.4513870880653,-161.40752800459614,-151.57139212456838,1788.621954034477,-144.9503291451917,0.0,0.0,1.0,3.929013079667063,3.929013079667063
-151.57139212456838,1788.621954034477,-144.9503291451917,-153.22665786941252,1812.7925209808889,-128.49313028578726,0.0,0.0,1.0,3.929013079667063,3.929013079667063
-153.22665786941252,1812.792520980889,-128.49313028578723,-154.88192361425666,1836.9630879273009,-141.63979765550343,0.0,0.0,1.0,3.929013079667063,3.929013079667063
-154.88192361425666,1836.9630879273009,-141.63979765550343,-156.53718935910078,1861.1336548737127,-154.7864650252196,0.0,0.0,1.0,3.929013079667063,3.929013079667063
-153.22665786941252,1812.792520980889,-158.09699651490786,-154.88192361425666,1836.9630879273009,-141.63979765550343,0.0,0.0,1.0,3.929013079667063,3.929013079667063
-154.88192361425666,1836.9630879273009,-141.63979765550343,-156.53718935910078,1861.1336548737127,-125.18259879609897,0.0,0.0,1.0,3.929013079667063,3.929013079667063
-156.53718935910078,1861.1336548737127,-125.18259879609897,-158.19245510394492,1885.3042218201244,-138.32926616581514,0.0,0.0,1.0,3.929013079667063,3.929013079667063
-158.19245510394492,1885.3042218201244,-138.32926616581514,-159.84772084878904,1909.4747887665364,-151.47593353553134,0.0,0.0,1.0,3.929013079667063,3.929013079667063
-156.53718935910078,1861.1336548737127,-154.7864650252196,-158.19245510394492,1885.3042218201244,-138.32926616581514,0.0,0.0,1.0,3.929013079667063,3.929013079667063
-158.19245510394492,1885.3042218201244,-138.32926616581514,-159.84772084878904,1909.4747887665364,-121.87206730641071,0.0,0.0,1.0,3.929013079667063,3.929013079667063
-159.84772084878907,1909.4747887665364,-121.87206730641068,-161.50298659363318,1933.6453557129482,-135.01873467612688,0.0,0.0,1.0,3.929013079667063,3.929013079667063
-161.50298659363318,1933.6453557129482,-135.01873467612688,-163.15825233847733,1957.81592265936,-148.16540204584305,0.0,0.0,1.0,3.929013079667063,3.929013079667063
-159.84772084878907,1909.4747887665364,-151.4759335355313,-161.50298659363318,1933.6453557129482,-135.01873467612688,0.0,0.0,1.0,3.929013079667063,3.929013079667063
-161.50298659363318,1933.6453557129482,-135.01873467612688,-163.15825233847733,1957.81592265936,-118.56153581672243,0.0,0.0,1.0,3.929013079667063,3.929013079667063
-163.15825233847733,1957.81592265936,-118.56153581672243,-164.81351808332147,1981.9864896057718,-131.7082031864386,0.0,0.0,1.0,3.929013079667063,3.929013079667063
-164.81351808332147,1981.9864896057718,-131.7082031864386,-166.4687838281656,2006.1570565521836,-144.85487055615476,0.0,0.0,1.0,3.929013079667063,3.929013079667063
-163.15825233847733,1957.81592265936,-148.16540204584305,-164.81351808332147,1981.9864896057718,-131.7082031864386,0.0,0.0,1.0,3.929013079667063,3.929013079667063
-164.81351808332147,1981.9864896057718,-131.7082031864386,-166.4687838281656,2006.1570565521836,-115.25100432703414,0.0,0.0,1.0,3.929013079667063,3.929013079667063
-166.4687838281656,2006.157056552184,-115.25100432703414,-168.12404957300976,2030.3276234985958,-128.3976716967503,0.0,0.0,1.0,3.929013079667063,3.929013079667063
-168.12404957300976,2030.3276234985958,-128.3976716967503,-169.7793153178539,2054.4981904450074,-141.54433906646648,0.0,0.0,1.0,3.929013079667063,3.929013079667063
-166.4687838281656,2006.157056552184,-144.85487055615476,-168.12404957300976,2030.3276234985958,-128.3976716967503,0.0,0.0,1.0,3.929013079667063,3.929013079667063
-168.12404957300976,2030.3276234985958,-128.3976716967503,-169.7793153178539,2054.4981904450074,-111.94047283734585,0.0,0.0,1.0,3.929013079667063,3.929013079667063
-169.7793153178539,2054.4981904450074,-111.94047283734585,-171.43458106269802,2078.668757391419,-125.08714020706202,0.0,0.0,1.0,3.929013079667063,3.929013079667063
-171.43458106269802,2078.668757391419,-125.08714020706202,-173.08984680754216,2102.839324337831,-138.23380757677822,0.0,0.0,1.0,3.929013079667063,3.929013079667063
-169.7793153178539,2054.4981904450074,-141.54433906646648,-171.43458106269802,2078.668757391419,-125.08714020706202,0.0,0.0,1.0,3.929013079667063,3.929013079667063
-171.43458106269802,2078.668757391419,-125.08714020706202,-173.08984680754216,2102.839324337831,-108.62994134765758,0.0,0.0,1.0,3.929013079667063,3.929013079667063
-173.08984680754216,2102.839324337831,-108.62994134765758,-174.74511255238627,2127.0098912842427,-121.77660871737376,0.0,0.0,1.0,3.929013079667063,3.929013079667063
-174.74511255238627,2127.0098912842427,-121.77660871737376,-176.40037829723042,2151.1804582306545,-134.92327608708993,0.0,0.0,1.0,3.929013079667063,3.929013079667063
-173.08984680754216,2102.839324337831,-138.23380757677822,-174.74511255238627,2127.0098912842427,-121.77660871737376,0.0,0.0,1.0,3.929013079667063,3.929013079667063
-174.74511255238627,2127.0098912842427,-121.77660871737376,-176.40037829723042,2151.1804582306545,-105.3194098579693,0.0,0.0,1.0,3.929013079667063,3.929013079667063
-176.40037829723042,2151.180458230655,-105.3194098579693,-178.05564404207456,2175.3510251770667,-118.46607722768547,0.0,0.0,1.0,3.929013079667063,3.929013079667063
-178.05564404207456,2175.3510251770667,-118.46607722768547,-179.7109097869187,2199.5215921234785,-131.61274459740167,0.0,0.0,1.0,3.929013079667063,3.929013079667063
-176.40037829723042,2151.180458230655,-134.92327608708993,-178.05564404207456,2175.3510251770667,-118.46607722768547,0.0,0.0,1.0,3.929013079667063,3.929013079667063
-178.05564404207456,2175.3510251770667,-118.46607722768547,-179.7109097869187,2199.5215921234785,-102.00887836828103,0.0,0.0,1.0,3.929013079667063,3.929013079667063
-179.7109097869187,2199.5215921234785,-102.00887836828102,-181.36617553176285,2223.6921590698903,-115.1555457379972,0.0,0.0,1.0,3.929013079667063,3.929013079667063
-181.36617553176285,2223.6921590698903,-115.1555457379972,-183.021441276607,2247.862726016302,-128.30221310771338,0.0,0.0,1.0,3.929013079667063,3.929013079667063
-179.7109097869187,2199.5215921234785,-131.61274459740164,-181.36617553176285,2223.6921590698903,-115.1555457379972,0.0,0.0,1.0,3.929013079667063,3.929013079667063
-181.36617553176285,2223.6921590698903,-115.1555457379972,-183.021441276607,2247.862726016302,-98.69834687859274,0.0,0.0,1.0,3.929013079667063,3.929013079667063
-183.02144127660696,2247.862726016302,-98.69834687859277,-184.6767070214511,2272.033292962714,-111.84501424830894,0.0,0.0,1.0,3.929013079667063,3.929013079667063
-184.6767070214511,2272.033292962714,-111.84501424830894,-186.33197276629525,2296.2038599091256,-124.99168161802511,0.0,0.0,1.0,3.929013079667063,3.929013079667063
-183.02144127660696,2247.862726016302,-128.3022131077134,-184.6767070214511,2272.033292962714,-111.84501424830894,0.0,0.0,1.0,3.929013079667063,3.929013079667063
-184.6767070214511,2272.033292962714,-111.84501424830894,-186.33197276629525,2296.2038599091256,-95.38781538890449,0.0,0.0,1.0,3.929013079667063,3.929013079667063
-187.9872385111394,2320.3744268555374,-108.53448275862065,-186.33197276629525,2296.2038599091256,-124.99168161802511,0.0,0.0,1.0,3.929013079667063,3.929013079667063
-113.50027999315321,1232.6989142670045,-168.2195081620466,-114.02996503150332,1240.4334956898563,-162.95320452703714,0.0,0.0,1.0,3.929013079667063,3.929013079667063
-113.50027999315321,1232.6989142670045,-197.82337439116722,-114.02996503150335,1240.4334956898563,-202.03030794947637,0.0,0.0,1.0,3.929013079667063,3.929013079667063
-116.81081148284149,1281.0400481598283,-164.9089766723583,-117.3404965211916,1288.77462958268,-159.64267303734889,0.0,0.0,1.0,3.929013079667063,3.929013079667063
-116.81081148284149,1281.0400481598283,-194.51284290147893,-117.34049652119162,1288.77462958268,-198.7197764597881,0.0,0.0,1.0,3.929013079667063,3.929013079667063
-120.12134297252976,1329.3811820526519,-161.59844518267002,-120.65102801087987,1337.1157634755036,-156.3321415476606,0.0,0.0,1.0,3.929013079667063,3.929013079667063
-120.12134297252976,1329.3811820526519,-191.20231141179065,-120.6510280108799,1337.1157634755036,-195.40924497009982,0.0,0.0,1.0,3.929013079667063,3.929013079667063
-123.43187446221803,1377.7223159454757,-158.28791369298176,-123.96155950056814,1385.4568973683274,-153.02161005797234,0.0,0.0,1.0,3.929013079667063,3.929013079667063
-123.43187446221803,1377.7223159454757,-187.8917799221024,-123.96155950056817,1385.4568973683274,-192.09871348041156,0.0,0.0,1.0,3.929013079667063,3.929013079667063
-126.7424059519063,1426.0634498382992,-154.97738220329347,-127.27209099025642,1433.798031261151,-149.71107856828405,0.0,0.0,1.0,3.929013079667063,3.929013079667063
-126.7424059519063,1426.0634498382992,-184.5812484324141,-127.27209099025644,1433.798031261151,-188.78818199072327,0.0,0.0,1.0,3.929013079667063,3.929013079667063
-130.0529374415946,1474.404583731123,-151.66685071360519,-130.58262247994472,1482.1391651539748,-146.40054707859576,0.0,0.0,1.0,3.929013079667063,3.929013079667063
-130.0529374415946,1474.404583731123,-181.2707169427258,-130.58262247994472,1482.1391651539748,-185.477650501035,0.0,0.0,1.0,3.929013079667063,3.929013079667063
-133.36346893128285,1522.7457176239468,-148.3563192239169,-133.89315396963298,1530.4802990467986,-143.09001558890748,0.0,0.0,1.0,3.929013079667063,3.929013079667063
-133.36346893128285,1522.7457176239468,-177.96018545303752,-133.89315396963298,1530.4802990467986,-182.1671190113467,0.0,0.0,1.0,3.929013079667063,3.929013079667063
-136.67400042097114,1571.0868515167704,-145.04578773422864,-137.20368545932126,1578.8214329396221,-139.77948409921922,0.0,0.0,1.0,3.929013079667063,3.929013079667063
-136.67400042097114,1571.0868515167704,-174.64965396334927,-137.20368545932126,1578.8214329396221,-178.85658752165844,0.0,0.0,1.0,3.929013079667063,3.929013079667063
-139.9845319106594,1619.4279854095942,-141.73525624454035,-140.51421694900952,1627.162566832446,-136.46895260953093,0.0,0.0,1.0,3.929013079667063,3.929013079667063
-139.9845319106594,1619.4279854095942,-171.33912247366098,-140.51421694900952,1627.162566832446,-175.54605603197015,0.0,0.0,1.0,3.929013079667063,3.929013079667063
-143.2950634003477,1667.7691193024177,-138.4247247548521,-143.8247484386978,1675.5037007252697,-133.15842111984267,0.0,0.0,1.0,3.929013079667063,3.929013079667063
-143.2950634003477,1667.7691193024177,-168.02859098397272,-143.8247484386978,1675.5037007252697,-172.2355245422819,0.0,0.0,1.0,3.929013079667063,3.929013079667063
-146.60559489003595,1716.1102531952417,-135.1141932651638,-147.13527992838607,1723.8448346180933,-129.84788963015438,0.0,0.0,1.0,3.929013079667063,3.929013079667063
-146.60559489003595,1716.1102531952417,-164.71805949428443,-147.13527992838607,1723.8448346180933,-168.9249930525936,0.0,0.0,1.0,3.929013079667063,3.929013079667063
-149.91612637972423,1764.4513870880653,-131.80366177547552,-150.44581141807436,1772.185968510917,-126.5373581404661,0.0,0.0,1.0,3.929013079667063,3.929013079667063
-149.91612637972423,1764.4513870880653,-161.40752800459614,-150.44581141807436,1772.185968510917,-165.61446156290532,0.0,0.0,1.0,3.929013079667063,3.929013079667063
-153.22665786941252,1812.7925209808889,-128.49313028578726,-153.75634290776264,1820.5271024037409,-123.22682665077784,0.0,0.0,1.0,3.929013079667063,3.929013079667063
-153.22665786941252,1812.7925209808889,-158.0969965149079,-153.75634290776264,1820.5271024037409,-162.30393007321706,0.0,0.0,1.0,3.929013079667063,3.929013079667063
-156.53718935910078,1861.1336548737127,-125.18259879609897,-157.0668743974509,1868.8682362965644,-119.91629516108955,0.0,0.0,1.0,3.929013079667063,3.929013079667063
-156.53718935910078,1861.1336548737127,-154.7864650252196,-157.0668743974509,1868.8682362965644,-158.99339858352877,0.0,0.0,1.0,3.929013079667063,3.929013079667063
-159.84772084878904,1909.4747887665364,-121.87206730641071,-160.37740588713916,1917.209370189388,-116.60576367140129,0.0,0.0,1.0,3.929013079667063,3.929013079667063
-159.84772084878904,1909.4747887665364,-151.47593353553134,-160.37740588713916,1917.209370189388,-155.6828670938405,0.0,0.0,1.0,3.929013079667063,3.929013079667063
-163.15825233847733,1957.81592265936,-118.56153581672243,-163.68793737682745,1965.550504082212,-113.295232181713,0.0,0.0,1.0,3.929013079667063,3.929013079667063
-163.15825233847733,1957.81592265936,-148.16540204584305,-163.68793737682745,1965.550504082212,-152.37233560415223,0.0,0.0,1.0,3.929013079667063,3.929013079667063
-166.4687838281656,2006.1570565521836,-115.25100432703414,-166.99846886651574,2013.8916379750356,-109.98470069202472,0.0,0.0,1.0,3.929013079667063,3.929013079667063
-166.4687838281656,2006.1570565521836,-144.85487055615476,-166.99846886651574,2013.8916379750356,-149.06180411446394,0.0,0.0,1.0,3.929013079667063,3.929013079667063
-169.7793153178539,2054.4981904450074,-111.94047283734585,-170.30900035620402,2062.232771867859,-106.67416920233643,0.0,0.0,1.0,3.929013079667063,3.929013079667063
-169.7793153178539,2054.4981904450074,-141.54433906646648,-170.30900035620402,2062.232771867859,-145.75127262477565,0.0,0.0,1.0,3.929013079667063,3.929013079667063
-173.08984680754216,2102.839324337831,-108.62994134765758,-173.61953184589228,2110.573905760683,-103.36363771264814,0.0,0.0,1.0,3.929013079667063,3.929013079667063
-173.08984680754216,2102.839324337831,-138.23380757677822,-173.61953184589228,2110.573905760683,-142.4407411350874,0.0,0.0,1.0,3.929013079667063,3.929013079667063
-176.40037829723042,2151.1804582306545,-105.3194098579693,-176.93006333558054,2158.9150396535065,-100.05310622295988,0.0,0.0,1.0,3.929013079667063,3.929013079667063
-176.40037829723042,2151.1804582306545,-134.92327608708993,-176.93006333558054,2158.9150396535065,-139.1302096453991,0.0,0.0,1.0,3.929013079667063,3.929013079667063
-179.7109097869187,2199.5215921234785,-102.00887836828103,-180.24059482526883,2207.25617354633,-96.7425747332716,0.0,0.0,1.0,3.929013079667063,3.929013079667063
-179.7109097869187,2199.5215921234785,-131.61274459740167,-180.24059482526883,2207.25617354633,-135.81967815571085,0.0,0.0,1.0,3.929013079667063,3.929013079667063
-183.021441276607,2247.862726016302,-98.69834687859274,-183.55112631495712,2255.597307439154,-93.43204324358331,0.0,0.0,1.0,3.929013079667063,3.929013079667063
-183.021441276607,2247.862726016302,-128.30221310771338,-183.55112631495712,2255.597307439154,-132.50914666602256,0.0,0.0,1.0,3.929013079667063,3.929013079667063
-186.33197276629525,2296.2038599091256,-95.38781538890449,-186.86165780464538,2303.9384413319776,-90.12151175389505,0.0,0.0,1.0,3.929013079667063,3.929013079667063
-186.33197276629525,2296.2038599091256,-124.99168161802511,-186.86165780464538,2303.9384413319776,-129.19861517633427,0.0,0.0,1.0,3.929013079667063,3.929013079667063
-187.9872385111394,2320.3744268555374,-108.53448275862065,-186.33197276629525,2296.2038599091256,-95.38781538890449,0.0,0.0,1.0,3.929013079667063,3.929013079667063
-75.60344827586214,1160.187213427769,-130.9490136411987,-81.47683374169354,1184.3577803741807,-118.4699463783864,0.0,0.0,1.0,3.929013079667063,3.929013079667063
-89.72594545379329,1192.9848075213158,-140.86009892692408,-85.7535953527362,1204.6238681323803,-127.87939150425657,-0.6900981947236448,0.0,-0.7237157464358271,3.929013079667063,3.929013079667063
-85.7535953527362,1204.6238681323803,-127.87939150425657,-81.78124525167912,1216.2629287434445,-114.89868408158908,-0.6900981947236448,0.0,-0.7237157464358271,3.929013079667063,3.929013079667063
-83.35631709075959,1192.0923617970325,-114.47664485428648,-85.7535953527362,1204.6238681323803,-127.87939150425657,-0.6900981947236448,0.0,-0.7237157464358271,3.929013079667063,3.929013079667063
-85.7535953527362,1204.6238681323803,-127.87939150425657,-88.15087361471282,1217.1553744677278,-141.2821381542267,-0.6900981947236448,0.0,-0.7237157464358271,3.929013079667063,3.929013079667063
-88.15087361471282,1217.1553744677278,-141.2821381542267,-84.17852351365576,1228.794435078792,-128.30143073155918,-0.6900981947236448,0.0,-0.7237157464358271,3.929013079667063,3.929013079667063
-84.17852351365576,1228.794435078792,-128.30143073155918,-80.20617341259867,1240.4334956898563,-115.32072330889169,-0.6900981947236448,0.0,-0.7237157464358271,3.929013079667063,3.929013079667063
-81.78124525167912,1216.2629287434445,-114.89868408158908,-84.17852351365576,1228.794435078792,-128.30143073155918,-0.6900981947236448,0.0,-0.7237157464358271,3.929013079667063,3.929013079667063
-84.17852351365576,1228.794435078792,-128.30143073155918,-86.57580177563237,1241.3259414141396,-141.7041773815293,-0.6900981947236448,0.0,-0.7237157464358271,3.929013079667063,3.929013079667063
-86.57580177563237,1241.3259414141396,-141.7041773815293,-82.6034516745753,1252.9650020252038,-128.72346995886178,-0.6900981947236448,0.0,-0.7237157464358271,3.929013079667063,3.929013079667063
-82.6034516745753,1252.9650020252038,-128.72346995886178,-78.63110157351821,1264.6040626362683,-115.74276253619432,-0.6900981947236448,0.0,-0.7237157464358271,3.929013079667063,3.929013079667063
-80.20617341259867,1240.4334956898563,-115.32072330889169,-82.6034516745753,1252.9650020252038,-128.72346995886178,-0.6900981947236448,0.0,-0.7237157464358271,3.929013079667063,3.929013079667063
-82.6034516745753,1252.9650020252038,-128.72346995886178,-85.0007299365519,1265.4965083605516,-142.12621660883192,-0.6900981947236448,0.0,-0.7237157464358271,3.929013079667063,3.929013079667063
-85.0007299365519,1265.4965083605514,-142.12621660883192,-81.02837983549483,1277.1355689716158,-129.14550918616442,-0.6900981947236448,0.0,-0.7237157464358271,3.929013079667063,3.929013079667063
-81.02837983549483,1277.1355689716158,-129.14550918616442,-77.05602973443776,1288.77462958268,-116.16480176349692,-0.6900981947236448,0.0,-0.7237157464358271,3.929013079667063,3.929013079667063
-78.63110157351821,1264.604062636268,-115.74276253619432,-81.02837983549483,1277.1355689716158,-129.14550918616442,-0.6900981947236448,0.0,-0.7237157464358271,3.929013079667063,3.929013079667063
-81.02837983549483,1277.1355689716158,-129.14550918616442,-83.42565809747146,1289.6670753069634,-142.54825583613453,-0.6900981947236448,0.0,-0.7237157464358271,3.929013079667063,3.929013079667063
-83.42565809747146,1289.6670753069634,-142.54825583613453,-79.45330799641437,1301.3061359180276,-129.56754841346702,-0.6900981947236448,0.0,-0.7237157464358271,3.929013079667063,3.929013079667063
-79.45330799641437,1301.3061359180276,-129.56754841346702,-75.48095789535729,1312.9451965290918,-116.58684099079953,-0.6900981947236448,0.0,-0.7237157464358271,3.929013079667063,3.929013079667063
-77.05602973443776,1288.77462958268,-116.16480176349692,-79.45330799641437,1301.3061359180276,-129.56754841346702,-0.6900981947236448,0.0,-0.7237157464358271,3.929013079667063,3.929013079667063
-79.45330799641437,1301.3061359180276,-129.56754841346702,-81.85058625839099,1313.8376422533752,-142.97029506343713,-0.6900981947236448,0.0,-0.7237157464358271,3.929013079667063,3.929013079667063
-81.85058625839099,1313.8376422533752,-142.97029506343713,-77.8782361573339,1325.4767028644394,-129.98958764076963,-0.6900981947236448,0.0,-0.7237157464358271,3.929013079667063,3.929013079667063
-77.8782361573339,1325.4767028644394,-129.98958764076963,-73.90588605627684,1337.1157634755039,-117.00888021810216,-0.6900981947236448,0.0,-0.7237157464358271,3.929013079667063,3.929013079667063
-75.48095789535729,1312.9451965290918,-116.58684099079953,-77.8782361573339,1325.4767028644394,-129.98958764076963,-0.6900981947236448,0.0,-0.7237157464358271,3.929013079667063,3.929013079667063
-77.8782361573339,1325.4767028644394,-129.98958764076963,-80.27551441931054,1338.0082091997872,-143.39233429073977,-0.6900981947236448,0.0,-0.7237157464358271,3.929013079667063,3.929013079667063
-80.27551441931054,1338.0082091997872,-143.39233429073977,-76.30316431825347,1349.6472698108514,-130.41162686807226,-0.6900981947236448,0.0,-0.7237157464358271,3.929013079667063,3.929013079667063
-76.30316431825347,1349.6472698108514,-130.41162686807226,-72.33081421719638,1361.2863304219156,-117.43091944540477,-0.6900981947236448,0.0,-0.7237157464358271,3.929013079667063,3.929013079667063
-73.90588605627684,1337.1157634755039,-117.00888021810216,-76.30316431825347,1349.6472698108514,-130.41162686807226,-0.6900981947236448,0.0,-0.7237157464358271,3.929013079667063,3.929013079667063
-76.30316431825347,1349.6472698108514,-130.41162686807226,-78.70044258023007,1362.178776146199,-143.81437351804237,-0.6900981947236448,0.0,-0.7237157464358271,3.929013079667063,3.929013079667063
-78.70044258023007,1362.178776146199,-143.81437351804237,-74.728092479173,1373.8178367572632,-130.83366609537487,-0.6900981947236448,0.0,-0.7237157464358271,3.929013079667063,3.929013079667063
-74.728092479173,1373.8178367572632,-130.83366609537487,-70.75574237811591,1385.4568973683274,-117.85295867270737,-0.6900981947236448,0.0,-0.7237157464358271,3.929013079667063,3.929013079667063
-72.33081421719638,1361.2863304219156,-117.43091944540477,-74.728092479173,1373.8178367572632,-130.83366609537487,-0.6900981947236448,0.0,-0.7237157464358271,3.929013079667063,3.929013079667063
-74.728092479173,1373.8178367572632,-130.83366609537487,-77.12537074114962,1386.3493430926108,-144.23641274534498,-0.6900981947236448,0.0,-0.7237157464358271,3.929013079667063,3.929013079667063
-77.12537074114962,1386.3493430926108,-144.23641274534498,-73.15302064009254,1397.9884037036752,-131.25570532267747,-0.6900981947236448,0.0,-0.7237157464358271,3.929013079667063,3.929013079667063
-73.15302064009254,1397.9884037036752,-131.25570532267747,-69.18067053903546,1409.6274643147394,-118.27499790000998,-0.6900981947236448,0.0,-0.7237157464358271,3.929013079667063,3.929013079667063
-70.75574237811591,1385.4568973683274,-117.85295867270737,-73.15302064009254,1397.9884037036752,-131.25570532267747,-0.6900981947236448,0.0,-0.7237157464358271,3.929013079667063,3.929013079667063
-73.15302064009254,1397.9884037036752,-131.25570532267747,-75.55029890206916,1410.5199100390228,-144.65845197264758,-0.6900981947236448,0.0,-0.7237157464358271,3.929013079667063,3.929013079667063
-75.55029890206916,1410.5199100390228,-144.65845197264758,-71.57794880101207,1422.158970650087,-131.6777445499801,-0.6900981947236448,0.0,-0.7237157464358271,3.929013079667063,3.929013079667063
-71.57794880101207,1422.158970650087,-131.6777445499801,-67.605598699955,1433.7980312611512,-118.69703712731261,-0.6900981947236448,0.0,-0.7237157464358271,3.929013079667063,3.929013079667063
-69.18067053903546,1409.6274643147394,-118.27499790000998,-71.57794880101207,1422.158970650087,-131.6777445499801,-0.6900981947236448,0.0,-0.7237157464358271,3.929013079667063,3.929013079667063
-71.57794880101207,1422.158970650087,-131.6777445499801,-73.97522706298871,1434.6904769854345,-145.08049119995022,-0.6900981947236448,0.0,-0.7237157464358271,3.929013079667063,3.929013079667063
-73.97522706298871,1434.6904769854345,-145.08049119995022,-70.00287696193163,1446.3295375964988,-132.0997837772827,-0.6900981947236448,0.0,-0.7237157464358271,3.929013079667063,3.929013079667063
-70.00287696193163,1446.3295375964988,-132.0997837772827,-66.03052686087455,1457.968598207563,-119.11907635461522,-0.6900981947236448,0.0,-0.7237157464358271,3.929013079667063,3.929013079667063
-67.605598699955,1433.7980312611512,-118.69703712731261,-70.00287696193163,1446.3295375964988,-132.0997837772827,-0.6900981947236448,0.0,-0.7237157464358271,3.929013079667063,3.929013079667063
-70.00287696193163,1446.3295375964988,-132.0997837772827,-72.40015522390824,1458.8610439318463,-145.50253042725282,-0.6900981947236448,0.0,-0.7237157464358271,3.929013079667063,3.929013079667063
-72.40015522390824,1458.8610439318463,-145.50253042725282,-68.42780512285117,1470.5001045429105,-132.52182300458531,-0.6900981947236448,0.0,-0.7237157464358271,3.929013079667063,3.929013079667063
-68.42780512285117,1470.5001045429105,-132.52182300458531,-64.45545502179408,1482.1391651539748,-119.54111558191782,-0.6900981947236448,0.0,-0.7237157464358271,3.929013079667063,3.929013079667063
-66.03052686087455,1457.968598207563,-119.11907635461522,-68.42780512285117,1470.5001045429105,-132.52182300458531,-0.6900981947236448,0.0,-0.7237157464358271,3.929013079667063,3.929013079667063
-68.42780512285117,1470.5001045429105,-132.52182300458531,-70.82508338482779,1483.031610878258,-145.92456965455543,-0.6900981947236448,0.0,-0.7237157464358271,3.929013079667063,3.929013079667063
-70.82508338482779,1483.031610878258,-145.92456965455543,-66.8527332837707,1494.6706714893226,-132.94386223188792,-0.6900981947236448,0.0,-0.7237157464358271,3.929013079667063,3.929013079667063
-66.8527332837707,1494.6706714893226,-132.94386223188792,-62.88038318271362,1506.3097321003868,-119.96315480922046,-0.6900981947236448,0.0,-0.7237157464358271,3.929013079667063,3.929013079667063
-64.45545502179408,1482.1391651539748,-119.54111558191782,-66.8527332837707,1494.6706714893226,-132.94386223188792,-0.6900981947236448,0.0,-0.7237157464358271,3.929013079667063,3.929013079667063
-66.8527332837707,1494.6706714893226,-132.94386223188792,-69.25001154574733,1507.2021778246701,-146.34660888185806,-0.6900981947236448,0.0,-0.7237157464358271,3.929013079667063,3.929013079667063
-69.25001154574733,1507.2021778246701,-146.34660888185806,-65.27766144469024,1518.8412384357343,-133.36590145919055,-0.6900981947236448,0.0,-0.7237157464358271,3.929013079667063,3.929013079667063
-65.27766144469024,1518.8412384357343,-133.36590145919055,-61.305311343633164,1530.4802990467986,-120.38519403652306,-0.6900981947236448,0.0,-0.7237157464358271,3.929013079667063,3.929013079667063
-62.88038318271362,1506.3097321003868,-119.96315480922046,-65.27766144469024,1518.8412384357343,-133.36590145919055,-0.6900981947236448,0.0,-0.7237157464358271,3.929013079667063,3.929013079667063
-65.27766144469024,1518.8412384357343,-133.36590145919055,-67.67493970666688,1531.372744771082,-146.76864810916067,-0.6900981947236448,0.0,-0.7237157464358271,3.929013079667063,3.929013079667063
-67.67493970666688,1531.372744771082,-146.76864810916067,-63.702589605609795,1543.0118053821461,-133.78794068649316,-0.6900981947236448,0.0,-0.7237157464358271,3.929013079667063,3.929013079667063
-63.702589605609795,1543.0118053821461,-133.78794068649316,-59.730239504552706,1554.6508659932106,-120.80723326382567,-0.6900981947236448,0.0,-0.7237157464358271,3.929013079667063,3.929013079667063
-61.305311343633164,1530.4802990467986,-120.38519403652306,-63.702589605609795,1543.0118053821461,-133.78794068649316,-0.6900981947236448,0.0,-0.7237157464358271,3.929013079667063,3.929013079667063
-63.702589605609795,1543.0118053821461,-133.78794068649316,-66.09986786758641,1555.543311717494,-147.19068733646327,-0.6900981947236448,0.0,-0.7237157464358271,3.929013079667063,3.929013079667063
-66.09986786758641,1555.543311717494,-147.19068733646327,-62.12751776652933,1567.1823723285581,-134.20997991379576,-0.6900981947236448,0.0,-0.7237157464358271,3.929013079667063,3.929013079667063
-62.12751776652933,1567.1823723285581,-134.20997991379576,-58.15516766547224,1578.8214329396224,-121.2292724911283,-0.6900981947236448,0.0,-0.7237157464358271,3.929013079667063,3.929013079667063
-59.730239504552706,1554.6508659932106,-120.80723326382567,-62.12751776652933,1567.1823723285581,-134.20997991379576,-0.6900981947236448,0.0,-0.7237157464358271,3.929013079667063,3.929013079667063
-62.12751776652933,1567.1823723285581,-134.20997991379576,-64.52479602850595,1579.7138786639057,-147.6127265637659,-0.6900981947236448,0.0,-0.7237157464358271,3.929013079667063,3.929013079667063
-64.52479602850595,1579.7138786639057,-147.6127265637659,-60.55244592744887,1591.35293927497,-134.6320191410984,-0.6900981947236448,0.0,-0.7237157464358271,3.929013079667063,3.929013079667063
-60.55244592744887,1591.35293927497,-134.6320191410984,-56.58009582639179,1602.9919998860341,-121.6513117184309,-0.6900981947236448,0.0,-0.7237157464358271,3.929013079667063,3.929013079667063
-58.15516766547224,1578.8214329396224,-121.2292724911283,-60.55244592744887,1591.35293927497,-134.6320191410984,-0.6900981947236448,0.0,-0.7237157464358271,3.929013079667063,3.929013079667063
-60.55244592744887,1591.35293927497,-134.6320191410984,-62.949724189425496,1603.8844456103175,-148.0347657910685,-0.6900981947236448,0.0,-0.7237157464358271,3.929013079667063,3.929013079667063
-62.949724189425496,1603.8844456103175,-148.0347657910685,-58.977374088368414,1615.5235062213817,-135.054058368401,-0.6900981947236448,0.0,-0.7237157464358271,3.929013079667063,3.929013079667063
-58.977374088368414,1615.5235062213817,-135.054058368401,-55.005023987311326,1627.1625668324461,-122.07335094573351,-0.6900981947236448,0.0,-0.7237157464358271,3.929013079667063,3.929013079667063
-56.58009582639179,1602.9919998860341,-121.6513117184309,-58.977374088368414,1615.5235062213817,-135.054058368401,-0.6900981947236448,0.0,-0.7237157464358271,3.929013079667063,3.929013079667063
-58.977374088368414,1615.5235062213817,-135.054058368401,-61.37465235034503,1628.0550125567295,-148.4568050183711,-0.6900981947236448,0.0,-0.7237157464358271,3.929013079667063,3.929013079667063
-61.37465235034503,1628.0550125567295,-148.4568050183711,-57.402302249287956,1639.6940731677937,-135.4760975957036,-0.6900981947236448,0.0,-0.7237157464358271,3.929013079667063,3.929013079667063
-57.402302249287956,1639.6940731677937,-135.4760975957036,-53.429952148230875,1651.333133778858,-122.49539017303611,-0.6900981947236448,0.0,-0.7237157464358271,3.929013079667063,3.929013079667063
-55.005023987311326,1627.1625668324461,-122.07335094573351,-57.402302249287956,1639.6940731677937,-135.4760975957036,-0.6900981947236448,0.0,-0.7237157464358271,3.929013079667063,3.929013079667063
-57.402302249287956,1639.6940731677937,-135.4760975957036,-59.79958051126458,1652.2255795031413,-148.87884424567372,-0.6900981947236448,0.0,-0.7237157464358271,3.929013079667063,3.929013079667063
-59.79958051126458,1652.2255795031413,-148.87884424567372,-55.8272304102075,1663.8646401142055,-135.89813682300624,-0.6900981947236448,0.0,-0.7237157464358271,3.929013079667063,3.929013079667063
-55.8272304102075,1663.8646401142055,-135.89813682300624,-51.85488030915042,1675.50370072527,-122.91742940033875,-0.6900981947236448,0.0,-0.7237157464358271,3.929013079667063,3.929013079667063
-53.429952148230875,1651.333133778858,-122.49539017303611,-55.8272304102075,1663.8646401142055,-135.89813682300624,-0.6900981947236448,0.0,-0.7237157464358271,3.929013079667063,3.929013079667063
-55.8272304102075,1663.8646401142055,-135.89813682300624,-58.22450867218413,1676.3961464495533,-149.30088347297635,-0.6900981947236448,0.0,-0.7237157464358271,3.929013079667063,3.929013079667063
-58.224508672184115,1676.3961464495533,-149.30088347297635,-54.25215857112703,1688.0352070606175,-136.32017605030885,-0.6900981947236448,0.0,-0.7237157464358271,3.929013079667063,3.929013079667063
-54.25215857112703,1688.0352070606175,-136.32017605030885,-50.27980847006995,1699.6742676716817,-123.33946862764135,-0.6900981947236448,0.0,-0.7237157464358271,3.929013079667063,3.929013079667063
-51.85488030915041,1675.50370072527,-122.91742940033875,-54.25215857112703,1688.0352070606175,-136.32017605030885,-0.6900981947236448,0.0,-0.7237157464358271,3.929013079667063,3.929013079667063
-54.25215857112703,1688.0352070606175,-136.32017605030885,-56.649436833103664,1700.566713395965,-149.72292270027896,-0.6900981947236448,0.0,-0.7237157464358271,3.929013079667063,3.929013079667063
-56.649436833103664,1700.566713395965,-149.72292270027896,-52.677086732046575,1712.2057740070293,-136.74221527761145,-0.6900981947236448,0.0,-0.7237157464358271,3.929013079667063,3.929013079667063
-52.677086732046575,1712.2057740070293,-136.74221527761145,-48.704736630989494,1723.8448346180935,-123.76150785494396,-0.6900981947236448,0.0,-0.7237157464358271,3.929013079667063,3.929013079667063
-50.27980847006995,1699.6742676716817,-123.33946862764135,-52.677086732046575,1712.2057740070293,-136.74221527761145,-0.6900981947236448,0.0,-0.7237157464358271,3.929013079667063,3.929013079667063
-52.677086732046575,1712.2057740070293,-136.74221527761145,-55.0743649940232,1724.7372803423768,-150.14496192758156,-0.6900981947236448,0.0,-0.7237157464358271,3.929013079667063,3.929013079667063
-55.0743649940232,1724.7372803423768,-150.14496192758156,-51.10201489296612,1736.376340953441,-137.16425450491408,-0.6900981947236448,0.0,-0.7237157464358271,3.929013079667063,3.929013079667063
-51.10201489296612,1736.376340953441,-137.16425450491408,-47.129664791909036,1748.0154015645053,-124.18354708224659,-0.6900981947236448,0.0,-0.7237157464358271,3.929013079667063,3.929013079667063
-48.704736630989494,1723.8448346180935,-123.76150785494396,-51.10201489296612,1736.376340953441,-137.16425450491408,-0.6900981947236448,0.0,-0.7237157464358271,3.929013079667063,3.929013079667063
-51.10201489296612,1736.376340953441,-137.16425450491408,-53.49929315494275,1748.9078472887886,-150.5670011548842,-0.6900981947236448,0.0,-0.7237157464358271,3.929013079667063,3.929013079667063
-53.49929315494275,1748.9078472887886,-150.5670011548842,-49.52694305388566,1760.5469078998528,-137.5862937322167,-0.6900981947236448,0.0,-0.7237157464358271,3.929013079667063,3.929013079667063
-49.52694305388566,1760.5469078998528,-137.5862937322167,-45.55459295282858,1772.1859685109173,-124.6055863095492,-0.6900981947236448,0.0,-0.7237157464358271,3.929013079667063,3.929013079667063
-47.129664791909036,1748.0154015645053,-124.18354708224659,-49.52694305388566,1760.5469078998528,-137.5862937322167,-0.6900981947236448,0.0,-0.7237157464358271,3.929013079667063,3.929013079667063
-49.52694305388566,1760.5469078998528,-137.5862937322167,-51.92422131586228,1773.0784142352006,-150.9890403821868,-0.6900981947236448,0.0,-0.7237157464358271,3.929013079667063,3.929013079667063
-51.92422131586228,1773.0784142352006,-150.9890403821868,-47.95187121480521,1784.7174748462648,-138.0083329595193,-0.6900981947236448,0.0,-0.7237157464358271,3.929013079667063,3.929013079667063
-47.95187121480521,1784.7174748462648,-138.0083329595193,-43.97952111374812,1796.356535457329,-125.0276255368518,-0.6900981947236448,0.0,-0.7237157464358271,3.929013079667063,3.929013079667063
-45.55459295282858,1772.1859685109173,-124.6055863095492,-47.95187121480521,1784.7174748462648,-138.0083329595193,-0.6900981947236448,0.0,-0.7237157464358271,3.929013079667063,3.929013079667063
-47.95187121480521,1784.7174748462648,-138.0083329595193,-50.34914947678183,1797.2489811816124,-151.4110796094894,-0.6900981947236448,0.0,-0.7237157464358271,3.929013079667063,3.929013079667063
-50.34914947678182,1797.2489811816126,-151.4110796094894,-46.376799375724744,1808.8880417926769,-138.4303721868219,-0.6900981947236448,0.0,-0.7237157464358271,3.929013079667063,3.929013079667063
-46.376799375724744,1808.8880417926769,-138.4303721868219,-42.404449274667655,1820.527102403741,-125.44966476415443,-0.6900981947236448,0.0,-0.7237157464358271,3.929013079667063,3.929013079667063
-43.97952111374811,1796.3565354573293,-125.0276255368518,-46.376799375724744,1808.8880417926769,-138.4303721868219,-0.6900981947236448,0.0,-0.7237157464358271,3.929013079667063,3.929013079667063
-46.376799375724744,1808.8880417926769,-138.4303721868219,-48.77407763770137,1821.4195481280244,-151.83311883679204,-0.6900981947236448,0.0,-0.7237157464358271,3.929013079667063,3.929013079667063
-48.77407763770137,1821.4195481280244,-151.83311883679204,-44.801727536644286,1833.0586087390886,-138.85241141412453,-0.6900981947236448,0.0,-0.7237157464358271,3.929013079667063,3.929013079667063
-44.801727536644286,1833.0586087390886,-138.85241141412453,-40.8293774355872,1844.6976693501529,-125.87170399145704,-0.6900981947236448,0.0,-0.7237157464358271,3.929013079667063,3.929013079667063
-42.404449274667655,1820.527102403741,-125.44966476415443,-44.801727536644286,1833.0586087390886,-138.85241141412453,-0.6900981947236448,0.0,-0.7237157464358271,3.929013079667063,3.929013079667063
-44.801727536644286,1833.0586087390886,-138.85241141412453,-47.1990057986209,1845.5901150744362,-152.25515806409464,-0.6900981947236448,0.0,-0.7237157464358271,3.929013079667063,3.929013079667063
-47.1990057986209,1845.5901150744362,-152.25515806409464,-43.22665569756383,1857.2291756855004,-139.27445064142714,-0.6900981947236448,0.0,-0.7237157464358271,3.929013079667063,3.929013079667063
-43.22665569756383,1857.2291756855004,-139.27445064142714,-39.25430559650674,1868.8682362965646,-126.29374321875964,-0.6900981947236448,0.0,-0.7237157464358271,3.929013079667063,3.929013079667063
-40.8293774355872,1844.6976693501529,-125.87170399145704,-43.22665569756383,1857.2291756855004,-139.27445064142714,-0.6900981947236448,0.0,-0.7237157464358271,3.929013079667063,3.929013079667063
-43.22665569756383,1857.2291756855004,-139.27445064142714,-45.62393395954045,1869.760682020848,-152.67719729139725,-0.6900981947236448,0.0,-0.7237157464358271,3.929013079667063,3.929013079667063
-45.62393395954045,1869.760682020848,-152.67719729139725,-41.65158385848337,1881.3997426319122,-139.69648986872974,-0.6900981947236448,0.0,-0.7237157464358271,3.929013079667063,3.929013079667063
-41.65158385848337,1881.3997426319122,-139.69648986872974,-37.67923375742628,1893.0388032429764,-126.71578244606225,-0.6900981947236448,0.0,-0.7237157464358271,3.929013079667063,3.929013079667063
-39.25430559650674,1868.8682362965646,-126.29374321875964,-41.65158385848337,1881.3997426319122,-139.69648986872974,-0.6900981947236448,0.0,-0.7237157464358271,3.929013079667063,3.929013079667063
-41.65158385848337,1881.3997426319122,-139.69648986872974,-44.04886212045999,1893.9312489672598,-153.09923651869985,-0.6900981947236448,0.0,-0.7237157464358271,3.929013079667063,3.929013079667063
-44.04886212045999,1893.9312489672598,-153.09923651869985,-40.07651201940291,1905.5703095783242,-140.11852909603238,-0.6900981947236448,0.0,-0.7237157464358271,3.929013079667063,3.929013079667063
-40.07651201940291,1905.5703095783242,-140.11852909603238,-36.10416191834583,1917.2093701893884,-127.13782167336488,-0.6900981947236448,0.0,-0.7237157464358271,3.929013079667063,3.929013079667063
-37.67923375742628,1893.0388032429764,-126.71578244606225,-40.07651201940291,1905.5703095783242,-140.11852909603238,-0.6900981947236448,0.0,-0.7237157464358271,3.929013079667063,3.929013079667063
-40.07651201940291,1905.5703095783242,-140.11852909603238,-42.473790281379536,1918.1018159136718,-153.5212757460025,-0.6900981947236448,0.0,-0.7237157464358271,3.929013079667063,3.929013079667063
-42.47379028137952,1918.101815913672,-153.5212757460025,-38.50144018032245,1929.7408765247362,-140.54056832333498,-0.6900981947236448,0.0,-0.7237157464358271,3.929013079667063,3.929013079667063
-38.50144018032245,1929.7408765247362,-140.54056832333498,-34.529090079265366,1941.3799371358004,-127.55986090066749,-0.6900981947236448,0.0,-0.7237157464358271,3.929013079667063,3.929013079667063
-36.10416191834582,1917.2093701893887,-127.13782167336488,-38.50144018032245,1929.7408765247362,-140.54056832333498,-0.6900981947236448,0.0,-0.7237157464358271,3.929013079667063,3.929013079667063
-38.50144018032245,1929.7408765247362,-140.54056832333498,-40.89871844229907,1942.2723828600838,-153.9433149733051,-0.6900981947236448,0.0,-0.7237157464358271,3.929013079667063,3.929013079667063
-40.89871844229907,1942.2723828600838,-153.9433149733051,-36.92636834124199,1953.911443471148,-140.96260755063759,-0.6900981947236448,0.0,-0.7237157464358271,3.929013079667063,3.929013079667063
-36.92636834124199,1953.911443471148,-140.96260755063759,-32.95401824018491,1965.5505040822122,-127.98190012797009,-0.6900981947236448,0.0,-0.7237157464358271,3.929013079667063,3.929013079667063
-34.529090079265366,1941.3799371358004,-127.55986090066749,-36.92636834124199,1953.911443471148,-140.96260755063759,-0.6900981947236448,0.0,-0.7237157464358271,3.929013079667063,3.929013079667063
-36.92636834124199,1953.911443471148,-140.96260755063759,-39.32364660321862,1966.4429498064956,-154.3653542006077,-0.6900981947236448,0.0,-0.7237157464358271,3.929013079667063,3.929013079667063
-39.32364660321862,1966.4429498064956,-154.3653542006077,-35.35129650216153,1978.0820104175598,-141.3846467779402,-0.6900981947236448,0.0,-0.7237157464358271,3.929013079667063,3.929013079667063
-35.35129650216153,1978.0820104175598,-141.3846467779402,-31.37894640110445,1989.721071028624,-128.40393935527274,-0.6900981947236448,0.0,-0.7237157464358271,3.929013079667063,3.929013079667063
-32.95401824018491,1965.5505040822122,-127.98190012797009,-35.35129650216153,1978.0820104175598,-141.3846467779402,-0.6900981947236448,0.0,-0.7237157464358271,3.929013079667063,3.929013079667063
-35.35129650216153,1978.0820104175598,-141.3846467779402,-37.748574764138155,1990.6135167529073,-154.78739342791033,-0.6900981947236448,0.0,-0.7237157464358271,3.929013079667063,3.929013079667063
-37.748574764138155,1990.6135167529073,-154.78739342791033,-33.776224663081074,2002.2525773639713,-141.80668600524282,-0.6900981947236448,0.0,-0.7237157464358271,3.929013079667063,3.929013079667063
-33.776224663081074,2002.2525773639713,-141.80668600524282,-29.803874562023992,2013.8916379750358,-128.82597858257535,-0.6900981947236448,0.0,-0.7237157464358271,3.929013079667063,3.929013079667063
-31.37894640110445,1989.721071028624,-128.40393935527274,-33.776224663081074,2002.2525773639713,-141.80668600524282,-0.6900981947236448,0.0,-0.7237157464358271,3.929013079667063,3.929013079667063
-33.776224663081074,2002.2525773639713,-141.80668600524282,-36.173502925057704,2014.7840836993191,-155.20943265521294,-0.6900981947236448,0.0,-0.7237157464358271,3.929013079667063,3.929013079667063
-36.173502925057704,2014.7840836993191,-155.20943265521294,-32.201152824000616,2026.4231443103831,-142.22872523254543,-0.6900981947236448,0.0,-0.7237157464358271,3.929013079667063,3.929013079667063
-32.201152824000616,2026.4231443103831,-142.22872523254543,-28.228802722943534,2038.062204921448,-129.24801780987795,-0.6900981947236448,0.0,-0.7237157464358271,3.929013079667063,3.929013079667063
-29.803874562023992,2013.8916379750358,-128.82597858257535,-32.201152824000616,2026.4231443103831,-142.22872523254543,-0.6900981947236448,0.0,-0.7237157464358271,3.929013079667063,3.929013079667063
-32.201152824000616,2026.4231443103831,-142.22872523254543,-34.59843108597724,2038.9546506457314,-155.63147188251554,-0.6900981947236448,0.0,-0.7237157464358271,3.929013079667063,3.929013079667063
-34.59843108597724,2038.9546506457314,-155.63147188251554,-30.62608098492015,2050.5937112567954,-142.65076445984803,-0.6900981947236448,0.0,-0.7237157464358271,3.929013079667063,3.929013079667063
-30.62608098492015,2050.5937112567954,-142.65076445984803,-26.65373088386307,2062.23277186786,-129.67005703718058,-0.6900981947236448,0.0,-0.7237157464358271,3.929013079667063,3.929013079667063
-28.228802722943527,2038.062204921448,-129.24801780987795,-30.62608098492015,2050.5937112567954,-142.65076445984803,-0.6900981947236448,0.0,-0.7237157464358271,3.929013079667063,3.929013079667063
-30.62608098492015,2050.5937112567954,-142.65076445984803,-33.023359246896774,2063.125217592143,-156.05351110981817,-0.6900981947236448,0.0,-0.7237157464358271,3.929013079667063,3.929013079667063
-33.023359246896774,2063.125217592143,-156.05351110981817,-29.0510091458397,2074.764278203207,-143.07280368715067,-0.6900981947236448,0.0,-0.7237157464358271,3.929013079667063,3.929013079667063
-29.0510091458397,2074.764278203207,-143.07280368715067,-25.07865904478261,2086.4033388142716,-130.0920962644832,-0.6900981947236448,0.0,-0.7237157464358271,3.929013079667063,3.929013079667063
-26.65373088386307,2062.23277186786,-129.67005703718058,-29.0510091458397,2074.764278203207,-143.07280368715067,-0.6900981947236448,0.0,-0.7237157464358271,3.929013079667063,3.929013079667063
-29.0510091458397,2074.764278203207,-143.07280368715067,-31.44828740781632,2087.295784538555,-156.47555033712078,-0.6900981947236448,0.0,-0.7237157464358271,3.929013079667063,3.929013079667063
-31.44828740781632,2087.295784538555,-156.47555033712078,-27.475937306759242,2098.934845149619,-143.49484291445327,-0.6900981947236448,0.0,-0.7237157464358271,3.929013079667063,3.929013079667063
-27.475937306759242,2098.934845149619,-143.49484291445327,-23.503587205702154,2110.5739057606834,-130.5141354917858,-0.6900981947236448,0.0,-0.7237157464358271,3.929013079667063,3.929013079667063
-25.07865904478261,2086.4033388142716,-130.0920962644832,-27.475937306759242,2098.934845149619,-143.49484291445327,-0.6900981947236448,0.0,-0.7237157464358271,3.929013079667063,3.929013079667063
-27.475937306759242,2098.934845149619,-143.49484291445327,-29.873215568735862,2111.4663514849667,-156.89758956442338,-0.6900981947236448,0.0,-0.7237157464358271,3.929013079667063,3.929013079667063
-29.873215568735862,2111.4663514849667,-156.89758956442338,-25.900865467678784,2123.1054120960307,-143.91688214175588,-0.6900981947236448,0.0,-0.7237157464358271,3.929013079667063,3.929013079667063
-25.900865467678784,2123.1054120960307,-143.91688214175588,-21.928515366621696,2134.744472707095,-130.9361747190884,-0.6900981947236448,0.0,-0.7237157464358271,3.929013079667063,3.929013079667063
-23.503587205702154,2110.5739057606834,-130.5141354917858,-25.900865467678784,2123.1054120960307,-143.91688214175588,-0.6900981947236448,0.0,-0.7237157464358271,3.929013079667063,3.929013079667063
-25.900865467678784,2123.1054120960307,-143.91688214175588,-28.298143729655404,2135.6369184313785,-157.319628791726,-0.6900981947236448,0.0,-0.7237157464358271,3.929013079667063,3.929013079667063
-28.298143729655404,2135.6369184313785,-157.319628791726,-24.325793628598326,2147.2759790424425,-144.3389213690585,-0.6900981947236448,0.0,-0.7237157464358271,3.929013079667063,3.929013079667063
-24.325793628598326,2147.2759790424425,-144.3389213690585,-20.353443527541238,2158.915039653507,-131.35821394639103,-0.6900981947236448,0.0,-0.7237157464358271,3.929013079667063,3.929013079667063
-21.928515366621696,2134.744472707095,-130.9361747190884,-24.325793628598326,2147.2759790424425,-144.3389213690585,-0.6900981947236448,0.0,-0.7237157464358271,3.929013079667063,3.929013079667063
-24.325793628598326,2147.2759790424425,-144.3389213690585,-26.723071890574946,2159.8074853777903,-157.74166801902862,-0.6900981947236448,0.0,-0.7237157464358271,3.929013079667063,3.929013079667063
-26.723071890574946,2159.8074853777903,-157.74166801902862,-22.75072178951786,2171.4465459888547,-144.76096059636112,-0.6900981947236448,0.0,-0.7237157464358271,3.929013079667063,3.929013079667063
-22.75072178951786,2171.4465459888547,-144.76096059636112,-18.778371688460773,2183.085606599919,-131.78025317369364,-0.6900981947236448,0.0,-0.7237157464358271,3.929013079667063,3.929013079667063
-20.353443527541238,2158.915039653507,-131.35821394639103,-22.75072178951786,2171.4465459888547,-144.76096059636112,-0.6900981947236448,0.0,-0.7237157464358271,3.929013079667063,3.929013079667063
-22.75072178951786,2171.4465459888547,-144.76096059636112,-25.14800005149448,2183.9780523242025,-158.16370724633123,-0.6900981947236448,0.0,-0.7237157464358271,3.929013079667063,3.929013079667063
-25.14800005149448,2183.9780523242025,-158.16370724633123,-21.175649950437396,2195.6171129352665,-145.18299982366372,-0.6900981947236448,0.0,-0.7237157464358271,3.929013079667063,3.929013079667063
-21.175649950437396,2195.6171129352665,-145.18299982366372,-17.203299849380322,2207.256173546331,-132.20229240099624,-0.6900981947236448,0.0,-0.7237157464358271,3.929013079667063,3.929013079667063
-18.778371688460773,2183.085606599919,-131.78025317369364,-21.175649950437396,2195.6171129352665,-145.18299982366372,-0.6900981947236448,0.0,-0.7237157464358271,3.929013079667063,3.929013079667063
-21.175649950437396,2195.6171129352665,-145.18299982366372,-23.57292821241403,2208.1486192706143,-158.58574647363383,-0.6900981947236448,0.0,-0.7237157464358271,3.929013079667063,3.929013079667063
-23.57292821241403,2208.1486192706143,-158.58574647363383,-19.600578111356945,2219.7876798816783,-145.60503905096635,-0.6900981947236448,0.0,-0.7237157464358271,3.929013079667063,3.929013079667063
-19.600578111356945,2219.7876798816783,-145.60503905096635,-15.628228010299859,2231.4267404927427,-132.62433162829888,-0.6900981947236448,0.0,-0.7237157464358271,3.929013079667063,3.929013079667063
-17.203299849380322,2207.256173546331,-132.20229240099624,-19.600578111356945,2219.7876798816783,-145.60503905096635,-0.6900981947236448,0.0,-0.7237157464358271,3.929013079667063,3.929013079667063
-19.600578111356945,2219.7876798816783,-145.60503905096635,-21.997856373333565,2232.319186217026,-159.00778570093647,-0.6900981947236448,0.0,-0.7237157464358271,3.929013079667063,3.929013079667063
-21.997856373333565,2232.319186217026,-159.00778570093647,-18.025506272276495,2243.95824682809,-146.02707827826896,-0.6900981947236448,0.0,-0.7237157464358271,3.929013079667063,3.929013079667063
-18.025506272276495,2243.95824682809,-146.02707827826896,-14.053156171219408,2255.5973074391545,-133.04637085560148,-0.6900981947236448,0.0,-0.7237157464358271,3.929013079667063,3.929013079667063
-15.628228010299859,2231.4267404927427,-132.62433162829888,-18.025506272276495,2243.95824682809,-146.02707827826896,-0.6900981947236448,0.0,-0.7237157464358271,3.929013079667063,3.929013079667063
-18.025506272276495,2243.95824682809,-146.02707827826896,-20.422784534253115,2256.489753163438,-159.42982492823907,-0.6900981947236448,0.0,-0.7237157464358271,3.929013079667063,3.929013079667063
-20.422784534253115,2256.489753163438,-159.42982492823907,-16.45043443319603,2268.128813774502,-146.44911750557156,-0.6900981947236448,0.0,-0.7237157464358271,3.929013079667063,3.929013079667063
-16.45043443319603,2268.128813774502,-146.44911750557156,-12.478084332138943,2279.7678743855668,-133.4684100829041,-0.6900981947236448,0.0,-0.7237157464358271,3.929013079667063,3.929013079667063
-14.053156171219408,2255.5973074391545,-133.04637085560148,-16.45043443319603,2268.128813774502,-146.44911750557156,-0.6900981947236448,0.0,-0.7237157464358271,3.929013079667063,3.929013079667063
-16.45043443319603,2268.128813774502,-146.44911750557156,-18.84771269517265,2280.66032010985,-159.85186415554168,-0.6900981947236448,0.0,-0.7237157464358271,3.929013079667063,3.929013079667063
-18.84771269517265,2280.66032010985,-159.85186415554168,-14.875362594115579,2292.299380720914,-146.87115673287417,-0.6900981947236448,0.0,-0.7237157464358271,3.929013079667063,3.929013079667063
-14.875362594115579,2292.299380720914,-146.87115673287417,-10.903012493058492,2303.9384413319785,-133.89044931020672,-0.6900981947236448,0.0,-0.7237157464358271,3.929013079667063,3.929013079667063
-12.478084332138943,2279.7678743855668,-133.4684100829041,-14.875362594115579,2292.299380720914,-146.87115673287417,-0.6900981947236448,0.0,-0.7237157464358271,3.929013079667063,3.929013079667063
-14.875362594115579,2292.299380720914,-146.87115673287417,-17.2726408560922,2304.830887056262,-160.2739033828443,-0.6900981947236448,0.0,-0.7237157464358271,3.929013079667063,3.929013079667063
-63.69238980579228,1192.0923617970325,-148.5355659881898,-75.92163171025256,1204.6238681323803,-144.90885207120826,0.6900981947236448,0.0,-0.7237157464358271,3.929013079667063,3.929013079667063
-75.92163171025256,1204.6238681323803,-144.90885207120826,-88.15087361471282,1217.1553744677278,-141.2821381542267,0.6900981947236448,0.0,-0.7237157464358271,3.929013079667063,3.929013079667063
-89.72594545379329,1192.9848075213158,-140.86009892692408,-75.92163171025256,1204.6238681323803,-144.90885207120826,0.6900981947236448,0.0,-0.7237157464358271,3.929013079667063,3.929013079667063
-75.92163171025256,1204.6238681323803,-144.90885207120826,-62.117317966711816,1216.2629287434445,-148.9576052154924,0.6900981947236448,0.0,-0.7237157464358271,3.929013079667063,3.929013079667063
-62.117317966711816,1216.2629287434445,-148.9576052154924,-74.3465598711721,1228.794435078792,-145.33089129851086,0.6900981947236448,0.0,-0.7237157464358271,3.929013079667063,3.929013079667063
-74.3465598711721,1228.794435078792,-145.33089129851086,-86.57580177563237,1241.3259414141396,-141.7041773815293,0.6900981947236448,0.0,-0.7237157464358271,3.929013079667063,3.929013079667063
-88.15087361471282,1217.1553744677278,-141.2821381542267,-74.3465598711721,1228.794435078792,-145.33089129851086,0.6900981947236448,0.0,-0.7237157464358271,3.929013079667063,3.929013079667063
-74.3465598711721,1228.794435078792,-145.33089129851086,-60.542246127631365,1240.4334956898563,-149.379644442795,0.6900981947236448,0.0,-0.7237157464358271,3.929013079667063,3.929013079667063
-60.542246127631365,1240.4334956898563,-149.379644442795,-72.77148803209164,1252.9650020252038,-145.75293052581347,0.6900981947236448,0.0,-0.7237157464358271,3.929013079667063,3.929013079667063
-72.77148803209164,1252.9650020252038,-145.75293052581347,-85.0007299365519,1265.4965083605516,-142.12621660883192,0.6900981947236448,0.0,-0.7237157464358271,3.929013079667063,3.929013079667063
-86.57580177563237,1241.3259414141396,-141.7041773815293,-72.77148803209164,1252.9650020252038,-145.75293052581347,0.6900981947236448,0.0,-0.7237157464358271,3.929013079667063,3.929013079667063
-72.77148803209164,1252.9650020252038,-145.75293052581347,-58.9671742885509,1264.6040626362683,-149.80168367009765,0.6900981947236448,0.0,-0.7237157464358271,3.929013079667063,3.929013079667063
-58.9671742885509,1264.604062636268,-149.80168367009765,-71.19641619301119,1277.1355689716158,-146.1749697531161,0.6900981947236448,0.0,-0.7237157464358271,3.929013079667063,3.929013079667063
-71.19641619301119,1277.1355689716158,-146.1749697531161,-83.42565809747146,1289.6670753069634,-142.54825583613453,0.6900981947236448,0.0,-0.7237157464358271,3.929013079667063,3.929013079667063
-85.0007299365519,1265.4965083605514,-142.12621660883192,-71.19641619301119,1277.1355689716158,-146.1749697531161,0.6900981947236448,0.0,-0.7237157464358271,3.929013079667063,3.929013079667063
-71.19641619301119,1277.1355689716158,-146.1749697531161,-57.39210244947045,1288.77462958268,-150.22372289740025,0.6900981947236448,0.0,-0.7237157464358271,3.929013079667063,3.929013079667063
-57.39210244947045,1288.77462958268,-150.22372289740025,-69.62134435393072,1301.3061359180276,-146.5970089804187,0.6900981947236448,0.0,-0.7237157464358271,3.929013079667063,3.929013079667063
-69.62134435393072,1301.3061359180276,-146.5970089804187,-81.85058625839099,1313.8376422533752,-142.97029506343713,0.6900981947236448,0.0,-0.7237157464358271,3.929013079667063,3.929013079667063
-83.42565809747146,1289.6670753069634,-142.54825583613453,-69.62134435393072,1301.3061359180276,-146.5970089804187,0.6900981947236448,0.0,-0.7237157464358271,3.929013079667063,3.929013079667063
-69.62134435393072,1301.3061359180276,-146.5970089804187,-55.817030610389985,1312.9451965290918,-150.64576212470286,0.6900981947236448,0.0,-0.7237157464358271,3.929013079667063,3.929013079667063
-55.817030610389985,1312.9451965290918,-150.64576212470286,-68.04627251485026,1325.4767028644394,-147.0190482077213,0.6900981947236448,0.0,-0.7237157464358271,3.929013079667063,3.929013079667063
-68.04627251485026,1325.4767028644394,-147.0190482077213,-80.27551441931054,1338.0082091997872,-143.39233429073977,0.6900981947236448,0.0,-0.7237157464358271,3.929013079667063,3.929013079667063
-81.85058625839099,1313.8376422533752,-142.97029506343713,-68.04627251485026,1325.4767028644394,-147.0190482077213,0.6900981947236448,0.0,-0.7237157464358271,3.929013079667063,3.929013079667063
-68.04627251485026,1325.4767028644394,-147.0190482077213,-54.241958771309534,1337.1157634755039,-151.0678013520055,0.6900981947236448,0.0,-0.7237157464358271,3.929013079667063,3.929013079667063
-54.241958771309534,1337.1157634755039,-151.0678013520055,-66.47120067576981,1349.6472698108514,-147.44108743502395,0.6900981947236448,0.0,-0.7237157464358271,3.929013079667063,3.929013079667063
-66.47120067576981,1349.6472698108514,-147.44108743502395,-78.70044258023007,1362.178776146199,-143.81437351804237,0.6900981947236448,0.0,-0.7237157464358271,3.929013079667063,3.929013079667063
-80.27551441931054,1338.0082091997872,-143.39233429073977,-66.47120067576981,1349.6472698108514,-147.44108743502395,0.6900981947236448,0.0,-0.7237157464358271,3.929013079667063,3.929013079667063
-66.47120067576981,1349.6472698108514,-147.44108743502395,-52.66688693222907,1361.2863304219156,-151.4898405793081,0.6900981947236448,0.0,-0.7237157464358271,3.929013079667063,3.929013079667063
-52.66688693222907,1361.2863304219156,-151.4898405793081,-64.89612883668934,1373.8178367572632,-147.86312666232655,0.6900981947236448,0.0,-0.7237157464358271,3.929013079667063,3.929013079667063
-64.89612883668934,1373.8178367572632,-147.86312666232655,-77.12537074114962,1386.3493430926108,-144.23641274534498,0.6900981947236448,0.0,-0.7237157464358271,3.929013079667063,3.929013079667063
-78.70044258023007,1362.178776146199,-143.81437351804237,-64.89612883668934,1373.8178367572632,-147.86312666232655,0.6900981947236448,0.0,-0.7237157464358271,3.929013079667063,3.929013079667063
-64.89612883668934,1373.8178367572632,-147.86312666232655,-51.09181509314861,1385.4568973683274,-151.9118798066107,0.6900981947236448,0.0,-0.7237157464358271,3.929013079667063,3.929013079667063
-51.09181509314861,1385.4568973683274,-151.9118798066107,-63.32105699760889,1397.9884037036752,-148.28516588962916,0.6900981947236448,0.0,-0.7237157464358271,3.929013079667063,3.929013079667063
-63.32105699760889,1397.9884037036752,-148.28516588962916,-75.55029890206916,1410.5199100390228,-144.65845197264758,0.6900981947236448,0.0,-0.7237157464358271,3.929013079667063,3.929013079667063
-77.12537074114962,1386.3493430926108,-144.23641274534498,-63.32105699760889,1397.9884037036752,-148.28516588962916,0.6900981947236448,0.0,-0.7237157464358271,3.929013079667063,3.929013079667063
-63.32105699760889,1397.9884037036752,-148.28516588962916,-49.51674325406815,1409.6274643147394,-152.3339190339133,0.6900981947236448,0.0,-0.7237157464358271,3.929013079667063,3.929013079667063
-49.51674325406815,1409.6274643147394,-152.3339190339133,-61.74598515852843,1422.158970650087,-148.7072051169318,0.6900981947236448,0.0,-0.7237157464358271,3.929013079667063,3.929013079667063
-61.74598515852843,1422.158970650087,-148.7072051169318,-73.97522706298871,1434.6904769854345,-145.08049119995022,0.6900981947236448,0.0,-0.7237157464358271,3.929013079667063,3.929013079667063
-75.55029890206916,1410.5199100390228,-144.65845197264758,-61.74598515852843,1422.158970650087,-148.7072051169318,0.6900981947236448,0.0,-0.7237157464358271,3.929013079667063,3.929013079667063
-61.74598515852843,1422.158970650087,-148.7072051169318,-47.941671414987695,1433.7980312611512,-152.75595826121594,0.6900981947236448,0.0,-0.7237157464358271,3.929013079667063,3.929013079667063
-47.941671414987695,1433.7980312611512,-152.75595826121594,-60.170913319447976,1446.3295375964988,-149.1292443442344,0.6900981947236448,0.0,-0.7237157464358271,3.929013079667063,3.929013079667063
-60.170913319447976,1446.3295375964988,-149.1292443442344,-72.40015522390824,1458.8610439318463,-145.50253042725282,0.6900981947236448,0.0,-0.7237157464358271,3.929013079667063,3.929013079667063
-73.97522706298871,1434.6904769854345,-145.08049119995022,-60.170913319447976,1446.3295375964988,-149.1292443442344,0.6900981947236448,0.0,-0.7237157464358271,3.929013079667063,3.929013079667063
-60.170913319447976,1446.3295375964988,-149.1292443442344,-46.36659957590724,1457.968598207563,-153.17799748851854,0.6900981947236448,0.0,-0.7237157464358271,3.929013079667063,3.929013079667063
-46.36659957590724,1457.968598207563,-153.17799748851854,-58.59584148036751,1470.5001045429105,-149.551283571537,0.6900981947236448,0.0,-0.7237157464358271,3.929013079667063,3.929013079667063
-58.59584148036751,1470.5001045429105,-149.551283571537,-70.82508338482779,1483.031610878258,-145.92456965455543,0.6900981947236448,0.0,-0.7237157464358271,3.929013079667063,3.929013079667063
-72.40015522390824,1458.8610439318463,-145.50253042725282,-58.59584148036751,1470.5001045429105,-149.551283571537,0.6900981947236448,0.0,-0.7237157464358271,3.929013079667063,3.929013079667063
-58.59584148036751,1470.5001045429105,-149.551283571537,-44.79152773682678,1482.1391651539748,-153.60003671582115,0.6900981947236448,0.0,-0.7237157464358271,3.929013079667063,3.929013079667063
-44.79152773682678,1482.1391651539748,-153.60003671582115,-57.02076964128706,1494.6706714893226,-149.9733227988396,0.6900981947236448,0.0,-0.7237157464358271,3.929013079667063,3.929013079667063
-57.02076964128706,1494.6706714893226,-149.9733227988396,-69.25001154574733,1507.2021778246701,-146.34660888185806,0.6900981947236448,0.0,-0.7237157464358271,3.929013079667063,3.929013079667063
-70.82508338482779,1483.031610878258,-145.92456965455543,-57.02076964128706,1494.6706714893226,-149.9733227988396,0.6900981947236448,0.0,-0.7237157464358271,3.929013079667063,3.929013079667063
-57.02076964128706,1494.6706714893226,-149.9733227988396,-43.21645589774632,1506.3097321003868,-154.02207594312378,0.6900981947236448,0.0,-0.7237157464358271,3.929013079667063,3.929013079667063
-43.21645589774632,1506.3097321003868,-154.02207594312378,-55.445697802206595,1518.8412384357343,-150.39536202614224,0.6900981947236448,0.0,-0.7237157464358271,3.929013079667063,3.929013079667063
-55.445697802206595,1518.8412384357343,-150.39536202614224,-67.67493970666688,1531.372744771082,-146.76864810916067,0.6900981947236448,0.0,-0.7237157464358271,3.929013079667063,3.929013079667063
-69.25001154574733,1507.2021778246701,-146.34660888185806,-55.445697802206595,1518.8412384357343,-150.39536202614224,0.6900981947236448,0.0,-0.7237157464358271,3.929013079667063,3.929013079667063
-55.445697802206595,1518.8412384357343,-150.39536202614224,-41.641384058665864,1530.4802990467986,-154.4441151704264,0.6900981947236448,0.0,-0.7237157464358271,3.929013079667063,3.929013079667063
-41.641384058665864,1530.4802990467986,-154.4441151704264,-53.870625963126145,1543.0118053821461,-150.81740125344484,0.6900981947236448,0.0,-0.7237157464358271,3.929013079667063,3.929013079667063
-53.870625963126145,1543.0118053821461,-150.81740125344484,-66.09986786758641,1555.543311717494,-147.19068733646327,0.6900981947236448,0.0,-0.7237157464358271,3.929013079667063,3.929013079667063
-67.67493970666688,1531.372744771082,-146.76864810916067,-53.870625963126145,1543.0118053821461,-150.81740125344484,0.6900981947236448,0.0,-0.7237157464358271,3.929013079667063,3.929013079667063
-53.870625963126145,1543.0118053821461,-150.81740125344484,-40.066312219585406,1554.6508659932106,-154.866154397729,0.6900981947236448,0.0,-0.7237157464358271,3.929013079667063,3.929013079667063
-40.066312219585406,1554.6508659932106,-154.866154397729,-52.29555412404568,1567.1823723285581,-151.23944048074745,0.6900981947236448,0.0,-0.7237157464358271,3.929013079667063,3.929013079667063
-52.29555412404568,1567.1823723285581,-151.23944048074745,-64.52479602850595,1579.7138786639057,-147.6127265637659,0.6900981947236448,0.0,-0.7237157464358271,3.929013079667063,3.929013079667063
-66.09986786758641,1555.543311717494,-147.19068733646327,-52.29555412404568,1567.1823723285581,-151.23944048074745,0.6900981947236448,0.0,-0.7237157464358271,3.929013079667063,3.929013079667063
-52.29555412404568,1567.1823723285581,-151.23944048074745,-38.49124038050494,1578.8214329396224,-155.28819362503162,0.6900981947236448,0.0,-0.7237157464358271,3.929013079667063,3.929013079667063
-38.49124038050494,1578.8214329396224,-155.28819362503162,-50.720482284965215,1591.35293927497,-151.66147970805008,0.6900981947236448,0.0,-0.7237157464358271,3.929013079667063,3.929013079667063
-50.720482284965215,1591.35293927497,-151.66147970805008,-62.949724189425496,1603.8844456103175,-148.0347657910685,0.6900981947236448,0.0,-0.7237157464358271,3.929013079667063,3.929013079667063
-64.52479602850595,1579.7138786639057,-147.6127265637659,-50.720482284965215,1591.35293927497,-151.66147970805008,0.6900981947236448,0.0,-0.7237157464358271,3.929013079667063,3.929013079667063
-50.720482284965215,1591.35293927497,-151.66147970805008,-36.91616854142449,1602.9919998860341,-155.71023285233423,0.6900981947236448,0.0,-0.7237157464358271,3.929013079667063,3.929013079667063
-36.91616854142449,1602.9919998860341,-155.71023285233423,-49.145410445884764,1615.5235062213817,-152.08351893535269,0.6900981947236448,0.0,-0.7237157464358271,3.929013079667063,3.929013079667063
-49.145410445884764,1615.5235062213817,-152.08351893535269,-61.37465235034503,1628.0550125567295,-148.4568050183711,0.6900981947236448,0.0,-0.7237157464358271,3.929013079667063,3.929013079667063
-62.949724189425496,1603.8844456103175,-148.0347657910685,-49.145410445884764,1615.5235062213817,-152.08351893535269,0.6900981947236448,0.0,-0.7237157464358271,3.929013079667063,3.929013079667063
-49.145410445884764,1615.5235062213817,-152.08351893535269,-35.341096702344025,1627.1625668324461,-156.13227207963683,0.6900981947236448,0.0,-0.7237157464358271,3.929013079667063,3.929013079667063
-35.341096702344025,1627.1625668324461,-156.13227207963683,-47.5703386068043,1639.6940731677937,-152.5055581626553,0.6900981947236448,0.0,-0.7237157464358271,3.929013079667063,3.929013079667063
-47.5703386068043,1639.6940731677937,-152.5055581626553,-59.79958051126458,1652.2255795031413,-148.87884424567372,0.6900981947236448,0.0,-0.7237157464358271,3.929013079667063,3.929013079667063
-61.37465235034503,1628.0550125567295,-148.4568050183711,-47.5703386068043,1639.6940731677937,-152.5055581626553,0.6900981947236448,0.0,-0.7237157464358271,3.929013079667063,3.929013079667063
-47.5703386068043,1639.6940731677937,-152.5055581626553,-33.766024863263574,1651.333133778858,-156.55431130693944,0.6900981947236448,0.0,-0.7237157464358271,3.929013079667063,3.929013079667063
-33.766024863263574,1651.333133778858,-156.55431130693944,-45.99526676772385,1663.8646401142055,-152.92759738995792,0.6900981947236448,0.0,-0.7237157464358271,3.929013079667063,3.929013079667063
-45.99526676772385,1663.8646401142055,-152.92759738995792,-58.22450867218413,1676.3961464495533,-149.30088347297635,0.6900981947236448,0.0,-0.7237157464358271,3.929013079667063,3.929013079667063
-59.79958051126458,1652.2255795031413,-148.87884424567372,-45.99526676772385,1663.8646401142055,-152.92759738995792,0.6900981947236448,0.0,-0.7237157464358271,3.929013079667063,3.929013079667063
-45.99526676772385,1663.8646401142055,-152.92759738995792,-32.190953024183116,1675.50370072527,-156.97635053424207,0.6900981947236448,0.0,-0.7237157464358271,3.929013079667063,3.929013079667063
-32.19095302418311,1675.50370072527,-156.97635053424207,-44.42019492864338,1688.0352070606175,-153.34963661726053,0.6900981947236448,0.0,-0.7237157464358271,3.929013079667063,3.929013079667063
-44.42019492864338,1688.0352070606175,-153.34963661726053,-56.649436833103664,1700.566713395965,-149.72292270027896,0.6900981947236448,0.0,-0.7237157464358271,3.929013079667063,3.929013079667063
-58.224508672184115,1676.3961464495533,-149.30088347297635,-44.42019492864338,1688.0352070606175,-153.34963661726053,0.6900981947236448,0.0,-0.7237157464358271,3.929013079667063,3.929013079667063
-44.42019492864338,1688.0352070606175,-153.34963661726053,-30.61588118510265,1699.6742676716817,-157.39838976154468,0.6900981947236448,0.0,-0.7237157464358271,3.929013079667063,3.929013079667063
-30.61588118510265,1699.6742676716817,-157.39838976154468,-42.84512308956292,1712.2057740070293,-153.77167584456313,0.6900981947236448,0.0,-0.7237157464358271,3.929013079667063,3.929013079667063
-42.84512308956292,1712.2057740070293,-153.77167584456313,-55.0743649940232,1724.7372803423768,-150.14496192758156,0.6900981947236448,0.0,-0.7237157464358271,3.929013079667063,3.929013079667063
-56.649436833103664,1700.566713395965,-149.72292270027896,-42.84512308956292,1712.2057740070293,-153.77167584456313,0.6900981947236448,0.0,-0.7237157464358271,3.929013079667063,3.929013079667063
-42.84512308956292,1712.2057740070293,-153.77167584456313,-29.040809346022193,1723.8448346180935,-157.82042898884728,0.6900981947236448,0.0,-0.7237157464358271,3.929013079667063,3.929013079667063
-29.040809346022193,1723.8448346180935,-157.82042898884728,-41.27005125048247,1736.376340953441,-154.19371507186577,0.6900981947236448,0.0,-0.7237157464358271,3.929013079667063,3.929013079667063
-41.27005125048247,1736.376340953441,-154.19371507186577,-53.49929315494275,1748.9078472887886,-150.5670011548842,0.6900981947236448,0.0,-0.7237157464358271,3.929013079667063,3.929013079667063
-55.0743649940232,1724.7372803423768,-150.14496192758156,-41.27005125048247,1736.376340953441,-154.19371507186577,0.6900981947236448,0.0,-0.7237157464358271,3.929013079667063,3.929013079667063
-41.27005125048247,1736.376340953441,-154.19371507186577,-27.465737506941736,1748.0154015645053,-158.24246821614992,0.6900981947236448,0.0,-0.7237157464358271,3.929013079667063,3.929013079667063
-27.465737506941736,1748.0154015645053,-158.24246821614992,-39.694979411402,1760.5469078998528,-154.61575429916837,0.6900981947236448,0.0,-0.7237157464358271,3.929013079667063,3.929013079667063
-39.694979411402,1760.5469078998528,-154.61575429916837,-51.92422131586228,1773.0784142352006,-150.9890403821868,0.6900981947236448,0.0,-0.7237157464358271,3.929013079667063,3.929013079667063
-53.49929315494275,1748.9078472887886,-150.5670011548842,-39.694979411402,1760.5469078998528,-154.61575429916837,0.6900981947236448,0.0,-0.7237157464358271,3.929013079667063,3.929013079667063
-39.694979411402,1760.5469078998528,-154.61575429916837,-25.890665667861278,1772.1859685109173,-158.66450744345252,0.6900981947236448,0.0,-0.7237157464358271,3.929013079667063,3.929013079667063
-25.890665667861278,1772.1859685109173,-158.66450744345252,-38.11990757232155,1784.7174748462648,-155.03779352647098,0.6900981947236448,0.0,-0.7237157464358271,3.929013079667063,3.929013079667063
-38.11990757232155,1784.7174748462648,-155.03779352647098,-50.34914947678183,1797.2489811816124,-151.4110796094894,0.6900981947236448,0.0,-0.7237157464358271,3.929013079667063,3.929013079667063
-51.92422131586228,1773.0784142352006,-150.9890403821868,-38.11990757232155,1784.7174748462648,-155.03779352647098,0.6900981947236448,0.0,-0.7237157464358271,3.929013079667063,3.929013079667063
-38.11990757232155,1784.7174748462648,-155.03779352647098,-24.31559382878082,1796.356535457329,-159.08654667075513,0.6900981947236448,0.0,-0.7237157464358271,3.929013079667063,3.929013079667063
-24.315593828780813,1796.3565354573293,-159.08654667075513,-36.54483573324109,1808.8880417926769,-155.45983275377358,0.6900981947236448,0.0,-0.7237157464358271,3.929013079667063,3.929013079667063
-36.54483573324109,1808.8880417926769,-155.45983275377358,-48.77407763770137,1821.4195481280244,-151.83311883679204,0.6900981947236448,0.0,-0.7237157464358271,3.929013079667063,3.929013079667063
-50.34914947678182,1797.2489811816126,-151.4110796094894,-36.54483573324109,1808.8880417926769,-155.45983275377358,0.6900981947236448,0.0,-0.7237157464358271,3.929013079667063,3.929013079667063
-36.54483573324109,1808.8880417926769,-155.45983275377358,-22.740521989700355,1820.527102403741,-159.50858589805776,0.6900981947236448,0.0,-0.7237157464358271,3.929013079667063,3.929013079667063
-22.740521989700355,1820.527102403741,-159.50858589805776,-34.969763894160636,1833.0586087390886,-155.88187198107622,0.6900981947236448,0.0,-0.7237157464358271,3.929013079667063,3.929013079667063
-34.969763894160636,1833.0586087390886,-155.88187198107622,-47.1990057986209,1845.5901150744362,-152.25515806409464,0.6900981947236448,0.0,-0.7237157464358271,3.929013079667063,3.929013079667063
-48.77407763770137,1821.4195481280244,-151.83311883679204,-34.969763894160636,1833.0586087390886,-155.88187198107622,0.6900981947236448,0.0,-0.7237157464358271,3.929013079667063,3.929013079667063
-34.969763894160636,1833.0586087390886,-155.88187198107622,-21.165450150619897,1844.6976693501529,-159.93062512536036,0.6900981947236448,0.0,-0.7237157464358271,3.929013079667063,3.929013079667063
-21.165450150619897,1844.6976693501529,-159.93062512536036,-33.39469205508017,1857.2291756855004,-156.30391120837882,0.6900981947236448,0.0,-0.7237157464358271,3.929013079667063,3.929013079667063
-33.39469205508017,1857.2291756855004,-156.30391120837882,-45.62393395954045,1869.760682020848,-152.67719729139725,0.6900981947236448,0.0,-0.7237157464358271,3.929013079667063,3.929013079667063
-47.1990057986209,1845.5901150744362,-152.25515806409464,-33.39469205508017,1857.2291756855004,-156.30391120837882,0.6900981947236448,0.0,-0.7237157464358271,3.929013079667063,3.929013079667063
-33.39469205508017,1857.2291756855004,-156.30391120837882,-19.59037831153944,1868.8682362965646,-160.35266435266297,0.6900981947236448,0.0,-0.7237157464358271,3.929013079667063,3.929013079667063
-19.59037831153944,1868.8682362965646,-160.35266435266297,-31.819620215999716,1881.3997426319122,-156.72595043568143,0.6900981947236448,0.0,-0.7237157464358271,3.929013079667063,3.929013079667063
-31.819620215999716,1881.3997426319122,-156.72595043568143,-44.04886212045999,1893.9312489672598,-153.09923651869985,0.6900981947236448,0.0,-0.7237157464358271,3.929013079667063,3.929013079667063
-45.62393395954045,1869.760682020848,-152.67719729139725,-31.819620215999716,1881.3997426319122,-156.72595043568143,0.6900981947236448,0.0,-0.7237157464358271,3.929013079667063,3.929013079667063
-31.819620215999716,1881.3997426319122,-156.72595043568143,-18.01530647245898,1893.0388032429764,-160.77470357996557,0.6900981947236448,0.0,-0.7237157464358271,3.929013079667063,3.929013079667063
-18.01530647245898,1893.0388032429764,-160.77470357996557,-30.24454837691926,1905.5703095783242,-157.14798966298406,0.6900981947236448,0.0,-0.7237157464358271,3.929013079667063,3.929013079667063
-30.24454837691926,1905.5703095783242,-157.14798966298406,-42.473790281379536,1918.1018159136718,-153.5212757460025,0.6900981947236448,0.0,-0.7237157464358271,3.929013079667063,3.929013079667063
-44.04886212045999,1893.9312489672598,-153.09923651869985,-30.24454837691926,1905.5703095783242,-157.14798966298406,0.6900981947236448,0.0,-0.7237157464358271,3.929013079667063,3.929013079667063
-30.24454837691926,1905.5703095783242,-157.14798966298406,-16.44023463337853,1917.2093701893884,-161.1967428072682,0.6900981947236448,0.0,-0.7237157464358271,3.929013079667063,3.929013079667063
-16.440234633378516,1917.2093701893887,-161.1967428072682,-28.669476537838793,1929.7408765247362,-157.57002889028666,0.6900981947236448,0.0,-0.7237157464358271,3.929013079667063,3.929013079667063
-28.669476537838793,1929.7408765247362,-157.57002889028666,-40.89871844229907,1942.2723828600838,-153.9433149733051,0.6900981947236448,0.0,-0.7237157464358271,3.929013079667063,3.929013079667063
-42.47379028137952,1918.101815913672,-153.5212757460025,-28.669476537838793,1929.7408765247362,-157.57002889028666,0.6900981947236448,0.0,-0.7237157464358271,3.929013079667063,3.929013079667063
-28.669476537838793,1929.7408765247362,-157.57002889028666,-14.865162794298064,1941.3799371358004,-161.6187820345708,0.6900981947236448,0.0,-0.7237157464358271,3.929013079667063,3.929013079667063
-14.865162794298064,1941.3799371358004,-161.6187820345708,-27.094404698758336,1953.911443471148,-157.99206811758927,0.6900981947236448,0.0,-0.7237157464358271,3.929013079667063,3.929013079667063
-27.094404698758336,1953.911443471148,-157.99206811758927,-39.32364660321862,1966.4429498064956,-154.3653542006077,0.6900981947236448,0.0,-0.7237157464358271,3.929013079667063,3.929013079667063
-40.89871844229907,1942.2723828600838,-153.9433149733051,-27.094404698758336,1953.911443471148,-157.99206811758927,0.6900981947236448,0.0,-0.7237157464358271,3.929013079667063,3.929013079667063
-27.094404698758336,1953.911443471148,-157.99206811758927,-13.290090955217606,1965.5505040822122,-162.04082126187342,0.6900981947236448,0.0,-0.7237157464358271,3.929013079667063,3.929013079667063
-13.290090955217606,1965.5505040822122,-162.04082126187342,-25.519332859677878,1978.0820104175598,-158.41410734489187,0.6900981947236448,0.0,-0.7237157464358271,3.929013079667063,3.929013079667063
-25.519332859677878,1978.0820104175598,-158.41410734489187,-37.748574764138155,1990.6135167529073,-154.78739342791033,0.6900981947236448,0.0,-0.7237157464358271,3.929013079667063,3.929013079667063
-39.32364660321862,1966.4429498064956,-154.3653542006077,-25.519332859677878,1978.0820104175598,-158.41410734489187,0.6900981947236448,0.0,-0.7237157464358271,3.929013079667063,3.929013079667063
-25.519332859677878,1978.0820104175598,-158.41410734489187,-11.715019116137148,1989.721071028624,-162.46286048917605,0.6900981947236448,0.0,-0.7237157464358271,3.929013079667063,3.929013079667063
-11.715019116137148,1989.721071028624,-162.46286048917605,-23.94426102059742,2002.2525773639713,-158.8361465721945,0.6900981947236448,0.0,-0.7237157464358271,3.929013079667063,3.929013079667063
-23.94426102059742,2002.2525773639713,-158.8361465721945,-36.173502925057704,2014.7840836993191,-155.20943265521294,0.6900981947236448,0.0,-0.7237157464358271,3.929013079667063,3.929013079667063
-37.748574764138155,1990.6135167529073,-154.78739342791033,-23.94426102059742,2002.2525773639713,-158.8361465721945,0.6900981947236448,0.0,-0.7237157464358271,3.929013079667063,3.929013079667063
-23.94426102059742,2002.2525773639713,-158.8361465721945,-10.13994727705669,2013.8916379750358,-162.88489971647866,0.6900981947236448,0.0,-0.7237157464358271,3.929013079667063,3.929013079667063
-10.13994727705669,2013.8916379750358,-162.88489971647866,-22.369189181516962,2026.4231443103831,-159.2581857994971,0.6900981947236448,0.0,-0.7237157464358271,3.929013079667063,3.929013079667063
-22.369189181516962,2026.4231443103831,-159.2581857994971,-34.59843108597724,2038.9546506457314,-155.63147188251554,0.6900981947236448,0.0,-0.7237157464358271,3.929013079667063,3.929013079667063
-36.173502925057704,2014.7840836993191,-155.20943265521294,-22.369189181516962,2026.4231443103831,-159.2581857994971,0.6900981947236448,0.0,-0.7237157464358271,3.929013079667063,3.929013079667063
-22.369189181516962,2026.4231443103831,-159.2581857994971,-8.564875437976232,2038.062204921448,-163.30693894378126,0.6900981947236448,0.0,-0.7237157464358271,3.929013079667063,3.929013079667063
-8.564875437976225,2038.062204921448,-163.30693894378126,-20.794117342436497,2050.5937112567954,-159.68022502679972,0.6900981947236448,0.0,-0.7237157464358271,3.929013079667063,3.929013079667063
-20.794117342436497,2050.5937112567954,-159.68022502679972,-33.023359246896774,2063.125217592143,-156.05351110981817,0.6900981947236448,0.0,-0.7237157464358271,3.929013079667063,3.929013079667063
-34.59843108597724,2038.9546506457314,-155.63147188251554,-20.794117342436497,2050.5937112567954,-159.68022502679972,0.6900981947236448,0.0,-0.7237157464358271,3.929013079667063,3.929013079667063
-20.794117342436497,2050.5937112567954,-159.68022502679972,-6.989803598895767,2062.23277186786,-163.7289781710839,0.6900981947236448,0.0,-0.7237157464358271,3.929013079667063,3.929013079667063
-6.989803598895767,2062.23277186786,-163.7289781710839,-19.219045503356046,2074.764278203207,-160.10226425410235,0.6900981947236448,0.0,-0.7237157464358271,3.929013079667063,3.929013079667063
-19.219045503356046,2074.764278203207,-160.10226425410235,-31.44828740781632,2087.295784538555,-156.47555033712078,0.6900981947236448,0.0,-0.7237157464358271,3.929013079667063,3.929013079667063
-33.023359246896774,2063.125217592143,-156.05351110981817,-19.219045503356046,2074.764278203207,-160.10226425410235,0.6900981947236448,0.0,-0.7237157464358271,3.929013079667063,3.929013079667063
-19.219045503356046,2074.764278203207,-160.10226425410235,-5.414731759815309,2086.4033388142716,-164.1510173983865,0.6900981947236448,0.0,-0.7237157464358271,3.929013079667063,3.929013079667063
-5.414731759815309,2086.4033388142716,-164.1510173983865,-17.643973664275588,2098.934845149619,-160.52430348140496,0.6900981947236448,0.0,-0.7237157464358271,3.929013079667063,3.929013079667063
-17.643973664275588,2098.934845149619,-160.52430348140496,-29.873215568735862,2111.4663514849667,-156.89758956442338,0.6900981947236448,0.0,-0.7237157464358271,3.929013079667063,3.929013079667063
-31.44828740781632,2087.295784538555,-156.47555033712078,-17.643973664275588,2098.934845149619,-160.52430348140496,0.6900981947236448,0.0,-0.7237157464358271,3.929013079667063,3.929013079667063
-17.643973664275588,2098.934845149619,-160.52430348140496,-3.839659920734851,2110.5739057606834,-164.5730566256891,0.6900981947236448,0.0,-0.7237157464358271,3.929013079667063,3.929013079667063
-3.839659920734851,2110.5739057606834,-164.5730566256891,-16.06890182519513,2123.1054120960307,-160.94634270870756,0.6900981947236448,0.0,-0.7237157464358271,3.929013079667063,3.929013079667063
-16.06890182519513,2123.1054120960307,-160.94634270870756,-28.298143729655404,2135.6369184313785,-157.319628791726,0.6900981947236448,0.0,-0.7237157464358271,3.929013079667063,3.929013079667063
-29.873215568735862,2111.4663514849667,-156.89758956442338,-16.06890182519513,2123.1054120960307,-160.94634270870756,0.6900981947236448,0.0,-0.7237157464358271,3.929013079667063,3.929013079667063
-16.06890182519513,2123.1054120960307,-160.94634270870756,-2.2645880816543933,2134.744472707095,-164.9950958529917,0.6900981947236448,0.0,-0.7237157464358271,3.929013079667063,3.929013079667063
-2.2645880816543933,2134.744472707095,-164.9950958529917,-14.493829986114672,2147.2759790424425,-161.3683819360102,0.6900981947236448,0.0,-0.7237157464358271,3.929013079667063,3.929013079667063
-14.493829986114672,2147.2759790424425,-161.3683819360102,-26.723071890574946,2159.8074853777903,-157.74166801902862,0.6900981947236448,0.0,-0.7237157464358271,3.929013079667063,3.929013079667063
-28.298143729655404,2135.6369184313785,-157.319628791726,-14.493829986114672,2147.2759790424425,-161.3683819360102,0.6900981947236448,0.0,-0.7237157464358271,3.929013079667063,3.929013079667063
-14.493829986114672,2147.2759790424425,-161.3683819360102,-0.6895162425739354,2158.915039653507,-165.41713508029434,0.6900981947236448,0.0,-0.7237157464358271,3.929013079667063,3.929013079667063
-0.6895162425739354,2158.915039653507,-165.41713508029434,-12.918758147034207,2171.4465459888547,-161.7904211633128,0.6900981947236448,0.0,-0.7237157464358271,3.929013079667063,3.929013079667063
-12.918758147034207,2171.4465459888547,-161.7904211633128,-25.14800005149448,2183.9780523242025,-158.16370724633123,0.6900981947236448,0.0,-0.7237157464358271,3.929013079667063,3.929013079667063
-26.723071890574946,2159.8074853777903,-157.74166801902862,-12.918758147034207,2171.4465459888547,-161.7904211633128,0.6900981947236448,0.0,-0.7237157464358271,3.929013079667063,3.929013079667063
-12.918758147034207,2171.4465459888547,-161.7904211633128,0.8855555965065296,2183.085606599919,-165.83917430759695,0.6900981947236448,0.0,-0.7237157464358271,3.929013079667063,3.929013079667063
0.8855555965065296,2183.085606599919,-165.83917430759695,-11.343686307953742,2195.6171129352665,-162.2124603906154,0.6900981947236448,0.0,-0.7237157464358271,3.929013079667063,3.929013079667063
-11.343686307953742,2195.6171129352665,-162.2124603906154,-23.57292821241403,2208.1486192706143,-158.58574647363383,0.6900981947236448,0.0,-0.7237157464358271,3.929013079667063,3.929013079667063
-25.14800005149448,2183.9780523242025,-158.16370724633123,-11.343686307953742,2195.6171129352665,-162.2124603906154,0.6900981947236448,0.0,-0.7237157464358271,3.929013079667063,3.929013079667063
-11.343686307953742,2195.6171129352665,-162.2124603906154,2.4606274355869804,2207.256173546331,-166.26121353489955,0.6900981947236448,0.0,-0.7237157464358271,3.929013079667063,3.929013079667063
2.4606274355869804,2207.256173546331,-166.26121353489955,-9.768614468873292,2219.7876798816783,-162.63449961791804,0.6900981947236448,0.0,-0.7237157464358271,3.929013079667063,3.929013079667063
-9.768614468873292,2219.7876798816783,-162.63449961791804,-21.997856373333565,2232.319186217026,-159.00778570093647,0.6900981947236448,0.0,-0.7237157464358271,3.929013079667063,3.929013079667063
-23.57292821241403,2208.1486192706143,-158.58574647363383,-9.768614468873292,2219.7876798816783,-162.63449961791804,0.6900981947236448,0.0,-0.7237157464358271,3.929013079667063,3.929013079667063
-9.768614468873292,2219.7876798816783,-162.63449961791804,4.035699274667445,2231.4267404927427,-166.6832527622022,0.6900981947236448,0.0,-0.7237157464358271,3.929013079667063,3.929013079667063
4.035699274667445,2231.4267404927427,-166.6832527622022,-8.19354262979284,2243.95824682809,-163.05653884522064,0.6900981947236448,0.0,-0.7237157464358271,3.929013079667063,3.929013079667063
-8.19354262979284,2243.95824682809,-163.05653884522064,-20.422784534253115,2256.489753163438,-159.42982492823907,0.6900981947236448,0.0,-0.7237157464358271,3.929013079667063,3.929013079667063
-21.997856373333565,2232.319186217026,-159.00778570093647,-8.19354262979284,2243.95824682809,-163.05653884522064,0.6900981947236448,0.0,-0.7237157464358271,3.929013079667063,3.929013079667063
-8.19354262979284,2243.95824682809,-163.05653884522064,5.610771113747896,2255.5973074391545,-167.1052919895048,0.6900981947236448,0.0,-0.7237157464358271,3.929013079667063,3.929013079667063
5.610771113747896,2255.5973074391545,-167.1052919895048,-6.618470790712376,2268.128813774502,-163.47857807252325,0.6900981947236448,0.0,-0.7237157464358271,3.929013079667063,3.929013079667063
-6.618470790712376,2268.128813774502,-163.47857807252325,-18.84771269517265,2280.66032010985,-159.85186415554168,0.6900981947236448,0.0,-0.7237157464358271,3.929013079667063,3.929013079667063
-20.422784534253115,2256.489753163438,-159.42982492823907,-6.618470790712376,2268.128813774502,-163.47857807252325,0.6900981947236448,0.0,-0.7237157464358271,3.929013079667063,3.929013079667063
-6.618470790712376,2268.128813774502,-163.47857807252325,7.185842952828361,2279.7678743855668,-167.5273312168074,0.6900981947236448,0.0,-0.7237157464358271,3.929013079667063,3.929013079667063
7.185842952828361,2279.7678743855668,-167.5273312168074,-5.043398951631925,2292.299380720914,-163.90061729982585,0.6900981947236448,0.0,-0.7237157464358271,3.929013079667063,3.929013079667063
-5.043398951631925,2292.299380720914,-163.90061729982585,-17.2726408560922,2304.830887056262,-160.2739033828443,0.6900981947236448,0.0,-0.7237157464358271,3.929013079667063,3.929013079667063
-18.84771269517265,2280.66032010985,-159.85186415554168,-5.043398951631925,2292.299380720914,-163.90061729982585,0.6900981947236448,0.0,-0.7237157464358271,3.929013079667063,3.929013079667063
-5.043398951631925,2292.299380720914,-163.90061729982585,8.760914791908812,2303.9384413319785,-167.94937044411003,0.6900981947236448,0.0,-0.7237157464358271,3.929013079667063,3.929013079667063
-75.60344827586214,1160.187213427769,-130.9490136411987,-66.57991913186983,1184.3577803741807,-144.2721593586162,0.0,0.0,1.0,3.929013079667063,3.929013079667063
-81.47683374169354,1184.3577803741807,-118.4699463783864,-72.45330459770122,1208.5283473205927,-131.79309209580393,0.0,0.0,1.0,3.929013079667063,3.929013079667063
-72.45330459770122,1208.5283473205927,-131.79309209580393,-63.4297754537089,1232.6989142670045,-145.11623781322143,0.0,0.0,1.0,3.929013079667063,3.929013079667063
-66.57991913186983,1184.3577803741807,-144.2721593586162,-72.45330459770122,1208.5283473205927,-131.79309209580393,0.0,0.0,1.0,3.929013079667063,3.929013079667063
-72.45330459770122,1208.5283473205927,-131.79309209580393,-78.32669006353261,1232.6989142670045,-119.31402483299163,0.0,0.0,1.0,3.929013079667063,3.929013079667063
-78.32669006353261,1232.6989142670045,-119.31402483299163,-69.3031609195403,1256.8694812134163,-132.63717055040914,0.0,0.0,1.0,3.929013079667063,3.929013079667063
-69.3031609195403,1256.8694812134163,-132.63717055040914,-60.27963177554798,1281.0400481598283,-145.96031626782664,0.0,0.0,1.0,3.929013079667063,3.929013079667063
-63.4297754537089,1232.6989142670045,-145.11623781322143,-69.3031609195403,1256.8694812134163,-132.63717055040914,0.0,0.0,1.0,3.929013079667063,3.929013079667063
-69.3031609195403,1256.8694812134163,-132.63717055040914,-75.1765463853717,1281.0400481598283,-120.15810328759684,0.0,0.0,1.0,3.929013079667063,3.929013079667063
-75.1765463853717,1281.0400481598283,-120.15810328759684,-66.15301724137939,1305.21061510624,-133.48124900501438,0.0,0.0,1.0,3.929013079667063,3.929013079667063
-66.15301724137939,1305.21061510624,-133.48124900501438,-57.12948809738707,1329.3811820526519,-146.80439472243188,0.0,0.0,1.0,3.929013079667063,3.929013079667063
-60.27963177554798,1281.0400481598283,-145.96031626782664,-66.15301724137939,1305.21061510624,-133.48124900501438,0.0,0.0,1.0,3.929013079667063,3.929013079667063
-66.15301724137939,1305.21061510624,-133.48124900501438,-72.02640270721078,1329.3811820526519,-121.00218174220208,0.0,0.0,1.0,3.929013079667063,3.929013079667063
-72.02640270721078,1329.3811820526519,-121.00218174220208,-63.00287356321847,1353.5517489990639,-134.3253274596196,0.0,0.0,1.0,3.929013079667063,3.929013079667063
-63.00287356321847,1353.5517489990639,-134.3253274596196,-53.97934441922616,1377.7223159454757,-147.64847317703712,0.0,0.0,1.0,3.929013079667063,3.929013079667063
-57.12948809738707,1329.3811820526519,-146.80439472243188,-63.00287356321847,1353.5517489990639,-134.3253274596196,0.0,0.0,1.0,3.929013079667063,3.929013079667063
-63.00287356321847,1353.5517489990639,-134.3253274596196,-68.87625902904988,1377.7223159454757,-121.84626019680732,0.0,0.0,1.0,3.929013079667063,3.929013079667063
-68.87625902904988,1377.7223159454757,-121.84626019680732,-59.852729885057556,1401.8928828918874,-135.16940591422482,0.0,0.0,1.0,3.929013079667063,3.929013079667063
-59.852729885057556,1401.8928828918874,-135.16940591422482,-50.82920074106524,1426.0634498382992,-148.49255163164233,0.0,0.0,1.0,3.929013079667063,3.929013079667063
-53.97934441922616,1377.7223159454757,-147.64847317703712,-59.852729885057556,1401.8928828918874,-135.16940591422482,0.0,0.0,1.0,3.929013079667063,3.929013079667063
-59.852729885057556,1401.8928828918874,-135.16940591422482,-65.72611535088896,1426.0634498382992,-122.69033865141253,0.0,0.0,1.0,3.929013079667063,3.929013079667063
-65.72611535088896,1426.0634498382992,-122.69033865141253,-56.70258620689664,1450.2340167847112,-136.01348436883006,0.0,0.0,1.0,3.929013079667063,3.929013079667063
-56.70258620689664,1450.2340167847112,-136.01348436883006,-47.67905706290433,1474.404583731123,-149.33663008624757,0.0,0.0,1.0,3.929013079667063,3.929013079667063
-50.82920074106524,1426.0634498382992,-148.49255163164233,-56.70258620689664,1450.2340167847112,-136.01348436883006,0.0,0.0,1.0,3.929013079667063,3.929013079667063
-56.70258620689664,1450.2340167847112,-136.01348436883006,-62.57597167272804,1474.404583731123,-123.53441710601777,0.0,0.0,1.0,3.929013079667063,3.929013079667063
-62.57597167272804,1474.404583731123,-123.53441710601777,-53.552442528735725,1498.5751506775348,-136.85756282343527,0.0,0.0,1.0,3.929013079667063,3.929013079667063
-53.552442528735725,1498.5751506775348,-136.85756282343527,-44.52891338474342,1522.7457176239468,-150.18070854085278,0.0,0.0,1.0,3.929013079667063,3.929013079667063
-47.67905706290433,1474.404583731123,-149.33663008624757,-53.552442528735725,1498.5751506775348,-136.85756282343527,0.0,0.0,1.0,3.929013079667063,3.929013079667063
-53.552442528735725,1498.5751506775348,-136.85756282343527,-59.42582799456713,1522.7457176239468,-124.37849556062298,0.0,0.0,1.0,3.929013079667063,3.929013079667063
-59.42582799456712,1522.7457176239468,-124.37849556062298,-50.40229885057481,1546.9162845703586,-137.7016412780405,0.0,0.0,1.0,3.929013079667063,3.929013079667063
-50.40229885057481,1546.9162845703586,-137.7016412780405,-41.378769706582496,1571.0868515167704,-151.02478699545802,0.0,0.0,1.0,3.929013079667063,3.929013079667063
-44.52891338474341,1522.7457176239468,-150.18070854085278,-50.40229885057481,1546.9162845703586,-137.7016412780405,0.0,0.0,1.0,3.929013079667063,3.929013079667063
-50.40229885057481,1546.9162845703586,-137.7016412780405,-56.275684316406206,1571.0868515167704,-125.22257401522822,0.0,0.0,1.0,3.929013079667063,3.929013079667063
-56.275684316406206,1571.0868515167704,-125.22257401522822,-47.25215517241389,1595.2574184631824,-138.54571973264572,0.0,0.0,1.0,3.929013079667063,3.929013079667063
-47.25215517241389,1595.2574184631824,-138.54571973264572,-38.22862602842158,1619.4279854095942,-151.86886545006325,0.0,0.0,1.0,3.929013079667063,3.929013079667063
-41.378769706582496,1571.0868515167704,-151.02478699545802,-47.25215517241389,1595.2574184631824,-138.54571973264572,0.0,0.0,1.0,3.929013079667063,3.929013079667063
-47.25215517241389,1595.2574184631824,-138.54571973264572,-53.12554063824529,1619.4279854095942,-126.06665246983346,0.0,0.0,1.0,3.929013079667063,3.929013079667063
-53.12554063824529,1619.4279854095942,-126.06665246983346,-44.10201149425298,1643.598552356006,-139.38979818725096,0.0,0.0,1.0,3.929013079667063,3.929013079667063
-44.10201149425298,1643.598552356006,-139.38979818725096,-35.078482350260664,1667.769119302418,-152.71294390466846,0.0,0.0,1.0,3.929013079667063,3.929013079667063
-38.22862602842158,1619.4279854095942,-151.86886545006325,-44.10201149425298,1643.598552356006,-139.38979818725096,0.0,0.0,1.0,3.929013079667063,3.929013079667063
-44.10201149425298,1643.598552356006,-139.38979818725096,-49.975396960084375,1667.769119302418,-126.91073092443867,0.0,0.0,1.0,3.929013079667063,3.929013079667063
-49.975396960084375,1667.769119302418,-126.91073092443867,-40.95186781609206,1691.9396862488297,-140.23387664185617,0.0,0.0,1.0,3.929013079667063,3.929013079667063
-40.95186781609206,1691.9396862488297,-140.23387664185617,-31.92833867209975,1716.1102531952415,-153.5570223592737,0.0,0.0,1.0,3.929013079667063,3.929013079667063
-35.078482350260664,1667.769119302418,-152.71294390466846,-40.95186781609206,1691.9396862488297,-140.23387664185617,0.0,0.0,1.0,3.929013079667063,3.929013079667063
-40.95186781609206,1691.9396862488297,-140.23387664185617,-46.82525328192346,1716.1102531952415,-127.7548093790439,0.0,0.0,1.0,3.929013079667063,3.929013079667063
-46.82525328192346,1716.1102531952415,-127.7548093790439,-37.801724137931146,1740.2808201416533,-141.0779550964614,0.0,0.0,1.0,3.929013079667063,3.929013079667063
-37.801724137931146,1740.2808201416533,-141.0779550964614,-28.778194993938833,1764.4513870880653,-154.4011008138789,0.0,0.0,1.0,3.929013079667063,3.929013079667063
-31.92833867209975,1716.1102531952415,-153.5570223592737,-37.801724137931146,1740.2808201416533,-141.0779550964614,0.0,0.0,1.0,3.929013079667063,3.929013079667063
-37.801724137931146,1740.2808201416533,-141.0779550964614,-43.67510960376254,1764.4513870880653,-128.59888783364912,0.0,0.0,1.0,3.929013079667063,3.929013079667063
-43.67510960376254,1764.4513870880653,-128.59888783364912,-34.65158045977023,1788.621954034477,-141.92203355106665,0.0,0.0,1.0,3.929013079667063,3.929013079667063
-34.65158045977023,1788.621954034477,-141.92203355106665,-25.628051315777917,1812.792520980889,-155.24517926848415,0.0,0.0,1.0,3.929013079667063,3.929013079667063
-28.778194993938833,1764.4513870880653,-154.4011008138789,-34.65158045977023,1788.621954034477,-141.92203355106665,0.0,0.0,1.0,3.929013079667063,3.929013079667063
-34.65158045977023,1788.621954034477,-141.92203355106665,-40.52496592560163,1812.792520980889,-129.44296628825435,0.0,0.0,1.0,3.929013079667063,3.929013079667063
-40.52496592560163,1812.792520980889,-129.44296628825435,-31.501436781609314,1836.9630879273009,-142.76611200567186,0.0,0.0,1.0,3.929013079667063,3.929013079667063
-31.501436781609314,1836.9630879273009,-142.76611200567186,-22.477907637617,1861.1336548737127,-156.08925772308936,0.0,0.0,1.0,3.929013079667063,3.929013079667063
-25.628051315777917,1812.792520980889,-155.24517926848415,-31.501436781609314,1836.9630879273009,-142.76611200567186,0.0,0.0,1.0,3.929013079667063,3.929013079667063
-31.501436781609314,1836.9630879273009,-142.76611200567186,-37.37482224744071,1861.1336548737127,-130.28704474285956,0.0,0.0,1.0,3.929013079667063,3.929013079667063
-37.374822247440704,1861.1336548737127,-130.2870447428596,-28.3512931034484,1885.3042218201244,-143.6101904602771,0.0,0.0,1.0,3.929013079667063,3.929013079667063
-28.3512931034484,1885.3042218201244,-143.6101904602771,-19.327763959456085,1909.4747887665364,-156.9333361776946,0.0,0.0,1.0,3.929013079667063,3.929013079667063
-22.477907637616994,1861.1336548737127,-156.0892577230894,-28.3512931034484,1885.3042218201244,-143.6101904602771,0.0,0.0,1.0,3.929013079667063,3.929013079667063
-28.3512931034484,1885.3042218201244,-143.6101904602771,-34.224678569279796,1909.4747887665364,-131.1311231974648,0.0,0.0,1.0,3.929013079667063,3.929013079667063
-34.224678569279796,1909.4747887665364,-131.1311231974648,-25.201149425287483,1933.6453557129482,-144.4542689148823,0.0,0.0,1.0,3.929013079667063,3.929013079667063
-25.201149425287483,1933.6453557129482,-144.4542689148823,-16.17762028129517,1957.8159226593602,-157.77741463229984,0.0,0.0,1.0,3.929013079667063,3.929013079667063
-19.327763959456085,1909.4747887665364,-156.9333361776946,-25.201149425287483,1933.6453557129482,-144.4542689148823,0.0,0.0,1.0,3.929013079667063,3.929013079667063
-25.201149425287483,1933.6453557129482,-144.4542689148823,-31.07453489111888,1957.8159226593602,-131.97520165207004,0.0,0.0,1.0,3.929013079667063,3.929013079667063
-31.07453489111888,1957.8159226593602,-131.97520165207004,-22.051005747126567,1981.986489605772,-145.29834736948754,0.0,0.0,1.0,3.929013079667063,3.929013079667063
-22.051005747126567,1981.986489605772,-145.29834736948754,-13.027476603134252,2006.1570565521838,-158.62149308690505,0.0,0.0,1.0,3.929013079667063,3.929013079667063
-16.17762028129517,1957.8159226593602,-157.77741463229984,-22.051005747126567,1981.986489605772,-145.29834736948754,0.0,0.0,1.0,3.929013079667063,3.929013079667063
-22.051005747126567,1981.986489605772,-145.29834736948754,-27.924391212957964,2006.1570565521838,-132.81928010667525,0.0,0.0,1.0,3.929013079667063,3.929013079667063
-27.924391212957964,2006.1570565521838,-132.81928010667525,-18.90086206896565,2030.3276234985956,-146.14242582409278,0.0,0.0,1.0,3.929013079667063,3.929013079667063
-18.90086206896565,2030.3276234985956,-146.14242582409278,-9.877332924973336,2054.4981904450074,-159.4655715415103,0.0,0.0,1.0,3.929013079667063,3.929013079667063
-13.027476603134252,2006.1570565521838,-158.62149308690505,-18.90086206896565,2030.3276234985956,-146.14242582409278,0.0,0.0,1.0,3.929013079667063,3.929013079667063
-18.90086206896565,2030.3276234985956,-146.14242582409278,-24.77424753479705,2054.4981904450074,-133.6633585612805,0.0,0.0,1.0,3.929013079667063,3.929013079667063
-24.77424753479705,2054.4981904450074,-133.6633585612805,-15.750718390804735,2078.6687573914196,-146.986504278698,0.0,0.0,1.0,3.929013079667063,3.929013079667063
-15.750718390804735,2078.6687573914196,-146.986504278698,-6.72718924681242,2102.8393243378314,-160.3096499961155,0.0,0.0,1.0,3.929013079667063,3.929013079667063
-9.877332924973336,2054.4981904450074,-159.4655715415103,-15.750718390804735,2078.6687573914196,-146.986504278698,0.0,0.0,1.0,3.929013079667063,3.929013079667063
-15.750718390804735,2078.6687573914196,-146.986504278698,-21.624103856636133,2102.8393243378314,-134.5074370158857,0.0,0.0,1.0,3.929013079667063,3.929013079667063
-21.624103856636125,2102.8393243378314,-134.50743701588573,-12.600574712643812,2127.009891284243,-147.83058273330323,0.0,0.0,1.0,3.929013079667063,3.929013079667063
-12.600574712643812,2127.009891284243,-147.83058273330323,-3.5770455686514975,2151.180458230655,-161.15372845072073,0.0,0.0,1.0,3.929013079667063,3.929013079667063
-6.727189246812413,2102.8393243378314,-160.30964999611552,-12.600574712643812,2127.009891284243,-147.83058273330323,0.0,0.0,1.0,3.929013079667063,3.929013079667063
-12.600574712643812,2127.009891284243,-147.83058273330323,-18.47396017847521,2151.180458230655,-135.35151547049094,0.0,0.0,1.0,3.929013079667063,3.929013079667063
-18.47396017847521,2151.180458230655,-135.35151547049094,-9.450431034482904,2175.3510251770667,-148.67466118790844,0.0,0.0,1.0,3.929013079667063,3.929013079667063
-9.450431034482904,2175.3510251770667,-148.67466118790844,-0.4269018904905817,2199.5215921234785,-161.99780690532597,0.0,0.0,1.0,3.929013079667063,3.929013079667063
-3.5770455686514975,2151.180458230655,-161.15372845072073,-9.450431034482904,2175.3510251770667,-148.67466118790844,0.0,0.0,1.0,3.929013079667063,3.929013079667063
-9.450431034482904,2175.3510251770667,-148.67466118790844,-15.323816500314296,2199.5215921234785,-136.19559392509618,0.0,0.0,1.0,3.929013079667063,3.929013079667063
-15.323816500314296,2199.5215921234785,-136.19559392509618,-6.300287356321988,2223.6921590698903,-149.51873964251368,0.0,0.0,1.0,3.929013079667063,3.929013079667063
-6.300287356321988,2223.6921590698903,-149.51873964251368,2.723241787670334,2247.862726016302,-162.84188535993118,0.0,0.0,1.0,3.929013079667063,3.929013079667063
-0.4269018904905817,2199.5215921234785,-161.99780690532597,-6.300287356321988,2223.6921590698903,-149.51873964251368,0.0,0.0,1.0,3.929013079667063,3.929013079667063
-6.300287356321988,2223.6921590698903,-149.51873964251368,-12.17367282215338,2247.862726016302,-137.0396723797014,0.0,0.0,1.0,3.929013079667063,3.929013079667063
-12.17367282215338,2247.862726016302,-137.0396723797014,-3.150143678161072,2272.033292962714,-150.36281809711892,0.0,0.0,1.0,3.929013079667063,3.929013079667063
-3.150143678161072,2272.033292962714,-150.36281809711892,5.87338546583125,2296.203859909126,-163.68596381453642,0.0,0.0,1.0,3.929013079667063,3.929013079667063
2.723241787670334,2247.862726016302,-162.84188535993118,-3.150143678161072,2272.033292962714,-150.36281809711892,0.0,0.0,1.0,3.929013079667063,3.929013079667063
-3.150143678161072,2272.033292962714,-150.36281809711892,-9.023529143992464,2296.203859909126,-137.88375083430662,0.0,0.0,1.0,3.929013079667063,3.929013079667063
-1.5631940186722204e-13,2320.374426855538,-151.20689655172413,5.87338546583125,2296.203859909126,-163.68596381453642,0.0,0.0,1.0,3.929013079667063,3.929013079667063
-78.32669006353261,1232.6989142670045,-119.31402483299163,-80.20617341259867,1240.4334956898563,-115.32072330889169,0.0,0.0,1.0,3.929013079667063,3.929013079667063
-63.4297754537089,1232.6989142670045,-145.11623781322143,-60.542246127631365,1240.4334956898563,-149.379644442795,0.0,0.0,1.0,3.929013079667063,3.929013079667063
-75.1765463853717,1281.0400481598283,-120.15810328759684,-77.05602973443776,1288.77462958268,-116.16480176349692,0.0,0.0,1.0,3.929013079667063,3.929013079667063
-60.27963177554798,1281.0400481598283,-145.96031626782664,-57.39210244947045,1288.77462958268,-150.22372289740025,0.0,0.0,1.0,3.929013079667063,3.929013079667063
-72.02640270721078,1329.3811820526519,-121.00218174220208,-73.90588605627684,1337.1157634755036,-117.00888021810216,0.0,0.0,1.0,3.929013079667063,3.929013079667063
-57.12948809738707,1329.3811820526519,-146.80439472243188,-54.241958771309534,1337.1157634755036,-151.0678013520055,0.0,0.0,1.0,3.929013079667063,3.929013079667063
-68.87625902904988,1377.7223159454757,-121.84626019680732,-70.75574237811593,1385.4568973683274,-117.85295867270737,0.0,0.0,1.0,3.929013079667063,3.929013079667063
-53.97934441922616,1377.7223159454757,-147.64847317703712,-51.09181509314862,1385.4568973683274,-151.9118798066107,0.0,0.0,1.0,3.929013079667063,3.929013079667063
-65.72611535088896,1426.0634498382992,-122.69033865141253,-67.60559869995501,1433.7980312611512,-118.69703712731261,0.0,0.0,1.0,3.929013079667063,3.929013079667063
-50.82920074106524,1426.0634498382992,-148.49255163164233,-47.9416714149877,1433.7980312611512,-152.75595826121594,0.0,0.0,1.0,3.929013079667063,3.929013079667063
-62.57597167272804,1474.404583731123,-123.53441710601777,-64.4554550217941,1482.1391651539748,-119.54111558191782,0.0,0.0,1.0,3.929013079667063,3.929013079667063
-47.67905706290433,1474.404583731123,-149.33663008624757,-44.79152773682679,1482.1391651539748,-153.60003671582115,0.0,0.0,1.0,3.929013079667063,3.929013079667063
-59.42582799456713,1522.7457176239468,-124.37849556062298,-61.30531134363317,1530.4802990467986,-120.38519403652306,0.0,0.0,1.0,3.929013079667063,3.929013079667063
-44.52891338474342,1522.7457176239468,-150.18070854085278,-41.64138405866587,1530.4802990467986,-154.4441151704264,0.0,0.0,1.0,3.929013079667063,3.929013079667063
-56.275684316406206,1571.0868515167704,-125.22257401522822,-58.155167665472256,1578.8214329396224,-121.22927249112827,0.0,0.0,1.0,3.929013079667063,3.929013079667063
-41.378769706582496,1571.0868515167704,-151.02478699545802,-38.491240380504955,1578.8214329396224,-155.2881936250316,0.0,0.0,1.0,3.929013079667063,3.929013079667063
-53.12554063824529,1619.4279854095942,-126.06665246983346,-55.00502398731134,1627.162566832446,-122.07335094573351,0.0,0.0,1.0,3.929013079667063,3.929013079667063
-38.22862602842158,1619.4279854095942,-151.86886545006325,-35.34109670234404,1627.162566832446,-156.13227207963683,0.0,0.0,1.0,3.929013079667063,3.929013079667063
-49.975396960084375,1667.769119302418,-126.91073092443867,-51.854880309150424,1675.5037007252697,-122.91742940033875,0.0,0.0,1.0,3.929013079667063,3.929013079667063
-35.078482350260664,1667.769119302418,-152.71294390466846,-32.19095302418312,1675.5037007252697,-156.97635053424207,0.0,0.0,1.0,3.929013079667063,3.929013079667063
-46.82525328192346,1716.1102531952415,-127.7548093790439,-48.70473663098951,1723.8448346180935,-123.76150785494396,0.0,0.0,1.0,3.929013079667063,3.929013079667063
-31.92833867209975,1716.1102531952415,-153.5570223592737,-29.040809346022208,1723.8448346180935,-157.82042898884728,0.0,0.0,1.0,3.929013079667063,3.929013079667063
-43.67510960376254,1764.4513870880653,-128.59888783364912,-45.55459295282859,1772.185968510917,-124.6055863095492,0.0,0.0,1.0,3.929013079667063,3.929013079667063
-28.778194993938833,1764.4513870880653,-154.4011008138789,-25.890665667861292,1772.185968510917,-158.66450744345252,0.0,0.0,1.0,3.929013079667063,3.929013079667063
-40.52496592560163,1812.792520980889,-129.44296628825435,-42.40444927466768,1820.5271024037406,-125.4496647641544,0.0,0.0,1.0,3.929013079667063,3.929013079667063
-25.628051315777917,1812.792520980889,-155.24517926848415,-22.740521989700376,1820.5271024037406,-159.50858589805773,0.0,0.0,1.0,3.929013079667063,3.929013079667063
-37.37482224744071,1861.1336548737127,-130.28704474285956,-39.25430559650676,1868.8682362965644,-126.29374321875964,0.0,0.0,1.0,3.929013079667063,3.929013079667063
-22.477907637617,1861.1336548737127,-156.08925772308936,-19.59037831153946,1868.8682362965644,-160.35266435266297,0.0,0.0,1.0,3.929013079667063,3.929013079667063
-34.224678569279796,1909.4747887665364,-131.1311231974648,-36.104161918345845,1917.2093701893882,-127.13782167336488,0.0,0.0,1.0,3.929013079667063,3.929013079667063
-19.327763959456085,1909.4747887665364,-156.9333361776946,-16.440234633378545,1917.2093701893882,-161.1967428072682,0.0,0.0,1.0,3.929013079667063,3.929013079667063
-31.07453489111888,1957.8159226593602,-131.97520165207004,-32.95401824018493,1965.5505040822118,-127.98190012797009,0.0,0.0,1.0,3.929013079667063,3.929013079667063
-16.17762028129517,1957.8159226593602,-157.77741463229984,-13.290090955217627,1965.5505040822118,-162.04082126187342,0.0,0.0,1.0,3.929013079667063,3.929013079667063
-27.924391212957964,2006.1570565521838,-132.81928010667525,-29.803874562024014,2013.8916379750353,-128.82597858257535,0.0,0.0,1.0,3.929013079667063,3.929013079667063
-13.027476603134252,2006.1570565521838,-158.62149308690505,-10.139947277056711,2013.8916379750353,-162.88489971647866,0.0,0.0,1.0,3.929013079667063,3.929013079667063
-24.77424753479705,2054.4981904450074,-133.6633585612805,-26.653730883863098,2062.2327718678594,-129.67005703718056,0.0,0.0,1.0,3.929013079667063,3.929013079667063
-9.877332924973336,2054.4981904450074,-159.4655715415103,-6.989803598895795,2062.2327718678594,-163.72897817108387,0.0,0.0,1.0,3.929013079667063,3.929013079667063
-21.624103856636133,2102.8393243378314,-134.5074370158857,-23.503587205702182,2110.573905760683,-130.5141354917858,0.0,0.0,1.0,3.929013079667063,3.929013079667063
-6.72718924681242,2102.8393243378314,-160.3096499961155,-3.8396599207348796,2110.573905760683,-164.5730566256891,0.0,0.0,1.0,3.929013079667063,3.929013079667063
-18.47396017847521,2151.180458230655,-135.35151547049094,-20.353443527541266,2158.915039653507,-131.35821394639103,0.0,0.0,1.0,3.929013079667063,3.929013079667063
-3.5770455686514975,2151.180458230655,-161.15372845072073,-0.6895162425739638,2158.915039653507,-165.41713508029434,0.0,0.0,1.0,3.929013079667063,3.929013079667063
-15.323816500314296,2199.5215921234785,-136.19559392509618,-17.20329984938035,2207.2561735463305,-132.20229240099624,0.0,0.0,1.0,3.929013079667063,3.929013079667063
-0.4269018904905817,2199.5215921234785,-161.99780690532597,2.460627435586952,2207.2561735463305,-166.26121353489955,0.0,0.0,1.0,3.929013079667063,3.929013079667063
-12.17367282215338,2247.862726016302,-137.0396723797014,-14.053156171219436,2255.597307439154,-133.04637085560148,0.0,0.0,1.0,3.929013079667063,3.929013079667063
2.723241787670334,2247.862726016302,-162.84188535993118,5.610771113747868,2255.597307439154,-167.1052919895048,0.0,0.0,1.0,3.929013079667063,3.929013079667063
-9.023529143992464,2296.203859909126,-137.88375083430662,-10.90301249305852,2303.9384413319776,-133.8904493102067,0.0,0.0,1.0,3.929013079667063,3.929013079667063
5.87338546583125,2296.203859909126,-163.68596381453642,8.760914791908784,2303.9384413319776,-167.94937044411,0.0,0.0,1.0,3.929013079667063,3.929013079667063
-1.5631940186722204e-13,2320.374426855538,-151.20689655172413,-9.023529143992464,2296.203859909126,-137.88375083430662,0.0,0.0,1.0,3.929013079667063,3.929013079667063
-1.9737292576950685e-13,2320.374426855538,-184.13793103448276,159.46812607616906,2320.374426855538,-92.06896551724137,0.0,0.0,1.0,3.929013079667063,3.929013079667063
-1.9737292576950685e-13,2320.374426855538,-184.13793103448276,-2.3267089283128196e-13,2320.374426855538,-217.0689655172414,0.0,0.0,1.0,3.929013079667063,3.929013079667063
-1.9737292576950685e-13,2320.374426855538,-184.13793103448276,-1.6207495870773174e-13,2320.374426855538,-151.20689655172413,0.0,0.0,1.0,3.929013079667063,3.929013079667063
-2.3267089283128196e-13,2320.374426855538,-217.0689655172414,187.9872385111394,2320.374426855538,-108.53448275862068,0.0,0.0,1.0,3.929013079667063,3.929013079667063
-1.6207495870773174e-13,2320.374426855538,-151.20689655172413,130.94901364119875,2320.374426855538,-75.60344827586205,0.0,0.0,1.0,3.929013079667063,3.929013079667063
108.53448275862056,1160.187213427769,-187.98723851113945,93.45449759882194,1184.3577803741807,-181.19214126648643,0.0,0.0,1.0,3.929013079667063,3.929013079667063
96.19043994138278,1190.8104553818557,-204.99784627501236,91.27910361579896,1203.5366920626502,-192.31071286791845,-0.69347657033171,0.0,-0.7204791783257647,3.929013079667063,3.929013079667063
91.27910361579896,1203.5366920626502,-192.31071286791845,86.36776729021511,1216.2629287434445,-179.62357946082457,-0.69347657033171,0.0,-0.7204791783257647,3.929013079667063,3.929013079667063
88.62890234768638,1192.0923617970325,-179.01771014819744,91.27910361579896,1203.5366920626502,-192.31071286791845,-0.69347657033171,0.0,-0.7204791783257647,3.929013079667063,3.929013079667063
91.27910361579896,1203.5366920626502,-192.31071286791845,93.92930488391151,1214.9810223282677,-205.6037155876395,-0.69347657033171,0.0,-0.7204791783257647,3.929013079667063,3.929013079667063
93.92930488391151,1214.9810223282677,-205.6037155876395,89.01796855832768,1227.707259009062,-192.9165821805456,-0.69347657033171,0.0,-0.7204791783257647,3.929013079667063,3.929013079667063
89.01796855832768,1227.707259009062,-192.9165821805456,84.10663223274385,1240.4334956898563,-180.2294487734517,-0.69347657033171,0.0,-0.7204791783257647,3.929013079667063,3.929013079667063
86.36776729021511,1216.2629287434445,-179.62357946082457,89.01796855832768,1227.707259009062,-192.9165821805456,-0.69347657033171,0.0,-0.7204791783257647,3.929013079667063,3.929013079667063
89.01796855832768,1227.707259009062,-192.9165821805456,91.66816982644025,1239.1515892746795,-206.20958490026663,-0.69347657033171,0.0,-0.7204791783257647,3.929013079667063,3.929013079667063
91.66816982644025,1239.1515892746795,-206.20958490026663,86.75683350085642,1251.8778259554738,-193.5224514931727,-0.69347657033171,0.0,-0.7204791783257647,3.929013079667063,3.929013079667063
86.75683350085642,1251.8778259554738,-193.5224514931727,81.84549717527258,1264.604062636268,-180.83531808607881,-0.69347657033171,0.0,-0.7204791783257647,3.929013079667063,3.929013079667063
84.10663223274385,1240.4334956898563,-180.2294487734517,86.75683350085642,1251.8778259554738,-193.5224514931727,-0.69347657033171,0.0,-0.7204791783257647,3.929013079667063,3.929013079667063
86.75683350085642,1251.8778259554738,-193.5224514931727,89.40703476896898,1263.3221562210913,-206.81545421289374,-0.69347657033171,0.0,-0.7204791783257647,3.929013079667063,3.929013079667063
89.40703476896898,1263.3221562210913,-206.81545421289374,84.49569844338515,1276.0483929018858,-194.12832080579983,-0.69347657033171,0.0,-0.7204791783257647,3.929013079667063,3.929013079667063
84.49569844338515,1276.0483929018858,-194.12832080579983,79.5843621178013,1288.77462958268,-181.44118739870595,-0.69347657033171,0.0,-0.7204791783257647,3.929013079667063,3.929013079667063
81.84549717527258,1264.604062636268,-180.83531808607881,84.49569844338515,1276.0483929018858,-194.12832080579983,-0.69347657033171,0.0,-0.7204791783257647,3.929013079667063,3.929013079667063
84.49569844338515,1276.0483929018858,-194.12832080579983,87.1458997114977,1287.4927231675033,-207.42132352552088,-0.69347657033171,0.0,-0.7204791783257647,3.929013079667063,3.929013079667063
87.1458997114977,1287.4927231675033,-207.42132352552088,82.23456338591389,1300.2189598482976,-194.73419011842697,-0.69347657033171,0.0,-0.7204791783257647,3.929013079667063,3.929013079667063
82.23456338591389,1300.2189598482976,-194.73419011842697,77.32322706033004,1312.9451965290918,-182.04705671133306,-0.69347657033171,0.0,-0.7204791783257647,3.929013079667063,3.929013079667063
79.5843621178013,1288.77462958268,-181.44118739870595,82.23456338591389,1300.2189598482976,-194.73419011842697,-0.69347657033171,0.0,-0.7204791783257647,3.929013079667063,3.929013079667063
82.23456338591389,1300.2189598482976,-194.73419011842697,84.88476465402644,1311.663290113915,-208.02719283814798,-0.69347657033171,0.0,-0.7204791783257647,3.929013079667063,3.929013079667063
84.88476465402644,1311.663290113915,-208.02719283814798,79.97342832844262,1324.3895267947094,-195.34005943105407,-0.69347657033171,0.0,-0.7204791783257647,3.929013079667063,3.929013079667063
79.97342832844262,1324.3895267947094,-195.34005943105407,75.06209200285878,1337.1157634755036,-182.6529260239602,-0.69347657033171,0.0,-0.7204791783257647,3.929013079667063,3.929013079667063
77.32322706033004,1312.9451965290918,-182.04705671133306,79.97342832844262,1324.3895267947094,-195.34005943105407,-0.69347657033171,0.0,-0.7204791783257647,3.929013079667063,3.929013079667063
79.97342832844262,1324.3895267947094,-195.34005943105407,82.62362959655518,1335.8338570603269,-208.63306215077512,-0.69347657033171,0.0,-0.7204791783257647,3.929013079667063,3.929013079667063
82.62362959655518,1335.8338570603269,-208.63306215077512,77.71229327097134,1348.5600937411214,-195.9459287436812,-0.69347657033171,0.0,-0.7204791783257647,3.929013079667063,3.929013079667063
77.71229327097134,1348.5600937411214,-195.9459287436812,72.80095694538751,1361.2863304219156,-183.25879533658733,-0.69347657033171,0.0,-0.7204791783257647,3.929013079667063,3.929013079667063
75.06209200285878,1337.1157634755036,-182.6529260239602,77.71229327097134,1348.5600937411214,-195.9459287436812,-0.69347657033171,0.0,-0.7204791783257647,3.929013079667063,3.929013079667063
77.71229327097134,1348.5600937411214,-195.9459287436812,80.36249453908391,1360.0044240067389,-209.23893146340225,-0.69347657033171,0.0,-0.7204791783257647,3.929013079667063,3.929013079667063
80.36249453908391,1360.0044240067389,-209.23893146340225,75.4511582135001,1372.7306606875331,-196.55179805630831,-0.69347657033171,0.0,-0.7204791783257647,3.929013079667063,3.929013079667063
75.4511582135001,1372.7306606875331,-196.55179805630831,70.53982188791625,1385.4568973683274,-183.86466464921443,-0.69347657033171,0.0,-0.7204791783257647,3.929013079667063,3.929013079667063
72.80095694538751,1361.2863304219156,-183.25879533658733,75.4511582135001,1372.7306606875331,-196.55179805630831,-0.69347657033171,0.0,-0.7204791783257647,3.929013079667063,3.929013079667063
75.4511582135001,1372.7306606875331,-196.55179805630831,78.10135948161265,1384.1749909531507,-209.84480077602936,-0.69347657033171,0.0,-0.7204791783257647,3.929013079667063,3.929013079667063
78.10135948161265,1384.1749909531507,-209.84480077602936,73.19002315602881,1396.901227633945,-197.15766736893545,-0.69347657033171,0.0,-0.7204791783257647,3.929013079667063,3.929013079667063
73.19002315602881,1396.901227633945,-197.15766736893545,68.27868683044497,1409.6274643147392,-184.47053396184157,-0.69347657033171,0.0,-0.7204791783257647,3.929013079667063,3.929013079667063
70.53982188791625,1385.4568973683274,-183.86466464921443,73.19002315602881,1396.901227633945,-197.15766736893545,-0.69347657033171,0.0,-0.7204791783257647,3.929013079667063,3.929013079667063
73.19002315602881,1396.901227633945,-197.15766736893545,75.84022442414137,1408.3455578995624,-210.4506700886565,-0.69347657033171,0.0,-0.7204791783257647,3.929013079667063,3.929013079667063
75.84022442414137,1408.3455578995624,-210.4506700886565,70.92888809855755,1421.071794580357,-197.76353668156258,-0.69347657033171,0.0,-0.7204791783257647,3.929013079667063,3.929013079667063
70.92888809855755,1421.071794580357,-197.76353668156258,66.0175517729737,1433.7980312611512,-185.0764032744687,-0.69347657033171,0.0,-0.7204791783257647,3.929013079667063,3.929013079667063
68.27868683044497,1409.6274643147392,-184.47053396184157,70.92888809855755,1421.071794580357,-197.76353668156258,-0.69347657033171,0.0,-0.7204791783257647,3.929013079667063,3.929013079667063
70.92888809855755,1421.071794580357,-197.76353668156258,73.5790893666701,1432.5161248459744,-211.05653940128363,-0.69347657033171,0.0,-0.7204791783257647,3.929013079667063,3.929013079667063
73.57908936667012,1432.5161248459742,-211.0565394012836,68.66775304108629,1445.2423615267687,-198.3694059941897,-0.69347657033171,0.0,-0.7204791783257647,3.929013079667063,3.929013079667063
68.66775304108629,1445.2423615267687,-198.3694059941897,63.75641671550244,1457.968598207563,-185.6822725870958,-0.69347657033171,0.0,-0.7204791783257647,3.929013079667063,3.929013079667063
66.01755177297372,1433.798031261151,-185.07640327446867,68.66775304108629,1445.2423615267687,-198.3694059941897,-0.69347657033171,0.0,-0.7204791783257647,3.929013079667063,3.929013079667063
68.66775304108629,1445.2423615267687,-198.3694059941897,71.31795430919884,1456.6866917923862,-211.66240871391074,-0.69347657033171,0.0,-0.7204791783257647,3.929013079667063,3.929013079667063
71.31795430919884,1456.6866917923862,-211.66240871391074,66.406617983615,1469.4129284731807,-198.97527530681683,-0.69347657033171,0.0,-0.7204791783257647,3.929013079667063,3.929013079667063
66.406617983615,1469.4129284731807,-198.97527530681683,61.49528165803119,1482.1391651539748,-186.28814189972294,-0.69347657033171,0.0,-0.7204791783257647,3.929013079667063,3.929013079667063
63.75641671550244,1457.968598207563,-185.6822725870958,66.406617983615,1469.4129284731807,-198.97527530681683,-0.69347657033171,0.0,-0.7204791783257647,3.929013079667063,3.929013079667063
66.406617983615,1469.4129284731807,-198.97527530681683,69.05681925172759,1480.857258738798,-212.26827802653787,-0.69347657033171,0.0,-0.7204791783257647,3.929013079667063,3.929013079667063
69.05681925172757,1480.8572587387982,-212.26827802653787,64.14548292614376,1493.5834954195925,-199.58114461944396,-0.69347657033171,0.0,-0.7204791783257647,3.929013079667063,3.929013079667063
64.14548292614376,1493.5834954195925,-199.58114461944396,59.23414660055991,1506.3097321003868,-186.89401121235005,-0.69347657033171,0.0,-0.7204791783257647,3.929013079667063,3.929013079667063
61.495281658031175,1482.139165153975,-186.28814189972294,64.14548292614376,1493.5834954195925,-199.58114461944396,-0.69347657033171,0.0,-0.7204791783257647,3.929013079667063,3.929013079667063
64.14548292614376,1493.5834954195925,-199.58114461944396,66.79568419425631,1505.02782568521,-212.87414733916498,-0.69347657033171,0.0,-0.7204791783257647,3.929013079667063,3.929013079667063
66.79568419425631,1505.02782568521,-212.87414733916498,61.88434786867248,1517.7540623660043,-200.18701393207107,-0.69347657033171,0.0,-0.7204791783257647,3.929013079667063,3.929013079667063
61.88434786867248,1517.7540623660043,-200.18701393207107,56.973011543088646,1530.4802990467986,-187.4998805249772,-0.69347657033171,0.0,-0.7204791783257647,3.929013079667063,3.929013079667063
59.23414660055991,1506.3097321003868,-186.89401121235005,61.88434786867248,1517.7540623660043,-200.18701393207107,-0.69347657033171,0.0,-0.7204791783257647,3.929013079667063,3.929013079667063
61.88434786867248,1517.7540623660043,-200.18701393207107,64.53454913678505,1529.1983926316218,-213.4800166517921,-0.69347657033171,0.0,-0.7204791783257647,3.929013079667063,3.929013079667063
64.53454913678505,1529.1983926316218,-213.4800166517921,59.62321281120121,1541.924629312416,-200.7928832446982,-0.69347657033171,0.0,-0.7204791783257647,3.929013079667063,3.929013079667063
59.62321281120121,1541.924629312416,-200.7928832446982,54.71187648561738,1554.6508659932103,-188.10574983760432,-0.69347657033171,0.0,-0.7204791783257647,3.929013079667063,3.929013079667063
56.973011543088646,1530.4802990467986,-187.4998805249772,59.62321281120121,1541.924629312416,-200.7928832446982,-0.69347657033171,0.0,-0.7204791783257647,3.929013079667063,3.929013079667063
59.62321281120121,1541.924629312416,-200.7928832446982,62.27341407931378,1553.3689595780336,-214.08588596441925,-0.69347657033171,0.0,-0.7204791783257647,3.929013079667063,3.929013079667063
62.27341407931378,1553.3689595780338,-214.08588596441925,57.36207775372995,1566.0951962588279,-201.3987525573253,-0.69347657033171,0.0,-0.7204791783257647,3.929013079667063,3.929013079667063
57.36207775372995,1566.0951962588279,-201.3987525573253,52.4507414281461,1578.8214329396224,-188.71161915023143,-0.69347657033171,0.0,-0.7204791783257647,3.929013079667063,3.929013079667063
54.71187648561738,1554.6508659932106,-188.10574983760432,57.36207775372995,1566.0951962588279,-201.3987525573253,-0.69347657033171,0.0,-0.7204791783257647,3.929013079667063,3.929013079667063
57.36207775372995,1566.0951962588279,-201.3987525573253,60.0122790218425,1577.5395265244456,-214.69175527704635,-0.69347657033171,0.0,-0.7204791783257647,3.929013079667063,3.929013079667063
60.0122790218425,1577.5395265244456,-214.69175527704635,55.10094269625867,1590.2657632052399,-202.00462186995244,-0.69347657033171,0.0,-0.7204791783257647,3.929013079667063,3.929013079667063
55.10094269625867,1590.2657632052399,-202.00462186995244,50.18960637067485,1602.9919998860341,-189.31748846285856,-0.69347657033171,0.0,-0.7204791783257647,3.929013079667063,3.929013079667063
52.4507414281461,1578.8214329396224,-188.71161915023143,55.10094269625867,1590.2657632052399,-202.00462186995244,-0.69347657033171,0.0,-0.7204791783257647,3.929013079667063,3.929013079667063
55.10094269625867,1590.2657632052399,-202.00462186995244,57.75114396437125,1601.7100934708574,-215.2976245896735,-0.69347657033171,0.0,-0.7204791783257647,3.929013079667063,3.929013079667063
57.75114396437124,1601.7100934708576,-215.2976245896735,52.83980763878742,1614.4363301516516,-202.61049118257958,-0.69347657033171,0.0,-0.7204791783257647,3.929013079667063,3.929013079667063
52.83980763878742,1614.4363301516516,-202.61049118257958,47.92847131320357,1627.1625668324461,-189.92335777548567,-0.69347657033171,0.0,-0.7204791783257647,3.929013079667063,3.929013079667063
50.18960637067484,1602.9919998860344,-189.31748846285856,52.83980763878742,1614.4363301516516,-202.61049118257958,-0.69347657033171,0.0,-0.7204791783257647,3.929013079667063,3.929013079667063
52.83980763878742,1614.4363301516516,-202.61049118257958,55.49000890689997,1625.8806604172694,-215.9034939023006,-0.69347657033171,0.0,-0.7204791783257647,3.929013079667063,3.929013079667063
55.49000890689997,1625.8806604172694,-215.9034939023006,50.57867258131614,1638.6068970980637,-203.2163604952067,-0.69347657033171,0.0,-0.7204791783257647,3.929013079667063,3.929013079667063
50.57867258131614,1638.6068970980637,-203.2163604952067,45.66733625573231,1651.333133778858,-190.5292270881128,-0.69347657033171,0.0,-0.7204791783257647,3.929013079667063,3.929013079667063
47.92847131320357,1627.1625668324461,-189.92335777548567,50.57867258131614,1638.6068970980637,-203.2163604952067,-0.69347657033171,0.0,-0.7204791783257647,3.929013079667063,3.929013079667063
50.57867258131614,1638.6068970980637,-203.2163604952067,53.22887384942871,1650.0512273636812,-216.50936321492773,-0.69347657033171,0.0,-0.7204791783257647,3.929013079667063,3.929013079667063
53.22887384942871,1650.0512273636812,-216.50936321492773,48.31753752384488,1662.7774640444754,-203.82222980783382,-0.69347657033171,0.0,-0.7204791783257647,3.929013079667063,3.929013079667063
48.31753752384488,1662.7774640444754,-203.82222980783382,43.40620119826106,1675.5037007252697,-191.13509640073994,-0.69347657033171,0.0,-0.7204791783257647,3.929013079667063,3.929013079667063
45.66733625573231,1651.333133778858,-190.5292270881128,48.31753752384488,1662.7774640444754,-203.82222980783382,-0.69347657033171,0.0,-0.7204791783257647,3.929013079667063,3.929013079667063
48.31753752384488,1662.7774640444754,-203.82222980783382,50.96773879195746,1674.221794310093,-217.11523252755487,-0.69347657033171,0.0,-0.7204791783257647,3.929013079667063,3.929013079667063
50.967738791957444,1674.221794310093,-217.11523252755487,46.05640246637361,1686.9480309908872,-204.42809912046093,-0.69347657033171,0.0,-0.7204791783257647,3.929013079667063,3.929013079667063
46.05640246637361,1686.9480309908872,-204.42809912046093,41.14506614078978,1699.6742676716815,-191.74096571336705,-0.69347657033171,0.0,-0.7204791783257647,3.929013079667063,3.929013079667063
43.406201198261044,1675.5037007252697,-191.13509640073994,46.05640246637361,1686.9480309908872,-204.42809912046093,-0.69347657033171,0.0,-0.7204791783257647,3.929013079667063,3.929013079667063
46.05640246637361,1686.9480309908872,-204.42809912046093,48.70660373448618,1698.3923612565047,-217.72110184018197,-0.69347657033171,0.0,-0.7204791783257647,3.929013079667063,3.929013079667063
48.70660373448618,1698.3923612565047,-217.72110184018197,43.79526740890235,1711.118597937299,-205.03396843308806,-0.69347657033171,0.0,-0.7204791783257647,3.929013079667063,3.929013079667063
43.79526740890235,1711.118597937299,-205.03396843308806,38.883931083318515,1723.8448346180933,-192.34683502599418,-0.69347657033171,0.0,-0.7204791783257647,3.929013079667063,3.929013079667063
41.14506614078978,1699.6742676716815,-191.74096571336705,43.79526740890235,1711.118597937299,-205.03396843308806,-0.69347657033171,0.0,-0.7204791783257647,3.929013079667063,3.929013079667063
43.79526740890235,1711.118597937299,-205.03396843308806,46.445468677014915,1722.5629282029165,-218.3269711528091,-0.69347657033171,0.0,-0.7204791783257647,3.929013079667063,3.929013079667063
46.445468677014915,1722.5629282029165,-218.3269711528091,41.53413235143108,1735.289164883711,-205.6398377457152,-0.69347657033171,0.0,-0.7204791783257647,3.929013079667063,3.929013079667063
41.53413235143108,1735.289164883711,-205.6398377457152,36.62279602584725,1748.0154015645053,-192.9527043386213,-0.69347657033171,0.0,-0.7204791783257647,3.929013079667063,3.929013079667063
38.883931083318515,1723.8448346180933,-192.34683502599418,41.53413235143108,1735.289164883711,-205.6398377457152,-0.69347657033171,0.0,-0.7204791783257647,3.929013079667063,3.929013079667063
41.53413235143108,1735.289164883711,-205.6398377457152,44.18433361954365,1746.7334951493285,-218.93284046543621,-0.69347657033171,0.0,-0.7204791783257647,3.929013079667063,3.929013079667063
44.18433361954365,1746.7334951493283,-218.93284046543621,39.27299729395982,1759.4597318301228,-206.2457070583423,-0.69347657033171,0.0,-0.7204791783257647,3.929013079667063,3.929013079667063
39.27299729395982,1759.4597318301228,-206.2457070583423,34.361660968375986,1772.1859685109173,-193.55857365124842,-0.69347657033171,0.0,-0.7204791783257647,3.929013079667063,3.929013079667063
36.62279602584725,1748.015401564505,-192.9527043386213,39.27299729395982,1759.4597318301228,-206.2457070583423,-0.69347657033171,0.0,-0.7204791783257647,3.929013079667063,3.929013079667063
39.27299729395982,1759.4597318301228,-206.2457070583423,41.923198562072386,1770.9040620957405,-219.53870977806335,-0.69347657033171,0.0,-0.7204791783257647,3.929013079667063,3.929013079667063
41.923198562072386,1770.9040620957405,-219.53870977806335,37.01186223648854,1783.6302987765348,-206.85157637096944,-0.69347657033171,0.0,-0.7204791783257647,3.929013079667063,3.929013079667063
37.01186223648854,1783.6302987765348,-206.85157637096944,32.10052591090471,1796.356535457329,-194.16444296387556,-0.69347657033171,0.0,-0.7204791783257647,3.929013079667063,3.929013079667063
34.361660968375986,1772.1859685109173,-193.55857365124842,37.01186223648854,1783.6302987765348,-206.85157637096944,-0.69347657033171,0.0,-0.7204791783257647,3.929013079667063,3.929013079667063
37.01186223648854,1783.6302987765348,-206.85157637096944,39.66206350460111,1795.0746290421523,-220.14457909069048,-0.69347657033171,0.0,-0.7204791783257647,3.929013079667063,3.929013079667063
39.66206350460112,1795.0746290421523,-220.14457909069048,34.75072717901729,1807.8008657229466,-207.45744568359655,-0.69347657033171,0.0,-0.7204791783257647,3.929013079667063,3.929013079667063
34.75072717901729,1807.8008657229466,-207.45744568359655,29.839390853433446,1820.5271024037409,-194.77031227650266,-0.69347657033171,0.0,-0.7204791783257647,3.929013079667063,3.929013079667063
32.10052591090472,1796.356535457329,-194.16444296387556,34.75072717901729,1807.8008657229466,-207.45744568359655,-0.69347657033171,0.0,-0.7204791783257647,3.929013079667063,3.929013079667063
34.75072717901729,1807.8008657229466,-207.45744568359655,37.40092844712984,1819.245195988564,-220.7504484033176,-0.69347657033171,0.0,-0.7204791783257647,3.929013079667063,3.929013079667063
37.40092844712984,1819.245195988564,-220.7504484033176,32.48959212154601,1831.9714326693584,-208.06331499622368,-0.69347657033171,0.0,-0.7204791783257647,3.929013079667063,3.929013079667063
32.48959212154601,1831.9714326693584,-208.06331499622368,27.578255795962168,1844.6976693501526,-195.3761815891298,-0.69347657033171,0.0,-0.7204791783257647,3.929013079667063,3.929013079667063
29.839390853433446,1820.5271024037409,-194.77031227650266,32.48959212154601,1831.9714326693584,-208.06331499622368,-0.69347657033171,0.0,-0.7204791783257647,3.929013079667063,3.929013079667063
32.48959212154601,1831.9714326693584,-208.06331499622368,35.139793389658564,1843.4157629349759,-221.35631771594473,-0.69347657033171,0.0,-0.7204791783257647,3.929013079667063,3.929013079667063
35.13979338965858,1843.4157629349759,-221.35631771594473,30.228457064074743,1856.1419996157701,-208.66918430885082,-0.69347657033171,0.0,-0.7204791783257647,3.929013079667063,3.929013079667063
30.228457064074743,1856.1419996157701,-208.66918430885082,25.317120738490917,1868.8682362965646,-195.9820509017569,-0.69347657033171,0.0,-0.7204791783257647,3.929013079667063,3.929013079667063
27.578255795962182,1844.6976693501526,-195.3761815891298,30.228457064074743,1856.1419996157701,-208.66918430885082,-0.69347657033171,0.0,-0.7204791783257647,3.929013079667063,3.929013079667063
30.228457064074743,1856.1419996157701,-208.66918430885082,32.878658332187314,1867.5863298813879,-221.96218702857183,-0.69347657033171,0.0,-0.7204791783257647,3.929013079667063,3.929013079667063
32.878658332187314,1867.5863298813877,-221.96218702857183,27.967322006603492,1880.312566562182,-209.27505362147792,-0.69347657033171,0.0,-0.7204791783257647,3.929013079667063,3.929013079667063
27.967322006603492,1880.312566562182,-209.27505362147792,23.055985681019653,1893.0388032429764,-196.58792021438404,-0.69347657033171,0.0,-0.7204791783257647,3.929013079667063,3.929013079667063
25.317120738490917,1868.8682362965644,-195.9820509017569,27.967322006603492,1880.312566562182,-209.27505362147792,-0.69347657033171,0.0,-0.7204791783257647,3.929013079667063,3.929013079667063
27.967322006603492,1880.312566562182,-209.27505362147792,30.617523274716053,1891.7568968277997,-222.56805634119897,-0.69347657033171,0.0,-0.7204791783257647,3.929013079667063,3.929013079667063
30.617523274716053,1891.7568968277997,-222.56805634119897,25.706186949132213,1904.483133508594,-209.88092293410506,-0.69347657033171,0.0,-0.7204791783257647,3.929013079667063,3.929013079667063
25.706186949132213,1904.483133508594,-209.88092293410506,20.794850623548374,1917.2093701893884,-197.19378952701118,-0.69347657033171,0.0,-0.7204791783257647,3.929013079667063,3.929013079667063
23.055985681019653,1893.0388032429764,-196.58792021438404,25.706186949132213,1904.483133508594,-209.88092293410506,-0.69347657033171,0.0,-0.7204791783257647,3.929013079667063,3.929013079667063
25.706186949132213,1904.483133508594,-209.88092293410506,28.356388217244774,1915.9274637742117,-223.1739256538261,-0.69347657033171,0.0,-0.7204791783257647,3.929013079667063,3.929013079667063
28.35638821724479,1915.9274637742114,-223.1739256538261,23.44505189166095,1928.653700455006,-210.48679224673216,-0.69347657033171,0.0,-0.7204791783257647,3.929013079667063,3.929013079667063
23.44505189166095,1928.653700455006,-210.48679224673216,18.53371556607711,1941.3799371358002,-197.79965883963828,-0.69347657033171,0.0,-0.7204791783257647,3.929013079667063,3.929013079667063
20.79485062354839,1917.2093701893882,-197.19378952701118,23.44505189166095,1928.653700455006,-210.48679224673216,-0.69347657033171,0.0,-0.7204791783257647,3.929013079667063,3.929013079667063
23.44505189166095,1928.653700455006,-210.48679224673216,26.09525315977351,1940.0980307206235,-223.7797949664532,-0.69347657033171,0.0,-0.7204791783257647,3.929013079667063,3.929013079667063
26.09525315977351,1940.0980307206235,-223.7797949664532,21.183916834189684,1952.8242674014177,-211.0926615593593,-0.69347657033171,0.0,-0.7204791783257647,3.929013079667063,3.929013079667063
21.183916834189684,1952.8242674014177,-211.0926615593593,16.272580508605845,1965.550504082212,-198.40552815226542,-0.69347657033171,0.0,-0.7204791783257647,3.929013079667063,3.929013079667063
18.53371556607711,1941.3799371358002,-197.79965883963828,21.183916834189684,1952.8242674014177,-211.0926615593593,-0.69347657033171,0.0,-0.7204791783257647,3.929013079667063,3.929013079667063
21.183916834189684,1952.8242674014177,-211.0926615593593,23.834118102302245,1964.2685976670352,-224.38566427908034,-0.69347657033171,0.0,-0.7204791783257647,3.929013079667063,3.929013079667063
23.834118102302245,1964.2685976670352,-224.38566427908034,18.92278177671842,1976.9948343478295,-211.69853087198643,-0.69347657033171,0.0,-0.7204791783257647,3.929013079667063,3.929013079667063
18.92278177671842,1976.9948343478295,-211.69853087198643,14.01144545113458,1989.7210710286238,-199.01139746489253,-0.69347657033171,0.0,-0.7204791783257647,3.929013079667063,3.929013079667063
16.272580508605845,1965.550504082212,-198.40552815226542,18.92278177671842,1976.9948343478295,-211.69853087198643,-0.69347657033171,0.0,-0.7204791783257647,3.929013079667063,3.929013079667063
18.92278177671842,1976.9948343478295,-211.69853087198643,21.57298304483098,1988.439164613447,-224.99153359170745,-0.69347657033171,0.0,-0.7204791783257647,3.929013079667063,3.929013079667063
21.572983044830995,1988.439164613447,-224.99153359170745,16.661646719247155,2001.165401294241,-212.30440018461354,-0.69347657033171,0.0,-0.7204791783257647,3.929013079667063,3.929013079667063
16.661646719247155,2001.165401294241,-212.30440018461354,11.750310393663316,2013.8916379750356,-199.61726677751966,-0.69347657033171,0.0,-0.7204791783257647,3.929013079667063,3.929013079667063
14.011445451134595,1989.7210710286238,-199.01139746489253,16.661646719247155,2001.165401294241,-212.30440018461354,-0.69347657033171,0.0,-0.7204791783257647,3.929013079667063,3.929013079667063
16.661646719247155,2001.165401294241,-212.30440018461354,19.311847987359716,2012.6097315598588,-225.5974029043346,-0.69347657033171,0.0,-0.7204791783257647,3.929013079667063,3.929013079667063
19.311847987359716,2012.6097315598588,-225.5974029043346,14.400511661775877,2025.3359682406528,-212.91026949724068,-0.69347657033171,0.0,-0.7204791783257647,3.929013079667063,3.929013079667063
14.400511661775877,2025.3359682406528,-212.91026949724068,9.489175336192037,2038.0622049214473,-200.2231360901468,-0.69347657033171,0.0,-0.7204791783257647,3.929013079667063,3.929013079667063
11.750310393663316,2013.8916379750356,-199.61726677751966,14.400511661775877,2025.3359682406528,-212.91026949724068,-0.69347657033171,0.0,-0.7204791783257647,3.929013079667063,3.929013079667063
14.400511661775877,2025.3359682406528,-212.91026949724068,17.050712929888437,2036.7802985062706,-226.20327221696172,-0.69347657033171,0.0,-0.7204791783257647,3.929013079667063,3.929013079667063
17.05071292988845,2036.7802985062706,-226.20327221696172,12.139376604304612,2049.5065351870644,-213.51613880986778,-0.69347657033171,0.0,-0.7204791783257647,3.929013079667063,3.929013079667063
12.139376604304612,2049.5065351870644,-213.51613880986778,7.228040278720787,2062.2327718678594,-200.8290054027739,-0.69347657033171,0.0,-0.7204791783257647,3.929013079667063,3.929013079667063
9.489175336192051,2038.0622049214473,-200.2231360901468,12.139376604304612,2049.5065351870644,-213.51613880986778,-0.69347657033171,0.0,-0.7204791783257647,3.929013079667063,3.929013079667063
12.139376604304612,2049.5065351870644,-213.51613880986778,14.789577872417187,2060.9508654526826,-226.80914152958883,-0.69347657033171,0.0,-0.7204791783257647,3.929013079667063,3.929013079667063
14.789577872417187,2060.9508654526826,-226.80914152958883,9.878241546833348,2073.6771021334766,-214.12200812249492,-0.69347657033171,0.0,-0.7204791783257647,3.929013079667063,3.929013079667063
9.878241546833348,2073.6771021334766,-214.12200812249492,4.966905221249508,2086.403338814271,-201.43487471540104,-0.69347657033171,0.0,-0.7204791783257647,3.929013079667063,3.929013079667063
7.228040278720787,2062.2327718678594,-200.8290054027739,9.878241546833348,2073.6771021334766,-214.12200812249492,-0.69347657033171,0.0,-0.7204791783257647,3.929013079667063,3.929013079667063
9.878241546833348,2073.6771021334766,-214.12200812249492,12.528442814945908,2085.1214323990944,-227.41501084221596,-0.69347657033171,0.0,-0.7204791783257647,3.929013079667063,3.929013079667063
12.528442814945922,2085.1214323990944,-227.41501084221596,7.617106489362083,2097.8476690798884,-214.72787743512205,-0.69347657033171,0.0,-0.7204791783257647,3.929013079667063,3.929013079667063
7.617106489362083,2097.8476690798884,-214.72787743512205,2.7057701637782436,2110.573905760683,-202.04074402802814,-0.69347657033171,0.0,-0.7204791783257647,3.929013079667063,3.929013079667063
4.966905221249522,2086.403338814271,-201.43487471540104,7.617106489362083,2097.8476690798884,-214.72787743512205,-0.69347657033171,0.0,-0.7204791783257647,3.929013079667063,3.929013079667063
7.617106489362083,2097.8476690798884,-214.72787743512205,10.267307757474644,2109.291999345506,-228.02088015484307,-0.69347657033171,0.0,-0.7204791783257647,3.929013079667063,3.929013079667063
10.267307757474658,2109.291999345506,-228.02088015484307,5.3559714318908185,2122.0182360263,-215.33374674774916,-0.69347657033171,0.0,-0.7204791783257647,3.929013079667063,3.929013079667063
5.3559714318908185,2122.0182360263,-215.33374674774916,0.4446351063069791,2134.7444727070947,-202.64661334065528,-0.69347657033171,0.0,-0.7204791783257647,3.929013079667063,3.929013079667063
2.705770163778258,2110.573905760683,-202.04074402802814,5.3559714318908185,2122.0182360263,-215.33374674774916,-0.69347657033171,0.0,-0.7204791783257647,3.929013079667063,3.929013079667063
5.3559714318908185,2122.0182360263,-215.33374674774916,8.006172700003379,2133.462566291918,-228.6267494674702,-0.69347657033171,0.0,-0.7204791783257647,3.929013079667063,3.929013079667063
8.006172700003379,2133.462566291918,-228.6267494674702,3.0948363744195397,2146.188802972712,-215.9396160603763,-0.69347657033171,0.0,-0.7204791783257647,3.929013079667063,3.929013079667063
3.0948363744195397,2146.188802972712,-215.9396160603763,-1.8164999511642854,2158.915039653507,-203.2524826532824,-0.69347657033171,0.0,-0.7204791783257647,3.929013079667063,3.929013079667063
0.4446351063069791,2134.7444727070947,-202.64661334065528,3.0948363744195397,2146.188802972712,-215.9396160603763,-0.69347657033171,0.0,-0.7204791783257647,3.929013079667063,3.929013079667063
3.0948363744195397,2146.188802972712,-215.9396160603763,5.745037642532115,2157.63313323833,-229.23261878009734,-0.69347657033171,0.0,-0.7204791783257647,3.929013079667063,3.929013079667063
5.745037642532115,2157.6331332383297,-229.23261878009734,0.8337013169482894,2170.3593699191238,-216.5454853730034,-0.69347657033171,0.0,-0.7204791783257647,3.929013079667063,3.929013079667063
0.8337013169482894,2170.3593699191238,-216.5454853730034,-4.077635008635536,2183.0856065999183,-203.85835196590952,-0.69347657033171,0.0,-0.7204791783257647,3.929013079667063,3.929013079667063
-1.8164999511642854,2158.9150396535065,-203.2524826532824,0.8337013169482894,2170.3593699191238,-216.5454853730034,-0.69347657033171,0.0,-0.7204791783257647,3.929013079667063,3.929013079667063
0.8337013169482894,2170.3593699191238,-216.5454853730034,3.4839025850608643,2181.8037001847415,-229.83848809272445,-0.69347657033171,0.0,-0.7204791783257647,3.929013079667063,3.929013079667063
3.4839025850608643,2181.8037001847415,-229.83848809272445,-1.4274337405229751,2194.529936865536,-217.15135468563054,-0.69347657033171,0.0,-0.7204791783257647,3.929013079667063,3.929013079667063
-1.4274337405229751,2194.529936865536,-217.15135468563054,-6.3387700661068145,2207.2561735463305,-204.46422127853666,-0.69347657033171,0.0,-0.7204791783257647,3.929013079667063,3.929013079667063
-4.077635008635536,2183.0856065999183,-203.85835196590952,-1.4274337405229751,2194.529936865536,-217.15135468563054,-0.69347657033171,0.0,-0.7204791783257647,3.929013079667063,3.929013079667063
-1.4274337405229751,2194.529936865536,-217.15135468563054,1.2227675275895855,2205.9742671311537,-230.44435740535158,-0.69347657033171,0.0,-0.7204791783257647,3.929013079667063,3.929013079667063
1.2227675275895855,2205.9742671311537,-230.44435740535158,-3.688568797994254,2218.700503811948,-217.75722399825767,-0.69347657033171,0.0,-0.7204791783257647,3.929013079667063,3.929013079667063
-3.688568797994254,2218.700503811948,-217.75722399825767,-8.599905123578065,2231.4267404927423,-205.07009059116376,-0.69347657033171,0.0,-0.7204791783257647,3.929013079667063,3.929013079667063
-6.3387700661068145,2207.2561735463305,-204.46422127853666,-3.688568797994254,2218.700503811948,-217.75722399825767,-0.69347657033171,0.0,-0.7204791783257647,3.929013079667063,3.929013079667063
-3.688568797994254,2218.700503811948,-217.75722399825767,-1.0383675298816648,2230.1448340775655,-231.0502267179787,-0.69347657033171,0.0,-0.7204791783257647,3.929013079667063,3.929013079667063
-1.0383675298816648,2230.1448340775655,-231.0502267179787,-5.949703855465504,2242.8710707583596,-218.36309331088478,-0.69347657033171,0.0,-0.7204791783257647,3.929013079667063,3.929013079667063
-5.949703855465504,2242.8710707583596,-218.36309331088478,-10.861040181049344,2255.597307439154,-205.6759599037909,-0.69347657033171,0.0,-0.7204791783257647,3.929013079667063,3.929013079667063
-8.599905123578065,2231.4267404927423,-205.07009059116376,-5.949703855465504,2242.8710707583596,-218.36309331088478,-0.69347657033171,0.0,-0.7204791783257647,3.929013079667063,3.929013079667063
-5.949703855465504,2242.8710707583596,-218.36309331088478,-3.2995025873529436,2254.3154010239773,-231.65609603060582,-0.69347657033171,0.0,-0.7204791783257647,3.929013079667063,3.929013079667063
-3.2995025873529436,2254.3154010239773,-231.65609603060582,-8.210838912936783,2267.0416377047713,-218.9689626235119,-0.69347657033171,0.0,-0.7204791783257647,3.929013079667063,3.929013079667063
-8.210838912936783,2267.0416377047713,-218.9689626235119,-13.122175238520608,2279.767874385566,-206.28182921641803,-0.69347657033171,0.0,-0.7204791783257647,3.929013079667063,3.929013079667063
-10.861040181049344,2255.597307439154,-205.6759599037909,-8.210838912936783,2267.0416377047713,-218.9689626235119,-0.69347657033171,0.0,-0.7204791783257647,3.929013079667063,3.929013079667063
-8.210838912936783,2267.0416377047713,-218.9689626235119,-5.560637644824208,2278.485967970389,-232.26196534323296,-0.69347657033171,0.0,-0.7204791783257647,3.929013079667063,3.929013079667063
-5.560637644824208,2278.485967970389,-232.26196534323296,-10.471973970408047,2291.212204651183,-219.57483193613902,-0.69347657033171,0.0,-0.7204791783257647,3.929013079667063,3.929013079667063
-10.471973970408047,2291.212204651183,-219.57483193613902,-15.383310295991887,2303.9384413319776,-206.88769852904514,-0.69347657033171,0.0,-0.7204791783257647,3.929013079667063,3.929013079667063
-13.122175238520608,2279.767874385566,-206.28182921641803,-10.471973970408047,2291.212204651183,-219.57483193613902,-0.69347657033171,0.0,-0.7204791783257647,3.929013079667063,3.929013079667063
-10.471973970408047,2291.212204651183,-219.57483193613902,-7.821772702295487,2302.656534916801,-232.86783465586007,-0.69347657033171,0.0,-0.7204791783257647,3.929013079667063,3.929013079667063
122.47066661783059,1192.0923617970325,-198.55626185941705,108.19998575087106,1203.5366920626502,-202.0799887235283,0.69347657033171,0.0,-0.7204791783257647,3.929013079667063,3.929013079667063
108.19998575087106,1203.5366920626502,-202.0799887235283,93.92930488391153,1214.9810223282677,-205.6037155876395,0.69347657033171,0.0,-0.7204791783257647,3.929013079667063,3.929013079667063
96.19043994138279,1190.8104553818557,-204.99784627501236,108.19998575087106,1203.5366920626502,-202.0799887235283,0.69347657033171,0.0,-0.7204791783257647,3.929013079667063,3.929013079667063
108.19998575087106,1203.5366920626502,-202.0799887235283,120.20953156035932,1216.2629287434445,-199.16213117204418,0.69347657033171,0.0,-0.7204791783257647,3.929013079667063,3.929013079667063
120.20953156035932,1216.2629287434445,-199.16213117204418,105.93885069339979,1227.707259009062,-202.68585803615542,0.69347657033171,0.0,-0.7204791783257647,3.929013079667063,3.929013079667063
105.93885069339979,1227.707259009062,-202.68585803615542,91.66816982644026,1239.1515892746795,-206.20958490026663,0.69347657033171,0.0,-0.7204791783257647,3.929013079667063,3.929013079667063
93.92930488391153,1214.9810223282677,-205.6037155876395,105.93885069339979,1227.707259009062,-202.68585803615542,0.69347657033171,0.0,-0.7204791783257647,3.929013079667063,3.929013079667063
105.93885069339979,1227.707259009062,-202.68585803615542,117.94839650288806,1240.4334956898563,-199.76800048467132,0.69347657033171,0.0,-0.7204791783257647,3.929013079667063,3.929013079667063
117.94839650288806,1240.4334956898563,-199.76800048467132,103.67771563592852,1251.8778259554738,-203.29172734878253,0.69347657033171,0.0,-0.7204791783257647,3.929013079667063,3.929013079667063
103.67771563592852,1251.8778259554738,-203.29172734878253,89.407034768969,1263.3221562210913,-206.81545421289374,0.69347657033171,0.0,-0.7204791783257647,3.929013079667063,3.929013079667063
91.66816982644026,1239.1515892746795,-206.20958490026663,103.67771563592852,1251.8778259554738,-203.29172734878253,0.69347657033171,0.0,-0.7204791783257647,3.929013079667063,3.929013079667063
103.67771563592852,1251.8778259554738,-203.29172734878253,115.6872614454168,1264.604062636268,-200.37386979729843,0.69347657033171,0.0,-0.7204791783257647,3.929013079667063,3.929013079667063
115.6872614454168,1264.604062636268,-200.37386979729843,101.41658057845726,1276.0483929018858,-203.89759666140966,0.69347657033171,0.0,-0.7204791783257647,3.929013079667063,3.929013079667063
101.41658057845726,1276.0483929018858,-203.89759666140966,87.14589971149772,1287.4927231675033,-207.42132352552088,0.69347657033171,0.0,-0.7204791783257647,3.929013079667063,3.929013079667063
89.407034768969,1263.3221562210913,-206.81545421289374,101.41658057845726,1276.0483929018858,-203.89759666140966,0.69347657033171,0.0,-0.7204791783257647,3.929013079667063,3.929013079667063
101.41658057845726,1276.0483929018858,-203.89759666140966,113.42612638794552,1288.77462958268,-200.97973910992556,0.69347657033171,0.0,-0.7204791783257647,3.929013079667063,3.929013079667063
113.42612638794552,1288.77462958268,-200.97973910992556,99.15544552098599,1300.2189598482976,-204.5034659740368,0.69347657033171,0.0,-0.7204791783257647,3.929013079667063,3.929013079667063
99.15544552098599,1300.2189598482976,-204.5034659740368,84.88476465402645,1311.663290113915,-208.02719283814798,0.69347657033171,0.0,-0.7204791783257647,3.929013079667063,3.929013079667063
87.14589971149772,1287.4927231675033,-207.42132352552088,99.15544552098599,1300.2189598482976,-204.5034659740368,0.69347657033171,0.0,-0.7204791783257647,3.929013079667063,3.929013079667063
99.15544552098599,1300.2189598482976,-204.5034659740368,111.16499133047425,1312.9451965290918,-201.58560842255267,0.69347657033171,0.0,-0.7204791783257647,3.929013079667063,3.929013079667063
111.16499133047425,1312.9451965290918,-201.58560842255267,96.89431046351473,1324.3895267947094,-205.1093352866639,0.69347657033171,0.0,-0.7204791783257647,3.929013079667063,3.929013079667063
96.89431046351473,1324.3895267947094,-205.1093352866639,82.62362959655519,1335.8338570603269,-208.63306215077512,0.69347657033171,0.0,-0.7204791783257647,3.929013079667063,3.929013079667063
84.88476465402645,1311.663290113915,-208.02719283814798,96.89431046351473,1324.3895267947094,-205.1093352866639,0.69347657033171,0.0,-0.7204791783257647,3.929013079667063,3.929013079667063
96.89431046351473,1324.3895267947094,-205.1093352866639,108.90385627300299,1337.1157634755036,-202.1914777351798,0.69347657033171,0.0,-0.7204791783257647,3.929013079667063,3.929013079667063
108.90385627300299,1337.1157634755036,-202.1914777351798,94.63317540604345,1348.5600937411214,-205.71520459929104,0.69347657033171,0.0,-0.7204791783257647,3.929013079667063,3.929013079667063
94.63317540604345,1348.5600937411214,-205.71520459929104,80.36249453908393,1360.0044240067389,-209.23893146340225,0.69347657033171,0.0,-0.7204791783257647,3.929013079667063,3.929013079667063
82.62362959655519,1335.8338570603269,-208.63306215077512,94.63317540604345,1348.5600937411214,-205.71520459929104,0.69347657033171,0.0,-0.7204791783257647,3.929013079667063,3.929013079667063
94.63317540604345,1348.5600937411214,-205.71520459929104,106.64272121553172,1361.2863304219156,-202.79734704780694,0.69347657033171,0.0,-0.7204791783257647,3.929013079667063,3.929013079667063
106.64272121553172,1361.2863304219156,-202.79734704780694,92.3720403485722,1372.7306606875331,-206.32107391191815,0.69347657033171,0.0,-0.7204791783257647,3.929013079667063,3.929013079667063
92.3720403485722,1372.7306606875331,-206.32107391191815,78.10135948161266,1384.1749909531507,-209.84480077602936,0.69347657033171,0.0,-0.7204791783257647,3.929013079667063,3.929013079667063
80.36249453908393,1360.0044240067389,-209.23893146340225,92.3720403485722,1372.7306606875331,-206.32107391191815,0.69347657033171,0.0,-0.7204791783257647,3.929013079667063,3.929013079667063
92.3720403485722,1372.7306606875331,-206.32107391191815,104.38158615806046,1385.4568973683274,-203.40321636043404,0.69347657033171,0.0,-0.7204791783257647,3.929013079667063,3.929013079667063
104.38158615806046,1385.4568973683274,-203.40321636043404,90.11090529110092,1396.901227633945,-206.92694322454528,0.69347657033171,0.0,-0.7204791783257647,3.929013079667063,3.929013079667063
90.11090529110092,1396.901227633945,-206.92694322454528,75.84022442414138,1408.3455578995624,-210.4506700886565,0.69347657033171,0.0,-0.7204791783257647,3.929013079667063,3.929013079667063
78.10135948161266,1384.1749909531507,-209.84480077602936,90.11090529110092,1396.901227633945,-206.92694322454528,0.69347657033171,0.0,-0.7204791783257647,3.929013079667063,3.929013079667063
90.11090529110092,1396.901227633945,-206.92694322454528,102.12045110058918,1409.6274643147392,-204.00908567306118,0.69347657033171,0.0,-0.7204791783257647,3.929013079667063,3.929013079667063
102.12045110058918,1409.6274643147392,-204.00908567306118,87.84977023362966,1421.071794580357,-207.53281253717242,0.69347657033171,0.0,-0.7204791783257647,3.929013079667063,3.929013079667063
87.84977023362966,1421.071794580357,-207.53281253717242,73.57908936667012,1432.5161248459744,-211.05653940128363,0.69347657033171,0.0,-0.7204791783257647,3.929013079667063,3.929013079667063
75.84022442414138,1408.3455578995624,-210.4506700886565,87.84977023362966,1421.071794580357,-207.53281253717242,0.69347657033171,0.0,-0.7204791783257647,3.929013079667063,3.929013079667063
87.84977023362966,1421.071794580357,-207.53281253717242,99.85931604311791,1433.7980312611512,-204.6149549856883,0.69347657033171,0.0,-0.7204791783257647,3.929013079667063,3.929013079667063
99.85931604311793,1433.798031261151,-204.61495498568829,85.58863517615839,1445.2423615267687,-208.13868184979953,0.69347657033171,0.0,-0.7204791783257647,3.929013079667063,3.929013079667063
85.58863517615839,1445.2423615267687,-208.13868184979953,71.31795430919885,1456.6866917923862,-211.66240871391074,0.69347657033171,0.0,-0.7204791783257647,3.929013079667063,3.929013079667063
73.57908936667013,1432.5161248459742,-211.0565394012836,85.58863517615839,1445.2423615267687,-208.13868184979953,0.69347657033171,0.0,-0.7204791783257647,3.929013079667063,3.929013079667063
85.58863517615839,1445.2423615267687,-208.13868184979953,97.59818098564665,1457.968598207563,-205.22082429831542,0.69347657033171,0.0,-0.7204791783257647,3.929013079667063,3.929013079667063
97.59818098564665,1457.968598207563,-205.22082429831542,83.32750011868711,1469.4129284731807,-208.74455116242666,0.69347657033171,0.0,-0.7204791783257647,3.929013079667063,3.929013079667063
83.32750011868711,1469.4129284731807,-208.74455116242666,69.0568192517276,1480.857258738798,-212.26827802653787,0.69347657033171,0.0,-0.7204791783257647,3.929013079667063,3.929013079667063
71.31795430919885,1456.6866917923862,-211.66240871391074,83.32750011868711,1469.4129284731807,-208.74455116242666,0.69347657033171,0.0,-0.7204791783257647,3.929013079667063,3.929013079667063
83.32750011868711,1469.4129284731807,-208.74455116242666,95.3370459281754,1482.1391651539748,-205.82669361094256,0.69347657033171,0.0,-0.7204791783257647,3.929013079667063,3.929013079667063
95.33704592817539,1482.139165153975,-205.82669361094256,81.06636506121586,1493.5834954195925,-209.3504204750538,0.69347657033171,0.0,-0.7204791783257647,3.929013079667063,3.929013079667063
81.06636506121586,1493.5834954195925,-209.3504204750538,66.79568419425632,1505.02782568521,-212.87414733916498,0.69347657033171,0.0,-0.7204791783257647,3.929013079667063,3.929013079667063
69.05681925172759,1480.8572587387982,-212.26827802653787,81.06636506121586,1493.5834954195925,-209.3504204750538,0.69347657033171,0.0,-0.7204791783257647,3.929013079667063,3.929013079667063
81.06636506121586,1493.5834954195925,-209.3504204750538,93.07591087070412,1506.3097321003868,-206.43256292356966,0.69347657033171,0.0,-0.7204791783257647,3.929013079667063,3.929013079667063
93.07591087070412,1506.3097321003868,-206.43256292356966,78.80523000374458,1517.7540623660043,-209.9562897876809,0.69347657033171,0.0,-0.7204791783257647,3.929013079667063,3.929013079667063
78.80523000374458,1517.7540623660043,-209.9562897876809,64.53454913678506,1529.1983926316218,-213.4800166517921,0.69347657033171,0.0,-0.7204791783257647,3.929013079667063,3.929013079667063
66.79568419425632,1505.02782568521,-212.87414733916498,78.80523000374458,1517.7540623660043,-209.9562897876809,0.69347657033171,0.0,-0.7204791783257647,3.929013079667063,3.929013079667063
78.80523000374458,1517.7540623660043,-209.9562897876809,90.81477581323286,1530.4802990467986,-207.0384322361968,0.69347657033171,0.0,-0.7204791783257647,3.929013079667063,3.929013079667063
90.81477581323286,1530.4802990467986,-207.0384322361968,76.54409494627332,1541.924629312416,-210.56215910030804,0.69347657033171,0.0,-0.7204791783257647,3.929013079667063,3.929013079667063
76.54409494627332,1541.924629312416,-210.56215910030804,62.273414079313795,1553.3689595780336,-214.08588596441925,0.69347657033171,0.0,-0.7204791783257647,3.929013079667063,3.929013079667063
64.53454913678506,1529.1983926316218,-213.4800166517921,76.54409494627332,1541.924629312416,-210.56215910030804,0.69347657033171,0.0,-0.7204791783257647,3.929013079667063,3.929013079667063
76.54409494627332,1541.924629312416,-210.56215910030804,88.55364075576159,1554.6508659932103,-207.64430154882393,0.69347657033171,0.0,-0.7204791783257647,3.929013079667063,3.929013079667063
88.55364075576159,1554.6508659932106,-207.64430154882393,74.28295988880205,1566.0951962588279,-211.16802841293514,0.69347657033171,0.0,-0.7204791783257647,3.929013079667063,3.929013079667063
74.28295988880205,1566.0951962588279,-211.16802841293514,60.01227902184252,1577.5395265244456,-214.69175527704635,0.69347657033171,0.0,-0.7204791783257647,3.929013079667063,3.929013079667063
62.273414079313795,1553.3689595780338,-214.08588596441925,74.28295988880205,1566.0951962588279,-211.16802841293514,0.69347657033171,0.0,-0.7204791783257647,3.929013079667063,3.929013079667063
74.28295988880205,1566.0951962588279,-211.16802841293514,86.29250569829031,1578.8214329396224,-208.25017086145104,0.69347657033171,0.0,-0.7204791783257647,3.929013079667063,3.929013079667063
86.29250569829031,1578.8214329396224,-208.25017086145104,72.02182483133078,1590.2657632052399,-211.77389772556228,0.69347657033171,0.0,-0.7204791783257647,3.929013079667063,3.929013079667063
72.02182483133078,1590.2657632052399,-211.77389772556228,57.751143964371266,1601.7100934708574,-215.2976245896735,0.69347657033171,0.0,-0.7204791783257647,3.929013079667063,3.929013079667063
60.01227902184252,1577.5395265244456,-214.69175527704635,72.02182483133078,1590.2657632052399,-211.77389772556228,0.69347657033171,0.0,-0.7204791783257647,3.929013079667063,3.929013079667063
72.02182483133078,1590.2657632052399,-211.77389772556228,84.03137064081906,1602.9919998860341,-208.85604017407817,0.69347657033171,0.0,-0.7204791783257647,3.929013079667063,3.929013079667063
84.03137064081905,1602.9919998860344,-208.85604017407817,69.76068977385953,1614.4363301516516,-212.3797670381894,0.69347657033171,0.0,-0.7204791783257647,3.929013079667063,3.929013079667063
69.76068977385953,1614.4363301516516,-212.3797670381894,55.49000890689999,1625.8806604172694,-215.9034939023006,0.69347657033171,0.0,-0.7204791783257647,3.929013079667063,3.929013079667063
57.75114396437125,1601.7100934708576,-215.2976245896735,69.76068977385953,1614.4363301516516,-212.3797670381894,0.69347657033171,0.0,-0.7204791783257647,3.929013079667063,3.929013079667063
69.76068977385953,1614.4363301516516,-212.3797670381894,81.77023558334778,1627.1625668324461,-209.46190948670528,0.69347657033171,0.0,-0.7204791783257647,3.929013079667063,3.929013079667063
81.77023558334778,1627.1625668324461,-209.46190948670528,67.49955471638825,1638.6068970980637,-212.98563635081652,0.69347657033171,0.0,-0.7204791783257647,3.929013079667063,3.929013079667063
67.49955471638825,1638.6068970980637,-212.98563635081652,53.22887384942872,1650.0512273636812,-216.50936321492773,0.69347657033171,0.0,-0.7204791783257647,3.929013079667063,3.929013079667063
55.49000890689999,1625.8806604172694,-215.9034939023006,67.49955471638825,1638.6068970980637,-212.98563635081652,0.69347657033171,0.0,-0.7204791783257647,3.929013079667063,3.929013079667063
67.49955471638825,1638.6068970980637,-212.98563635081652,79.50910052587652,1651.333133778858,-210.06777879933242,0.69347657033171,0.0,-0.7204791783257647,3.929013079667063,3.929013079667063
79.50910052587652,1651.333133778858,-210.06777879933242,65.23841965891698,1662.7774640444754,-213.59150566344366,0.69347657033171,0.0,-0.7204791783257647,3.929013079667063,3.929013079667063
65.23841965891698,1662.7774640444754,-213.59150566344366,50.96773879195746,1674.221794310093,-217.11523252755487,0.69347657033171,0.0,-0.7204791783257647,3.929013079667063,3.929013079667063
53.22887384942872,1650.0512273636812,-216.50936321492773,65.23841965891698,1662.7774640444754,-213.59150566344366,0.69347657033171,0.0,-0.7204791783257647,3.929013079667063,3.929013079667063
65.23841965891698,1662.7774640444754,-213.59150566344366,77.24796546840525,1675.5037007252697,-210.67364811195955,0.69347657033171,0.0,-0.7204791783257647,3.929013079667063,3.929013079667063
77.24796546840524,1675.5037007252697,-210.67364811195955,62.97728460144572,1686.9480309908872,-214.19737497607076,0.69347657033171,0.0,-0.7204791783257647,3.929013079667063,3.929013079667063
62.97728460144572,1686.9480309908872,-214.19737497607076,48.706603734486194,1698.3923612565047,-217.72110184018197,0.69347657033171,0.0,-0.7204791783257647,3.929013079667063,3.929013079667063
50.967738791957444,1674.221794310093,-217.11523252755487,62.97728460144572,1686.9480309908872,-214.19737497607076,0.69347657033171,0.0,-0.7204791783257647,3.929013079667063,3.929013079667063
62.97728460144572,1686.9480309908872,-214.19737497607076,74.98683041093399,1699.6742676716815,-211.27951742458666,0.69347657033171,0.0,-0.7204791783257647,3.929013079667063,3.929013079667063
74.98683041093399,1699.6742676716815,-211.27951742458666,60.71614954397445,1711.118597937299,-214.8032442886979,0.69347657033171,0.0,-0.7204791783257647,3.929013079667063,3.929013079667063
60.71614954397445,1711.118597937299,-214.8032442886979,46.44546867701493,1722.5629282029165,-218.3269711528091,0.69347657033171,0.0,-0.7204791783257647,3.929013079667063,3.929013079667063
48.706603734486194,1698.3923612565047,-217.72110184018197,60.71614954397445,1711.118597937299,-214.8032442886979,0.69347657033171,0.0,-0.7204791783257647,3.929013079667063,3.929013079667063
60.71614954397445,1711.118597937299,-214.8032442886979,72.72569535346273,1723.8448346180933,-211.8853867372138,0.69347657033171,0.0,-0.7204791783257647,3.929013079667063,3.929013079667063
72.72569535346273,1723.8448346180933,-211.8853867372138,58.45501448650319,1735.289164883711,-215.40911360132503,0.69347657033171,0.0,-0.7204791783257647,3.929013079667063,3.929013079667063
58.45501448650319,1735.289164883711,-215.40911360132503,44.18433361954365,1746.7334951493285,-218.93284046543621,0.69347657033171,0.0,-0.7204791783257647,3.929013079667063,3.929013079667063
46.44546867701493,1722.5629282029165,-218.3269711528091,58.45501448650319,1735.289164883711,-215.40911360132503,0.69347657033171,0.0,-0.7204791783257647,3.929013079667063,3.929013079667063
58.45501448650319,1735.289164883711,-215.40911360132503,70.46456029599145,1748.0154015645053,-212.4912560498409,0.69347657033171,0.0,-0.7204791783257647,3.929013079667063,3.929013079667063
70.46456029599146,1748.015401564505,-212.4912560498409,56.193879429031924,1759.4597318301228,-216.01498291395214,0.69347657033171,0.0,-0.7204791783257647,3.929013079667063,3.929013079667063
56.193879429031924,1759.4597318301228,-216.01498291395214,41.923198562072386,1770.9040620957405,-219.53870977806335,0.69347657033171,0.0,-0.7204791783257647,3.929013079667063,3.929013079667063
44.184333619543665,1746.7334951493283,-218.93284046543621,56.193879429031924,1759.4597318301228,-216.01498291395214,0.69347657033171,0.0,-0.7204791783257647,3.929013079667063,3.929013079667063
56.193879429031924,1759.4597318301228,-216.01498291395214,68.20342523852018,1772.1859685109173,-213.09712536246803,0.69347657033171,0.0,-0.7204791783257647,3.929013079667063,3.929013079667063
68.20342523852018,1772.1859685109173,-213.09712536246803,53.932744371560645,1783.6302987765348,-216.62085222657927,0.69347657033171,0.0,-0.7204791783257647,3.929013079667063,3.929013079667063
53.932744371560645,1783.6302987765348,-216.62085222657927,39.66206350460112,1795.0746290421523,-220.14457909069048,0.69347657033171,0.0,-0.7204791783257647,3.929013079667063,3.929013079667063
41.923198562072386,1770.9040620957405,-219.53870977806335,53.932744371560645,1783.6302987765348,-216.62085222657927,0.69347657033171,0.0,-0.7204791783257647,3.929013079667063,3.929013079667063
53.932744371560645,1783.6302987765348,-216.62085222657927,65.94229018104892,1796.356535457329,-213.70299467509517,0.69347657033171,0.0,-0.7204791783257647,3.929013079667063,3.929013079667063
65.94229018104892,1796.356535457329,-213.70299467509517,51.671609314089395,1807.8008657229466,-217.22672153920638,0.69347657033171,0.0,-0.7204791783257647,3.929013079667063,3.929013079667063
51.671609314089395,1807.8008657229466,-217.22672153920638,37.40092844712986,1819.245195988564,-220.7504484033176,0.69347657033171,0.0,-0.7204791783257647,3.929013079667063,3.929013079667063
39.66206350460112,1795.0746290421523,-220.14457909069048,51.671609314089395,1807.8008657229466,-217.22672153920638,0.69347657033171,0.0,-0.7204791783257647,3.929013079667063,3.929013079667063
51.671609314089395,1807.8008657229466,-217.22672153920638,63.68115512357765,1820.5271024037409,-214.30886398772228,0.69347657033171,0.0,-0.7204791783257647,3.929013079667063,3.929013079667063
63.68115512357765,1820.5271024037409,-214.30886398772228,49.410474256618116,1831.9714326693584,-217.83259085183352,0.69347657033171,0.0,-0.7204791783257647,3.929013079667063,3.929013079667063
49.410474256618116,1831.9714326693584,-217.83259085183352,35.13979338965858,1843.4157629349759,-221.35631771594473,0.69347657033171,0.0,-0.7204791783257647,3.929013079667063,3.929013079667063
37.40092844712986,1819.245195988564,-220.7504484033176,49.410474256618116,1831.9714326693584,-217.83259085183352,0.69347657033171,0.0,-0.7204791783257647,3.929013079667063,3.929013079667063
49.410474256618116,1831.9714326693584,-217.83259085183352,61.420020066106375,1844.6976693501526,-214.9147333003494,0.69347657033171,0.0,-0.7204791783257647,3.929013079667063,3.929013079667063
61.42002006610639,1844.6976693501526,-214.9147333003494,47.14933919914685,1856.1419996157701,-218.43846016446065,0.69347657033171,0.0,-0.7204791783257647,3.929013079667063,3.929013079667063
47.14933919914685,1856.1419996157701,-218.43846016446065,32.87865833218733,1867.5863298813879,-221.96218702857183,0.69347657033171,0.0,-0.7204791783257647,3.929013079667063,3.929013079667063
35.13979338965859,1843.4157629349759,-221.35631771594473,47.14933919914685,1856.1419996157701,-218.43846016446065,0.69347657033171,0.0,-0.7204791783257647,3.929013079667063,3.929013079667063
47.14933919914685,1856.1419996157701,-218.43846016446065,59.158885008635124,1868.8682362965646,-215.52060261297652,0.69347657033171,0.0,-0.7204791783257647,3.929013079667063,3.929013079667063
59.158885008635124,1868.8682362965644,-215.52060261297652,44.8882041416756,1880.312566562182,-219.04432947708776,0.69347657033171,0.0,-0.7204791783257647,3.929013079667063,3.929013079667063
44.8882041416756,1880.312566562182,-219.04432947708776,30.61752327471606,1891.7568968277997,-222.56805634119897,0.69347657033171,0.0,-0.7204791783257647,3.929013079667063,3.929013079667063
32.87865833218733,1867.5863298813877,-221.96218702857183,44.8882041416756,1880.312566562182,-219.04432947708776,0.69347657033171,0.0,-0.7204791783257647,3.929013079667063,3.929013079667063
44.8882041416756,1880.312566562182,-219.04432947708776,56.89774995116386,1893.0388032429764,-216.12647192560365,0.69347657033171,0.0,-0.7204791783257647,3.929013079667063,3.929013079667063
56.89774995116386,1893.0388032429764,-216.12647192560365,42.62706908420432,1904.483133508594,-219.6501987897149,0.69347657033171,0.0,-0.7204791783257647,3.929013079667063,3.929013079667063
42.62706908420432,1904.483133508594,-219.6501987897149,28.35638821724478,1915.9274637742117,-223.1739256538261,0.69347657033171,0.0,-0.7204791783257647,3.929013079667063,3.929013079667063
30.61752327471606,1891.7568968277997,-222.56805634119897,42.62706908420432,1904.483133508594,-219.6501987897149,0.69347657033171,0.0,-0.7204791783257647,3.929013079667063,3.929013079667063
42.62706908420432,1904.483133508594,-219.6501987897149,54.63661489369258,1917.2093701893884,-216.7323412382308,0.69347657033171,0.0,-0.7204791783257647,3.929013079667063,3.929013079667063
54.636614893692595,1917.2093701893882,-216.7323412382308,40.36593402673306,1928.653700455006,-220.256068102342,0.69347657033171,0.0,-0.7204791783257647,3.929013079667063,3.929013079667063
40.36593402673306,1928.653700455006,-220.256068102342,26.095253159773517,1940.0980307206235,-223.7797949664532,0.69347657033171,0.0,-0.7204791783257647,3.929013079667063,3.929013079667063
28.356388217244795,1915.9274637742114,-223.1739256538261,40.36593402673306,1928.653700455006,-220.256068102342,0.69347657033171,0.0,-0.7204791783257647,3.929013079667063,3.929013079667063
40.36593402673306,1928.653700455006,-220.256068102342,52.37547983622132,1941.3799371358002,-217.3382105508579,0.69347657033171,0.0,-0.7204791783257647,3.929013079667063,3.929013079667063
52.37547983622132,1941.3799371358002,-217.3382105508579,38.10479896926179,1952.8242674014177,-220.86193741496913,0.69347657033171,0.0,-0.7204791783257647,3.929013079667063,3.929013079667063
38.10479896926179,1952.8242674014177,-220.86193741496913,23.834118102302252,1964.2685976670352,-224.38566427908034,0.69347657033171,0.0,-0.7204791783257647,3.929013079667063,3.929013079667063
26.095253159773517,1940.0980307206235,-223.7797949664532,38.10479896926179,1952.8242674014177,-220.86193741496913,0.69347657033171,0.0,-0.7204791783257647,3.929013079667063,3.929013079667063
38.10479896926179,1952.8242674014177,-220.86193741496913,50.11434477875005,1965.550504082212,-217.94407986348503,0.69347657033171,0.0,-0.7204791783257647,3.929013079667063,3.929013079667063
50.11434477875005,1965.550504082212,-217.94407986348503,35.84366391179053,1976.9948343478295,-221.46780672759627,0.69347657033171,0.0,-0.7204791783257647,3.929013079667063,3.929013079667063
35.84366391179053,1976.9948343478295,-221.46780672759627,21.572983044830988,1988.439164613447,-224.99153359170745,0.69347657033171,0.0,-0.7204791783257647,3.929013079667063,3.929013079667063
23.834118102302252,1964.2685976670352,-224.38566427908034,35.84366391179053,1976.9948343478295,-221.46780672759627,0.69347657033171,0.0,-0.7204791783257647,3.929013079667063,3.929013079667063
35.84366391179053,1976.9948343478295,-221.46780672759627,47.85320972127879,1989.7210710286238,-218.54994917611214,0.69347657033171,0.0,-0.7204791783257647,3.929013079667063,3.929013079667063
47.8532097212788,1989.7210710286238,-218.54994917611214,33.582528854319264,2001.165401294241,-222.07367604022338,0.69347657033171,0.0,-0.7204791783257647,3.929013079667063,3.929013079667063
33.582528854319264,2001.165401294241,-222.07367604022338,19.311847987359723,2012.6097315598588,-225.5974029043346,0.69347657033171,0.0,-0.7204791783257647,3.929013079667063,3.929013079667063
21.572983044831002,1988.439164613447,-224.99153359170745,33.582528854319264,2001.165401294241,-222.07367604022338,0.69347657033171,0.0,-0.7204791783257647,3.929013079667063,3.929013079667063
33.582528854319264,2001.165401294241,-222.07367604022338,45.59207466380752,2013.8916379750356,-219.15581848873927,0.69347657033171,0.0,-0.7204791783257647,3.929013079667063,3.929013079667063
45.59207466380752,2013.8916379750356,-219.15581848873927,31.321393796847982,2025.3359682406528,-222.6795453528505,0.69347657033171,0.0,-0.7204791783257647,3.929013079667063,3.929013079667063
31.321393796847982,2025.3359682406528,-222.6795453528505,17.050712929888444,2036.7802985062706,-226.20327221696172,0.69347657033171,0.0,-0.7204791783257647,3.929013079667063,3.929013079667063
19.311847987359723,2012.6097315598588,-225.5974029043346,31.321393796847982,2025.3359682406528,-222.6795453528505,0.69347657033171,0.0,-0.7204791783257647,3.929013079667063,3.929013079667063
31.321393796847982,2025.3359682406528,-222.6795453528505,43.330939606336244,2038.0622049214473,-219.7616878013664,0.69347657033171,0.0,-0.7204791783257647,3.929013079667063,3.929013079667063
43.33093960633626,2038.0622049214473,-219.7616878013664,29.060258739376717,2049.5065351870644,-223.28541466547762,0.69347657033171,0.0,-0.7204791783257647,3.929013079667063,3.929013079667063
29.060258739376717,2049.5065351870644,-223.28541466547762,14.789577872417194,2060.9508654526826,-226.80914152958883,0.69347657033171,0.0,-0.7204791783257647,3.929013079667063,3.929013079667063
17.05071292988846,2036.7802985062706,-226.20327221696172,29.060258739376717,2049.5065351870644,-223.28541466547762,0.69347657033171,0.0,-0.7204791783257647,3.929013079667063,3.929013079667063
29.060258739376717,2049.5065351870644,-223.28541466547762,41.069804548864994,2062.2327718678594,-220.3675571139935,0.69347657033171,0.0,-0.7204791783257647,3.929013079667063,3.929013079667063
41.069804548864994,2062.2327718678594,-220.3675571139935,26.799123681905453,2073.6771021334766,-223.89128397810475,0.69347657033171,0.0,-0.7204791783257647,3.929013079667063,3.929013079667063
26.799123681905453,2073.6771021334766,-223.89128397810475,12.528442814945915,2085.1214323990944,-227.41501084221596,0.69347657033171,0.0,-0.7204791783257647,3.929013079667063,3.929013079667063
14.789577872417194,2060.9508654526826,-226.80914152958883,26.799123681905453,2073.6771021334766,-223.89128397810475,0.69347657033171,0.0,-0.7204791783257647,3.929013079667063,3.929013079667063
26.799123681905453,2073.6771021334766,-223.89128397810475,38.808669491393715,2086.403338814271,-220.97342642662065,0.69347657033171,0.0,-0.7204791783257647,3.929013079667063,3.929013079667063
38.80866949139373,2086.403338814271,-220.97342642662065,24.53798862443419,2097.8476690798884,-224.4971532907319,0.69347657033171,0.0,-0.7204791783257647,3.929013079667063,3.929013079667063
24.53798862443419,2097.8476690798884,-224.4971532907319,10.26730775747465,2109.291999345506,-228.02088015484307,0.69347657033171,0.0,-0.7204791783257647,3.929013079667063,3.929013079667063
12.52844281494593,2085.1214323990944,-227.41501084221596,24.53798862443419,2097.8476690798884,-224.4971532907319,0.69347657033171,0.0,-0.7204791783257647,3.929013079667063,3.929013079667063
24.53798862443419,2097.8476690798884,-224.4971532907319,36.54753443392245,2110.573905760683,-221.57929573924775,0.69347657033171,0.0,-0.7204791783257647,3.929013079667063,3.929013079667063
36.547534433922465,2110.573905760683,-221.57929573924775,22.276853566962924,2122.0182360263,-225.103022603359,0.69347657033171,0.0,-0.7204791783257647,3.929013079667063,3.929013079667063
22.276853566962924,2122.0182360263,-225.103022603359,8.006172700003386,2133.462566291918,-228.6267494674702,0.69347657033171,0.0,-0.7204791783257647,3.929013079667063,3.929013079667063
10.267307757474665,2109.291999345506,-228.02088015484307,22.276853566962924,2122.0182360263,-225.103022603359,0.69347657033171,0.0,-0.7204791783257647,3.929013079667063,3.929013079667063
22.276853566962924,2122.0182360263,-225.103022603359,34.286399376451186,2134.7444727070947,-222.1851650518749,0.69347657033171,0.0,-0.7204791783257647,3.929013079667063,3.929013079667063
34.286399376451186,2134.7444727070947,-222.1851650518749,20.015718509491645,2146.188802972712,-225.70889191598613,0.69347657033171,0.0,-0.7204791783257647,3.929013079667063,3.929013079667063
20.015718509491645,2146.188802972712,-225.70889191598613,5.745037642532122,2157.63313323833,-229.23261878009734,0.69347657033171,0.0,-0.7204791783257647,3.929013079667063,3.929013079667063
8.006172700003386,2133.462566291918,-228.6267494674702,20.015718509491645,2146.188802972712,-225.70889191598613,0.69347657033171,0.0,-0.7204791783257647,3.929013079667063,3.929013079667063
20.015718509491645,2146.188802972712,-225.70889191598613,32.02526431897992,2158.915039653507,-222.79103436450202,0.69347657033171,0.0,-0.7204791783257647,3.929013079667063,3.929013079667063
32.02526431897992,2158.9150396535065,-222.79103436450202,17.754583452020395,2170.3593699191238,-226.31476122861324,0.69347657033171,0.0,-0.7204791783257647,3.929013079667063,3.929013079667063
17.754583452020395,2170.3593699191238,-226.31476122861324,3.4839025850608714,2181.8037001847415,-229.83848809272445,0.69347657033171,0.0,-0.7204791783257647,3.929013079667063,3.929013079667063
5.745037642532122,2157.6331332383297,-229.23261878009734,17.754583452020395,2170.3593699191238,-226.31476122861324,0.69347657033171,0.0,-0.7204791783257647,3.929013079667063,3.929013079667063
17.754583452020395,2170.3593699191238,-226.31476122861324,29.764129261508668,2183.0856065999183,-223.39690367712913,0.69347657033171,0.0,-0.7204791783257647,3.929013079667063,3.929013079667063
29.764129261508668,2183.0856065999183,-223.39690367712913,15.49344839454913,2194.529936865536,-226.92063054124037,0.69347657033171,0.0,-0.7204791783257647,3.929013079667063,3.929013079667063
15.49344839454913,2194.529936865536,-226.92063054124037,1.2227675275895926,2205.9742671311537,-230.44435740535158,0.69347657033171,0.0,-0.7204791783257647,3.929013079667063,3.929013079667063
3.4839025850608714,2181.8037001847415,-229.83848809272445,15.49344839454913,2194.529936865536,-226.92063054124037,0.69347657033171,0.0,-0.7204791783257647,3.929013079667063,3.929013079667063
15.49344839454913,2194.529936865536,-226.92063054124037,27.50299420403739,2207.2561735463305,-224.00277298975627,0.69347657033171,0.0,-0.7204791783257647,3.929013079667063,3.929013079667063
27.50299420403739,2207.2561735463305,-224.00277298975627,13.232313337077851,2218.700503811948,-227.5264998538675,0.69347657033171,0.0,-0.7204791783257647,3.929013079667063,3.929013079667063
13.232313337077851,2218.700503811948,-227.5264998538675,-1.0383675298816577,2230.1448340775655,-231.0502267179787,0.69347657033171,0.0,-0.7204791783257647,3.929013079667063,3.929013079667063
1.2227675275895926,2205.9742671311537,-230.44435740535158,13.232313337077851,2218.700503811948,-227.5264998538675,0.69347657033171,0.0,-0.7204791783257647,3.929013079667063,3.929013079667063
13.232313337077851,2218.700503811948,-227.5264998538675,25.24185914656614,2231.4267404927423,-224.60864230238337,0.69347657033171,0.0,-0.7204791783257647,3.929013079667063,3.929013079667063
25.24185914656614,2231.4267404927423,-224.60864230238337,10.971178279606601,2242.8710707583596,-228.1323691664946,0.69347657033171,0.0,-0.7204791783257647,3.929013079667063,3.929013079667063
10.971178279606601,2242.8710707583596,-228.1323691664946,-3.2995025873529364,2254.3154010239773,-231.65609603060582,0.69347657033171,0.0,-0.7204791783257647,3.929013079667063,3.929013079667063
-1.0383675298816577,2230.1448340775655,-231.0502267179787,10.971178279606601,2242.8710707583596,-228.1323691664946,0.69347657033171,0.0,-0.7204791783257647,3.929013079667063,3.929013079667063
10.971178279606601,2242.8710707583596,-228.1323691664946,22.98072408909486,2255.597307439154,-225.2145116150105,0.69347657033171,0.0,-0.7204791783257647,3.929013079667063,3.929013079667063
22.98072408909486,2255.597307439154,-225.2145116150105,8.710043222135322,2267.0416377047713,-228.73823847912175,0.69347657033171,0.0,-0.7204791783257647,3.929013079667063,3.929013079667063
8.710043222135322,2267.0416377047713,-228.73823847912175,-5.560637644824201,2278.485967970389,-232.26196534323296,0.69347657033171,0.0,-0.7204791783257647,3.929013079667063,3.929013079667063
-3.2995025873529364,2254.3154010239773,-231.65609603060582,8.710043222135322,2267.0416377047713,-228.73823847912175,0.69347657033171,0.0,-0.7204791783257647,3.929013079667063,3.929013079667063
8.710043222135322,2267.0416377047713,-228.73823847912175,20.719589031623595,2279.767874385566,-225.82038092763764,0.69347657033171,0.0,-0.7204791783257647,3.929013079667063,3.929013079667063
20.719589031623595,2279.767874385566,-225.82038092763764,6.448908164664058,2291.212204651183,-229.34410779174885,0.69347657033171,0.0,-0.7204791783257647,3.929013079667063,3.929013079667063
6.448908164664058,2291.212204651183,-229.34410779174885,-7.82177270229548,2302.656534916801,-232.86783465586007,0.69347657033171,0.0,-0.7204791783257647,3.929013079667063,3.929013079667063
-5.560637644824201,2278.485967970389,-232.26196534323296,6.448908164664058,2291.212204651183,-229.34410779174885,0.69347657033171,0.0,-0.7204791783257647,3.929013079667063,3.929013079667063
6.448908164664058,2291.212204651183,-229.34410779174885,18.458453974152317,2303.9384413319776,-226.42625024026475,0.69347657033171,0.0,-0.7204791783257647,3.929013079667063,3.929013079667063
108.53448275862056,1160.187213427769,-187.98723851113945,119.09219780347664,1184.3577803741807,-195.99407438104674,0.0,0.0,1.0,3.929013079667063,3.929013079667063
93.45449759882194,1184.3577803741807,-181.19214126648643,104.01221264367803,1208.5283473205927,-189.1989771363937,0.0,0.0,1.0,3.929013079667063,3.929013079667063
104.01221264367803,1208.5283473205927,-189.1989771363937,114.56992768853411,1232.6989142670045,-197.20581300630099,0.0,0.0,1.0,3.929013079667063,3.929013079667063
119.09219780347664,1184.3577803741807,-195.99407438104674,104.01221264367803,1208.5283473205927,-189.1989771363937,0.0,0.0,1.0,3.929013079667063,3.929013079667063
104.01221264367803,1208.5283473205927,-189.1989771363937,88.93222748387942,1232.6989142670045,-182.40387989174067,0.0,0.0,1.0,3.929013079667063,3.929013079667063
88.93222748387942,1232.6989142670045,-182.40387989174067,99.4899425287355,1256.8694812134163,-190.41071576164794,0.0,0.0,1.0,3.929013079667063,3.929013079667063
99.4899425287355,1256.8694812134163,-190.41071576164794,110.04765757359156,1281.0400481598283,-198.41755163155523,0.0,0.0,1.0,3.929013079667063,3.929013079667063
114.56992768853411,1232.6989142670045,-197.20581300630099,99.4899425287355,1256.8694812134163,-190.41071576164794,0.0,0.0,1.0,3.929013079667063,3.929013079667063
99.4899425287355,1256.8694812134163,-190.41071576164794,84.40995736893687,1281.0400481598283,-183.6156185169949,0.0,0.0,1.0,3.929013079667063,3.929013079667063
84.40995736893687,1281.0400481598283,-183.6156185169949,94.96767241379295,1305.21061510624,-191.6224543869022,0.0,0.0,1.0,3.929013079667063,3.929013079667063
94.96767241379295,1305.21061510624,-191.6224543869022,105.52538745864904,1329.3811820526519,-199.62929025680947,0.0,0.0,1.0,3.929013079667063,3.929013079667063
110.04765757359156,1281.0400481598283,-198.41755163155523,94.96767241379295,1305.21061510624,-191.6224543869022,0.0,0.0,1.0,3.929013079667063,3.929013079667063
94.96767241379295,1305.21061510624,-191.6224543869022,79.88768725399434,1329.3811820526519,-184.82735714224916,0.0,0.0,1.0,3.929013079667063,3.929013079667063
79.88768725399434,1329.3811820526519,-184.82735714224916,90.44540229885042,1353.5517489990636,-192.83419301215645,0.0,0.0,1.0,3.929013079667063,3.929013079667063
90.44540229885042,1353.5517489990636,-192.83419301215645,101.0031173437065,1377.7223159454757,-200.8410288820637,0.0,0.0,1.0,3.929013079667063,3.929013079667063
105.52538745864904,1329.3811820526519,-199.62929025680947,90.44540229885042,1353.5517489990636,-192.83419301215645,0.0,0.0,1.0,3.929013079667063,3.929013079667063
90.44540229885042,1353.5517489990636,-192.83419301215645,75.36541713905181,1377.7223159454757,-186.0390957675034,0.0,0.0,1.0,3.929013079667063,3.929013079667063
75.36541713905181,1377.7223159454757,-186.0390957675034,85.9231321839079,1401.8928828918874,-194.0459316374107,0.0,0.0,1.0,3.929013079667063,3.929013079667063
85.9231321839079,1401.8928828918874,-194.0459316374107,96.48084722876398,1426.0634498382992,-202.05276750731798,0.0,0.0,1.0,3.929013079667063,3.929013079667063
101.0031173437065,1377.7223159454757,-200.8410288820637,85.9231321839079,1401.8928828918874,-194.0459316374107,0.0,0.0,1.0,3.929013079667063,3.929013079667063
85.9231321839079,1401.8928828918874,-194.0459316374107,70.84314702410929,1426.0634498382992,-187.25083439275767,0.0,0.0,1.0,3.929013079667063,3.929013079667063
70.84314702410929,1426.0634498382992,-187.25083439275767,81.40086206896535,1450.2340167847112,-195.25767026266493,0.0,0.0,1.0,3.929013079667063,3.929013079667063
81.40086206896535,1450.2340167847112,-195.25767026266493,91.95857711382143,1474.404583731123,-203.26450613257222,0.0,0.0,1.0,3.929013079667063,3.929013079667063
96.48084722876398,1426.0634498382992,-202.05276750731798,81.40086206896535,1450.2340167847112,-195.25767026266493,0.0,0.0,1.0,3.929013079667063,3.929013079667063
81.40086206896535,1450.2340167847112,-195.25767026266493,66.32087690916674,1474.404583731123,-188.4625730180119,0.0,0.0,1.0,3.929013079667063,3.929013079667063
66.32087690916674,1474.404583731123,-188.4625730180119,76.87859195402282,1498.5751506775348,-196.46940888791917,0.0,0.0,1.0,3.929013079667063,3.929013079667063
76.87859195402282,1498.5751506775348,-196.46940888791917,87.4363069988789,1522.7457176239468,-204.47624475782646,0.0,0.0,1.0,3.929013079667063,3.929013079667063
91.95857711382143,1474.404583731123,-203.26450613257222,76.87859195402282,1498.5751506775348,-196.46940888791917,0.0,0.0,1.0,3.929013079667063,3.929013079667063
76.87859195402282,1498.5751506775348,-196.46940888791917,61.79860679422421,1522.7457176239468,-189.67431164326615,0.0,0.0,1.0,3.929013079667063,3.929013079667063
61.79860679422423,1522.7457176239466,-189.67431164326615,72.3563218390803,1546.9162845703586,-197.68114751317344,0.0,0.0,1.0,3.929013079667063,3.929013079667063
72.3563218390803,1546.9162845703586,-197.68114751317344,82.91403688393638,1571.0868515167704,-205.6879833830807,0.0,0.0,1.0,3.929013079667063,3.929013079667063
87.43630699887892,1522.7457176239466,-204.47624475782646,72.3563218390803,1546.9162845703586,-197.68114751317344,0.0,0.0,1.0,3.929013079667063,3.929013079667063
72.3563218390803,1546.9162845703586,-197.68114751317344,57.276336679281684,1571.0868515167704,-190.8860502685204,0.0,0.0,1.0,3.929013079667063,3.929013079667063
57.276336679281684,1571.0868515167704,-190.8860502685204,67.83405172413777,1595.2574184631824,-198.89288613842768,0.0,0.0,1.0,3.929013079667063,3.929013079667063
67.83405172413777,1595.2574184631824,-198.89288613842768,78.39176676899383,1619.4279854095942,-206.89972200833495,0.0,0.0,1.0,3.929013079667063,3.929013079667063
82.91403688393638,1571.0868515167704,-205.6879833830807,67.83405172413777,1595.2574184631824,-198.89288613842768,0.0,0.0,1.0,3.929013079667063,3.929013079667063
67.83405172413777,1595.2574184631824,-198.89288613842768,52.75406656433914,1619.4279854095942,-192.09778889377463,0.0,0.0,1.0,3.929013079667063,3.929013079667063
52.75406656433914,1619.4279854095942,-192.09778889377463,63.31178160919522,1643.598552356006,-200.10462476368193,0.0,0.0,1.0,3.929013079667063,3.929013079667063
63.31178160919522,1643.598552356006,-200.10462476368193,73.8694966540513,1667.7691193024177,-208.11146063358922,0.0,0.0,1.0,3.929013079667063,3.929013079667063
78.39176676899383,1619.4279854095942,-206.89972200833495,63.31178160919522,1643.598552356006,-200.10462476368193,0.0,0.0,1.0,3.929013079667063,3.929013079667063
63.31178160919522,1643.598552356006,-200.10462476368193,48.23179644939661,1667.7691193024177,-193.3095275190289,0.0,0.0,1.0,3.929013079667063,3.929013079667063
48.23179644939661,1667.7691193024177,-193.3095275190289,58.7895114942527,1691.9396862488295,-201.31636338893617,0.0,0.0,1.0,3.929013079667063,3.929013079667063
58.7895114942527,1691.9396862488295,-201.31636338893617,69.34722653910877,1716.1102531952417,-209.32319925884346,0.0,0.0,1.0,3.929013079667063,3.929013079667063
73.8694966540513,1667.7691193024177,-208.11146063358922,58.7895114942527,1691.9396862488295,-201.31636338893617,0.0,0.0,1.0,3.929013079667063,3.929013079667063
58.7895114942527,1691.9396862488295,-201.31636338893617,43.70952633445408,1716.1102531952417,-194.52126614428315,0.0,0.0,1.0,3.929013079667063,3.929013079667063
43.70952633445408,1716.1102531952415,-194.52126614428315,54.267241379310164,1740.2808201416535,-202.52810201419044,0.0,0.0,1.0,3.929013079667063,3.929013079667063
54.267241379310164,1740.2808201416535,-202.52810201419044,64.82495642416625,1764.4513870880653,-210.5349378840977,0.0,0.0,1.0,3.929013079667063,3.929013079667063
69.34722653910879,1716.1102531952415,-209.32319925884346,54.267241379310164,1740.2808201416535,-202.52810201419044,0.0,0.0,1.0,3.929013079667063,3.929013079667063
54.267241379310164,1740.2808201416535,-202.52810201419044,39.18725621951155,1764.4513870880653,-195.7330047695374,0.0,0.0,1.0,3.929013079667063,3.929013079667063
39.18725621951154,1764.4513870880653,-195.7330047695374,49.74497126436763,1788.621954034477,-203.73984063944468,0.0,0.0,1.0,3.929013079667063,3.929013079667063
49.74497126436763,1788.621954034477,-203.73984063944468,60.302686309223716,1812.7925209808889,-211.74667650935194,0.0,0.0,1.0,3.929013079667063,3.929013079667063
64.82495642416625,1764.4513870880653,-210.5349378840977,49.74497126436763,1788.621954034477,-203.73984063944468,0.0,0.0,1.0,3.929013079667063,3.929013079667063
49.74497126436763,1788.621954034477,-203.73984063944468,34.66498610456901,1812.7925209808889,-196.94474339479163,0.0,0.0,1.0,3.929013079667063,3.929013079667063
34.66498610456901,1812.792520980889,-196.94474339479163,45.22270114942509,1836.9630879273009,-204.95157926469892,0.0,0.0,1.0,3.929013079667063,3.929013079667063
45.22270114942509,1836.9630879273009,-204.95157926469892,55.78041619428117,1861.1336548737127,-212.9584151346062,0.0,0.0,1.0,3.929013079667063,3.929013079667063
60.3026863092237,1812.792520980889,-211.74667650935194,45.22270114942509,1836.9630879273009,-204.95157926469892,0.0,0.0,1.0,3.929013079667063,3.929013079667063
45.22270114942509,1836.9630879273009,-204.95157926469892,30.142715989626478,1861.1336548737127,-198.1564820200459,0.0,0.0,1.0,3.929013079667063,3.929013079667063
30.142715989626478,1861.1336548737127,-198.1564820200459,40.70043103448256,1885.3042218201244,-206.16331788995316,0.0,0.0,1.0,3.929013079667063,3.929013079667063
40.70043103448256,1885.3042218201244,-206.16331788995316,51.258146079338644,1909.4747887665364,-214.17015375986045,0.0,0.0,1.0,3.929013079667063,3.929013079667063
55.78041619428117,1861.1336548737127,-212.9584151346062,40.70043103448256,1885.3042218201244,-206.16331788995316,0.0,0.0,1.0,3.929013079667063,3.929013079667063
40.70043103448256,1885.3042218201244,-206.16331788995316,25.62044587468395,1909.4747887665364,-199.36822064530014,0.0,0.0,1.0,3.929013079667063,3.929013079667063
25.62044587468395,1909.4747887665364,-199.36822064530014,36.17816091954003,1933.6453557129482,-207.3750565152074,0.0,0.0,1.0,3.929013079667063,3.929013079667063
36.17816091954003,1933.6453557129482,-207.3750565152074,46.735875964396115,1957.81592265936,-215.3818923851147,0.0,0.0,1.0,3.929013079667063,3.929013079667063
51.258146079338644,1909.4747887665364,-214.17015375986045,36.17816091954003,1933.6453557129482,-207.3750565152074,0.0,0.0,1.0,3.929013079667063,3.929013079667063
36.17816091954003,1933.6453557129482,-207.3750565152074,21.09817575974142,1957.81592265936,-200.57995927055438,0.0,0.0,1.0,3.929013079667063,3.929013079667063
21.098175759741405,1957.81592265936,-200.57995927055438,31.65589080459749,1981.9864896057718,-208.58679514046167,0.0,0.0,1.0,3.929013079667063,3.929013079667063
31.65589080459749,1981.9864896057718,-208.58679514046167,42.213605849453586,2006.1570565521836,-216.59363101036894,0.0,0.0,1.0,3.929013079667063,3.929013079667063
46.7358759643961,1957.81592265936,-215.3818923851147,31.65589080459749,1981.9864896057718,-208.58679514046167,0.0,0.0,1.0,3.929013079667063,3.929013079667063
31.65589080459749,1981.9864896057718,-208.58679514046167,16.57590564479889,2006.1570565521836,-201.79169789580862,0.0,0.0,1.0,3.929013079667063,3.929013079667063
16.575905644798876,2006.157056552184,-201.79169789580862,27.13362068965496,2030.3276234985958,-209.79853376571592,0.0,0.0,1.0,3.929013079667063,3.929013079667063
27.13362068965496,2030.3276234985958,-209.79853376571592,37.69133573451104,2054.4981904450074,-217.80536963562318,0.0,0.0,1.0,3.929013079667063,3.929013079667063
42.21360584945357,2006.157056552184,-216.59363101036894,27.13362068965496,2030.3276234985958,-209.79853376571592,0.0,0.0,1.0,3.929013079667063,3.929013079667063
27.13362068965496,2030.3276234985958,-209.79853376571592,12.053635529856347,2054.4981904450074,-203.00343652106287,0.0,0.0,1.0,3.929013079667063,3.929013079667063
12.053635529856333,2054.4981904450074,-203.00343652106287,22.611350574712432,2078.668757391419,-211.01027239097016,0.0,0.0,1.0,3.929013079667063,3.929013079667063
22.611350574712432,2078.668757391419,-211.01027239097016,33.169065619568514,2102.839324337831,-219.01710826087745,0.0,0.0,1.0,3.929013079667063,3.929013079667063
37.69133573451103,2054.4981904450074,-217.80536963562318,22.611350574712432,2078.668757391419,-211.01027239097016,0.0,0.0,1.0,3.929013079667063,3.929013079667063
22.611350574712432,2078.668757391419,-211.01027239097016,7.531365414913818,2102.839324337831,-204.21517514631714,0.0,0.0,1.0,3.929013079667063,3.929013079667063
7.531365414913818,2102.839324337831,-204.21517514631714,18.089080459769903,2127.0098912842427,-212.2220110162244,0.0,0.0,1.0,3.929013079667063,3.929013079667063
18.089080459769903,2127.0098912842427,-212.2220110162244,28.646795504625988,2151.1804582306545,-220.2288468861317,0.0,0.0,1.0,3.929013079667063,3.929013079667063
33.169065619568514,2102.839324337831,-219.01710826087745,18.089080459769903,2127.0098912842427,-212.2220110162244,0.0,0.0,1.0,3.929013079667063,3.929013079667063
18.089080459769903,2127.0098912842427,-212.2220110162244,3.009095299971289,2151.1804582306545,-205.42691377157138,0.0,0.0,1.0,3.929013079667063,3.929013079667063
3.009095299971275,2151.180458230655,-205.42691377157138,13.56681034482736,2175.3510251770667,-213.43374964147864,0.0,0.0,1.0,3.929013079667063,3.929013079667063
13.56681034482736,2175.3510251770667,-213.43374964147864,24.12452538968346,2199.5215921234785,-221.44058551138593,0.0,0.0,1.0,3.929013079667063,3.929013079667063
28.646795504625974,2151.180458230655,-220.2288468861317,13.56681034482736,2175.3510251770667,-213.43374964147864,0.0,0.0,1.0,3.929013079667063,3.929013079667063
13.56681034482736,2175.3510251770667,-213.43374964147864,-1.51317481497124,2199.5215921234785,-206.63865239682562,0.0,0.0,1.0,3.929013079667063,3.929013079667063
-1.5131748149712543,2199.5215921234785,-206.63865239682562,9.044540229884845,2223.6921590698903,-214.6454882667329,0.0,0.0,1.0,3.929013079667063,3.929013079667063
9.044540229884845,2223.6921590698903,-214.6454882667329,19.602255274740916,2247.862726016302,-222.65232413664017,0.0,0.0,1.0,3.929013079667063,3.929013079667063
24.124525389683445,2199.5215921234785,-221.44058551138593,9.044540229884845,2223.6921590698903,-214.6454882667329,0.0,0.0,1.0,3.929013079667063,3.929013079667063
9.044540229884845,2223.6921590698903,-214.6454882667329,-6.035444929913783,2247.862726016302,-207.85039102207986,0.0,0.0,1.0,3.929013079667063,3.929013079667063
-6.035444929913755,2247.862726016302,-207.85039102207986,4.522270114942316,2272.033292962714,-215.85722689198715,0.0,0.0,1.0,3.929013079667063,3.929013079667063
4.522270114942316,2272.033292962714,-215.85722689198715,15.079985159798387,2296.2038599091256,-223.86406276189442,0.0,0.0,1.0,3.929013079667063,3.929013079667063
19.602255274740944,2247.862726016302,-222.65232413664017,4.522270114942316,2272.033292962714,-215.85722689198715,0.0,0.0,1.0,3.929013079667063,3.929013079667063
4.522270114942316,2272.033292962714,-215.85722689198715,-10.557715044856312,2296.2038599091256,-209.0621296473341,0.0,0.0,1.0,3.929013079667063,3.929013079667063
-2.2737367544323206e-13,2320.3744268555374,-217.0689655172414,15.079985159798387,2296.2038599091256,-223.86406276189442,0.0,0.0,1.0,3.929013079667063,3.929013079667063
88.93222748387942,1232.6989142670045,-182.40387989174067,84.10663223274385,1240.4334956898563,-180.2294487734517,0.0,0.0,1.0,3.929013079667063,3.929013079667063
114.56992768853411,1232.6989142670045,-197.20581300630099,117.94839650288806,1240.4334956898563,-199.76800048467132,0.0,0.0,1.0,3.929013079667063,3.929013079667063
84.40995736893687,1281.0400481598283,-183.6156185169949,79.5843621178013,1288.77462958268,-181.44118739870595,0.0,0.0,1.0,3.929013079667063,3.929013079667063
110.04765757359156,1281.0400481598283,-198.41755163155523,113.42612638794552,1288.77462958268,-200.97973910992556,0.0,0.0,1.0,3.929013079667063,3.929013079667063
79.88768725399434,1329.3811820526519,-184.82735714224916,75.06209200285878,1337.1157634755036,-182.6529260239602,0.0,0.0,1.0,3.929013079667063,3.929013079667063
105.52538745864904,1329.3811820526519,-199.62929025680947,108.90385627300299,1337.1157634755036,-202.1914777351798,0.0,0.0,1.0,3.929013079667063,3.929013079667063
75.36541713905181,1377.7223159454757,-186.0390957675034,70.53982188791625,1385.4568973683274,-183.86466464921443,0.0,0.0,1.0,3.929013079667063,3.929013079667063
101.0031173437065,1377.7223159454757,-200.8410288820637,104.38158615806046,1385.4568973683274,-203.40321636043404,0.0,0.0,1.0,3.929013079667063,3.929013079667063
70.84314702410929,1426.0634498382992,-187.25083439275767,66.01755177297372,1433.798031261151,-185.07640327446867,0.0,0.0,1.0,3.929013079667063,3.929013079667063
96.48084722876398,1426.0634498382992,-202.05276750731798,99.85931604311793,1433.798031261151,-204.61495498568829,0.0,0.0,1.0,3.929013079667063,3.929013079667063
66.32087690916674,1474.404583731123,-188.4625730180119,61.49528165803119,1482.1391651539748,-186.28814189972294,0.0,0.0,1.0,3.929013079667063,3.929013079667063
91.95857711382143,1474.404583731123,-203.26450613257222,95.3370459281754,1482.1391651539748,-205.82669361094256,0.0,0.0,1.0,3.929013079667063,3.929013079667063
61.79860679422421,1522.7457176239468,-189.67431164326615,56.973011543088646,1530.4802990467986,-187.4998805249772,0.0,0.0,1.0,3.929013079667063,3.929013079667063
87.4363069988789,1522.7457176239468,-204.47624475782646,90.81477581323286,1530.4802990467986,-207.0384322361968,0.0,0.0,1.0,3.929013079667063,3.929013079667063
57.276336679281684,1571.0868515167704,-190.8860502685204,52.45074142814613,1578.8214329396221,-188.71161915023143,0.0,0.0,1.0,3.929013079667063,3.929013079667063
82.91403688393638,1571.0868515167704,-205.6879833830807,86.29250569829034,1578.8214329396221,-208.25017086145104,0.0,0.0,1.0,3.929013079667063,3.929013079667063
52.75406656433914,1619.4279854095942,-192.09778889377463,47.92847131320359,1627.162566832446,-189.92335777548567,0.0,0.0,1.0,3.929013079667063,3.929013079667063
78.39176676899383,1619.4279854095942,-206.89972200833495,81.7702355833478,1627.162566832446,-209.46190948670528,0.0,0.0,1.0,3.929013079667063,3.929013079667063
48.23179644939661,1667.7691193024177,-193.3095275190289,43.40620119826106,1675.5037007252697,-191.13509640073994,0.0,0.0,1.0,3.929013079667063,3.929013079667063
73.8694966540513,1667.7691193024177,-208.11146063358922,77.24796546840525,1675.5037007252697,-210.67364811195955,0.0,0.0,1.0,3.929013079667063,3.929013079667063
43.70952633445408,1716.1102531952417,-194.52126614428315,38.883931083318515,1723.8448346180933,-192.34683502599418,0.0,0.0,1.0,3.929013079667063,3.929013079667063
69.34722653910877,1716.1102531952417,-209.32319925884346,72.72569535346273,1723.8448346180933,-211.8853867372138,0.0,0.0,1.0,3.929013079667063,3.929013079667063
39.18725621951155,1764.4513870880653,-195.7330047695374,34.361660968375986,1772.185968510917,-193.55857365124842,0.0,0.0,1.0,3.929013079667063,3.929013079667063
64.82495642416625,1764.4513870880653,-210.5349378840977,68.2034252385202,1772.185968510917,-213.09712536246803,0.0,0.0,1.0,3.929013079667063,3.929013079667063
34.66498610456901,1812.7925209808889,-196.94474339479163,29.83939085343346,1820.5271024037409,-194.77031227650266,0.0,0.0,1.0,3.929013079667063,3.929013079667063
60.302686309223716,1812.7925209808889,-211.74667650935194,63.68115512357767,1820.5271024037409,-214.30886398772228,0.0,0.0,1.0,3.929013079667063,3.929013079667063
30.142715989626478,1861.1336548737127,-198.1564820200459,25.317120738490917,1868.8682362965644,-195.9820509017569,0.0,0.0,1.0,3.929013079667063,3.929013079667063
55.78041619428117,1861.1336548737127,-212.9584151346062,59.158885008635124,1868.8682362965644,-215.52060261297652,0.0,0.0,1.0,3.929013079667063,3.929013079667063
25.62044587468395,1909.4747887665364,-199.36822064530014,20.794850623548403,1917.209370189388,-197.19378952701118,0.0,0.0,1.0,3.929013079667063,3.929013079667063
51.258146079338644,1909.4747887665364,-214.17015375986045,54.63661489369261,1917.209370189388,-216.7323412382308,0.0,0.0,1.0,3.929013079667063,3.929013079667063
21.09817575974142,1957.81592265936,-200.57995927055438,16.27258050860586,1965.550504082212,-198.40552815226542,0.0,0.0,1.0,3.929013079667063,3.929013079667063
46.735875964396115,1957.81592265936,-215.3818923851147,50.114344778750066,1965.550504082212,-217.94407986348503,0.0,0.0,1.0,3.929013079667063,3.929013079667063
16.57590564479889,2006.1570565521836,-201.79169789580862,11.75031039366333,2013.8916379750356,-199.61726677751966,0.0,0.0,1.0,3.929013079667063,3.929013079667063
42.213605849453586,2006.1570565521836,-216.59363101036894,45.59207466380754,2013.8916379750356,-219.15581848873927,0.0,0.0,1.0,3.929013079667063,3.929013079667063
12.053635529856347,2054.4981904450074,-203.00343652106287,7.228040278720787,2062.232771867859,-200.8290054027739,0.0,0.0,1.0,3.929013079667063,3.929013079667063
37.69133573451104,2054.4981904450074,-217.80536963562318,41.069804548864994,2062.232771867859,-220.3675571139935,0.0,0.0,1.0,3.929013079667063,3.929013079667063
7.531365414913818,2102.839324337831,-204.21517514631714,2.705770163778258,2110.573905760683,-202.04074402802814,0.0,0.0,1.0,3.929013079667063,3.929013079667063
33.169065619568514,2102.839324337831,-219.01710826087745,36.547534433922465,2110.573905760683,-221.57929573924775,0.0,0.0,1.0,3.929013079667063,3.929013079667063
3.009095299971289,2151.1804582306545,-205.42691377157138,-1.8164999511642712,2158.9150396535065,-203.2524826532824,0.0,0.0,1.0,3.929013079667063,3.929013079667063
28.646795504625988,2151.1804582306545,-220.2288468861317,32.025264318979936,2158.9150396535065,-222.79103436450202,0.0,0.0,1.0,3.929013079667063,3.929013079667063
-1.51317481497124,2199.5215921234785,-206.63865239682562,-6.3387700661068,2207.25617354633,-204.46422127853666,0.0,0.0,1.0,3.929013079667063,3.929013079667063
24.12452538968346,2199.5215921234785,-221.44058551138593,27.502994204037403,2207.25617354633,-224.00277298975627,0.0,0.0,1.0,3.929013079667063,3.929013079667063
-6.035444929913783,2247.862726016302,-207.85039102207986,-10.861040181049344,2255.597307439154,-205.6759599037909,0.0,0.0,1.0,3.929013079667063,3.929013079667063
19.602255274740916,2247.862726016302,-222.65232413664017,22.98072408909486,2255.597307439154,-225.2145116150105,0.0,0.0,1.0,3.929013079667063,3.929013079667063
-10.557715044856312,2296.2038599091256,-209.0621296473341,-15.383310295991858,2303.9384413319776,-206.88769852904514,0.0,0.0,1.0,3.929013079667063,3.929013079667063
15.079985159798387,2296.2038599091256,-223.86406276189442,18.458453974152345,2303.9384413319776,-226.42625024026475,0.0,0.0,1.0,3.929013079667063,3.929013079667063
-2.2737367544323206e-13,2320.3744268555374,-217.0689655172414,-10.557715044856312,2296.2038599091256,-209.0621296473341,0.0,0.0,1.0,3.929013079667063,3.929013079667063
75.60344827586196,1160.187213427769,-130.9490136411988,61.859566277816086,1184.3577803741807,-129.79598102942094,0.0,0.0,1.0,3.929013079667063,3.929013079667063
77.12545132340871,1192.9848075213158,-148.13499760502393,67.87000398681398,1204.6238681323803,-138.20448779344906,-0.6900981947236448,0.0,-0.7237157464358271,3.929013079667063,3.929013079667063
67.87000398681398,1204.6238681323803,-138.20448779344906,58.61455665021926,1216.2629287434445,-128.27397798187417,-0.6900981947236448,0.0,-0.7237157464358271,3.929013079667063,3.929013079667063
57.46152403844141,1192.0923617970325,-129.42701059365203,67.87000398681398,1204.6238681323803,-138.20448779344906,-0.6900981947236448,0.0,-0.7237157464358271,3.929013079667063,3.929013079667063
67.87000398681398,1204.6238681323803,-138.20448779344906,78.27848393518656,1217.1553744677278,-146.98196499324607,-0.6900981947236448,0.0,-0.7237157464358271,3.929013079667063,3.929013079667063
78.27848393518656,1217.1553744677278,-146.98196499324607,69.02303659859183,1228.794435078792,-137.0514551816712,-0.6900981947236448,0.0,-0.7237157464358271,3.929013079667063,3.929013079667063
69.02303659859183,1228.794435078792,-137.0514551816712,59.76758926199712,1240.4334956898563,-127.12094537009632,-0.6900981947236448,0.0,-0.7237157464358271,3.929013079667063,3.929013079667063
58.61455665021926,1216.2629287434445,-128.27397798187417,69.02303659859183,1228.794435078792,-137.0514551816712,-0.6900981947236448,0.0,-0.7237157464358271,3.929013079667063,3.929013079667063
69.02303659859183,1228.794435078792,-137.0514551816712,79.43151654696442,1241.3259414141396,-145.8289323814682,-0.6900981947236448,0.0,-0.7237157464358271,3.929013079667063,3.929013079667063
79.43151654696442,1241.3259414141396,-145.8289323814682,70.17606921036968,1252.9650020252038,-135.89842256989334,-0.6900981947236448,0.0,-0.7237157464358271,3.929013079667063,3.929013079667063
70.17606921036968,1252.9650020252038,-135.89842256989334,60.92062187377496,1264.6040626362683,-125.96791275831848,-0.6900981947236448,0.0,-0.7237157464358271,3.929013079667063,3.929013079667063
59.76758926199712,1240.4334956898563,-127.12094537009632,70.17606921036968,1252.9650020252038,-135.89842256989334,-0.6900981947236448,0.0,-0.7237157464358271,3.929013079667063,3.929013079667063
70.17606921036968,1252.9650020252038,-135.89842256989334,80.58454915874226,1265.4965083605516,-144.67589976969035,-0.6900981947236448,0.0,-0.7237157464358271,3.929013079667063,3.929013079667063
80.58454915874226,1265.4965083605514,-144.67589976969035,71.32910182214754,1277.1355689716158,-134.7453899581155,-0.6900981947236448,0.0,-0.7237157464358271,3.929013079667063,3.929013079667063
71.32910182214754,1277.1355689716158,-134.7453899581155,62.07365448555281,1288.77462958268,-124.81488014654063,-0.6900981947236448,0.0,-0.7237157464358271,3.929013079667063,3.929013079667063
60.92062187377496,1264.604062636268,-125.96791275831848,71.32910182214754,1277.1355689716158,-134.7453899581155,-0.6900981947236448,0.0,-0.7237157464358271,3.929013079667063,3.929013079667063
71.32910182214754,1277.1355689716158,-134.7453899581155,81.73758177052011,1289.6670753069634,-143.52286715791251,-0.6900981947236448,0.0,-0.7237157464358271,3.929013079667063,3.929013079667063
81.73758177052011,1289.6670753069634,-143.52286715791251,72.48213443392538,1301.3061359180276,-133.59235734633765,-0.6900981947236448,0.0,-0.7237157464358271,3.929013079667063,3.929013079667063
72.48213443392538,1301.3061359180276,-133.59235734633765,63.22668709733067,1312.9451965290918,-123.66184753476279,-0.6900981947236448,0.0,-0.7237157464358271,3.929013079667063,3.929013079667063
62.07365448555281,1288.77462958268,-124.81488014654063,72.48213443392538,1301.3061359180276,-133.59235734633765,-0.6900981947236448,0.0,-0.7237157464358271,3.929013079667063,3.929013079667063
72.48213443392538,1301.3061359180276,-133.59235734633765,82.89061438229797,1313.8376422533752,-142.36983454613465,-0.6900981947236448,0.0,-0.7237157464358271,3.929013079667063,3.929013079667063
82.89061438229797,1313.8376422533752,-142.36983454613465,73.63516704570323,1325.4767028644394,-132.4393247345598,-0.6900981947236448,0.0,-0.7237157464358271,3.929013079667063,3.929013079667063
73.63516704570323,1325.4767028644394,-132.4393247345598,64.37971970910851,1337.1157634755039,-122.50881492298494,-0.6900981947236448,0.0,-0.7237157464358271,3.929013079667063,3.929013079667063
63.22668709733067,1312.9451965290918,-123.66184753476279,73.63516704570323,1325.4767028644394,-132.4393247345598,-0.6900981947236448,0.0,-0.7237157464358271,3.929013079667063,3.929013079667063
73.63516704570323,1325.4767028644394,-132.4393247345598,84.04364699407581,1338.0082091997872,-141.21680193435682,-0.6900981947236448,0.0,-0.7237157464358271,3.929013079667063,3.929013079667063
84.04364699407581,1338.0082091997872,-141.21680193435682,74.78819965748109,1349.6472698108514,-131.28629212278196,-0.6900981947236448,0.0,-0.7237157464358271,3.929013079667063,3.929013079667063
74.78819965748109,1349.6472698108514,-131.28629212278196,65.53275232088636,1361.2863304219156,-121.35578231120708,-0.6900981947236448,0.0,-0.7237157464358271,3.929013079667063,3.929013079667063
64.37971970910851,1337.1157634755039,-122.50881492298494,74.78819965748109,1349.6472698108514,-131.28629212278196,-0.6900981947236448,0.0,-0.7237157464358271,3.929013079667063,3.929013079667063
74.78819965748109,1349.6472698108514,-131.28629212278196,85.19667960585366,1362.178776146199,-140.06376932257896,-0.6900981947236448,0.0,-0.7237157464358271,3.929013079667063,3.929013079667063
85.19667960585366,1362.178776146199,-140.06376932257896,75.94123226925893,1373.8178367572632,-130.1332595110041,-0.6900981947236448,0.0,-0.7237157464358271,3.929013079667063,3.929013079667063
75.94123226925893,1373.8178367572632,-130.1332595110041,66.6857849326642,1385.4568973683274,-120.20274969942923,-0.6900981947236448,0.0,-0.7237157464358271,3.929013079667063,3.929013079667063
65.53275232088636,1361.2863304219156,-121.35578231120708,75.94123226925893,1373.8178367572632,-130.1332595110041,-0.6900981947236448,0.0,-0.7237157464358271,3.929013079667063,3.929013079667063
75.94123226925893,1373.8178367572632,-130.1332595110041,86.3497122176315,1386.3493430926108,-138.9107367108011,-0.6900981947236448,0.0,-0.7237157464358271,3.929013079667063,3.929013079667063
86.34971221763152,1386.3493430926108,-138.9107367108011,77.09426488103678,1397.9884037036752,-128.98022689922624,-0.6900981947236448,0.0,-0.7237157464358271,3.929013079667063,3.929013079667063
77.09426488103678,1397.9884037036752,-128.98022689922624,67.83881754444207,1409.6274643147394,-119.04971708765139,-0.6900981947236448,0.0,-0.7237157464358271,3.929013079667063,3.929013079667063
66.68578493266422,1385.4568973683274,-120.20274969942923,77.09426488103678,1397.9884037036752,-128.98022689922624,-0.6900981947236448,0.0,-0.7237157464358271,3.929013079667063,3.929013079667063
77.09426488103678,1397.9884037036752,-128.98022689922624,87.50274482940937,1410.5199100390228,-137.75770409902327,-0.6900981947236448,0.0,-0.7237157464358271,3.929013079667063,3.929013079667063
87.50274482940937,1410.5199100390228,-137.75770409902327,78.24729749281464,1422.158970650087,-127.82719428744839,-0.6900981947236448,0.0,-0.7237157464358271,3.929013079667063,3.929013079667063
78.24729749281464,1422.158970650087,-127.82719428744839,68.99185015621991,1433.7980312611512,-117.89668447587353,-0.6900981947236448,0.0,-0.7237157464358271,3.929013079667063,3.929013079667063
67.83881754444207,1409.6274643147394,-119.04971708765139,78.24729749281464,1422.158970650087,-127.82719428744839,-0.6900981947236448,0.0,-0.7237157464358271,3.929013079667063,3.929013079667063
78.24729749281464,1422.158970650087,-127.82719428744839,88.65577744118721,1434.6904769854345,-136.6046714872454,-0.6900981947236448,0.0,-0.7237157464358271,3.929013079667063,3.929013079667063
88.65577744118721,1434.6904769854345,-136.6046714872454,79.40033010459248,1446.3295375964988,-126.67416167567055,-0.6900981947236448,0.0,-0.7237157464358271,3.929013079667063,3.929013079667063
79.40033010459248,1446.3295375964988,-126.67416167567055,70.14488276799776,1457.968598207563,-116.74365186409568,-0.6900981947236448,0.0,-0.7237157464358271,3.929013079667063,3.929013079667063
68.99185015621991,1433.7980312611512,-117.89668447587353,79.40033010459248,1446.3295375964988,-126.67416167567055,-0.6900981947236448,0.0,-0.7237157464358271,3.929013079667063,3.929013079667063
79.40033010459248,1446.3295375964988,-126.67416167567055,89.80881005296506,1458.8610439318463,-135.45163887546755,-0.6900981947236448,0.0,-0.7237157464358271,3.929013079667063,3.929013079667063
89.80881005296506,1458.8610439318463,-135.45163887546755,80.55336271637033,1470.5001045429105,-125.5211290638927,-0.6900981947236448,0.0,-0.7237157464358271,3.929013079667063,3.929013079667063
80.55336271637033,1470.5001045429105,-125.5211290638927,71.29791537977562,1482.1391651539748,-115.59061925231784,-0.6900981947236448,0.0,-0.7237157464358271,3.929013079667063,3.929013079667063
70.14488276799776,1457.968598207563,-116.74365186409568,80.55336271637033,1470.5001045429105,-125.5211290638927,-0.6900981947236448,0.0,-0.7237157464358271,3.929013079667063,3.929013079667063
80.55336271637033,1470.5001045429105,-125.5211290638927,90.96184266474292,1483.031610878258,-134.29860626368972,-0.6900981947236448,0.0,-0.7237157464358271,3.929013079667063,3.929013079667063
90.96184266474292,1483.031610878258,-134.29860626368972,81.70639532814818,1494.6706714893226,-124.36809645211484,-0.6900981947236448,0.0,-0.7237157464358271,3.929013079667063,3.929013079667063
81.70639532814818,1494.6706714893226,-124.36809645211484,72.45094799155346,1506.3097321003868,-114.43758664053999,-0.6900981947236448,0.0,-0.7237157464358271,3.929013079667063,3.929013079667063
71.29791537977562,1482.1391651539748,-115.59061925231784,81.70639532814818,1494.6706714893226,-124.36809645211484,-0.6900981947236448,0.0,-0.7237157464358271,3.929013079667063,3.929013079667063
81.70639532814818,1494.6706714893226,-124.36809645211484,92.11487527652076,1507.2021778246701,-133.14557365191186,-0.6900981947236448,0.0,-0.7237157464358271,3.929013079667063,3.929013079667063
92.11487527652076,1507.2021778246701,-133.14557365191186,82.85942793992602,1518.8412384357343,-123.215063840337,-0.6900981947236448,0.0,-0.7237157464358271,3.929013079667063,3.929013079667063
82.85942793992602,1518.8412384357343,-123.215063840337,73.60398060333131,1530.4802990467986,-113.28455402876214,-0.6900981947236448,0.0,-0.7237157464358271,3.929013079667063,3.929013079667063
72.45094799155346,1506.3097321003868,-114.43758664053999,82.85942793992602,1518.8412384357343,-123.215063840337,-0.6900981947236448,0.0,-0.7237157464358271,3.929013079667063,3.929013079667063
82.85942793992602,1518.8412384357343,-123.215063840337,93.26790788829861,1531.372744771082,-131.99254104013403,-0.6900981947236448,0.0,-0.7237157464358271,3.929013079667063,3.929013079667063
93.26790788829861,1531.372744771082,-131.99254104013403,84.01246055170388,1543.0118053821461,-122.06203122855915,-0.6900981947236448,0.0,-0.7237157464358271,3.929013079667063,3.929013079667063
84.01246055170388,1543.0118053821461,-122.06203122855915,74.75701321510915,1554.6508659932106,-112.13152141698428,-0.6900981947236448,0.0,-0.7237157464358271,3.929013079667063,3.929013079667063
73.60398060333131,1530.4802990467986,-113.28455402876214,84.01246055170388,1543.0118053821461,-122.06203122855915,-0.6900981947236448,0.0,-0.7237157464358271,3.929013079667063,3.929013079667063
84.01246055170388,1543.0118053821461,-122.06203122855915,94.42094050007645,1555.543311717494,-130.83950842835617,-0.6900981947236448,0.0,-0.7237157464358271,3.929013079667063,3.929013079667063
94.42094050007647,1555.543311717494,-130.83950842835617,85.16549316348173,1567.1823723285581,-120.90899861678129,-0.6900981947236448,0.0,-0.7237157464358271,3.929013079667063,3.929013079667063
85.16549316348173,1567.1823723285581,-120.90899861678129,75.91004582688701,1578.8214329396224,-110.97848880520644,-0.6900981947236448,0.0,-0.7237157464358271,3.929013079667063,3.929013079667063
74.75701321510917,1554.6508659932106,-112.13152141698428,85.16549316348173,1567.1823723285581,-120.90899861678129,-0.6900981947236448,0.0,-0.7237157464358271,3.929013079667063,3.929013079667063
85.16549316348173,1567.1823723285581,-120.90899861678129,95.57397311185431,1579.7138786639057,-129.6864758165783,-0.6900981947236448,0.0,-0.7237157464358271,3.929013079667063,3.929013079667063
95.57397311185431,1579.7138786639057,-129.6864758165783,86.31852577525957,1591.35293927497,-119.75596600500344,-0.6900981947236448,0.0,-0.7237157464358271,3.929013079667063,3.929013079667063
86.31852577525957,1591.35293927497,-119.75596600500344,77.06307843866486,1602.9919998860341,-109.8254561934286,-0.6900981947236448,0.0,-0.7237157464358271,3.929013079667063,3.929013079667063
75.91004582688701,1578.8214329396224,-110.97848880520644,86.31852577525957,1591.35293927497,-119.75596600500344,-0.6900981947236448,0.0,-0.7237157464358271,3.929013079667063,3.929013079667063
86.31852577525957,1591.35293927497,-119.75596600500344,96.72700572363216,1603.8844456103175,-128.53344320480048,-0.6900981947236448,0.0,-0.7237157464358271,3.929013079667063,3.929013079667063
96.72700572363216,1603.8844456103175,-128.53344320480048,87.47155838703743,1615.5235062213817,-118.6029333932256,-0.6900981947236448,0.0,-0.7237157464358271,3.929013079667063,3.929013079667063
87.47155838703743,1615.5235062213817,-118.6029333932256,78.21611105044272,1627.1625668324461,-108.67242358165073,-0.6900981947236448,0.0,-0.7237157464358271,3.929013079667063,3.929013079667063
77.06307843866486,1602.9919998860341,-109.8254561934286,87.47155838703743,1615.5235062213817,-118.6029333932256,-0.6900981947236448,0.0,-0.7237157464358271,3.929013079667063,3.929013079667063
87.47155838703743,1615.5235062213817,-118.6029333932256,97.88003833541002,1628.0550125567295,-127.38041059302262,-0.6900981947236448,0.0,-0.7237157464358271,3.929013079667063,3.929013079667063
97.88003833541002,1628.0550125567295,-127.38041059302262,88.62459099881528,1639.6940731677937,-117.44990078144775,-0.6900981947236448,0.0,-0.7237157464358271,3.929013079667063,3.929013079667063
88.62459099881528,1639.6940731677937,-117.44990078144775,79.36914366222057,1651.333133778858,-107.51939096987289,-0.6900981947236448,0.0,-0.7237157464358271,3.929013079667063,3.929013079667063
78.21611105044272,1627.1625668324461,-108.67242358165073,88.62459099881528,1639.6940731677937,-117.44990078144775,-0.6900981947236448,0.0,-0.7237157464358271,3.929013079667063,3.929013079667063
88.62459099881528,1639.6940731677937,-117.44990078144775,99.03307094718787,1652.2255795031413,-126.22737798124477,-0.6900981947236448,0.0,-0.7237157464358271,3.929013079667063,3.929013079667063
99.03307094718787,1652.2255795031413,-126.22737798124477,89.77762361059312,1663.8646401142055,-116.2968681696699,-0.6900981947236448,0.0,-0.7237157464358271,3.929013079667063,3.929013079667063
89.77762361059312,1663.8646401142055,-116.2968681696699,80.52217627399841,1675.50370072527,-106.36635835809504,-0.6900981947236448,0.0,-0.7237157464358271,3.929013079667063,3.929013079667063
79.36914366222057,1651.333133778858,-107.51939096987289,89.77762361059312,1663.8646401142055,-116.2968681696699,-0.6900981947236448,0.0,-0.7237157464358271,3.929013079667063,3.929013079667063
89.77762361059312,1663.8646401142055,-116.2968681696699,100.18610355896571,1676.3961464495533,-125.07434536946693,-0.6900981947236448,0.0,-0.7237157464358271,3.929013079667063,3.929013079667063
100.18610355896571,1676.3961464495533,-125.07434536946693,90.93065622237098,1688.0352070606175,-115.14383555789205,-0.6900981947236448,0.0,-0.7237157464358271,3.929013079667063,3.929013079667063
90.93065622237098,1688.0352070606175,-115.14383555789205,81.67520888577627,1699.6742676716817,-105.21332574631718,-0.6900981947236448,0.0,-0.7237157464358271,3.929013079667063,3.929013079667063
80.52217627399841,1675.50370072527,-106.36635835809504,90.93065622237098,1688.0352070606175,-115.14383555789205,-0.6900981947236448,0.0,-0.7237157464358271,3.929013079667063,3.929013079667063
90.93065622237098,1688.0352070606175,-115.14383555789205,101.33913617074357,1700.566713395965,-123.92131275768907,-0.6900981947236448,0.0,-0.7237157464358271,3.929013079667063,3.929013079667063
101.33913617074357,1700.566713395965,-123.92131275768907,92.08368883414883,1712.2057740070293,-113.9908029461142,-0.6900981947236448,0.0,-0.7237157464358271,3.929013079667063,3.929013079667063
92.08368883414883,1712.2057740070293,-113.9908029461142,82.82824149755412,1723.8448346180935,-104.06029313453934,-0.6900981947236448,0.0,-0.7237157464358271,3.929013079667063,3.929013079667063
81.67520888577627,1699.6742676716817,-105.21332574631718,92.08368883414883,1712.2057740070293,-113.9908029461142,-0.6900981947236448,0.0,-0.7237157464358271,3.929013079667063,3.929013079667063
92.08368883414883,1712.2057740070293,-113.9908029461142,102.49216878252142,1724.7372803423768,-122.76828014591122,-0.6900981947236448,0.0,-0.7237157464358271,3.929013079667063,3.929013079667063
102.49216878252142,1724.7372803423768,-122.76828014591122,93.23672144592668,1736.376340953441,-112.83777033433635,-0.6900981947236448,0.0,-0.7237157464358271,3.929013079667063,3.929013079667063
93.23672144592668,1736.376340953441,-112.83777033433635,83.98127410933196,1748.0154015645053,-102.90726052276149,-0.6900981947236448,0.0,-0.7237157464358271,3.929013079667063,3.929013079667063
82.82824149755412,1723.8448346180935,-104.06029313453934,93.23672144592668,1736.376340953441,-112.83777033433635,-0.6900981947236448,0.0,-0.7237157464358271,3.929013079667063,3.929013079667063
93.23672144592668,1736.376340953441,-112.83777033433635,103.64520139429926,1748.9078472887886,-121.61524753413337,-0.6900981947236448,0.0,-0.7237157464358271,3.929013079667063,3.929013079667063
103.64520139429926,1748.9078472887886,-121.61524753413337,94.38975405770454,1760.5469078998528,-111.6847377225585,-0.6900981947236448,0.0,-0.7237157464358271,3.929013079667063,3.929013079667063
94.38975405770454,1760.5469078998528,-111.6847377225585,85.13430672110981,1772.1859685109173,-101.75422791098364,-0.6900981947236448,0.0,-0.7237157464358271,3.929013079667063,3.929013079667063
83.98127410933196,1748.0154015645053,-102.90726052276149,94.38975405770454,1760.5469078998528,-111.6847377225585,-0.6900981947236448,0.0,-0.7237157464358271,3.929013079667063,3.929013079667063
94.38975405770454,1760.5469078998528,-111.6847377225585,104.79823400607711,1773.0784142352006,-120.46221492235553,-0.6900981947236448,0.0,-0.7237157464358271,3.929013079667063,3.929013079667063
104.79823400607711,1773.0784142352006,-120.46221492235553,95.54278666948238,1784.7174748462648,-110.53170511078065,-0.6900981947236448,0.0,-0.7237157464358271,3.929013079667063,3.929013079667063
95.54278666948238,1784.7174748462648,-110.53170511078065,86.28733933288765,1796.356535457329,-100.6011952992058,-0.6900981947236448,0.0,-0.7237157464358271,3.929013079667063,3.929013079667063
85.13430672110981,1772.1859685109173,-101.75422791098364,95.54278666948238,1784.7174748462648,-110.53170511078065,-0.6900981947236448,0.0,-0.7237157464358271,3.929013079667063,3.929013079667063
95.54278666948238,1784.7174748462648,-110.53170511078065,105.95126661785496,1797.2489811816124,-119.30918231057768,-0.6900981947236448,0.0,-0.7237157464358271,3.929013079667063,3.929013079667063
105.95126661785497,1797.2489811816126,-119.30918231057767,96.69581928126023,1808.8880417926769,-109.3786724990028,-0.6900981947236448,0.0,-0.7237157464358271,3.929013079667063,3.929013079667063
96.69581928126023,1808.8880417926769,-109.3786724990028,87.44037194466551,1820.527102403741,-99.44816268742794,-0.6900981947236448,0.0,-0.7237157464358271,3.929013079667063,3.929013079667063
86.28733933288767,1796.3565354573293,-100.60119529920578,96.69581928126023,1808.8880417926769,-109.3786724990028,-0.6900981947236448,0.0,-0.7237157464358271,3.929013079667063,3.929013079667063
96.69581928126023,1808.8880417926769,-109.3786724990028,107.10429922963282,1821.4195481280244,-118.15614969879982,-0.6900981947236448,0.0,-0.7237157464358271,3.929013079667063,3.929013079667063
107.10429922963282,1821.4195481280244,-118.15614969879982,97.84885189303809,1833.0586087390886,-108.22563988722494,-0.6900981947236448,0.0,-0.7237157464358271,3.929013079667063,3.929013079667063
97.84885189303809,1833.0586087390886,-108.22563988722494,88.59340455644337,1844.6976693501529,-98.29513007565009,-0.6900981947236448,0.0,-0.7237157464358271,3.929013079667063,3.929013079667063
87.44037194466551,1820.527102403741,-99.44816268742794,97.84885189303809,1833.0586087390886,-108.22563988722494,-0.6900981947236448,0.0,-0.7237157464358271,3.929013079667063,3.929013079667063
97.84885189303809,1833.0586087390886,-108.22563988722494,108.25733184141068,1845.5901150744362,-117.00311708702198,-0.6900981947236448,0.0,-0.7237157464358271,3.929013079667063,3.929013079667063
108.25733184141068,1845.5901150744362,-117.00311708702198,99.00188450481593,1857.2291756855004,-107.07260727544711,-0.6900981947236448,0.0,-0.7237157464358271,3.929013079667063,3.929013079667063
99.00188450481593,1857.2291756855004,-107.07260727544711,89.7464371682212,1868.8682362965646,-97.14209746387225,-0.6900981947236448,0.0,-0.7237157464358271,3.929013079667063,3.929013079667063
88.59340455644337,1844.6976693501529,-98.29513007565009,99.00188450481593,1857.2291756855004,-107.07260727544711,-0.6900981947236448,0.0,-0.7237157464358271,3.929013079667063,3.929013079667063
99.00188450481593,1857.2291756855004,-107.07260727544711,109.4103644531885,1869.760682020848,-115.85008447524413,-0.6900981947236448,0.0,-0.7237157464358271,3.929013079667063,3.929013079667063
109.4103644531885,1869.760682020848,-115.85008447524413,100.15491711659378,1881.3997426319122,-105.91957466366925,-0.6900981947236448,0.0,-0.7237157464358271,3.929013079667063,3.929013079667063
100.15491711659378,1881.3997426319122,-105.91957466366925,90.89946977999907,1893.0388032429764,-95.98906485209439,-0.6900981947236448,0.0,-0.7237157464358271,3.929013079667063,3.929013079667063
89.7464371682212,1868.8682362965646,-97.14209746387225,100.15491711659378,1881.3997426319122,-105.91957466366925,-0.6900981947236448,0.0,-0.7237157464358271,3.929013079667063,3.929013079667063
100.15491711659378,1881.3997426319122,-105.91957466366925,110.56339706496637,1893.9312489672598,-114.69705186346627,-0.6900981947236448,0.0,-0.7237157464358271,3.929013079667063,3.929013079667063
110.56339706496637,1893.9312489672598,-114.69705186346627,101.30794972837164,1905.5703095783242,-104.7665420518914,-0.6900981947236448,0.0,-0.7237157464358271,3.929013079667063,3.929013079667063
101.30794972837164,1905.5703095783242,-104.7665420518914,92.05250239177691,1917.2093701893884,-94.83603224031656,-0.6900981947236448,0.0,-0.7237157464358271,3.929013079667063,3.929013079667063
90.89946977999907,1893.0388032429764,-95.98906485209439,101.30794972837164,1905.5703095783242,-104.7665420518914,-0.6900981947236448,0.0,-0.7237157464358271,3.929013079667063,3.929013079667063
101.30794972837164,1905.5703095783242,-104.7665420518914,111.71642967674421,1918.1018159136718,-113.54401925168844,-0.6900981947236448,0.0,-0.7237157464358271,3.929013079667063,3.929013079667063
111.71642967674423,1918.101815913672,-113.54401925168843,102.46098234014949,1929.7408765247362,-103.61350944011356,-0.6900981947236448,0.0,-0.7237157464358271,3.929013079667063,3.929013079667063
102.46098234014949,1929.7408765247362,-103.61350944011356,93.20553500355477,1941.3799371358004,-93.6829996285387,-0.6900981947236448,0.0,-0.7237157464358271,3.929013079667063,3.929013079667063
92.05250239177693,1917.2093701893887,-94.83603224031654,102.46098234014949,1929.7408765247362,-103.61350944011356,-0.6900981947236448,0.0,-0.7237157464358271,3.929013079667063,3.929013079667063
102.46098234014949,1929.7408765247362,-103.61350944011356,112.86946228852207,1942.2723828600838,-112.39098663991058,-0.6900981947236448,0.0,-0.7237157464358271,3.929013079667063,3.929013079667063
112.86946228852207,1942.2723828600838,-112.39098663991058,103.61401495192733,1953.911443471148,-102.4604768283357,-0.6900981947236448,0.0,-0.7237157464358271,3.929013079667063,3.929013079667063
103.61401495192733,1953.911443471148,-102.4604768283357,94.35856761533262,1965.5505040822122,-92.52996701676084,-0.6900981947236448,0.0,-0.7237157464358271,3.929013079667063,3.929013079667063
93.20553500355477,1941.3799371358004,-93.6829996285387,103.61401495192733,1953.911443471148,-102.4604768283357,-0.6900981947236448,0.0,-0.7237157464358271,3.929013079667063,3.929013079667063
103.61401495192733,1953.911443471148,-102.4604768283357,114.02249490029992,1966.4429498064956,-111.23795402813272,-0.6900981947236448,0.0,-0.7237157464358271,3.929013079667063,3.929013079667063
114.02249490029992,1966.4429498064956,-111.23795402813272,104.76704756370519,1978.0820104175598,-101.30744421655785,-0.6900981947236448,0.0,-0.7237157464358271,3.929013079667063,3.929013079667063
104.76704756370519,1978.0820104175598,-101.30744421655785,95.51160022711048,1989.721071028624,-91.376934404983,-0.6900981947236448,0.0,-0.7237157464358271,3.929013079667063,3.929013079667063
94.35856761533262,1965.5505040822122,-92.52996701676084,104.76704756370519,1978.0820104175598,-101.30744421655785,-0.6900981947236448,0.0,-0.7237157464358271,3.929013079667063,3.929013079667063
104.76704756370519,1978.0820104175598,-101.30744421655785,115.17552751207778,1990.6135167529073,-110.08492141635489,-0.6900981947236448,0.0,-0.7237157464358271,3.929013079667063,3.929013079667063
115.17552751207778,1990.6135167529073,-110.08492141635489,105.92008017548304,2002.2525773639713,-100.15441160478001,-0.6900981947236448,0.0,-0.7237157464358271,3.929013079667063,3.929013079667063
105.92008017548304,2002.2525773639713,-100.15441160478001,96.66463283888831,2013.8916379750358,-90.22390179320514,-0.6900981947236448,0.0,-0.7237157464358271,3.929013079667063,3.929013079667063
95.51160022711048,1989.721071028624,-91.376934404983,105.92008017548304,2002.2525773639713,-100.15441160478001,-0.6900981947236448,0.0,-0.7237157464358271,3.929013079667063,3.929013079667063
105.92008017548304,2002.2525773639713,-100.15441160478001,116.32856012385561,2014.7840836993191,-108.93188880457703,-0.6900981947236448,0.0,-0.7237157464358271,3.929013079667063,3.929013079667063
116.32856012385561,2014.7840836993191,-108.93188880457703,107.07311278726088,2026.4231443103831,-99.00137899300215,-0.6900981947236448,0.0,-0.7237157464358271,3.929013079667063,3.929013079667063
107.07311278726088,2026.4231443103831,-99.00137899300215,97.81766545066617,2038.062204921448,-89.0708691814273,-0.6900981947236448,0.0,-0.7237157464358271,3.929013079667063,3.929013079667063
96.66463283888831,2013.8916379750358,-90.22390179320514,107.07311278726088,2026.4231443103831,-99.00137899300215,-0.6900981947236448,0.0,-0.7237157464358271,3.929013079667063,3.929013079667063
107.07311278726088,2026.4231443103831,-99.00137899300215,117.48159273563347,2038.9546506457314,-107.77885619279918,-0.6900981947236448,0.0,-0.7237157464358271,3.929013079667063,3.929013079667063
117.48159273563347,2038.9546506457314,-107.77885619279917,108.22614539903874,2050.5937112567954,-97.8483463812243,-0.6900981947236448,0.0,-0.7237157464358271,3.929013079667063,3.929013079667063
108.22614539903874,2050.5937112567954,-97.8483463812243,98.97069806244403,2062.23277186786,-87.91783656964945,-0.6900981947236448,0.0,-0.7237157464358271,3.929013079667063,3.929013079667063
97.81766545066617,2038.062204921448,-89.07086918142728,108.22614539903874,2050.5937112567954,-97.8483463812243,-0.6900981947236448,0.0,-0.7237157464358271,3.929013079667063,3.929013079667063
108.22614539903874,2050.5937112567954,-97.8483463812243,118.63462534741133,2063.125217592143,-106.62582358102134,-0.6900981947236448,0.0,-0.7237157464358271,3.929013079667063,3.929013079667063
118.63462534741133,2063.125217592143,-106.62582358102134,109.37917801081659,2074.764278203207,-96.69531376944646,-0.6900981947236448,0.0,-0.7237157464358271,3.929013079667063,3.929013079667063
109.37917801081659,2074.764278203207,-96.69531376944646,100.12373067422186,2086.4033388142716,-86.76480395787159,-0.6900981947236448,0.0,-0.7237157464358271,3.929013079667063,3.929013079667063
98.97069806244403,2062.23277186786,-87.91783656964945,109.37917801081659,2074.764278203207,-96.69531376944646,-0.6900981947236448,0.0,-0.7237157464358271,3.929013079667063,3.929013079667063
109.37917801081659,2074.764278203207,-96.69531376944646,119.78765795918916,2087.295784538555,-105.47279096924348,-0.6900981947236448,0.0,-0.7237157464358271,3.929013079667063,3.929013079667063
119.78765795918916,2087.295784538555,-105.47279096924348,110.53221062259443,2098.934845149619,-95.5422811576686,-0.6900981947236448,0.0,-0.7237157464358271,3.929013079667063,3.929013079667063
110.53221062259443,2098.934845149619,-95.5422811576686,101.27676328599972,2110.5739057606834,-85.61177134609375,-0.6900981947236448,0.0,-0.7237157464358271,3.929013079667063,3.929013079667063
100.12373067422186,2086.4033388142716,-86.76480395787159,110.53221062259443,2098.934845149619,-95.5422811576686,-0.6900981947236448,0.0,-0.7237157464358271,3.929013079667063,3.929013079667063
110.53221062259443,2098.934845149619,-95.5422811576686,120.94069057096702,2111.4663514849667,-104.31975835746563,-0.6900981947236448,0.0,-0.7237157464358271,3.929013079667063,3.929013079667063
120.94069057096702,2111.4663514849667,-104.31975835746563,111.6852432343723,2123.1054120960307,-94.38924854589077,-0.6900981947236448,0.0,-0.7237157464358271,3.929013079667063,3.929013079667063
111.6852432343723,2123.1054120960307,-94.38924854589077,102.42979589777757,2134.744472707095,-84.4587387343159,-0.6900981947236448,0.0,-0.7237157464358271,3.929013079667063,3.929013079667063
101.27676328599972,2110.5739057606834,-85.61177134609375,111.6852432343723,2123.1054120960307,-94.38924854589077,-0.6900981947236448,0.0,-0.7237157464358271,3.929013079667063,3.929013079667063
111.6852432343723,2123.1054120960307,-94.38924854589077,122.09372318274487,2135.6369184313785,-103.16672574568778,-0.6900981947236448,0.0,-0.7237157464358271,3.929013079667063,3.929013079667063
122.09372318274487,2135.6369184313785,-103.16672574568778,112.83827584615013,2147.2759790424425,-93.2362159341129,-0.6900981947236448,0.0,-0.7237157464358271,3.929013079667063,3.929013079667063
112.83827584615013,2147.2759790424425,-93.2362159341129,103.58282850955541,2158.915039653507,-83.30570612253804,-0.6900981947236448,0.0,-0.7237157464358271,3.929013079667063,3.929013079667063
102.42979589777757,2134.744472707095,-84.4587387343159,112.83827584615013,2147.2759790424425,-93.2362159341129,-0.6900981947236448,0.0,-0.7237157464358271,3.929013079667063,3.929013079667063
112.83827584615013,2147.2759790424425,-93.2362159341129,123.24675579452271,2159.8074853777903,-102.01369313390992,-0.6900981947236448,0.0,-0.7237157464358271,3.929013079667063,3.929013079667063
123.24675579452271,2159.8074853777903,-102.01369313390992,113.99130845792799,2171.4465459888547,-92.08318332233505,-0.6900981947236448,0.0,-0.7237157464358271,3.929013079667063,3.929013079667063
113.99130845792799,2171.4465459888547,-92.08318332233505,104.73586112133327,2183.085606599919,-82.1526735107602,-0.6900981947236448,0.0,-0.7237157464358271,3.929013079667063,3.929013079667063
103.58282850955541,2158.915039653507,-83.30570612253804,113.99130845792799,2171.4465459888547,-92.08318332233505,-0.6900981947236448,0.0,-0.7237157464358271,3.929013079667063,3.929013079667063
113.99130845792799,2171.4465459888547,-92.08318332233505,124.39978840630057,2183.9780523242025,-100.86066052213208,-0.6900981947236448,0.0,-0.7237157464358271,3.929013079667063,3.929013079667063
124.39978840630057,2183.9780523242025,-100.86066052213208,115.14434106970585,2195.6171129352665,-90.93015071055721,-0.6900981947236448,0.0,-0.7237157464358271,3.929013079667063,3.929013079667063
115.14434106970585,2195.6171129352665,-90.93015071055721,105.88889373311112,2207.256173546331,-80.99964089898235,-0.6900981947236448,0.0,-0.7237157464358271,3.929013079667063,3.929013079667063
104.73586112133327,2183.085606599919,-82.1526735107602,115.14434106970585,2195.6171129352665,-90.93015071055721,-0.6900981947236448,0.0,-0.7237157464358271,3.929013079667063,3.929013079667063
115.14434106970585,2195.6171129352665,-90.93015071055721,125.55282101807842,2208.1486192706143,-99.70762791035423,-0.6900981947236448,0.0,-0.7237157464358271,3.929013079667063,3.929013079667063
125.55282101807842,2208.1486192706143,-99.70762791035423,116.29737368148369,2219.7876798816783,-89.77711809877935,-0.6900981947236448,0.0,-0.7237157464358271,3.929013079667063,3.929013079667063
116.29737368148369,2219.7876798816783,-89.77711809877935,107.04192634488896,2231.4267404927427,-79.84660828720449,-0.6900981947236448,0.0,-0.7237157464358271,3.929013079667063,3.929013079667063
105.88889373311112,2207.256173546331,-80.99964089898235,116.29737368148369,2219.7876798816783,-89.77711809877935,-0.6900981947236448,0.0,-0.7237157464358271,3.929013079667063,3.929013079667063
116.29737368148369,2219.7876798816783,-89.77711809877935,126.70585362985626,2232.319186217026,-98.55459529857637,-0.6900981947236448,0.0,-0.7237157464358271,3.929013079667063,3.929013079667063
126.70585362985626,2232.319186217026,-98.55459529857637,117.45040629326154,2243.95824682809,-88.62408548700151,-0.6900981947236448,0.0,-0.7237157464358271,3.929013079667063,3.929013079667063
117.45040629326154,2243.95824682809,-88.62408548700151,108.19495895666682,2255.5973074391545,-78.69357567542666,-0.6900981947236448,0.0,-0.7237157464358271,3.929013079667063,3.929013079667063
107.04192634488896,2231.4267404927427,-79.84660828720449,117.45040629326154,2243.95824682809,-88.62408548700151,-0.6900981947236448,0.0,-0.7237157464358271,3.929013079667063,3.929013079667063
117.45040629326154,2243.95824682809,-88.62408548700151,127.85888624163412,2256.489753163438,-97.40156268679854,-0.6900981947236448,0.0,-0.7237157464358271,3.929013079667063,3.929013079667063
127.85888624163412,2256.489753163438,-97.40156268679854,118.6034389050394,2268.128813774502,-87.47105287522366,-0.6900981947236448,0.0,-0.7237157464358271,3.929013079667063,3.929013079667063
118.6034389050394,2268.128813774502,-87.47105287522366,109.34799156844468,2279.7678743855668,-77.5405430636488,-0.6900981947236448,0.0,-0.7237157464358271,3.929013079667063,3.929013079667063
108.19495895666682,2255.5973074391545,-78.69357567542666,118.6034389050394,2268.128813774502,-87.47105287522366,-0.6900981947236448,0.0,-0.7237157464358271,3.929013079667063,3.929013079667063
118.6034389050394,2268.128813774502,-87.47105287522366,129.01191885341197,2280.66032010985,-96.24853007502068,-0.6900981947236448,0.0,-0.7237157464358271,3.929013079667063,3.929013079667063
129.01191885341197,2280.66032010985,-96.24853007502068,119.75647151681723,2292.299380720914,-86.3180202634458,-0.6900981947236448,0.0,-0.7237157464358271,3.929013079667063,3.929013079667063
119.75647151681723,2292.299380720914,-86.3180202634458,110.50102418022252,2303.9384413319785,-76.38751045187095,-0.6900981947236448,0.0,-0.7237157464358271,3.929013079667063,3.929013079667063
109.34799156844468,2279.7678743855668,-77.5405430636488,119.75647151681723,2292.299380720914,-86.3180202634458,-0.6900981947236448,0.0,-0.7237157464358271,3.929013079667063,3.929013079667063
119.75647151681723,2292.299380720914,-86.3180202634458,130.1649514651898,2304.830887056262,-95.09549746324284,-0.6900981947236448,0.0,-0.7237157464358271,3.929013079667063,3.929013079667063
96.78937860837604,1192.0923617970325,-129.42701059365208,87.53393127178131,1204.6238681323803,-138.20448779344906,0.6900981947236448,0.0,-0.7237157464358271,3.929013079667063,3.929013079667063
87.53393127178131,1204.6238681323803,-138.20448779344906,78.27848393518656,1217.1553744677278,-146.98196499324607,0.6900981947236448,0.0,-0.7237157464358271,3.929013079667063,3.929013079667063
77.12545132340871,1192.9848075213158,-148.13499760502393,87.53393127178131,1204.6238681323803,-138.20448779344906,0.6900981947236448,0.0,-0.7237157464358271,3.929013079667063,3.929013079667063
87.53393127178131,1204.6238681323803,-138.20448779344906,97.94241122015389,1216.2629287434445,-128.27397798187422,0.6900981947236448,0.0,-0.7237157464358271,3.929013079667063,3.929013079667063
97.94241122015389,1216.2629287434445,-128.27397798187422,88.68696388355916,1228.794435078792,-137.0514551816712,0.6900981947236448,0.0,-0.7237157464358271,3.929013079667063,3.929013079667063
88.68696388355916,1228.794435078792,-137.0514551816712,79.43151654696442,1241.3259414141396,-145.8289323814682,0.6900981947236448,0.0,-0.7237157464358271,3.929013079667063,3.929013079667063
78.27848393518656,1217.1553744677278,-146.98196499324607,88.68696388355916,1228.794435078792,-137.0514551816712,0.6900981947236448,0.0,-0.7237157464358271,3.929013079667063,3.929013079667063
88.68696388355916,1228.794435078792,-137.0514551816712,99.09544383193175,1240.4334956898563,-127.12094537009635,0.6900981947236448,0.0,-0.7237157464358271,3.929013079667063,3.929013079667063
99.09544383193175,1240.4334956898563,-127.12094537009635,89.839996495337,1252.9650020252038,-135.89842256989337,0.6900981947236448,0.0,-0.7237157464358271,3.929013079667063,3.929013079667063
89.839996495337,1252.9650020252038,-135.89842256989337,80.58454915874226,1265.4965083605516,-144.67589976969035,0.6900981947236448,0.0,-0.7237157464358271,3.929013079667063,3.929013079667063
79.43151654696442,1241.3259414141396,-145.8289323814682,89.839996495337,1252.9650020252038,-135.89842256989337,0.6900981947236448,0.0,-0.7237157464358271,3.929013079667063,3.929013079667063
89.839996495337,1252.9650020252038,-135.89842256989337,100.24847644370959,1264.6040626362683,-125.9679127583185,0.6900981947236448,0.0,-0.7237157464358271,3.929013079667063,3.929013079667063
100.24847644370959,1264.604062636268,-125.9679127583185,90.99302910711486,1277.1355689716158,-134.7453899581155,0.6900981947236448,0.0,-0.7237157464358271,3.929013079667063,3.929013079667063
90.99302910711486,1277.1355689716158,-134.7453899581155,81.73758177052011,1289.6670753069634,-143.52286715791251,0.6900981947236448,0.0,-0.7237157464358271,3.929013079667063,3.929013079667063
80.58454915874226,1265.4965083605514,-144.67589976969035,90.99302910711486,1277.1355689716158,-134.7453899581155,0.6900981947236448,0.0,-0.7237157464358271,3.929013079667063,3.929013079667063
90.99302910711486,1277.1355689716158,-134.7453899581155,101.40150905548744,1288.77462958268,-124.81488014654066,0.6900981947236448,0.0,-0.7237157464358271,3.929013079667063,3.929013079667063
101.40150905548744,1288.77462958268,-124.81488014654066,92.14606171889271,1301.3061359180276,-133.59235734633765,0.6900981947236448,0.0,-0.7237157464358271,3.929013079667063,3.929013079667063
92.14606171889271,1301.3061359180276,-133.59235734633765,82.89061438229797,1313.8376422533752,-142.36983454613465,0.6900981947236448,0.0,-0.7237157464358271,3.929013079667063,3.929013079667063
81.73758177052011,1289.6670753069634,-143.52286715791251,92.14606171889271,1301.3061359180276,-133.59235734633765,0.6900981947236448,0.0,-0.7237157464358271,3.929013079667063,3.929013079667063
92.14606171889271,1301.3061359180276,-133.59235734633765,102.5545416672653,1312.9451965290918,-123.66184753476281,0.6900981947236448,0.0,-0.7237157464358271,3.929013079667063,3.929013079667063
102.5545416672653,1312.9451965290918,-123.66184753476281,93.29909433067056,1325.4767028644394,-132.43932473455982,0.6900981947236448,0.0,-0.7237157464358271,3.929013079667063,3.929013079667063
93.29909433067056,1325.4767028644394,-132.43932473455982,84.04364699407581,1338.0082091997872,-141.21680193435682,0.6900981947236448,0.0,-0.7237157464358271,3.929013079667063,3.929013079667063
82.89061438229797,1313.8376422533752,-142.36983454613465,93.29909433067056,1325.4767028644394,-132.43932473455982,0.6900981947236448,0.0,-0.7237157464358271,3.929013079667063,3.929013079667063
93.29909433067056,1325.4767028644394,-132.43932473455982,103.70757427904314,1337.1157634755039,-122.50881492298497,0.6900981947236448,0.0,-0.7237157464358271,3.929013079667063,3.929013079667063
103.70757427904314,1337.1157634755039,-122.50881492298497,94.45212694244842,1349.6472698108514,-131.28629212278196,0.6900981947236448,0.0,-0.7237157464358271,3.929013079667063,3.929013079667063
94.45212694244842,1349.6472698108514,-131.28629212278196,85.19667960585366,1362.178776146199,-140.06376932257896,0.6900981947236448,0.0,-0.7237157464358271,3.929013079667063,3.929013079667063
84.04364699407581,1338.0082091997872,-141.21680193435682,94.45212694244842,1349.6472698108514,-131.28629212278196,0.6900981947236448,0.0,-0.7237157464358271,3.929013079667063,3.929013079667063
94.45212694244842,1349.6472698108514,-131.28629212278196,104.86060689082099,1361.2863304219156,-121.35578231120711,0.6900981947236448,0.0,-0.7237157464358271,3.929013079667063,3.929013079667063
104.86060689082099,1361.2863304219156,-121.35578231120711,95.60515955422626,1373.8178367572632,-130.1332595110041,0.6900981947236448,0.0,-0.7237157464358271,3.929013079667063,3.929013079667063
95.60515955422626,1373.8178367572632,-130.1332595110041,86.3497122176315,1386.3493430926108,-138.9107367108011,0.6900981947236448,0.0,-0.7237157464358271,3.929013079667063,3.929013079667063
85.19667960585366,1362.178776146199,-140.06376932257896,95.60515955422626,1373.8178367572632,-130.1332595110041,0.6900981947236448,0.0,-0.7237157464358271,3.929013079667063,3.929013079667063
95.60515955422626,1373.8178367572632,-130.1332595110041,106.01363950259883,1385.4568973683274,-120.20274969942926,0.6900981947236448,0.0,-0.7237157464358271,3.929013079667063,3.929013079667063
106.01363950259885,1385.4568973683274,-120.20274969942926,96.75819216600411,1397.9884037036752,-128.98022689922627,0.6900981947236448,0.0,-0.7237157464358271,3.929013079667063,3.929013079667063
96.75819216600411,1397.9884037036752,-128.98022689922627,87.50274482940937,1410.5199100390228,-137.75770409902327,0.6900981947236448,0.0,-0.7237157464358271,3.929013079667063,3.929013079667063
86.34971221763152,1386.3493430926108,-138.9107367108011,96.75819216600411,1397.9884037036752,-128.98022689922627,0.6900981947236448,0.0,-0.7237157464358271,3.929013079667063,3.929013079667063
96.75819216600411,1397.9884037036752,-128.98022689922627,107.1666721143767,1409.6274643147394,-119.04971708765142,0.6900981947236448,0.0,-0.7237157464358271,3.929013079667063,3.929013079667063
107.1666721143767,1409.6274643147394,-119.04971708765142,97.91122477778197,1422.158970650087,-127.8271942874484,0.6900981947236448,0.0,-0.7237157464358271,3.929013079667063,3.929013079667063
97.91122477778197,1422.158970650087,-127.8271942874484,88.65577744118721,1434.6904769854345,-136.6046714872454,0.6900981947236448,0.0,-0.7237157464358271,3.929013079667063,3.929013079667063
87.50274482940937,1410.5199100390228,-137.75770409902327,97.91122477778197,1422.158970650087,-127.8271942874484,0.6900981947236448,0.0,-0.7237157464358271,3.929013079667063,3.929013079667063
97.91122477778197,1422.158970650087,-127.8271942874484,108.31970472615454,1433.7980312611512,-117.89668447587356,0.6900981947236448,0.0,-0.7237157464358271,3.929013079667063,3.929013079667063
108.31970472615454,1433.7980312611512,-117.89668447587356,99.06425738955981,1446.3295375964988,-126.67416167567056,0.6900981947236448,0.0,-0.7237157464358271,3.929013079667063,3.929013079667063
99.06425738955981,1446.3295375964988,-126.67416167567056,89.80881005296506,1458.8610439318463,-135.45163887546755,0.6900981947236448,0.0,-0.7237157464358271,3.929013079667063,3.929013079667063
88.65577744118721,1434.6904769854345,-136.6046714872454,99.06425738955981,1446.3295375964988,-126.67416167567056,0.6900981947236448,0.0,-0.7237157464358271,3.929013079667063,3.929013079667063
99.06425738955981,1446.3295375964988,-126.67416167567056,109.47273733793239,1457.968598207563,-116.74365186409571,0.6900981947236448,0.0,-0.7237157464358271,3.929013079667063,3.929013079667063
109.47273733793239,1457.968598207563,-116.74365186409571,100.21729000133766,1470.5001045429105,-125.52112906389272,0.6900981947236448,0.0,-0.7237157464358271,3.929013079667063,3.929013079667063
100.21729000133766,1470.5001045429105,-125.52112906389272,90.96184266474292,1483.031610878258,-134.29860626368972,0.6900981947236448,0.0,-0.7237157464358271,3.929013079667063,3.929013079667063
89.80881005296506,1458.8610439318463,-135.45163887546755,100.21729000133766,1470.5001045429105,-125.52112906389272,0.6900981947236448,0.0,-0.7237157464358271,3.929013079667063,3.929013079667063
100.21729000133766,1470.5001045429105,-125.52112906389272,110.62576994971025,1482.1391651539748,-115.59061925231786,0.6900981947236448,0.0,-0.7237157464358271,3.929013079667063,3.929013079667063
110.62576994971025,1482.1391651539748,-115.59061925231786,101.3703226131155,1494.6706714893226,-124.36809645211486,0.6900981947236448,0.0,-0.7237157464358271,3.929013079667063,3.929013079667063
101.3703226131155,1494.6706714893226,-124.36809645211486,92.11487527652076,1507.2021778246701,-133.14557365191186,0.6900981947236448,0.0,-0.7237157464358271,3.929013079667063,3.929013079667063
90.96184266474292,1483.031610878258,-134.29860626368972,101.3703226131155,1494.6706714893226,-124.36809645211486,0.6900981947236448,0.0,-0.7237157464358271,3.929013079667063,3.929013079667063
101.3703226131155,1494.6706714893226,-124.36809645211486,111.77880256148809,1506.3097321003868,-114.43758664054002,0.6900981947236448,0.0,-0.7237157464358271,3.929013079667063,3.929013079667063
111.77880256148809,1506.3097321003868,-114.43758664054002,102.52335522489335,1518.8412384357343,-123.21506384033701,0.6900981947236448,0.0,-0.7237157464358271,3.929013079667063,3.929013079667063
102.52335522489335,1518.8412384357343,-123.21506384033701,93.26790788829861,1531.372744771082,-131.99254104013403,0.6900981947236448,0.0,-0.7237157464358271,3.929013079667063,3.929013079667063
92.11487527652076,1507.2021778246701,-133.14557365191186,102.52335522489335,1518.8412384357343,-123.21506384033701,0.6900981947236448,0.0,-0.7237157464358271,3.929013079667063,3.929013079667063
102.52335522489335,1518.8412384357343,-123.21506384033701,112.93183517326594,1530.4802990467986,-113.28455402876217,0.6900981947236448,0.0,-0.7237157464358271,3.929013079667063,3.929013079667063
112.93183517326594,1530.4802990467986,-113.28455402876217,103.67638783667121,1543.0118053821461,-122.06203122855916,0.6900981947236448,0.0,-0.7237157464358271,3.929013079667063,3.929013079667063
103.67638783667121,1543.0118053821461,-122.06203122855916,94.42094050007645,1555.543311717494,-130.83950842835617,0.6900981947236448,0.0,-0.7237157464358271,3.929013079667063,3.929013079667063
93.26790788829861,1531.372744771082,-131.99254104013403,103.67638783667121,1543.0118053821461,-122.06203122855916,0.6900981947236448,0.0,-0.7237157464358271,3.929013079667063,3.929013079667063
103.67638783667121,1543.0118053821461,-122.06203122855916,114.08486778504378,1554.6508659932106,-112.13152141698431,0.6900981947236448,0.0,-0.7237157464358271,3.929013079667063,3.929013079667063
114.0848677850438,1554.6508659932106,-112.13152141698431,104.82942044844906,1567.1823723285581,-120.9089986167813,0.6900981947236448,0.0,-0.7237157464358271,3.929013079667063,3.929013079667063
104.82942044844906,1567.1823723285581,-120.9089986167813,95.57397311185431,1579.7138786639057,-129.6864758165783,0.6900981947236448,0.0,-0.7237157464358271,3.929013079667063,3.929013079667063
94.42094050007647,1555.543311717494,-130.83950842835617,104.82942044844906,1567.1823723285581,-120.9089986167813,0.6900981947236448,0.0,-0.7237157464358271,3.929013079667063,3.929013079667063
104.82942044844906,1567.1823723285581,-120.9089986167813,115.23790039682164,1578.8214329396224,-110.97848880520647,0.6900981947236448,0.0,-0.7237157464358271,3.929013079667063,3.929013079667063
115.23790039682164,1578.8214329396224,-110.97848880520647,105.9824530602269,1591.35293927497,-119.75596600500346,0.6900981947236448,0.0,-0.7237157464358271,3.929013079667063,3.929013079667063
105.9824530602269,1591.35293927497,-119.75596600500346,96.72700572363216,1603.8844456103175,-128.53344320480048,0.6900981947236448,0.0,-0.7237157464358271,3.929013079667063,3.929013079667063
95.57397311185431,1579.7138786639057,-129.6864758165783,105.9824530602269,1591.35293927497,-119.75596600500346,0.6900981947236448,0.0,-0.7237157464358271,3.929013079667063,3.929013079667063
105.9824530602269,1591.35293927497,-119.75596600500346,116.39093300859949,1602.9919998860341,-109.82545619342862,0.6900981947236448,0.0,-0.7237157464358271,3.929013079667063,3.929013079667063
116.39093300859949,1602.9919998860341,-109.82545619342862,107.13548567200476,1615.5235062213817,-118.60293339322561,0.6900981947236448,0.0,-0.7237157464358271,3.929013079667063,3.929013079667063
107.13548567200476,1615.5235062213817,-118.60293339322561,97.88003833541002,1628.0550125567295,-127.38041059302262,0.6900981947236448,0.0,-0.7237157464358271,3.929013079667063,3.929013079667063
96.72700572363216,1603.8844456103175,-128.53344320480048,107.13548567200476,1615.5235062213817,-118.60293339322561,0.6900981947236448,0.0,-0.7237157464358271,3.929013079667063,3.929013079667063
107.13548567200476,1615.5235062213817,-118.60293339322561,117.54396562037735,1627.1625668324461,-108.67242358165076,0.6900981947236448,0.0,-0.7237157464358271,3.929013079667063,3.929013079667063
117.54396562037735,1627.1625668324461,-108.67242358165076,108.28851828378261,1639.6940731677937,-117.44990078144777,0.6900981947236448,0.0,-0.7237157464358271,3.929013079667063,3.929013079667063
108.28851828378261,1639.6940731677937,-117.44990078144777,99.03307094718787,1652.2255795031413,-126.22737798124477,0.6900981947236448,0.0,-0.7237157464358271,3.929013079667063,3.929013079667063
97.88003833541002,1628.0550125567295,-127.38041059302262,108.28851828378261,1639.6940731677937,-117.44990078144777,0.6900981947236448,0.0,-0.7237157464358271,3.929013079667063,3.929013079667063
108.28851828378261,1639.6940731677937,-117.44990078144777,118.6969982321552,1651.333133778858,-107.51939096987292,0.6900981947236448,0.0,-0.7237157464358271,3.929013079667063,3.929013079667063
118.6969982321552,1651.333133778858,-107.51939096987292,109.44155089556045,1663.8646401142055,-116.29686816966992,0.6900981947236448,0.0,-0.7237157464358271,3.929013079667063,3.929013079667063
109.44155089556045,1663.8646401142055,-116.29686816966992,100.18610355896571,1676.3961464495533,-125.07434536946693,0.6900981947236448,0.0,-0.7237157464358271,3.929013079667063,3.929013079667063
99.03307094718787,1652.2255795031413,-126.22737798124477,109.44155089556045,1663.8646401142055,-116.29686816966992,0.6900981947236448,0.0,-0.7237157464358271,3.929013079667063,3.929013079667063
109.44155089556045,1663.8646401142055,-116.29686816966992,119.85003084393304,1675.50370072527,-106.36635835809507,0.6900981947236448,0.0,-0.7237157464358271,3.929013079667063,3.929013079667063
119.85003084393304,1675.50370072527,-106.36635835809507,110.59458350733831,1688.0352070606175,-115.14383555789206,0.6900981947236448,0.0,-0.7237157464358271,3.929013079667063,3.929013079667063
110.59458350733831,1688.0352070606175,-115.14383555789206,101.33913617074357,1700.566713395965,-123.92131275768907,0.6900981947236448,0.0,-0.7237157464358271,3.929013079667063,3.929013079667063
100.18610355896571,1676.3961464495533,-125.07434536946693,110.59458350733831,1688.0352070606175,-115.14383555789206,0.6900981947236448,0.0,-0.7237157464358271,3.929013079667063,3.929013079667063
110.59458350733831,1688.0352070606175,-115.14383555789206,121.0030634557109,1699.6742676716817,-105.21332574631721,0.6900981947236448,0.0,-0.7237157464358271,3.929013079667063,3.929013079667063
121.0030634557109,1699.6742676716817,-105.21332574631721,111.74761611911616,1712.2057740070293,-113.99080294611421,0.6900981947236448,0.0,-0.7237157464358271,3.929013079667063,3.929013079667063
111.74761611911616,1712.2057740070293,-113.99080294611421,102.49216878252142,1724.7372803423768,-122.76828014591122,0.6900981947236448,0.0,-0.7237157464358271,3.929013079667063,3.929013079667063
101.33913617074357,1700.566713395965,-123.92131275768907,111.74761611911616,1712.2057740070293,-113.99080294611421,0.6900981947236448,0.0,-0.7237157464358271,3.929013079667063,3.929013079667063
111.74761611911616,1712.2057740070293,-113.99080294611421,122.15609606748875,1723.8448346180935,-104.06029313453936,0.6900981947236448,0.0,-0.7237157464358271,3.929013079667063,3.929013079667063
122.15609606748875,1723.8448346180935,-104.06029313453936,112.900648730894,1736.376340953441,-112.83777033433637,0.6900981947236448,0.0,-0.7237157464358271,3.929013079667063,3.929013079667063
112.900648730894,1736.376340953441,-112.83777033433637,103.64520139429926,1748.9078472887886,-121.61524753413337,0.6900981947236448,0.0,-0.7237157464358271,3.929013079667063,3.929013079667063
102.49216878252142,1724.7372803423768,-122.76828014591122,112.900648730894,1736.376340953441,-112.83777033433637,0.6900981947236448,0.0,-0.7237157464358271,3.929013079667063,3.929013079667063
112.900648730894,1736.376340953441,-112.83777033433637,123.30912867926659,1748.0154015645053,-102.90726052276152,0.6900981947236448,0.0,-0.7237157464358271,3.929013079667063,3.929013079667063
123.30912867926659,1748.0154015645053,-102.90726052276152,114.05368134267187,1760.5469078998528,-111.68473772255851,0.6900981947236448,0.0,-0.7237157464358271,3.929013079667063,3.929013079667063
114.05368134267187,1760.5469078998528,-111.68473772255851,104.79823400607711,1773.0784142352006,-120.46221492235553,0.6900981947236448,0.0,-0.7237157464358271,3.929013079667063,3.929013079667063
103.64520139429926,1748.9078472887886,-121.61524753413337,114.05368134267187,1760.5469078998528,-111.68473772255851,0.6900981947236448,0.0,-0.7237157464358271,3.929013079667063,3.929013079667063
114.05368134267187,1760.5469078998528,-111.68473772255851,124.46216129104444,1772.1859685109173,-101.75422791098367,0.6900981947236448,0.0,-0.7237157464358271,3.929013079667063,3.929013079667063
124.46216129104444,1772.1859685109173,-101.75422791098367,115.20671395444971,1784.7174748462648,-110.53170511078066,0.6900981947236448,0.0,-0.7237157464358271,3.929013079667063,3.929013079667063
115.20671395444971,1784.7174748462648,-110.53170511078066,105.95126661785496,1797.2489811816124,-119.30918231057768,0.6900981947236448,0.0,-0.7237157464358271,3.929013079667063,3.929013079667063
104.79823400607711,1773.0784142352006,-120.46221492235553,115.20671395444971,1784.7174748462648,-110.53170511078066,0.6900981947236448,0.0,-0.7237157464358271,3.929013079667063,3.929013079667063
115.20671395444971,1784.7174748462648,-110.53170511078066,125.61519390282228,1796.356535457329,-100.60119529920583,0.6900981947236448,0.0,-0.7237157464358271,3.929013079667063,3.929013079667063
125.6151939028223,1796.3565354573293,-100.60119529920581,116.35974656622756,1808.8880417926769,-109.37867249900282,0.6900981947236448,0.0,-0.7237157464358271,3.929013079667063,3.929013079667063
116.35974656622756,1808.8880417926769,-109.37867249900282,107.10429922963282,1821.4195481280244,-118.15614969879982,0.6900981947236448,0.0,-0.7237157464358271,3.929013079667063,3.929013079667063
105.95126661785497,1797.2489811816126,-119.30918231057767,116.35974656622756,1808.8880417926769,-109.37867249900282,0.6900981947236448,0.0,-0.7237157464358271,3.929013079667063,3.929013079667063
116.35974656622756,1808.8880417926769,-109.37867249900282,126.76822651460014,1820.527102403741,-99.44816268742797,0.6900981947236448,0.0,-0.7237157464358271,3.929013079667063,3.929013079667063
126.76822651460014,1820.527102403741,-99.44816268742797,117.51277917800542,1833.0586087390886,-108.22563988722496,0.6900981947236448,0.0,-0.7237157464358271,3.929013079667063,3.929013079667063
117.51277917800542,1833.0586087390886,-108.22563988722496,108.25733184141068,1845.5901150744362,-117.00311708702198,0.6900981947236448,0.0,-0.7237157464358271,3.929013079667063,3.929013079667063
107.10429922963282,1821.4195481280244,-118.15614969879982,117.51277917800542,1833.0586087390886,-108.22563988722496,0.6900981947236448,0.0,-0.7237157464358271,3.929013079667063,3.929013079667063
117.51277917800542,1833.0586087390886,-108.22563988722496,127.921259126378,1844.6976693501529,-98.29513007565012,0.6900981947236448,0.0,-0.7237157464358271,3.929013079667063,3.929013079667063
127.921259126378,1844.6976693501529,-98.29513007565012,118.66581178978326,1857.2291756855004,-107.07260727544713,0.6900981947236448,0.0,-0.7237157464358271,3.929013079667063,3.929013079667063
118.66581178978326,1857.2291756855004,-107.07260727544713,109.4103644531885,1869.760682020848,-115.85008447524413,0.6900981947236448,0.0,-0.7237157464358271,3.929013079667063,3.929013079667063
108.25733184141068,1845.5901150744362,-117.00311708702198,118.66581178978326,1857.2291756855004,-107.07260727544713,0.6900981947236448,0.0,-0.7237157464358271,3.929013079667063,3.929013079667063
118.66581178978326,1857.2291756855004,-107.07260727544713,129.07429173815584,1868.8682362965646,-97.14209746387228,0.6900981947236448,0.0,-0.7237157464358271,3.929013079667063,3.929013079667063
129.07429173815584,1868.8682362965646,-97.14209746387228,119.81884440156111,1881.3997426319122,-105.91957466366927,0.6900981947236448,0.0,-0.7237157464358271,3.929013079667063,3.929013079667063
119.81884440156111,1881.3997426319122,-105.91957466366927,110.56339706496637,1893.9312489672598,-114.69705186346627,0.6900981947236448,0.0,-0.7237157464358271,3.929013079667063,3.929013079667063
109.4103644531885,1869.760682020848,-115.85008447524413,119.81884440156111,1881.3997426319122,-105.91957466366927,0.6900981947236448,0.0,-0.7237157464358271,3.929013079667063,3.929013079667063
119.81884440156111,1881.3997426319122,-105.91957466366927,130.2273243499337,1893.0388032429764,-95.98906485209442,0.6900981947236448,0.0,-0.7237157464358271,3.929013079667063,3.929013079667063
130.2273243499337,1893.0388032429764,-95.98906485209442,120.97187701333897,1905.5703095783242,-104.76654205189142,0.6900981947236448,0.0,-0.7237157464358271,3.929013079667063,3.929013079667063
120.97187701333897,1905.5703095783242,-104.76654205189142,111.71642967674421,1918.1018159136718,-113.54401925168844,0.6900981947236448,0.0,-0.7237157464358271,3.929013079667063,3.929013079667063
110.56339706496637,1893.9312489672598,-114.69705186346627,120.97187701333897,1905.5703095783242,-104.76654205189142,0.6900981947236448,0.0,-0.7237157464358271,3.929013079667063,3.929013079667063
120.97187701333897,1905.5703095783242,-104.76654205189142,131.38035696171153,1917.2093701893884,-94.83603224031658,0.6900981947236448,0.0,-0.7237157464358271,3.929013079667063,3.929013079667063
131.38035696171156,1917.2093701893887,-94.83603224031657,122.12490962511681,1929.7408765247362,-103.61350944011357,0.6900981947236448,0.0,-0.7237157464358271,3.929013079667063,3.929013079667063
122.12490962511681,1929.7408765247362,-103.61350944011357,112.86946228852207,1942.2723828600838,-112.39098663991058,0.6900981947236448,0.0,-0.7237157464358271,3.929013079667063,3.929013079667063
111.71642967674423,1918.101815913672,-113.54401925168843,122.12490962511681,1929.7408765247362,-103.61350944011357,0.6900981947236448,0.0,-0.7237157464358271,3.929013079667063,3.929013079667063
122.12490962511681,1929.7408765247362,-103.61350944011357,132.5333895734894,1941.3799371358004,-93.68299962853872,0.6900981947236448,0.0,-0.7237157464358271,3.929013079667063,3.929013079667063
132.5333895734894,1941.3799371358004,-93.68299962853872,123.27794223689466,1953.911443471148,-102.46047682833571,0.6900981947236448,0.0,-0.7237157464358271,3.929013079667063,3.929013079667063
123.27794223689466,1953.911443471148,-102.46047682833571,114.02249490029992,1966.4429498064956,-111.23795402813272,0.6900981947236448,0.0,-0.7237157464358271,3.929013079667063,3.929013079667063
112.86946228852207,1942.2723828600838,-112.39098663991058,123.27794223689466,1953.911443471148,-102.46047682833571,0.6900981947236448,0.0,-0.7237157464358271,3.929013079667063,3.929013079667063
123.27794223689466,1953.911443471148,-102.46047682833571,133.68642218526725,1965.5505040822122,-92.52996701676086,0.6900981947236448,0.0,-0.7237157464358271,3.929013079667063,3.929013079667063
133.68642218526725,1965.5505040822122,-92.52996701676086,124.43097484867252,1978.0820104175598,-101.30744421655787,0.6900981947236448,0.0,-0.7237157464358271,3.929013079667063,3.929013079667063
124.43097484867252,1978.0820104175598,-101.30744421655787,115.17552751207778,1990.6135167529073,-110.08492141635489,0.6900981947236448,0.0,-0.7237157464358271,3.929013079667063,3.929013079667063
114.02249490029992,1966.4429498064956,-111.23795402813272,124.43097484867252,1978.0820104175598,-101.30744421655787,0.6900981947236448,0.0,-0.7237157464358271,3.929013079667063,3.929013079667063
124.43097484867252,1978.0820104175598,-101.30744421655787,134.8394547970451,1989.721071028624,-91.37693440498303,0.6900981947236448,0.0,-0.7237157464358271,3.929013079667063,3.929013079667063
134.8394547970451,1989.721071028624,-91.37693440498303,125.58400746045037,2002.2525773639713,-100.15441160478002,0.6900981947236448,0.0,-0.7237157464358271,3.929013079667063,3.929013079667063
125.58400746045037,2002.2525773639713,-100.15441160478002,116.32856012385561,2014.7840836993191,-108.93188880457703,0.6900981947236448,0.0,-0.7237157464358271,3.929013079667063,3.929013079667063
115.17552751207778,1990.6135167529073,-110.08492141635489,125.58400746045037,2002.2525773639713,-100.15441160478002,0.6900981947236448,0.0,-0.7237157464358271,3.929013079667063,3.929013079667063
125.58400746045037,2002.2525773639713,-100.15441160478002,135.99248740882294,2013.8916379750358,-90.22390179320517,0.6900981947236448,0.0,-0.7237157464358271,3.929013079667063,3.929013079667063
135.99248740882294,2013.8916379750358,-90.22390179320517,126.73704007222821,2026.4231443103831,-99.00137899300216,0.6900981947236448,0.0,-0.7237157464358271,3.929013079667063,3.929013079667063
126.73704007222821,2026.4231443103831,-99.00137899300216,117.48159273563347,2038.9546506457314,-107.77885619279918,0.6900981947236448,0.0,-0.7237157464358271,3.929013079667063,3.929013079667063
116.32856012385561,2014.7840836993191,-108.93188880457703,126.73704007222821,2026.4231443103831,-99.00137899300216,0.6900981947236448,0.0,-0.7237157464358271,3.929013079667063,3.929013079667063
126.73704007222821,2026.4231443103831,-99.00137899300216,137.1455200206008,2038.062204921448,-89.07086918142733,0.6900981947236448,0.0,-0.7237157464358271,3.929013079667063,3.929013079667063
137.1455200206008,2038.062204921448,-89.07086918142731,127.89007268400607,2050.5937112567954,-97.84834638122432,0.6900981947236448,0.0,-0.7237157464358271,3.929013079667063,3.929013079667063
127.89007268400607,2050.5937112567954,-97.84834638122432,118.63462534741133,2063.125217592143,-106.62582358102134,0.6900981947236448,0.0,-0.7237157464358271,3.929013079667063,3.929013079667063
117.48159273563347,2038.9546506457314,-107.77885619279917,127.89007268400607,2050.5937112567954,-97.84834638122432,0.6900981947236448,0.0,-0.7237157464358271,3.929013079667063,3.929013079667063
127.89007268400607,2050.5937112567954,-97.84834638122432,138.29855263237866,2062.23277186786,-87.91783656964948,0.6900981947236448,0.0,-0.7237157464358271,3.929013079667063,3.929013079667063
138.29855263237866,2062.23277186786,-87.91783656964948,129.0431052957839,2074.764278203207,-96.69531376944647,0.6900981947236448,0.0,-0.7237157464358271,3.929013079667063,3.929013079667063
129.0431052957839,2074.764278203207,-96.69531376944647,119.78765795918916,2087.295784538555,-105.47279096924348,0.6900981947236448,0.0,-0.7237157464358271,3.929013079667063,3.929013079667063
118.63462534741133,2063.125217592143,-106.62582358102134,129.0431052957839,2074.764278203207,-96.69531376944647,0.6900981947236448,0.0,-0.7237157464358271,3.929013079667063,3.929013079667063
129.0431052957839,2074.764278203207,-96.69531376944647,139.4515852441565,2086.4033388142716,-86.76480395787162,0.6900981947236448,0.0,-0.7237157464358271,3.929013079667063,3.929013079667063
139.4515852441565,2086.4033388142716,-86.76480395787162,130.19613790756176,2098.934845149619,-95.54228115766861,0.6900981947236448,0.0,-0.7237157464358271,3.929013079667063,3.929013079667063
130.19613790756176,2098.934845149619,-95.54228115766861,120.94069057096702,2111.4663514849667,-104.31975835746563,0.6900981947236448,0.0,-0.7237157464358271,3.929013079667063,3.929013079667063
119.78765795918916,2087.295784538555,-105.47279096924348,130.19613790756176,2098.934845149619,-95.54228115766861,0.6900981947236448,0.0,-0.7237157464358271,3.929013079667063,3.929013079667063
130.19613790756176,2098.934845149619,-95.54228115766861,140.60461785593435,2110.5739057606834,-85.61177134609378,0.6900981947236448,0.0,-0.7237157464358271,3.929013079667063,3.929013079667063
140.60461785593435,2110.5739057606834,-85.61177134609378,131.34917051933962,2123.1054120960307,-94.38924854589078,0.6900981947236448,0.0,-0.7237157464358271,3.929013079667063,3.929013079667063
131.34917051933962,2123.1054120960307,-94.38924854589078,122.09372318274487,2135.6369184313785,-103.16672574568778,0.6900981947236448,0.0,-0.7237157464358271,3.929013079667063,3.929013079667063
120.94069057096702,2111.4663514849667,-104.31975835746563,131.34917051933962,2123.1054120960307,-94.38924854589078,0.6900981947236448,0.0,-0.7237157464358271,3.929013079667063,3.929013079667063
131.34917051933962,2123.1054120960307,-94.38924854589078,141.7576504677122,2134.744472707095,-84.45873873431593,0.6900981947236448,0.0,-0.7237157464358271,3.929013079667063,3.929013079667063
141.7576504677122,2134.744472707095,-84.45873873431593,132.50220313111745,2147.2759790424425,-93.23621593411292,0.6900981947236448,0.0,-0.7237157464358271,3.929013079667063,3.929013079667063
132.50220313111745,2147.2759790424425,-93.23621593411292,123.24675579452271,2159.8074853777903,-102.01369313390992,0.6900981947236448,0.0,-0.7237157464358271,3.929013079667063,3.929013079667063
122.09372318274487,2135.6369184313785,-103.16672574568778,132.50220313111745,2147.2759790424425,-93.23621593411292,0.6900981947236448,0.0,-0.7237157464358271,3.929013079667063,3.929013079667063
132.50220313111745,2147.2759790424425,-93.23621593411292,142.91068307949004,2158.915039653507,-83.30570612253807,0.6900981947236448,0.0,-0.7237157464358271,3.929013079667063,3.929013079667063
142.91068307949004,2158.915039653507,-83.30570612253807,133.65523574289531,2171.4465459888547,-92.08318332233506,0.6900981947236448,0.0,-0.7237157464358271,3.929013079667063,3.929013079667063
133.65523574289531,2171.4465459888547,-92.08318332233506,124.39978840630057,2183.9780523242025,-100.86066052213208,0.6900981947236448,0.0,-0.7237157464358271,3.929013079667063,3.929013079667063
123.24675579452271,2159.8074853777903,-102.01369313390992,133.65523574289531,2171.4465459888547,-92.08318332233506,0.6900981947236448,0.0,-0.7237157464358271,3.929013079667063,3.929013079667063
133.65523574289531,2171.4465459888547,-92.08318332233506,144.0637156912679,2183.085606599919,-82.15267351076022,0.6900981947236448,0.0,-0.7237157464358271,3.929013079667063,3.929013079667063
144.0637156912679,2183.085606599919,-82.15267351076022,134.80826835467317,2195.6171129352665,-90.93015071055723,0.6900981947236448,0.0,-0.7237157464358271,3.929013079667063,3.929013079667063
134.80826835467317,2195.6171129352665,-90.93015071055723,125.55282101807842,2208.1486192706143,-99.70762791035423,0.6900981947236448,0.0,-0.7237157464358271,3.929013079667063,3.929013079667063
124.39978840630057,2183.9780523242025,-100.86066052213208,134.80826835467317,2195.6171129352665,-90.93015071055723,0.6900981947236448,0.0,-0.7237157464358271,3.929013079667063,3.929013079667063
134.80826835467317,2195.6171129352665,-90.93015071055723,145.21674830304573,2207.256173546331,-80.99964089898238,0.6900981947236448,0.0,-0.7237157464358271,3.929013079667063,3.929013079667063
145.21674830304573,2207.256173546331,-80.99964089898238,135.961300966451,2219.7876798816783,-89.77711809877937,0.6900981947236448,0.0,-0.7237157464358271,3.929013079667063,3.929013079667063
135.961300966451,2219.7876798816783,-89.77711809877937,126.70585362985626,2232.319186217026,-98.55459529857637,0.6900981947236448,0.0,-0.7237157464358271,3.929013079667063,3.929013079667063
125.55282101807842,2208.1486192706143,-99.70762791035423,135.961300966451,2219.7876798816783,-89.77711809877937,0.6900981947236448,0.0,-0.7237157464358271,3.929013079667063,3.929013079667063
135.961300966451,2219.7876798816783,-89.77711809877937,146.3697809148236,2231.4267404927427,-79.84660828720452,0.6900981947236448,0.0,-0.7237157464358271,3.929013079667063,3.929013079667063
146.3697809148236,2231.4267404927427,-79.84660828720452,137.11433357822887,2243.95824682809,-88.62408548700152,0.6900981947236448,0.0,-0.7237157464358271,3.929013079667063,3.929013079667063
137.11433357822887,2243.95824682809,-88.62408548700152,127.85888624163412,2256.489753163438,-97.40156268679854,0.6900981947236448,0.0,-0.7237157464358271,3.929013079667063,3.929013079667063
126.70585362985626,2232.319186217026,-98.55459529857637,137.11433357822887,2243.95824682809,-88.62408548700152,0.6900981947236448,0.0,-0.7237157464358271,3.929013079667063,3.929013079667063
137.11433357822887,2243.95824682809,-88.62408548700152,147.52281352660145,2255.5973074391545,-78.69357567542669,0.6900981947236448,0.0,-0.7237157464358271,3.929013079667063,3.929013079667063
147.52281352660145,2255.5973074391545,-78.69357567542669,138.26736619000673,2268.128813774502,-87.47105287522368,0.6900981947236448,0.0,-0.7237157464358271,3.929013079667063,3.929013079667063
138.26736619000673,2268.128813774502,-87.47105287522368,129.011918853412,2280.66032010985,-96.24853007502068,0.6900981947236448,0.0,-0.7237157464358271,3.929013079667063,3.929013079667063
127.85888624163412,2256.489753163438,-97.40156268679854,138.26736619000673,2268.128813774502,-87.47105287522368,0.6900981947236448,0.0,-0.7237157464358271,3.929013079667063,3.929013079667063
138.26736619000673,2268.128813774502,-87.47105287522368,148.6758461383793,2279.7678743855668,-77.54054306364883,0.6900981947236448,0.0,-0.7237157464358271,3.929013079667063,3.929013079667063
148.6758461383793,2279.7678743855668,-77.54054306364883,139.42039880178456,2292.299380720914,-86.31802026344582,0.6900981947236448,0.0,-0.7237157464358271,3.929013079667063,3.929013079667063
139.42039880178456,2292.299380720914,-86.31802026344582,130.16495146518983,2304.830887056262,-95.09549746324284,0.6900981947236448,0.0,-0.7237157464358271,3.929013079667063,3.929013079667063
129.011918853412,2280.66032010985,-96.24853007502068,139.42039880178456,2292.299380720914,-86.31802026344582,0.6900981947236448,0.0,-0.7237157464358271,3.929013079667063,3.929013079667063
139.42039880178456,2292.299380720914,-86.31802026344582,149.82887875015714,2303.9384413319785,-76.38751045187098,0.6900981947236448,0.0,-0.7237157464358271,3.929013079667063,3.929013079667063
75.60344827586196,1160.187213427769,-130.9490136411988,91.65339549746353,1184.3577803741807,-129.79598102942094,0.0,0.0,1.0,3.929013079667063,3.929013079667063
61.859566277816086,1184.3577803741807,-129.79598102942094,77.90951349941767,1208.5283473205927,-128.6429484176431,0.0,0.0,1.0,3.929013079667063,3.929013079667063
77.90951349941767,1208.5283473205927,-128.6429484176431,93.95946072101924,1232.6989142670045,-127.48991580586527,0.0,0.0,1.0,3.929013079667063,3.929013079667063
91.65339549746353,1184.3577803741807,-129.79598102942094,77.90951349941767,1208.5283473205927,-128.6429484176431,0.0,0.0,1.0,3.929013079667063,3.929013079667063
77.90951349941767,1208.5283473205927,-128.6429484176431,64.16563150137179,1232.6989142670045,-127.48991580586524,0.0,0.0,1.0,3.929013079667063,3.929013079667063
64.16563150137179,1232.6989142670045,-127.48991580586524,80.21557872297336,1256.8694812134163,-126.3368831940874,0.0,0.0,1.0,3.929013079667063,3.929013079667063
80.21557872297336,1256.8694812134163,-126.3368831940874,96.26552594457493,1281.0400481598283,-125.18385058230957,0.0,0.0,1.0,3.929013079667063,3.929013079667063
93.95946072101924,1232.6989142670045,-127.48991580586527,80.21557872297336,1256.8694812134163,-126.3368831940874,0.0,0.0,1.0,3.929013079667063,3.929013079667063
80.21557872297336,1256.8694812134163,-126.3368831940874,66.47169672492748,1281.0400481598283,-125.18385058230955,0.0,0.0,1.0,3.929013079667063,3.929013079667063
66.47169672492748,1281.0400481598283,-125.18385058230955,82.52164394652907,1305.21061510624,-124.03081797053171,0.0,0.0,1.0,3.929013079667063,3.929013079667063
82.52164394652907,1305.21061510624,-124.03081797053171,98.57159116813064,1329.3811820526519,-122.87778535875387,0.0,0.0,1.0,3.929013079667063,3.929013079667063
96.26552594457493,1281.0400481598283,-125.18385058230957,82.52164394652907,1305.21061510624,-124.03081797053171,0.0,0.0,1.0,3.929013079667063,3.929013079667063
82.52164394652907,1305.21061510624,-124.03081797053171,68.77776194848319,1329.3811820526519,-122.87778535875384,0.0,0.0,1.0,3.929013079667063,3.929013079667063
68.77776194848319,1329.3811820526519,-122.87778535875385,84.82770917008476,1353.5517489990639,-121.72475274697601,0.0,0.0,1.0,3.929013079667063,3.929013079667063
84.82770917008476,1353.5517489990639,-121.72475274697601,100.87765639168633,1377.7223159454757,-120.57172013519818,0.0,0.0,1.0,3.929013079667063,3.929013079667063
98.57159116813064,1329.3811820526519,-122.87778535875388,84.82770917008476,1353.5517489990639,-121.72475274697601,0.0,0.0,1.0,3.929013079667063,3.929013079667063
84.82770917008476,1353.5517489990639,-121.72475274697601,71.08382717203888,1377.7223159454757,-120.57172013519815,0.0,0.0,1.0,3.929013079667063,3.929013079667063
71.08382717203888,1377.7223159454757,-120.57172013519815,87.13377439364046,1401.8928828918874,-119.41868752342032,0.0,0.0,1.0,3.929013079667063,3.929013079667063
87.13377439364046,1401.8928828918874,-119.41868752342032,103.18372161524204,1426.0634498382992,-118.26565491164247,0.0,0.0,1.0,3.929013079667063,3.929013079667063
100.87765639168633,1377.7223159454757,-120.57172013519818,87.13377439364046,1401.8928828918874,-119.41868752342032,0.0,0.0,1.0,3.929013079667063,3.929013079667063
87.13377439364046,1401.8928828918874,-119.41868752342032,73.38989239559459,1426.0634498382992,-118.26565491164244,0.0,0.0,1.0,3.929013079667063,3.929013079667063
73.38989239559459,1426.0634498382992,-118.26565491164244,89.43983961719616,1450.2340167847112,-117.11262229986461,0.0,0.0,1.0,3.929013079667063,3.929013079667063
89.43983961719616,1450.2340167847112,-117.11262229986461,105.48978683879774,1474.404583731123,-115.95958968808678,0.0,0.0,1.0,3.929013079667063,3.929013079667063
103.18372161524204,1426.0634498382992,-118.26565491164247,89.43983961719616,1450.2340167847112,-117.11262229986461,0.0,0.0,1.0,3.929013079667063,3.929013079667063
89.43983961719616,1450.2340167847112,-117.11262229986461,75.69595761915029,1474.404583731123,-115.95958968808675,0.0,0.0,1.0,3.929013079667063,3.929013079667063
75.69595761915029,1474.404583731123,-115.95958968808675,91.74590484075186,1498.5751506775348,-114.80655707630892,0.0,0.0,1.0,3.929013079667063,3.929013079667063
91.74590484075186,1498.5751506775348,-114.80655707630892,107.79585206235343,1522.7457176239468,-113.65352446453109,0.0,0.0,1.0,3.929013079667063,3.929013079667063
105.48978683879774,1474.404583731123,-115.95958968808678,91.74590484075186,1498.5751506775348,-114.80655707630892,0.0,0.0,1.0,3.929013079667063,3.929013079667063
91.74590484075186,1498.5751506775348,-114.80655707630892,78.00202284270598,1522.7457176239468,-113.65352446453106,0.0,0.0,1.0,3.929013079667063,3.929013079667063
78.00202284270598,1522.7457176239468,-113.65352446453106,94.05197006430757,1546.9162845703586,-112.50049185275321,0.0,0.0,1.0,3.929013079667063,3.929013079667063
94.05197006430757,1546.9162845703586,-112.50049185275321,110.10191728590914,1571.0868515167704,-111.34745924097538,0.0,0.0,1.0,3.929013079667063,3.929013079667063
107.79585206235343,1522.7457176239468,-113.65352446453109,94.05197006430757,1546.9162845703586,-112.50049185275321,0.0,0.0,1.0,3.929013079667063,3.929013079667063
94.05197006430757,1546.9162845703586,-112.50049185275321,80.30808806626169,1571.0868515167704,-111.34745924097535,0.0,0.0,1.0,3.929013079667063,3.929013079667063
80.30808806626169,1571.0868515167704,-111.34745924097535,96.35803528786326,1595.2574184631824,-110.19442662919752,0.0,0.0,1.0,3.929013079667063,3.929013079667063
96.35803528786326,1595.2574184631824,-110.19442662919752,112.40798250946483,1619.4279854095942,-109.04139401741969,0.0,0.0,1.0,3.929013079667063,3.929013079667063
110.10191728590914,1571.0868515167704,-111.34745924097538,96.35803528786326,1595.2574184631824,-110.19442662919752,0.0,0.0,1.0,3.929013079667063,3.929013079667063
96.35803528786326,1595.2574184631824,-110.19442662919752,82.61415328981738,1619.4279854095942,-109.04139401741966,0.0,0.0,1.0,3.929013079667063,3.929013079667063
82.61415328981738,1619.4279854095942,-109.04139401741966,98.66410051141895,1643.598552356006,-107.88836140564183,0.0,0.0,1.0,3.929013079667063,3.929013079667063
98.66410051141895,1643.598552356006,-107.88836140564183,114.71404773302054,1667.769119302418,-106.73532879386399,0.0,0.0,1.0,3.929013079667063,3.929013079667063
112.40798250946483,1619.4279854095942,-109.04139401741969,98.66410051141895,1643.598552356006,-107.88836140564183,0.0,0.0,1.0,3.929013079667063,3.929013079667063
98.66410051141895,1643.598552356006,-107.88836140564183,84.92021851337309,1667.769119302418,-106.73532879386396,0.0,0.0,1.0,3.929013079667063,3.929013079667063
84.92021851337309,1667.769119302418,-106.73532879386396,100.97016573497466,1691.9396862488297,-105.58229618208613,0.0,0.0,1.0,3.929013079667063,3.929013079667063
100.97016573497466,1691.9396862488297,-105.58229618208613,117.02011295657623,1716.1102531952415,-104.4292635703083,0.0,0.0,1.0,3.929013079667063,3.929013079667063
114.71404773302054,1667.769119302418,-106.73532879386399,100.97016573497466,1691.9396862488297,-105.58229618208613,0.0,0.0,1.0,3.929013079667063,3.929013079667063
100.97016573497466,1691.9396862488297,-105.58229618208613,87.22628373692878,1716.1102531952415,-104.42926357030827,0.0,0.0,1.0,3.929013079667063,3.929013079667063
87.22628373692878,1716.1102531952415,-104.42926357030827,103.27623095853036,1740.2808201416533,-103.27623095853042,0.0,0.0,1.0,3.929013079667063,3.929013079667063
103.27623095853036,1740.2808201416533,-103.27623095853042,119.32617818013193,1764.4513870880653,-102.12319834675259,0.0,0.0,1.0,3.929013079667063,3.929013079667063
117.02011295657623,1716.1102531952415,-104.4292635703083,103.27623095853036,1740.2808201416533,-103.27623095853042,0.0,0.0,1.0,3.929013079667063,3.929013079667063
103.27623095853036,1740.2808201416533,-103.27623095853042,89.53234896048448,1764.4513870880653,-102.12319834675256,0.0,0.0,1.0,3.929013079667063,3.929013079667063
89.53234896048448,1764.4513870880653,-102.12319834675256,105.58229618208605,1788.621954034477,-100.97016573497473,0.0,0.0,1.0,3.929013079667063,3.929013079667063
105.58229618208605,1788.621954034477,-100.97016573497473,121.63224340368762,1812.792520980889,-99.8171331231969,0.0,0.0,1.0,3.929013079667063,3.929013079667063
119.32617818013193,1764.4513870880653,-102.12319834675259,105.58229618208605,1788.621954034477,-100.97016573497473,0.0,0.0,1.0,3.929013079667063,3.929013079667063
105.58229618208605,1788.621954034477,-100.97016573497473,91.83841418404018,1812.792520980889,-99.81713312319687,0.0,0.0,1.0,3.929013079667063,3.929013079667063
91.83841418404018,1812.792520980889,-99.81713312319687,107.88836140564175,1836.9630879273009,-98.66410051141904,0.0,0.0,1.0,3.929013079667063,3.929013079667063
107.88836140564175,1836.9630879273009,-98.66410051141904,123.93830862724333,1861.1336548737127,-97.51106789964119,0.0,0.0,1.0,3.929013079667063,3.929013079667063
121.63224340368762,1812.792520980889,-99.8171331231969,107.88836140564175,1836.9630879273009,-98.66410051141904,0.0,0.0,1.0,3.929013079667063,3.929013079667063
107.88836140564175,1836.9630879273009,-98.66410051141904,94.14447940759588,1861.1336548737127,-97.51106789964116,0.0,0.0,1.0,3.929013079667063,3.929013079667063
94.14447940759588,1861.1336548737127,-97.51106789964116,110.19442662919747,1885.3042218201244,-96.35803528786333,0.0,0.0,1.0,3.929013079667063,3.929013079667063
110.19442662919747,1885.3042218201244,-96.35803528786333,126.24437385079902,1909.4747887665364,-95.2050026760855,0.0,0.0,1.0,3.929013079667063,3.929013079667063
123.93830862724333,1861.1336548737127,-97.51106789964119,110.19442662919747,1885.3042218201244,-96.35803528786333,0.0,0.0,1.0,3.929013079667063,3.929013079667063
110.19442662919747,1885.3042218201244,-96.35803528786333,96.45054463115157,1909.4747887665364,-95.20500267608547,0.0,0.0,1.0,3.929013079667063,3.929013079667063
96.45054463115157,1909.4747887665364,-95.20500267608547,112.50049185275316,1933.6453557129482,-94.05197006430762,0.0,0.0,1.0,3.929013079667063,3.929013079667063
112.50049185275316,1933.6453557129482,-94.05197006430762,128.55043907435473,1957.8159226593602,-92.89893745252981,0.0,0.0,1.0,3.929013079667063,3.929013079667063
126.24437385079902,1909.4747887665364,-95.2050026760855,112.50049185275316,1933.6453557129482,-94.05197006430762,0.0,0.0,1.0,3.929013079667063,3.929013079667063
112.50049185275316,1933.6453557129482,-94.05197006430762,98.75660985470728,1957.8159226593602,-92.89893745252978,0.0,0.0,1.0,3.929013079667063,3.929013079667063
98.75660985470728,1957.8159226593602,-92.89893745252978,114.80655707630885,1981.986489605772,-91.74590484075193,0.0,0.0,1.0,3.929013079667063,3.929013079667063
114.80655707630885,1981.986489605772,-91.74590484075193,130.85650429791042,2006.1570565521838,-90.5928722289741,0.0,0.0,1.0,3.929013079667063,3.929013079667063
128.55043907435473,1957.8159226593602,-92.89893745252981,114.80655707630885,1981.986489605772,-91.74590484075193,0.0,0.0,1.0,3.929013079667063,3.929013079667063
114.80655707630885,1981.986489605772,-91.74590484075193,101.06267507826298,2006.1570565521838,-90.59287222897407,0.0,0.0,1.0,3.929013079667063,3.929013079667063
101.06267507826298,2006.1570565521838,-90.59287222897407,117.11262229986455,2030.3276234985956,-89.43983961719624,0.0,0.0,1.0,3.929013079667063,3.929013079667063
117.11262229986455,2030.3276234985956,-89.43983961719624,133.1625695214661,2054.4981904450074,-88.2868070054184,0.0,0.0,1.0,3.929013079667063,3.929013079667063
130.85650429791042,2006.1570565521838,-90.5928722289741,117.11262229986455,2030.3276234985956,-89.43983961719624,0.0,0.0,1.0,3.929013079667063,3.929013079667063
117.11262229986455,2030.3276234985956,-89.43983961719624,103.36874030181868,2054.4981904450074,-88.28680700541837,0.0,0.0,1.0,3.929013079667063,3.929013079667063
103.36874030181868,2054.4981904450074,-88.28680700541837,119.41868752342026,2078.6687573914196,-87.13377439364055,0.0,0.0,1.0,3.929013079667063,3.929013079667063
119.41868752342026,2078.6687573914196,-87.13377439364055,135.4686347450218,2102.8393243378314,-85.9807417818627,0.0,0.0,1.0,3.929013079667063,3.929013079667063
133.1625695214661,2054.4981904450074,-88.2868070054184,119.41868752342026,2078.6687573914196,-87.13377439364055,0.0,0.0,1.0,3.929013079667063,3.929013079667063
119.41868752342026,2078.6687573914196,-87.13377439364055,105.67480552537437,2102.8393243378314,-85.98074178186268,0.0,0.0,1.0,3.929013079667063,3.929013079667063
105.67480552537438,2102.8393243378314,-85.98074178186268,121.72475274697595,2127.009891284243,-84.82770917008483,0.0,0.0,1.0,3.929013079667063,3.929013079667063
121.72475274697595,2127.009891284243,-84.82770917008483,137.77469996857752,2151.180458230655,-83.67467655830701,0.0,0.0,1.0,3.929013079667063,3.929013079667063
135.46863474502183,2102.8393243378314,-85.9807417818627,121.72475274697595,2127.009891284243,-84.82770917008483,0.0,0.0,1.0,3.929013079667063,3.929013079667063
121.72475274697595,2127.009891284243,-84.82770917008483,107.98087074893009,2151.180458230655,-83.67467655830698,0.0,0.0,1.0,3.929013079667063,3.929013079667063
107.98087074893009,2151.180458230655,-83.67467655830698,124.03081797053164,2175.3510251770667,-82.52164394652914,0.0,0.0,1.0,3.929013079667063,3.929013079667063
124.03081797053164,2175.3510251770667,-82.52164394652914,140.0807651921332,2199.5215921234785,-81.36861133475131,0.0,0.0,1.0,3.929013079667063,3.929013079667063
137.77469996857752,2151.180458230655,-83.67467655830701,124.03081797053164,2175.3510251770667,-82.52164394652914,0.0,0.0,1.0,3.929013079667063,3.929013079667063
124.03081797053164,2175.3510251770667,-82.52164394652914,110.28693597248578,2199.5215921234785,-81.36861133475128,0.0,0.0,1.0,3.929013079667063,3.929013079667063
110.28693597248578,2199.5215921234785,-81.36861133475128,126.33688319408735,2223.6921590698903,-80.21557872297345,0.0,0.0,1.0,3.929013079667063,3.929013079667063
126.33688319408735,2223.6921590698903,-80.21557872297345,142.3868304156889,2247.862726016302,-79.0625461111956,0.0,0.0,1.0,3.929013079667063,3.929013079667063
140.0807651921332,2199.5215921234785,-81.36861133475131,126.33688319408735,2223.6921590698903,-80.21557872297345,0.0,0.0,1.0,3.929013079667063,3.929013079667063
126.33688319408735,2223.6921590698903,-80.21557872297345,112.59300119604147,2247.862726016302,-79.06254611119557,0.0,0.0,1.0,3.929013079667063,3.929013079667063
112.59300119604147,2247.862726016302,-79.06254611119557,128.64294841764305,2272.033292962714,-77.90951349941776,0.0,0.0,1.0,3.929013079667063,3.929013079667063
128.64294841764305,2272.033292962714,-77.90951349941776,144.6928956392446,2296.203859909126,-76.75648088763991,0.0,0.0,1.0,3.929013079667063,3.929013079667063
142.3868304156889,2247.862726016302,-79.0625461111956,128.64294841764305,2272.033292962714,-77.90951349941776,0.0,0.0,1.0,3.929013079667063,3.929013079667063
128.64294841764305,2272.033292962714,-77.90951349941776,114.89906641959716,2296.203859909126,-76.75648088763988,0.0,0.0,1.0,3.929013079667063,3.929013079667063
130.94901364119875,2320.374426855538,-75.60344827586205,144.6928956392446,2296.203859909126,-76.75648088763991,0.0,0.0,1.0,3.929013079667063,3.929013079667063
64.16563150137179,1232.6989142670045,-127.48991580586524,59.76758926199712,1240.4334956898563,-127.12094537009632,0.0,0.0,1.0,3.929013079667063,3.929013079667063
93.95946072101924,1232.6989142670045,-127.48991580586527,99.09544383193175,1240.4334956898563,-127.12094537009635,0.0,0.0,1.0,3.929013079667063,3.929013079667063
66.47169672492748,1281.0400481598283,-125.18385058230955,62.07365448555281,1288.77462958268,-124.81488014654063,0.0,0.0,1.0,3.929013079667063,3.929013079667063
96.26552594457493,1281.0400481598283,-125.18385058230957,101.40150905548744,1288.77462958268,-124.81488014654066,0.0,0.0,1.0,3.929013079667063,3.929013079667063
68.77776194848319,1329.3811820526519,-122.87778535875384,64.37971970910851,1337.1157634755036,-122.50881492298494,0.0,0.0,1.0,3.929013079667063,3.929013079667063
98.57159116813064,1329.3811820526519,-122.87778535875387,103.70757427904314,1337.1157634755036,-122.50881492298497,0.0,0.0,1.0,3.929013079667063,3.929013079667063
71.08382717203888,1377.7223159454757,-120.57172013519815,66.6857849326642,1385.4568973683274,-120.20274969942923,0.0,0.0,1.0,3.929013079667063,3.929013079667063
100.87765639168633,1377.7223159454757,-120.57172013519818,106.01363950259883,1385.4568973683274,-120.20274969942926,0.0,0.0,1.0,3.929013079667063,3.929013079667063
73.38989239559459,1426.0634498382992,-118.26565491164244,68.99185015621991,1433.7980312611512,-117.89668447587354,0.0,0.0,1.0,3.929013079667063,3.929013079667063
103.18372161524204,1426.0634498382992,-118.26565491164247,108.31970472615454,1433.7980312611512,-117.89668447587357,0.0,0.0,1.0,3.929013079667063,3.929013079667063
75.69595761915029,1474.404583731123,-115.95958968808675,71.2979153797756,1482.1391651539748,-115.59061925231784,0.0,0.0,1.0,3.929013079667063,3.929013079667063
105.48978683879774,1474.404583731123,-115.95958968808678,110.62576994971023,1482.1391651539748,-115.59061925231786,0.0,0.0,1.0,3.929013079667063,3.929013079667063
78.00202284270598,1522.7457176239468,-113.65352446453106,73.60398060333131,1530.4802990467986,-113.28455402876214,0.0,0.0,1.0,3.929013079667063,3.929013079667063
107.79585206235343,1522.7457176239468,-113.65352446453109,112.93183517326594,1530.4802990467986,-113.28455402876217,0.0,0.0,1.0,3.929013079667063,3.929013079667063
80.30808806626169,1571.0868515167704,-111.34745924097535,75.910045826887,1578.8214329396224,-110.97848880520644,0.0,0.0,1.0,3.929013079667063,3.929013079667063
110.10191728590914,1571.0868515167704,-111.34745924097538,115.23790039682163,1578.8214329396224,-110.97848880520647,0.0,0.0,1.0,3.929013079667063,3.929013079667063
82.61415328981738,1619.4279854095942,-109.04139401741966,78.2161110504427,1627.162566832446,-108.67242358165075,0.0,0.0,1.0,3.929013079667063,3.929013079667063
112.40798250946483,1619.4279854095942,-109.04139401741969,117.54396562037734,1627.162566832446,-108.67242358165078,0.0,0.0,1.0,3.929013079667063,3.929013079667063
84.92021851337309,1667.769119302418,-106.73532879386396,80.52217627399841,1675.5037007252697,-106.36635835809504,0.0,0.0,1.0,3.929013079667063,3.929013079667063
114.71404773302054,1667.769119302418,-106.73532879386399,119.85003084393304,1675.5037007252697,-106.36635835809507,0.0,0.0,1.0,3.929013079667063,3.929013079667063
87.22628373692878,1716.1102531952415,-104.42926357030827,82.8282414975541,1723.8448346180935,-104.06029313453935,0.0,0.0,1.0,3.929013079667063,3.929013079667063
117.02011295657623,1716.1102531952415,-104.4292635703083,122.15609606748873,1723.8448346180935,-104.06029313453938,0.0,0.0,1.0,3.929013079667063,3.929013079667063
89.53234896048448,1764.4513870880653,-102.12319834675256,85.1343067211098,1772.185968510917,-101.75422791098366,0.0,0.0,1.0,3.929013079667063,3.929013079667063
119.32617818013193,1764.4513870880653,-102.12319834675259,124.46216129104442,1772.185968510917,-101.75422791098369,0.0,0.0,1.0,3.929013079667063,3.929013079667063
91.83841418404018,1812.792520980889,-99.81713312319687,87.4403719446655,1820.5271024037406,-99.44816268742795,0.0,0.0,1.0,3.929013079667063,3.929013079667063
121.63224340368762,1812.792520980889,-99.8171331231969,126.76822651460013,1820.5271024037406,-99.44816268742798,0.0,0.0,1.0,3.929013079667063,3.929013079667063
94.14447940759588,1861.1336548737127,-97.51106789964116,89.7464371682212,1868.8682362965644,-97.14209746387226,0.0,0.0,1.0,3.929013079667063,3.929013079667063
123.93830862724333,1861.1336548737127,-97.51106789964119,129.07429173815584,1868.8682362965644,-97.14209746387229,0.0,0.0,1.0,3.929013079667063,3.929013079667063
96.45054463115157,1909.4747887665364,-95.20500267608547,92.0525023917769,1917.2093701893882,-94.83603224031656,0.0,0.0,1.0,3.929013079667063,3.929013079667063
126.24437385079902,1909.4747887665364,-95.2050026760855,131.38035696171153,1917.2093701893882,-94.83603224031658,0.0,0.0,1.0,3.929013079667063,3.929013079667063
98.75660985470728,1957.8159226593602,-92.89893745252978,94.3585676153326,1965.5505040822118,-92.52996701676086,0.0,0.0,1.0,3.929013079667063,3.929013079667063
128.55043907435473,1957.8159226593602,-92.89893745252981,133.68642218526725,1965.5505040822118,-92.52996701676089,0.0,0.0,1.0,3.929013079667063,3.929013079667063
101.06267507826298,2006.1570565521838,-90.59287222897407,96.66463283888831,2013.8916379750353,-90.22390179320517,0.0,0.0,1.0,3.929013079667063,3.929013079667063
130.85650429791042,2006.1570565521838,-90.5928722289741,135.99248740882294,2013.8916379750353,-90.2239017932052,0.0,0.0,1.0,3.929013079667063,3.929013079667063
103.36874030181868,2054.4981904450074,-88.28680700541837,98.970698062444,2062.2327718678594,-87.91783656964947,0.0,0.0,1.0,3.929013079667063,3.929013079667063
133.1625695214661,2054.4981904450074,-88.2868070054184,138.29855263237863,2062.2327718678594,-87.9178365696495,0.0,0.0,1.0,3.929013079667063,3.929013079667063
105.67480552537437,2102.8393243378314,-85.98074178186268,101.27676328599969,2110.573905760683,-85.61177134609376,0.0,0.0,1.0,3.929013079667063,3.929013079667063
135.4686347450218,2102.8393243378314,-85.9807417818627,140.60461785593432,2110.573905760683,-85.61177134609379,0.0,0.0,1.0,3.929013079667063,3.929013079667063
107.98087074893009,2151.180458230655,-83.67467655830698,103.5828285095554,2158.915039653507,-83.30570612253807,0.0,0.0,1.0,3.929013079667063,3.929013079667063
137.77469996857752,2151.180458230655,-83.67467655830701,142.91068307949,2158.915039653507,-83.3057061225381,0.0,0.0,1.0,3.929013079667063,3.929013079667063
110.28693597248578,2199.5215921234785,-81.36861133475128,105.8888937331111,2207.2561735463305,-80.99964089898238,0.0,0.0,1.0,3.929013079667063,3.929013079667063
140.0807651921332,2199.5215921234785,-81.36861133475131,145.21674830304573,2207.2561735463305,-80.9996408989824,0.0,0.0,1.0,3.929013079667063,3.929013079667063
112.59300119604147,2247.862726016302,-79.06254611119557,108.1949589566668,2255.597307439154,-78.69357567542667,0.0,0.0,1.0,3.929013079667063,3.929013079667063
142.3868304156889,2247.862726016302,-79.0625461111956,147.52281352660142,2255.597307439154,-78.6935756754267,0.0,0.0,1.0,3.929013079667063,3.929013079667063
114.89906641959716,2296.203859909126,-76.75648088763988,110.50102418022249,2303.9384413319776,-76.38751045187097,0.0,0.0,1.0,3.929013079667063,3.929013079667063
144.6928956392446,2296.203859909126,-76.75648088763991,149.82887875015712,2303.9384413319776,-76.387510451871,0.0,0.0,1.0,3.929013079667063,3.929013079667063
130.94901364119875,2320.374426855538,-75.60344827586205,114.89906641959716,2296.203859909126,-76.75648088763988,0.0,0.0,1.0,3.929013079667063,3.929013079667063
92.06896551724137,3480.5616402833066,-159.46812607616906,184.13793103448276,3480.5616402833066,-4.0886834148264386e-14,0.0,0.0,1.0,3.929013079667063,3.929013079667063
92.06896551724137,3480.5616402833066,-159.46812607616906,108.53448275862067,3480.5616402833066,-187.9872385111394,0.0,0.0,1.0,3.929013079667063,3.929013079667063
92.06896551724137,3480.5616402833066,-159.46812607616906,75.60344827586205,3480.5616402833066,-130.94901364119875,0.0,0.0,1.0,3.929013079667063,3.929013079667063
108.53448275862067,3480.5616402833066,-187.9872385111394,217.0689655172414,3480.5616402833066,-4.819899268976111e-14,0.0,0.0,1.0,3.929013079667063,3.929013079667063
75.60344827586205,3480.5616402833066,-130.94901364119875,151.20689655172413,3480.5616402833066,-3.357467560676766e-14,0.0,0.0,1.0,3.929013079667063,3.929013079667063
187.9872385111394,2320.374426855538,-108.53448275862068,171.53003965173494,2344.5449938019497,-110.18974850346483,0.0,0.0,1.0,3.929013079667063,3.929013079667063
185.80228772794513,2350.997668809625,-129.43812262456635,175.20537899991325,2363.723905490419,-120.90641095561271,-0.69347657033171,0.0,-0.7204791783257647,3.929013079667063,3.929013079667063
175.20537899991325,2363.723905490419,-120.90641095561271,164.60847027188137,2376.4501421712134,-112.3746992866591,-0.69347657033171,0.0,-0.7204791783257647,3.929013079667063,3.929013079667063
166.26373601672552,2352.2795752248016,-110.71943354181495,175.20537899991325,2363.723905490419,-120.90641095561271,-0.69347657033171,0.0,-0.7204791783257647,3.929013079667063,3.929013079667063
175.20537899991325,2363.723905490419,-120.90641095561271,184.14702198310098,2375.1682357560367,-131.0933883694105,-0.69347657033171,0.0,-0.7204791783257647,3.929013079667063,3.929013079667063
184.14702198310098,2375.1682357560367,-131.0933883694105,173.5501132550691,2387.8944724368307,-122.56167670045684,-0.69347657033171,0.0,-0.7204791783257647,3.929013079667063,3.929013079667063
173.5501132550691,2387.8944724368307,-122.56167670045684,162.95320452703723,2400.620709117625,-114.02996503150322,-0.69347657033171,0.0,-0.7204791783257647,3.929013079667063,3.929013079667063
164.60847027188137,2376.4501421712134,-112.3746992866591,173.5501132550691,2387.8944724368307,-122.56167670045684,-0.69347657033171,0.0,-0.7204791783257647,3.929013079667063,3.929013079667063
173.5501132550691,2387.8944724368307,-122.56167670045684,182.49175623825684,2399.3388027024484,-132.7486541142546,-0.69347657033171,0.0,-0.7204791783257647,3.929013079667063,3.929013079667063
182.49175623825684,2399.3388027024484,-132.7486541142546,171.89484751022496,2412.0650393832425,-124.21694244530099,-0.69347657033171,0.0,-0.7204791783257647,3.929013079667063,3.929013079667063
171.89484751022496,2412.0650393832425,-124.21694244530099,161.29793878219309,2424.791276064037,-115.68523077634737,-0.69347657033171,0.0,-0.7204791783257647,3.929013079667063,3.929013079667063
162.95320452703723,2400.620709117625,-114.02996503150322,171.89484751022496,2412.0650393832425,-124.21694244530099,-0.69347657033171,0.0,-0.7204791783257647,3.929013079667063,3.929013079667063
171.89484751022496,2412.0650393832425,-124.21694244530099,180.8364904934127,2423.5093696488602,-134.40391985909875,-0.69347657033171,0.0,-0.7204791783257647,3.929013079667063,3.929013079667063
180.8364904934127,2423.5093696488602,-134.40391985909875,170.23958176538082,2436.2356063296543,-125.87220819014513,-0.69347657033171,0.0,-0.7204791783257647,3.929013079667063,3.929013079667063
170.23958176538082,2436.2356063296543,-125.87220819014513,159.64267303734897,2448.961843010449,-117.34049652119151,-0.69347657033171,0.0,-0.7204791783257647,3.929013079667063,3.929013079667063
161.29793878219309,2424.791276064037,-115.68523077634737,170.23958176538082,2436.2356063296543,-125.87220819014513,-0.69347657033171,0.0,-0.7204791783257647,3.929013079667063,3.929013079667063
170.23958176538082,2436.2356063296543,-125.87220819014513,179.18122474856858,2447.679936595272,-136.0591856039429,-0.69347657033171,0.0,-0.7204791783257647,3.929013079667063,3.929013079667063
179.18122474856858,2447.679936595272,-136.0591856039429,168.5843160205367,2460.406173276066,-127.52747393498927,-0.69347657033171,0.0,-0.7204791783257647,3.929013079667063,3.929013079667063
168.5843160205367,2460.406173276066,-127.52747393498927,157.98740729250483,2473.132409956861,-118.99576226603565,-0.69347657033171,0.0,-0.7204791783257647,3.929013079667063,3.929013079667063
159.64267303734897,2448.961843010449,-117.34049652119151,168.5843160205367,2460.406173276066,-127.52747393498927,-0.69347657033171,0.0,-0.7204791783257647,3.929013079667063,3.929013079667063
168.5843160205367,2460.406173276066,-127.52747393498927,177.52595900372444,2471.8505035416842,-137.71445134878704,-0.69347657033171,0.0,-0.7204791783257647,3.929013079667063,3.929013079667063
177.52595900372444,2471.8505035416842,-137.71445134878704,166.92905027569256,2484.5767402224783,-129.18273967983342,-0.69347657033171,0.0,-0.7204791783257647,3.929013079667063,3.929013079667063
166.92905027569256,2484.5767402224783,-129.18273967983342,156.33214154766068,2497.302976903273,-120.65102801087978,-0.69347657033171,0.0,-0.7204791783257647,3.929013079667063,3.929013079667063
157.98740729250483,2473.132409956861,-118.99576226603565,166.92905027569256,2484.5767402224783,-129.18273967983342,-0.69347657033171,0.0,-0.7204791783257647,3.929013079667063,3.929013079667063
166.92905027569256,2484.5767402224783,-129.18273967983342,175.8706932588803,2496.021070488096,-139.36971709363115,-0.69347657033171,0.0,-0.7204791783257647,3.929013079667063,3.929013079667063
175.8706932588803,2496.021070488096,-139.36971709363115,165.27378453084842,2508.74730716889,-130.83800542467753,-0.69347657033171,0.0,-0.7204791783257647,3.929013079667063,3.929013079667063
165.27378453084842,2508.74730716889,-130.83800542467753,154.67687580281654,2521.4735438496846,-122.30629375572393,-0.69347657033171,0.0,-0.7204791783257647,3.929013079667063,3.929013079667063
156.33214154766068,2497.302976903273,-120.65102801087978,165.27378453084842,2508.74730716889,-130.83800542467753,-0.69347657033171,0.0,-0.7204791783257647,3.929013079667063,3.929013079667063
165.27378453084842,2508.74730716889,-130.83800542467753,174.21542751403615,2520.191637434508,-141.0249828384753,-0.69347657033171,0.0,-0.7204791783257647,3.929013079667063,3.929013079667063
174.21542751403615,2520.191637434508,-141.0249828384753,163.61851878600427,2532.917874115302,-132.49327116952168,-0.69347657033171,0.0,-0.7204791783257647,3.929013079667063,3.929013079667063
163.61851878600427,2532.917874115302,-132.49327116952168,153.0216100579724,2545.6441107960964,-123.96155950056807,-0.69347657033171,0.0,-0.7204791783257647,3.929013079667063,3.929013079667063
154.67687580281654,2521.4735438496846,-122.30629375572393,163.61851878600427,2532.917874115302,-132.49327116952168,-0.69347657033171,0.0,-0.7204791783257647,3.929013079667063,3.929013079667063
163.61851878600427,2532.917874115302,-132.49327116952168,172.560161769192,2544.3622043809196,-142.68024858331944,-0.69347657033171,0.0,-0.7204791783257647,3.929013079667063,3.929013079667063
172.560161769192,2544.3622043809196,-142.68024858331944,161.96325304116013,2557.0884410617136,-134.14853691436582,-0.69347657033171,0.0,-0.7204791783257647,3.929013079667063,3.929013079667063
161.96325304116013,2557.0884410617136,-134.14853691436582,151.36634431312825,2569.814677742508,-125.61682524541222,-0.69347657033171,0.0,-0.7204791783257647,3.929013079667063,3.929013079667063
153.0216100579724,2545.6441107960964,-123.96155950056807,161.96325304116013,2557.0884410617136,-134.14853691436582,-0.69347657033171,0.0,-0.7204791783257647,3.929013079667063,3.929013079667063
161.96325304116013,2557.0884410617136,-134.14853691436582,170.90489602434786,2568.5327713273314,-144.33551432816358,-0.69347657033171,0.0,-0.7204791783257647,3.929013079667063,3.929013079667063
170.90489602434786,2568.5327713273314,-144.33551432816358,160.30798729631599,2581.2590080081254,-135.80380265920996,-0.69347657033171,0.0,-0.7204791783257647,3.929013079667063,3.929013079667063
160.30798729631599,2581.2590080081254,-135.80380265920996,149.7110785682841,2593.98524468892,-127.27209099025636,-0.69347657033171,0.0,-0.7204791783257647,3.929013079667063,3.929013079667063
151.36634431312825,2569.814677742508,-125.61682524541222,160.30798729631599,2581.2590080081254,-135.80380265920996,-0.69347657033171,0.0,-0.7204791783257647,3.929013079667063,3.929013079667063
160.30798729631599,2581.2590080081254,-135.80380265920996,169.24963027950372,2592.703338273743,-145.99078007300773,-0.69347657033171,0.0,-0.7204791783257647,3.929013079667063,3.929013079667063
169.24963027950372,2592.703338273743,-145.99078007300773,158.65272155147184,2605.429574954537,-137.4590684040541,-0.69347657033171,0.0,-0.7204791783257647,3.929013079667063,3.929013079667063
158.65272155147184,2605.429574954537,-137.4590684040541,148.05581282343996,2618.155811635332,-128.9273567351005,-0.69347657033171,0.0,-0.7204791783257647,3.929013079667063,3.929013079667063
149.7110785682841,2593.98524468892,-127.27209099025634,158.65272155147184,2605.429574954537,-137.4590684040541,-0.69347657033171,0.0,-0.7204791783257647,3.929013079667063,3.929013079667063
158.65272155147184,2605.429574954537,-137.4590684040541,167.59436453465958,2616.8739052201554,-147.64604581785187,-0.69347657033171,0.0,-0.7204791783257647,3.929013079667063,3.929013079667063
167.59436453465958,2616.8739052201554,-147.64604581785187,156.9974558066277,2629.6001419009494,-139.11433414889825,-0.69347657033171,0.0,-0.7204791783257647,3.929013079667063,3.929013079667063
156.9974558066277,2629.6001419009494,-139.11433414889825,146.40054707859582,2642.326378581744,-130.58262247994463,-0.69347657033171,0.0,-0.7204791783257647,3.929013079667063,3.929013079667063
148.05581282343996,2618.155811635332,-128.9273567351005,156.9974558066277,2629.6001419009494,-139.11433414889825,-0.69347657033171,0.0,-0.7204791783257647,3.929013079667063,3.929013079667063
156.9974558066277,2629.6001419009494,-139.11433414889825,165.93909878981543,2641.044472166567,-149.30131156269601,-0.69347657033171,0.0,-0.7204791783257647,3.929013079667063,3.929013079667063
165.93909878981543,2641.044472166567,-149.30131156269601,155.34219006178355,2653.770708847361,-140.7695998937424,-0.69347657033171,0.0,-0.7204791783257647,3.929013079667063,3.929013079667063
155.34219006178355,2653.770708847361,-140.7695998937424,144.74528133375168,2666.4969455281557,-132.23788822478878,-0.69347657033171,0.0,-0.7204791783257647,3.929013079667063,3.929013079667063
146.40054707859582,2642.326378581744,-130.58262247994463,155.34219006178355,2653.770708847361,-140.7695998937424,-0.69347657033171,0.0,-0.7204791783257647,3.929013079667063,3.929013079667063
155.34219006178355,2653.770708847361,-140.7695998937424,164.2838330449713,2665.215039112979,-150.95657730754016,-0.69347657033171,0.0,-0.7204791783257647,3.929013079667063,3.929013079667063
164.2838330449713,2665.215039112979,-150.95657730754016,153.6869243169394,2677.941275793773,-142.42486563858654,-0.69347657033171,0.0,-0.7204791783257647,3.929013079667063,3.929013079667063
153.6869243169394,2677.941275793773,-142.42486563858654,143.09001558890753,2690.6675124745675,-133.89315396963292,-0.69347657033171,0.0,-0.7204791783257647,3.929013079667063,3.929013079667063
144.74528133375168,2666.4969455281557,-132.23788822478878,153.6869243169394,2677.941275793773,-142.42486563858654,-0.69347657033171,0.0,-0.7204791783257647,3.929013079667063,3.929013079667063
153.6869243169394,2677.941275793773,-142.42486563858654,162.62856730012714,2689.3856060593907,-152.6118430523843,-0.69347657033171,0.0,-0.7204791783257647,3.929013079667063,3.929013079667063
162.62856730012714,2689.3856060593907,-152.6118430523843,152.0316585720953,2702.111842740185,-144.08013138343068,-0.69347657033171,0.0,-0.7204791783257647,3.929013079667063,3.929013079667063
152.0316585720953,2702.111842740185,-144.08013138343068,141.43474984406342,2714.8380794209793,-135.54841971447706,-0.69347657033171,0.0,-0.7204791783257647,3.929013079667063,3.929013079667063
143.09001558890753,2690.6675124745675,-133.89315396963292,152.0316585720953,2702.111842740185,-144.08013138343068,-0.69347657033171,0.0,-0.7204791783257647,3.929013079667063,3.929013079667063
152.0316585720953,2702.111842740185,-144.08013138343068,160.97330155528303,2713.5561730058025,-154.26710879722845,-0.69347657033171,0.0,-0.7204791783257647,3.929013079667063,3.929013079667063
160.973301555283,2713.5561730058025,-154.26710879722845,150.37639282725115,2726.2824096865966,-145.73539712827483,-0.69347657033171,0.0,-0.7204791783257647,3.929013079667063,3.929013079667063
150.37639282725115,2726.2824096865966,-145.73539712827483,139.77948409921927,2739.008646367391,-137.2036854593212,-0.69347657033171,0.0,-0.7204791783257647,3.929013079667063,3.929013079667063
141.4347498440634,2714.8380794209793,-135.54841971447706,150.37639282725115,2726.2824096865966,-145.73539712827483,-0.69347657033171,0.0,-0.7204791783257647,3.929013079667063,3.929013079667063
150.37639282725115,2726.2824096865966,-145.73539712827483,159.3180358104389,2737.7267399522143,-155.9223745420726,-0.69347657033171,0.0,-0.7204791783257647,3.929013079667063,3.929013079667063
159.3180358104389,2737.7267399522143,-155.9223745420726,148.721127082407,2750.452976633009,-147.39066287311897,-0.69347657033171,0.0,-0.7204791783257647,3.929013079667063,3.929013079667063
148.721127082407,2750.452976633009,-147.39066287311897,138.12421835437513,2763.1792133138033,-138.85895120416532,-0.69347657033171,0.0,-0.7204791783257647,3.929013079667063,3.929013079667063
139.77948409921927,2739.008646367391,-137.2036854593212,148.721127082407,2750.452976633009,-147.39066287311897,-0.69347657033171,0.0,-0.7204791783257647,3.929013079667063,3.929013079667063
148.721127082407,2750.452976633009,-147.39066287311897,157.66277006559474,2761.8973068986265,-157.5776402869167,-0.69347657033171,0.0,-0.7204791783257647,3.929013079667063,3.929013079667063
157.66277006559474,2761.8973068986265,-157.57764028691673,147.06586133756286,2774.6235435794206,-149.04592861796309,-0.69347657033171,0.0,-0.7204791783257647,3.929013079667063,3.929013079667063
147.06586133756286,2774.6235435794206,-149.04592861796309,136.468952609531,2787.349780260215,-140.51421694900947,-0.69347657033171,0.0,-0.7204791783257647,3.929013079667063,3.929013079667063
138.12421835437513,2763.1792133138033,-138.85895120416535,147.06586133756286,2774.6235435794206,-149.04592861796309,-0.69347657033171,0.0,-0.7204791783257647,3.929013079667063,3.929013079667063
147.06586133756286,2774.6235435794206,-149.04592861796309,156.0075043207506,2786.0678738450383,-159.23290603176085,-0.69347657033171,0.0,-0.7204791783257647,3.929013079667063,3.929013079667063
156.0075043207506,2786.0678738450383,-159.23290603176085,145.41059559271872,2798.7941105258324,-150.70119436280723,-0.69347657033171,0.0,-0.7204791783257647,3.929013079667063,3.929013079667063
145.41059559271872,2798.7941105258324,-150.70119436280723,134.81368686468684,2811.520347206627,-142.1694826938536,-0.69347657033171,0.0,-0.7204791783257647,3.929013079667063,3.929013079667063
136.468952609531,2787.349780260215,-140.51421694900947,145.41059559271872,2798.7941105258324,-150.70119436280723,-0.69347657033171,0.0,-0.7204791783257647,3.929013079667063,3.929013079667063
145.41059559271872,2798.7941105258324,-150.70119436280723,154.35223857590645,2810.23844079145,-160.888171776605,-0.69347657033171,0.0,-0.7204791783257647,3.929013079667063,3.929013079667063
154.35223857590645,2810.23844079145,-160.888171776605,143.75532984787458,2822.964677472244,-152.35646010765137,-0.69347657033171,0.0,-0.7204791783257647,3.929013079667063,3.929013079667063
143.75532984787458,2822.964677472244,-152.35646010765137,133.1584211198427,2835.6909141530386,-143.82474843869775,-0.69347657033171,0.0,-0.7204791783257647,3.929013079667063,3.929013079667063
134.81368686468684,2811.520347206627,-142.1694826938536,143.75532984787458,2822.964677472244,-152.35646010765137,-0.69347657033171,0.0,-0.7204791783257647,3.929013079667063,3.929013079667063
143.75532984787458,2822.964677472244,-152.35646010765137,152.6969728310623,2834.409007737862,-162.54343752144914,-0.69347657033171,0.0,-0.7204791783257647,3.929013079667063,3.929013079667063
152.6969728310623,2834.409007737862,-162.54343752144914,142.10006410303043,2847.135244418656,-154.01172585249552,-0.69347657033171,0.0,-0.7204791783257647,3.929013079667063,3.929013079667063
142.10006410303043,2847.135244418656,-154.01172585249552,131.50315537499856,2859.8614810994504,-145.4800141835419,-0.69347657033171,0.0,-0.7204791783257647,3.929013079667063,3.929013079667063
133.1584211198427,2835.6909141530386,-143.82474843869775,142.10006410303043,2847.135244418656,-154.01172585249552,-0.69347657033171,0.0,-0.7204791783257647,3.929013079667063,3.929013079667063
142.10006410303043,2847.135244418656,-154.01172585249552,151.04170708621817,2858.5795746842737,-164.19870326629328,-0.69347657033171,0.0,-0.7204791783257647,3.929013079667063,3.929013079667063
151.04170708621817,2858.5795746842737,-164.19870326629328,140.4447983581863,2871.3058113650677,-155.66699159733966,-0.69347657033171,0.0,-0.7204791783257647,3.929013079667063,3.929013079667063
140.4447983581863,2871.3058113650677,-155.66699159733966,129.84788963015444,2884.032048045862,-147.13527992838604,-0.69347657033171,0.0,-0.7204791783257647,3.929013079667063,3.929013079667063
131.50315537499856,2859.8614810994504,-145.4800141835419,140.4447983581863,2871.3058113650677,-155.66699159733966,-0.69347657033171,0.0,-0.7204791783257647,3.929013079667063,3.929013079667063
140.4447983581863,2871.3058113650677,-155.66699159733966,149.38644134137405,2882.7501416306854,-165.85396901113742,-0.69347657033171,0.0,-0.7204791783257647,3.929013079667063,3.929013079667063
149.38644134137405,2882.7501416306854,-165.85396901113742,138.78953261334215,2895.4763783114795,-157.3222573421838,-0.69347657033171,0.0,-0.7204791783257647,3.929013079667063,3.929013079667063
138.78953261334215,2895.4763783114795,-157.3222573421838,128.1926238853103,2908.202614992274,-148.79054567323018,-0.69347657033171,0.0,-0.7204791783257647,3.929013079667063,3.929013079667063
129.84788963015444,2884.032048045862,-147.13527992838604,138.78953261334215,2895.4763783114795,-157.3222573421838,-0.69347657033171,0.0,-0.7204791783257647,3.929013079667063,3.929013079667063
138.78953261334215,2895.4763783114795,-157.3222573421838,147.7311755965299,2906.9207085770972,-167.50923475598157,-0.69347657033171,0.0,-0.7204791783257647,3.929013079667063,3.929013079667063
147.7311755965299,2906.9207085770972,-167.50923475598154,137.13426686849803,2919.6469452578913,-158.97752308702795,-0.69347657033171,0.0,-0.7204791783257647,3.929013079667063,3.929013079667063
137.13426686849803,2919.6469452578913,-158.97752308702795,126.53735814046615,2932.3731819386862,-150.4458114180743,-0.69347657033171,0.0,-0.7204791783257647,3.929013079667063,3.929013079667063
128.1926238853103,2908.202614992274,-148.79054567323016,137.13426686849803,2919.6469452578913,-158.97752308702795,-0.69347657033171,0.0,-0.7204791783257647,3.929013079667063,3.929013079667063
137.13426686849803,2919.6469452578913,-158.97752308702795,146.07590985168576,2931.0912755235095,-169.16450050082568,-0.69347657033171,0.0,-0.7204791783257647,3.929013079667063,3.929013079667063
146.07590985168576,2931.0912755235095,-169.16450050082568,135.47900112365386,2943.8175122043035,-160.6327888318721,-0.69347657033171,0.0,-0.7204791783257647,3.929013079667063,3.929013079667063
135.47900112365386,2943.8175122043035,-160.6327888318721,124.88209239562201,2956.543748885098,-152.10107716291847,-0.69347657033171,0.0,-0.7204791783257647,3.929013079667063,3.929013079667063
126.53735814046615,2932.3731819386862,-150.4458114180743,135.47900112365386,2943.8175122043035,-160.6327888318721,-0.69347657033171,0.0,-0.7204791783257647,3.929013079667063,3.929013079667063
135.47900112365386,2943.8175122043035,-160.6327888318721,144.42064410684162,2955.2618424699212,-170.81976624566985,-0.69347657033171,0.0,-0.7204791783257647,3.929013079667063,3.929013079667063
144.42064410684162,2955.2618424699212,-170.81976624566983,133.82373537880974,2967.9880791507153,-162.28805457671623,-0.69347657033171,0.0,-0.7204791783257647,3.929013079667063,3.929013079667063
133.82373537880974,2967.9880791507153,-162.28805457671623,123.22682665077787,2980.71431583151,-153.7563429077626,-0.69347657033171,0.0,-0.7204791783257647,3.929013079667063,3.929013079667063
124.88209239562201,2956.543748885098,-152.10107716291844,133.82373537880974,2967.9880791507153,-162.28805457671623,-0.69347657033171,0.0,-0.7204791783257647,3.929013079667063,3.929013079667063
133.82373537880974,2967.9880791507153,-162.28805457671623,142.76537836199748,2979.432409416333,-172.47503199051397,-0.69347657033171,0.0,-0.7204791783257647,3.929013079667063,3.929013079667063
142.76537836199748,2979.432409416333,-172.47503199051397,132.1684696339656,2992.158646097127,-163.94332032156038,-0.69347657033171,0.0,-0.7204791783257647,3.929013079667063,3.929013079667063
132.1684696339656,2992.158646097127,-163.94332032156038,121.57156090593372,3004.8848827779216,-155.41160865260673,-0.69347657033171,0.0,-0.7204791783257647,3.929013079667063,3.929013079667063
123.22682665077787,2980.71431583151,-153.7563429077626,132.1684696339656,2992.158646097127,-163.94332032156038,-0.69347657033171,0.0,-0.7204791783257647,3.929013079667063,3.929013079667063
132.1684696339656,2992.158646097127,-163.94332032156038,141.11011261715333,3003.602976362745,-174.1302977353581,-0.69347657033171,0.0,-0.7204791783257647,3.929013079667063,3.929013079667063
141.11011261715333,3003.602976362745,-174.1302977353581,130.51320388912146,3016.329213043539,-165.5985860664045,-0.69347657033171,0.0,-0.7204791783257647,3.929013079667063,3.929013079667063
130.51320388912146,3016.329213043539,-165.5985860664045,119.91629516108958,3029.055449724334,-157.06687439745087,-0.69347657033171,0.0,-0.7204791783257647,3.929013079667063,3.929013079667063
121.57156090593372,3004.8848827779216,-155.41160865260673,130.51320388912146,3016.329213043539,-165.5985860664045,-0.69347657033171,0.0,-0.7204791783257647,3.929013079667063,3.929013079667063
130.51320388912146,3016.329213043539,-165.5985860664045,139.4548468723092,3027.773543309157,-175.78556348020226,-0.69347657033171,0.0,-0.7204791783257647,3.929013079667063,3.929013079667063
139.4548468723092,3027.7735433091566,-175.78556348020226,128.8579381442773,3040.4997799899506,-167.25385181124864,-0.69347657033171,0.0,-0.7204791783257647,3.929013079667063,3.929013079667063
128.8579381442773,3040.4997799899506,-167.25385181124864,118.26102941624544,3053.2260166707456,-158.72214014229502,-0.69347657033171,0.0,-0.7204791783257647,3.929013079667063,3.929013079667063
119.91629516108958,3029.0554497243334,-157.06687439745087,128.8579381442773,3040.4997799899506,-167.25385181124864,-0.69347657033171,0.0,-0.7204791783257647,3.929013079667063,3.929013079667063
128.8579381442773,3040.4997799899506,-167.25385181124864,137.79958112746505,3051.944110255569,-177.4408292250464,-0.69347657033171,0.0,-0.7204791783257647,3.929013079667063,3.929013079667063
137.79958112746505,3051.944110255569,-177.4408292250464,127.20267239943317,3064.670346936363,-168.90911755609278,-0.69347657033171,0.0,-0.7204791783257647,3.929013079667063,3.929013079667063
127.20267239943317,3064.670346936363,-168.90911755609278,116.60576367140129,3077.3965836171574,-160.37740588713916,-0.69347657033171,0.0,-0.7204791783257647,3.929013079667063,3.929013079667063
118.26102941624544,3053.2260166707456,-158.72214014229502,127.20267239943317,3064.670346936363,-168.90911755609278,-0.69347657033171,0.0,-0.7204791783257647,3.929013079667063,3.929013079667063
127.20267239943317,3064.670346936363,-168.90911755609278,136.1443153826209,3076.1146772019806,-179.09609496989054,-0.69347657033171,0.0,-0.7204791783257647,3.929013079667063,3.929013079667063
136.1443153826209,3076.1146772019806,-179.09609496989054,125.54740665458903,3088.8409138827747,-170.56438330093692,-0.69347657033171,0.0,-0.7204791783257647,3.929013079667063,3.929013079667063
125.54740665458903,3088.8409138827747,-170.56438330093692,114.95049792655715,3101.567150563569,-162.0326716319833,-0.69347657033171,0.0,-0.7204791783257647,3.929013079667063,3.929013079667063
116.60576367140129,3077.3965836171574,-160.37740588713916,125.54740665458903,3088.8409138827747,-170.56438330093692,-0.69347657033171,0.0,-0.7204791783257647,3.929013079667063,3.929013079667063
125.54740665458903,3088.8409138827747,-170.56438330093692,134.48904963777676,3100.2852441483924,-180.7513607147347,-0.69347657033171,0.0,-0.7204791783257647,3.929013079667063,3.929013079667063
134.48904963777676,3100.2852441483924,-180.7513607147347,123.89214090974488,3113.0114808291864,-172.21964904578107,-0.69347657033171,0.0,-0.7204791783257647,3.929013079667063,3.929013079667063
123.89214090974488,3113.0114808291864,-172.21964904578107,113.295232181713,3125.737717509981,-163.68793737682745,-0.69347657033171,0.0,-0.7204791783257647,3.929013079667063,3.929013079667063
114.95049792655715,3101.567150563569,-162.0326716319833,123.89214090974488,3113.0114808291864,-172.21964904578107,-0.69347657033171,0.0,-0.7204791783257647,3.929013079667063,3.929013079667063
123.89214090974488,3113.0114808291864,-172.21964904578107,132.83378389293262,3124.455811094804,-182.40662645957883,-0.69347657033171,0.0,-0.7204791783257647,3.929013079667063,3.929013079667063
132.83378389293262,3124.455811094804,-182.40662645957883,122.23687516490077,3137.182047775598,-173.8749147906252,-0.69347657033171,0.0,-0.7204791783257647,3.929013079667063,3.929013079667063
122.23687516490077,3137.182047775598,-173.8749147906252,111.63996643686886,3149.9082844563927,-165.3432031216716,-0.69347657033171,0.0,-0.7204791783257647,3.929013079667063,3.929013079667063
113.295232181713,3125.737717509981,-163.68793737682745,122.23687516490077,3137.182047775598,-173.8749147906252,-0.69347657033171,0.0,-0.7204791783257647,3.929013079667063,3.929013079667063
122.23687516490077,3137.182047775598,-173.8749147906252,131.17851814808847,3148.626378041216,-184.06189220442297,-0.69347657033171,0.0,-0.7204791783257647,3.929013079667063,3.929013079667063
131.1785181480885,3148.626378041216,-184.06189220442297,120.58160942005662,3161.35261472201,-175.53018053546933,-0.69347657033171,0.0,-0.7204791783257647,3.929013079667063,3.929013079667063
120.58160942005662,3161.35261472201,-175.53018053546933,109.98470069202475,3174.0788514028045,-166.99846886651574,-0.69347657033171,0.0,-0.7204791783257647,3.929013079667063,3.929013079667063
111.63996643686889,3149.9082844563927,-165.3432031216716,120.58160942005662,3161.35261472201,-175.53018053546933,-0.69347657033171,0.0,-0.7204791783257647,3.929013079667063,3.929013079667063
120.58160942005662,3161.35261472201,-175.53018053546933,129.52325240324436,3172.7969449876277,-185.71715794926712,-0.69347657033171,0.0,-0.7204791783257647,3.929013079667063,3.929013079667063
129.52325240324436,3172.7969449876277,-185.71715794926712,118.92634367521248,3185.523181668422,-177.18544628031347,-0.69347657033171,0.0,-0.7204791783257647,3.929013079667063,3.929013079667063
118.92634367521248,3185.523181668422,-177.18544628031347,108.32943494718057,3198.2494183492163,-168.65373461135988,-0.69347657033171,0.0,-0.7204791783257647,3.929013079667063,3.929013079667063
109.98470069202475,3174.0788514028045,-166.99846886651574,118.92634367521248,3185.523181668422,-177.18544628031347,-0.69347657033171,0.0,-0.7204791783257647,3.929013079667063,3.929013079667063
118.92634367521248,3185.523181668422,-177.18544628031347,127.8679866584002,3196.9675119340395,-187.37242369411126,-0.69347657033171,0.0,-0.7204791783257647,3.929013079667063,3.929013079667063
127.86798665840021,3196.9675119340395,-187.37242369411123,117.27107793036834,3209.6937486148336,-178.84071202515761,-0.69347657033171,0.0,-0.7204791783257647,3.929013079667063,3.929013079667063
117.27107793036834,3209.6937486148336,-178.84071202515761,106.67416920233646,3222.4199852956285,-170.309000356204,-0.69347657033171,0.0,-0.7204791783257647,3.929013079667063,3.929013079667063
108.3294349471806,3198.2494183492163,-168.65373461135985,117.27107793036834,3209.6937486148336,-178.84071202515761,-0.69347657033171,0.0,-0.7204791783257647,3.929013079667063,3.929013079667063
117.27107793036834,3209.6937486148336,-178.84071202515761,126.21272091355607,3221.1380788804518,-189.02768943895538,-0.69347657033171,0.0,-0.7204791783257647,3.929013079667063,3.929013079667063
126.21272091355607,3221.1380788804518,-189.02768943895538,115.61581218552419,3233.864315561246,-180.49597777000176,-0.69347657033171,0.0,-0.7204791783257647,3.929013079667063,3.929013079667063
115.61581218552419,3233.864315561246,-180.49597777000176,105.01890345749231,3246.5905522420403,-171.96426610104814,-0.69347657033171,0.0,-0.7204791783257647,3.929013079667063,3.929013079667063
106.67416920233646,3222.4199852956285,-170.309000356204,115.61581218552419,3233.864315561246,-180.49597777000176,-0.69347657033171,0.0,-0.7204791783257647,3.929013079667063,3.929013079667063
115.61581218552419,3233.864315561246,-180.49597777000176,124.55745516871193,3245.3086458268635,-190.68295518379952,-0.69347657033171,0.0,-0.7204791783257647,3.929013079667063,3.929013079667063
124.55745516871193,3245.3086458268635,-190.68295518379952,113.96054644068005,3258.0348825076576,-182.1512435148459,-0.69347657033171,0.0,-0.7204791783257647,3.929013079667063,3.929013079667063
113.96054644068005,3258.0348825076576,-182.1512435148459,103.36363771264817,3270.761119188452,-173.61953184589228,-0.69347657033171,0.0,-0.7204791783257647,3.929013079667063,3.929013079667063
105.01890345749231,3246.5905522420403,-171.96426610104814,113.96054644068005,3258.0348825076576,-182.1512435148459,-0.69347657033171,0.0,-0.7204791783257647,3.929013079667063,3.929013079667063
113.96054644068005,3258.0348825076576,-182.1512435148459,122.90218942386778,3269.4792127732753,-192.33822092864366,-0.69347657033171,0.0,-0.7204791783257647,3.929013079667063,3.929013079667063
122.90218942386778,3269.4792127732753,-192.33822092864366,112.3052806958359,3282.2054494540694,-183.80650925969005,-0.69347657033171,0.0,-0.7204791783257647,3.929013079667063,3.929013079667063
112.3052806958359,3282.2054494540694,-183.80650925969005,101.70837196780403,3294.931686134864,-175.27479759073643,-0.69347657033171,0.0,-0.7204791783257647,3.929013079667063,3.929013079667063
103.36363771264817,3270.761119188452,-173.61953184589228,112.3052806958359,3282.2054494540694,-183.80650925969005,-0.69347657033171,0.0,-0.7204791783257647,3.929013079667063,3.929013079667063
112.3052806958359,3282.2054494540694,-183.80650925969005,121.24692367902364,3293.649779719687,-193.9934866734878,-0.69347657033171,0.0,-0.7204791783257647,3.929013079667063,3.929013079667063
121.24692367902364,3293.649779719687,-193.9934866734878,110.65001495099176,3306.376016400481,-185.4617750045342,-0.69347657033171,0.0,-0.7204791783257647,3.929013079667063,3.929013079667063
110.65001495099176,3306.376016400481,-185.4617750045342,100.05310622295988,3319.102253081276,-176.93006333558057,-0.69347657033171,0.0,-0.7204791783257647,3.929013079667063,3.929013079667063
101.70837196780403,3294.931686134864,-175.27479759073643,110.65001495099176,3306.376016400481,-185.4617750045342,-0.69347657033171,0.0,-0.7204791783257647,3.929013079667063,3.929013079667063
110.65001495099176,3306.376016400481,-185.4617750045342,119.5916579341795,3317.8203466660993,-195.64875241833195,-0.69347657033171,0.0,-0.7204791783257647,3.929013079667063,3.929013079667063
119.59165793417951,3317.820346666099,-195.64875241833192,108.99474920614762,3330.546583346893,-187.11704074937833,-0.69347657033171,0.0,-0.7204791783257647,3.929013079667063,3.929013079667063
108.99474920614762,3330.546583346893,-187.11704074937833,98.39784047811574,3343.2728200276874,-178.58532908042469,-0.69347657033171,0.0,-0.7204791783257647,3.929013079667063,3.929013079667063
100.05310622295988,3319.1022530812756,-176.93006333558054,108.99474920614762,3330.546583346893,-187.11704074937833,-0.69347657033171,0.0,-0.7204791783257647,3.929013079667063,3.929013079667063
108.99474920614762,3330.546583346893,-187.11704074937833,117.93639218933536,3341.9909136125107,-197.30401816317607,-0.69347657033171,0.0,-0.7204791783257647,3.929013079667063,3.929013079667063
117.93639218933536,3341.9909136125107,-197.30401816317607,107.33948346130347,3354.717150293305,-188.77230649422248,-0.69347657033171,0.0,-0.7204791783257647,3.929013079667063,3.929013079667063
107.33948346130347,3354.717150293305,-188.77230649422248,96.7425747332716,3367.4433869740997,-180.24059482526883,-0.69347657033171,0.0,-0.7204791783257647,3.929013079667063,3.929013079667063
98.39784047811574,3343.2728200276874,-178.58532908042469,107.33948346130347,3354.717150293305,-188.77230649422248,-0.69347657033171,0.0,-0.7204791783257647,3.929013079667063,3.929013079667063
107.33948346130347,3354.717150293305,-188.77230649422248,116.28112644449122,3366.161480558923,-198.9592839080202,-0.69347657033171,0.0,-0.7204791783257647,3.929013079667063,3.929013079667063
116.28112644449122,3366.161480558923,-198.9592839080202,105.68421771645933,3378.887717239717,-190.42757223906662,-0.69347657033171,0.0,-0.7204791783257647,3.929013079667063,3.929013079667063
105.68421771645933,3378.887717239717,-190.42757223906662,95.08730898842748,3391.6139539205114,-181.89586057011297,-0.69347657033171,0.0,-0.7204791783257647,3.929013079667063,3.929013079667063
96.7425747332716,3367.4433869740997,-180.24059482526883,105.68421771645933,3378.887717239717,-190.42757223906662,-0.69347657033171,0.0,-0.7204791783257647,3.929013079667063,3.929013079667063
105.68421771645933,3378.887717239717,-190.42757223906662,114.62586069964709,3390.3320475053347,-200.61454965286435,-0.69347657033171,0.0,-0.7204791783257647,3.929013079667063,3.929013079667063
114.62586069964709,3390.3320475053347,-200.61454965286435,104.02895197161521,3403.0582841861287,-192.08283798391074,-0.69347657033171,0.0,-0.7204791783257647,3.929013079667063,3.929013079667063
104.02895197161521,3403.0582841861287,-192.08283798391074,93.43204324358334,3415.7845208669232,-183.55112631495712,-0.69347657033171,0.0,-0.7204791783257647,3.929013079667063,3.929013079667063
95.08730898842748,3391.6139539205114,-181.89586057011297,104.02895197161521,3403.0582841861287,-192.08283798391074,-0.69347657033171,0.0,-0.7204791783257647,3.929013079667063,3.929013079667063
104.02895197161521,3403.0582841861287,-192.08283798391074,112.97059495480295,3414.5026144517465,-202.2698153977085,-0.69347657033171,0.0,-0.7204791783257647,3.929013079667063,3.929013079667063
112.97059495480295,3414.5026144517465,-202.2698153977085,102.37368622677107,3427.2288511325405,-193.73810372875488,-0.69347657033171,0.0,-0.7204791783257647,3.929013079667063,3.929013079667063
102.37368622677107,3427.2288511325405,-193.73810372875488,91.7767774987392,3439.955087813335,-185.20639205980126,-0.69347657033171,0.0,-0.7204791783257647,3.929013079667063,3.929013079667063
93.43204324358334,3415.7845208669232,-183.55112631495712,102.37368622677107,3427.2288511325405,-193.73810372875488,-0.69347657033171,0.0,-0.7204791783257647,3.929013079667063,3.929013079667063
102.37368622677107,3427.2288511325405,-193.73810372875488,111.3153292099588,3438.6731813981582,-203.92508114255264,-0.69347657033171,0.0,-0.7204791783257647,3.929013079667063,3.929013079667063
111.3153292099588,3438.6731813981582,-203.92508114255264,100.71842048192693,3451.3994180789523,-195.39336947359902,-0.69347657033171,0.0,-0.7204791783257647,3.929013079667063,3.929013079667063
100.71842048192693,3451.3994180789523,-195.39336947359902,90.12151175389505,3464.125654759747,-186.8616578046454,-0.69347657033171,0.0,-0.7204791783257647,3.929013079667063,3.929013079667063
91.7767774987392,3439.955087813335,-185.20639205980126,100.71842048192693,3451.3994180789523,-195.39336947359902,-0.69347657033171,0.0,-0.7204791783257647,3.929013079667063,3.929013079667063
100.71842048192693,3451.3994180789523,-195.39336947359902,109.66006346511466,3462.84374834457,-205.5803468873968,-0.69347657033171,0.0,-0.7204791783257647,3.929013079667063,3.929013079667063
205.34083943916474,2352.2795752248016,-110.71943354181495,194.74393071113286,2363.723905490419,-120.90641095561271,0.69347657033171,0.0,-0.7204791783257647,3.929013079667063,3.929013079667063
194.74393071113286,2363.723905490419,-120.90641095561271,184.14702198310098,2375.1682357560367,-131.0933883694105,0.69347657033171,0.0,-0.7204791783257647,3.929013079667063,3.929013079667063
185.80228772794513,2350.997668809625,-129.43812262456635,194.74393071113286,2363.723905490419,-120.90641095561271,0.69347657033171,0.0,-0.7204791783257647,3.929013079667063,3.929013079667063
194.74393071113286,2363.723905490419,-120.90641095561271,203.6855736943206,2376.4501421712134,-112.3746992866591,0.69347657033171,0.0,-0.7204791783257647,3.929013079667063,3.929013079667063
203.6855736943206,2376.4501421712134,-112.3746992866591,193.08866496628872,2387.8944724368307,-122.56167670045684,0.69347657033171,0.0,-0.7204791783257647,3.929013079667063,3.929013079667063
193.08866496628872,2387.8944724368307,-122.56167670045684,182.49175623825684,2399.3388027024484,-132.7486541142546,0.69347657033171,0.0,-0.7204791783257647,3.929013079667063,3.929013079667063
184.14702198310098,2375.1682357560367,-131.0933883694105,193.08866496628872,2387.8944724368307,-122.56167670045684,0.69347657033171,0.0,-0.7204791783257647,3.929013079667063,3.929013079667063
193.08866496628872,2387.8944724368307,-122.56167670045684,202.03030794947645,2400.620709117625,-114.02996503150322,0.69347657033171,0.0,-0.7204791783257647,3.929013079667063,3.929013079667063
202.03030794947645,2400.620709117625,-114.02996503150322,191.43339922144457,2412.0650393832425,-124.21694244530099,0.69347657033171,0.0,-0.7204791783257647,3.929013079667063,3.929013079667063
191.43339922144457,2412.0650393832425,-124.21694244530099,180.8364904934127,2423.5093696488602,-134.40391985909875,0.69347657033171,0.0,-0.7204791783257647,3.929013079667063,3.929013079667063
182.49175623825684,2399.3388027024484,-132.7486541142546,191.43339922144457,2412.0650393832425,-124.21694244530099,0.69347657033171,0.0,-0.7204791783257647,3.929013079667063,3.929013079667063
191.43339922144457,2412.0650393832425,-124.21694244530099,200.3750422046323,2424.791276064037,-115.68523077634737,0.69347657033171,0.0,-0.7204791783257647,3.929013079667063,3.929013079667063
200.3750422046323,2424.791276064037,-115.68523077634737,189.77813347660043,2436.2356063296543,-125.87220819014513,0.69347657033171,0.0,-0.7204791783257647,3.929013079667063,3.929013079667063
189.77813347660043,2436.2356063296543,-125.87220819014513,179.18122474856858,2447.679936595272,-136.0591856039429,0.69347657033171,0.0,-0.7204791783257647,3.929013079667063,3.929013079667063
180.8364904934127,2423.5093696488602,-134.40391985909875,189.77813347660043,2436.2356063296543,-125.87220819014513,0.69347657033171,0.0,-0.7204791783257647,3.929013079667063,3.929013079667063
189.77813347660043,2436.2356063296543,-125.87220819014513,198.7197764597882,2448.961843010449,-117.34049652119151,0.69347657033171,0.0,-0.7204791783257647,3.929013079667063,3.929013079667063
198.7197764597882,2448.961843010449,-117.34049652119151,188.12286773175632,2460.406173276066,-127.52747393498927,0.69347657033171,0.0,-0.7204791783257647,3.929013079667063,3.929013079667063
188.12286773175632,2460.406173276066,-127.52747393498927,177.52595900372444,2471.8505035416842,-137.71445134878704,0.69347657033171,0.0,-0.7204791783257647,3.929013079667063,3.929013079667063
179.18122474856858,2447.679936595272,-136.0591856039429,188.12286773175632,2460.406173276066,-127.52747393498927,0.69347657033171,0.0,-0.7204791783257647,3.929013079667063,3.929013079667063
188.12286773175632,2460.406173276066,-127.52747393498927,197.06451071494405,2473.132409956861,-118.99576226603565,0.69347657033171,0.0,-0.7204791783257647,3.929013079667063,3.929013079667063
197.06451071494405,2473.132409956861,-118.99576226603565,186.46760198691217,2484.5767402224783,-129.18273967983342,0.69347657033171,0.0,-0.7204791783257647,3.929013079667063,3.929013079667063
186.46760198691217,2484.5767402224783,-129.18273967983342,175.8706932588803,2496.021070488096,-139.36971709363115,0.69347657033171,0.0,-0.7204791783257647,3.929013079667063,3.929013079667063
177.52595900372444,2471.8505035416842,-137.71445134878704,186.46760198691217,2484.5767402224783,-129.18273967983342,0.69347657033171,0.0,-0.7204791783257647,3.929013079667063,3.929013079667063
186.46760198691217,2484.5767402224783,-129.18273967983342,195.4092449700999,2497.302976903273,-120.65102801087978,0.69347657033171,0.0,-0.7204791783257647,3.929013079667063,3.929013079667063
195.4092449700999,2497.302976903273,-120.65102801087978,184.81233624206803,2508.74730716889,-130.83800542467756,0.69347657033171,0.0,-0.7204791783257647,3.929013079667063,3.929013079667063
184.81233624206803,2508.74730716889,-130.83800542467756,174.21542751403615,2520.191637434508,-141.0249828384753,0.69347657033171,0.0,-0.7204791783257647,3.929013079667063,3.929013079667063
175.8706932588803,2496.021070488096,-139.36971709363115,184.81233624206803,2508.74730716889,-130.83800542467756,0.69347657033171,0.0,-0.7204791783257647,3.929013079667063,3.929013079667063
184.81233624206803,2508.74730716889,-130.83800542467756,193.75397922525576,2521.4735438496846,-122.30629375572393,0.69347657033171,0.0,-0.7204791783257647,3.929013079667063,3.929013079667063
193.75397922525576,2521.4735438496846,-122.30629375572393,183.15707049722388,2532.917874115302,-132.4932711695217,0.69347657033171,0.0,-0.7204791783257647,3.929013079667063,3.929013079667063
183.15707049722388,2532.917874115302,-132.4932711695217,172.560161769192,2544.3622043809196,-142.68024858331944,0.69347657033171,0.0,-0.7204791783257647,3.929013079667063,3.929013079667063
174.21542751403615,2520.191637434508,-141.0249828384753,183.15707049722388,2532.917874115302,-132.4932711695217,0.69347657033171,0.0,-0.7204791783257647,3.929013079667063,3.929013079667063
183.15707049722388,2532.917874115302,-132.4932711695217,192.09871348041162,2545.6441107960964,-123.96155950056807,0.69347657033171,0.0,-0.7204791783257647,3.929013079667063,3.929013079667063
192.09871348041162,2545.6441107960964,-123.96155950056807,181.50180475237974,2557.0884410617136,-134.14853691436585,0.69347657033171,0.0,-0.7204791783257647,3.929013079667063,3.929013079667063
181.50180475237974,2557.0884410617136,-134.14853691436585,170.90489602434786,2568.5327713273314,-144.33551432816358,0.69347657033171,0.0,-0.7204791783257647,3.929013079667063,3.929013079667063
172.560161769192,2544.3622043809196,-142.68024858331944,181.50180475237974,2557.0884410617136,-134.14853691436585,0.69347657033171,0.0,-0.7204791783257647,3.929013079667063,3.929013079667063
181.50180475237974,2557.0884410617136,-134.14853691436585,190.44344773556747,2569.814677742508,-125.61682524541222,0.69347657033171,0.0,-0.7204791783257647,3.929013079667063,3.929013079667063
190.44344773556747,2569.814677742508,-125.61682524541222,179.8465390075356,2581.2590080081254,-135.80380265921,0.69347657033171,0.0,-0.7204791783257647,3.929013079667063,3.929013079667063
179.8465390075356,2581.2590080081254,-135.80380265921,169.24963027950372,2592.703338273743,-145.99078007300773,0.69347657033171,0.0,-0.7204791783257647,3.929013079667063,3.929013079667063
170.90489602434786,2568.5327713273314,-144.33551432816358,179.8465390075356,2581.2590080081254,-135.80380265921,0.69347657033171,0.0,-0.7204791783257647,3.929013079667063,3.929013079667063
179.8465390075356,2581.2590080081254,-135.80380265921,188.78818199072333,2593.98524468892,-127.27209099025636,0.69347657033171,0.0,-0.7204791783257647,3.929013079667063,3.929013079667063
188.78818199072333,2593.98524468892,-127.27209099025634,178.19127326269145,2605.429574954537,-137.4590684040541,0.69347657033171,0.0,-0.7204791783257647,3.929013079667063,3.929013079667063
178.19127326269145,2605.429574954537,-137.4590684040541,167.59436453465958,2616.8739052201554,-147.64604581785187,0.69347657033171,0.0,-0.7204791783257647,3.929013079667063,3.929013079667063
169.24963027950372,2592.703338273743,-145.99078007300773,178.19127326269145,2605.429574954537,-137.4590684040541,0.69347657033171,0.0,-0.7204791783257647,3.929013079667063,3.929013079667063
178.19127326269145,2605.429574954537,-137.4590684040541,187.1329162458792,2618.155811635332,-128.9273567351005,0.69347657033171,0.0,-0.7204791783257647,3.929013079667063,3.929013079667063
187.1329162458792,2618.155811635332,-128.9273567351005,176.5360075178473,2629.6001419009494,-139.11433414889825,0.69347657033171,0.0,-0.7204791783257647,3.929013079667063,3.929013079667063
176.5360075178473,2629.6001419009494,-139.11433414889825,165.93909878981543,2641.044472166567,-149.30131156269601,0.69347657033171,0.0,-0.7204791783257647,3.929013079667063,3.929013079667063
167.59436453465958,2616.8739052201554,-147.64604581785187,176.5360075178473,2629.6001419009494,-139.11433414889825,0.69347657033171,0.0,-0.7204791783257647,3.929013079667063,3.929013079667063
176.5360075178473,2629.6001419009494,-139.11433414889825,185.47765050103504,2642.326378581744,-130.58262247994463,0.69347657033171,0.0,-0.7204791783257647,3.929013079667063,3.929013079667063
185.47765050103504,2642.326378581744,-130.58262247994463,174.88074177300317,2653.770708847361,-140.7695998937424,0.69347657033171,0.0,-0.7204791783257647,3.929013079667063,3.929013079667063
174.88074177300317,2653.770708847361,-140.7695998937424,164.2838330449713,2665.215039112979,-150.95657730754016,0.69347657033171,0.0,-0.7204791783257647,3.929013079667063,3.929013079667063
165.93909878981543,2641.044472166567,-149.30131156269601,174.88074177300317,2653.770708847361,-140.7695998937424,0.69347657033171,0.0,-0.7204791783257647,3.929013079667063,3.929013079667063
174.88074177300317,2653.770708847361,-140.7695998937424,183.8223847561909,2666.4969455281557,-132.23788822478878,0.69347657033171,0.0,-0.7204791783257647,3.929013079667063,3.929013079667063
183.8223847561909,2666.4969455281557,-132.23788822478878,173.22547602815902,2677.941275793773,-142.42486563858654,0.69347657033171,0.0,-0.7204791783257647,3.929013079667063,3.929013079667063
173.22547602815902,2677.941275793773,-142.42486563858654,162.62856730012714,2689.3856060593907,-152.6118430523843,0.69347657033171,0.0,-0.7204791783257647,3.929013079667063,3.929013079667063
164.2838330449713,2665.215039112979,-150.95657730754016,173.22547602815902,2677.941275793773,-142.42486563858654,0.69347657033171,0.0,-0.7204791783257647,3.929013079667063,3.929013079667063
173.22547602815902,2677.941275793773,-142.42486563858654,182.16711901134676,2690.6675124745675,-133.89315396963292,0.69347657033171,0.0,-0.7204791783257647,3.929013079667063,3.929013079667063
182.16711901134676,2690.6675124745675,-133.89315396963292,171.5702102833149,2702.111842740185,-144.08013138343068,0.69347657033171,0.0,-0.7204791783257647,3.929013079667063,3.929013079667063
171.5702102833149,2702.111842740185,-144.08013138343068,160.97330155528303,2713.5561730058025,-154.26710879722845,0.69347657033171,0.0,-0.7204791783257647,3.929013079667063,3.929013079667063
162.62856730012714,2689.3856060593907,-152.6118430523843,171.5702102833149,2702.111842740185,-144.08013138343068,0.69347657033171,0.0,-0.7204791783257647,3.929013079667063,3.929013079667063
171.5702102833149,2702.111842740185,-144.08013138343068,180.51185326650264,2714.8380794209793,-135.54841971447706,0.69347657033171,0.0,-0.7204791783257647,3.929013079667063,3.929013079667063
180.5118532665026,2714.8380794209793,-135.54841971447706,169.91494453847076,2726.2824096865966,-145.73539712827483,0.69347657033171,0.0,-0.7204791783257647,3.929013079667063,3.929013079667063
169.91494453847076,2726.2824096865966,-145.73539712827483,159.3180358104389,2737.7267399522143,-155.9223745420726,0.69347657033171,0.0,-0.7204791783257647,3.929013079667063,3.929013079667063
160.973301555283,2713.5561730058025,-154.26710879722845,169.91494453847076,2726.2824096865966,-145.73539712827483,0.69347657033171,0.0,-0.7204791783257647,3.929013079667063,3.929013079667063
169.91494453847076,2726.2824096865966,-145.73539712827483,178.8565875216585,2739.008646367391,-137.2036854593212,0.69347657033171,0.0,-0.7204791783257647,3.929013079667063,3.929013079667063
178.8565875216585,2739.008646367391,-137.2036854593212,168.25967879362662,2750.452976633009,-147.39066287311897,0.69347657033171,0.0,-0.7204791783257647,3.929013079667063,3.929013079667063
168.25967879362662,2750.452976633009,-147.39066287311897,157.66277006559474,2761.8973068986265,-157.5776402869167,0.69347657033171,0.0,-0.7204791783257647,3.929013079667063,3.929013079667063
159.3180358104389,2737.7267399522143,-155.9223745420726,168.25967879362662,2750.452976633009,-147.39066287311897,0.69347657033171,0.0,-0.7204791783257647,3.929013079667063,3.929013079667063
168.25967879362662,2750.452976633009,-147.39066287311897,177.20132177681435,2763.1792133138033,-138.85895120416532,0.69347657033171,0.0,-0.7204791783257647,3.929013079667063,3.929013079667063
177.20132177681435,2763.1792133138033,-138.85895120416535,166.60441304878248,2774.6235435794206,-149.04592861796309,0.69347657033171,0.0,-0.7204791783257647,3.929013079667063,3.929013079667063
166.60441304878248,2774.6235435794206,-149.04592861796309,156.0075043207506,2786.0678738450383,-159.23290603176085,0.69347657033171,0.0,-0.7204791783257647,3.929013079667063,3.929013079667063
157.66277006559474,2761.8973068986265,-157.57764028691673,166.60441304878248,2774.6235435794206,-149.04592861796309,0.69347657033171,0.0,-0.7204791783257647,3.929013079667063,3.929013079667063
166.60441304878248,2774.6235435794206,-149.04592861796309,175.5460560319702,2787.349780260215,-140.51421694900947,0.69347657033171,0.0,-0.7204791783257647,3.929013079667063,3.929013079667063
175.5460560319702,2787.349780260215,-140.51421694900947,164.94914730393833,2798.7941105258324,-150.70119436280723,0.69347657033171,0.0,-0.7204791783257647,3.929013079667063,3.929013079667063
164.94914730393833,2798.7941105258324,-150.70119436280723,154.35223857590645,2810.23844079145,-160.888171776605,0.69347657033171,0.0,-0.7204791783257647,3.929013079667063,3.929013079667063
156.0075043207506,2786.0678738450383,-159.23290603176085,164.94914730393833,2798.7941105258324,-150.70119436280723,0.69347657033171,0.0,-0.7204791783257647,3.929013079667063,3.929013079667063
164.94914730393833,2798.7941105258324,-150.70119436280723,173.89079028712607,2811.520347206627,-142.1694826938536,0.69347657033171,0.0,-0.7204791783257647,3.929013079667063,3.929013079667063
173.89079028712607,2811.520347206627,-142.1694826938536,163.2938815590942,2822.964677472244,-152.35646010765137,0.69347657033171,0.0,-0.7204791783257647,3.929013079667063,3.929013079667063
163.2938815590942,2822.964677472244,-152.35646010765137,152.6969728310623,2834.409007737862,-162.54343752144914,0.69347657033171,0.0,-0.7204791783257647,3.929013079667063,3.929013079667063
154.35223857590645,2810.23844079145,-160.888171776605,163.2938815590942,2822.964677472244,-152.35646010765137,0.69347657033171,0.0,-0.7204791783257647,3.929013079667063,3.929013079667063
163.2938815590942,2822.964677472244,-152.35646010765137,172.23552454228192,2835.6909141530386,-143.82474843869775,0.69347657033171,0.0,-0.7204791783257647,3.929013079667063,3.929013079667063
172.23552454228192,2835.6909141530386,-143.82474843869775,161.63861581425004,2847.135244418656,-154.01172585249552,0.69347657033171,0.0,-0.7204791783257647,3.929013079667063,3.929013079667063
161.63861581425004,2847.135244418656,-154.01172585249552,151.04170708621817,2858.5795746842737,-164.19870326629328,0.69347657033171,0.0,-0.7204791783257647,3.929013079667063,3.929013079667063
152.6969728310623,2834.409007737862,-162.54343752144914,161.63861581425004,2847.135244418656,-154.01172585249552,0.69347657033171,0.0,-0.7204791783257647,3.929013079667063,3.929013079667063
161.63861581425004,2847.135244418656,-154.01172585249552,170.58025879743778,2859.8614810994504,-145.4800141835419,0.69347657033171,0.0,-0.7204791783257647,3.929013079667063,3.929013079667063
170.58025879743778,2859.8614810994504,-145.4800141835419,159.9833500694059,2871.3058113650677,-155.66699159733966,0.69347657033171,0.0,-0.7204791783257647,3.929013079667063,3.929013079667063
159.9833500694059,2871.3058113650677,-155.66699159733966,149.38644134137405,2882.7501416306854,-165.85396901113742,0.69347657033171,0.0,-0.7204791783257647,3.929013079667063,3.929013079667063
151.04170708621817,2858.5795746842737,-164.19870326629328,159.9833500694059,2871.3058113650677,-155.66699159733966,0.69347657033171,0.0,-0.7204791783257647,3.929013079667063,3.929013079667063
159.9833500694059,2871.3058113650677,-155.66699159733966,168.92499305259366,2884.032048045862,-147.13527992838604,0.69347657033171,0.0,-0.7204791783257647,3.929013079667063,3.929013079667063
168.92499305259366,2884.032048045862,-147.13527992838604,158.32808432456176,2895.4763783114795,-157.3222573421838,0.69347657033171,0.0,-0.7204791783257647,3.929013079667063,3.929013079667063
158.32808432456176,2895.4763783114795,-157.3222573421838,147.7311755965299,2906.9207085770972,-167.50923475598157,0.69347657033171,0.0,-0.7204791783257647,3.929013079667063,3.929013079667063
149.38644134137405,2882.7501416306854,-165.85396901113742,158.32808432456176,2895.4763783114795,-157.3222573421838,0.69347657033171,0.0,-0.7204791783257647,3.929013079667063,3.929013079667063
158.32808432456176,2895.4763783114795,-157.3222573421838,167.26972730774952,2908.202614992274,-148.79054567323018,0.69347657033171,0.0,-0.7204791783257647,3.929013079667063,3.929013079667063
167.26972730774952,2908.202614992274,-148.79054567323016,156.67281857971764,2919.6469452578913,-158.97752308702795,0.69347657033171,0.0,-0.7204791783257647,3.929013079667063,3.929013079667063
156.67281857971764,2919.6469452578913,-158.97752308702795,146.07590985168576,2931.0912755235095,-169.16450050082568,0.69347657033171,0.0,-0.7204791783257647,3.929013079667063,3.929013079667063
147.7311755965299,2906.9207085770972,-167.50923475598154,156.67281857971764,2919.6469452578913,-158.97752308702795,0.69347657033171,0.0,-0.7204791783257647,3.929013079667063,3.929013079667063
156.67281857971764,2919.6469452578913,-158.97752308702795,165.61446156290538,2932.3731819386862,-150.4458114180743,0.69347657033171,0.0,-0.7204791783257647,3.929013079667063,3.929013079667063
165.61446156290538,2932.3731819386862,-150.4458114180743,155.01755283487347,2943.8175122043035,-160.6327888318721,0.69347657033171,0.0,-0.7204791783257647,3.929013079667063,3.929013079667063
155.01755283487347,2943.8175122043035,-160.6327888318721,144.42064410684162,2955.2618424699212,-170.81976624566985,0.69347657033171,0.0,-0.7204791783257647,3.929013079667063,3.929013079667063
146.07590985168576,2931.0912755235095,-169.16450050082568,155.01755283487347,2943.8175122043035,-160.6327888318721,0.69347657033171,0.0,-0.7204791783257647,3.929013079667063,3.929013079667063
155.01755283487347,2943.8175122043035,-160.6327888318721,163.95919581806123,2956.543748885098,-152.10107716291847,0.69347657033171,0.0,-0.7204791783257647,3.929013079667063,3.929013079667063
163.95919581806123,2956.543748885098,-152.10107716291844,153.36228709002935,2967.9880791507153,-162.28805457671623,0.69347657033171,0.0,-0.7204791783257647,3.929013079667063,3.929013079667063
153.36228709002935,2967.9880791507153,-162.28805457671623,142.76537836199748,2979.432409416333,-172.47503199051397,0.69347657033171,0.0,-0.7204791783257647,3.929013079667063,3.929013079667063
144.42064410684162,2955.2618424699212,-170.81976624566983,153.36228709002935,2967.9880791507153,-162.28805457671623,0.69347657033171,0.0,-0.7204791783257647,3.929013079667063,3.929013079667063
153.36228709002935,2967.9880791507153,-162.28805457671623,162.3039300732171,2980.71431583151,-153.7563429077626,0.69347657033171,0.0,-0.7204791783257647,3.929013079667063,3.929013079667063
162.3039300732171,2980.71431583151,-153.7563429077626,151.7070213451852,2992.158646097127,-163.94332032156038,0.69347657033171,0.0,-0.7204791783257647,3.929013079667063,3.929013079667063
151.7070213451852,2992.158646097127,-163.94332032156038,141.11011261715333,3003.602976362745,-174.1302977353581,0.69347657033171,0.0,-0.7204791783257647,3.929013079667063,3.929013079667063
142.76537836199748,2979.432409416333,-172.47503199051397,151.7070213451852,2992.158646097127,-163.94332032156038,0.69347657033171,0.0,-0.7204791783257647,3.929013079667063,3.929013079667063
151.7070213451852,2992.158646097127,-163.94332032156038,160.64866432837294,3004.8848827779216,-155.41160865260673,0.69347657033171,0.0,-0.7204791783257647,3.929013079667063,3.929013079667063
160.64866432837294,3004.8848827779216,-155.41160865260673,150.05175560034107,3016.329213043539,-165.5985860664045,0.69347657033171,0.0,-0.7204791783257647,3.929013079667063,3.929013079667063
150.05175560034107,3016.329213043539,-165.5985860664045,139.4548468723092,3027.773543309157,-175.78556348020226,0.69347657033171,0.0,-0.7204791783257647,3.929013079667063,3.929013079667063
141.11011261715333,3003.602976362745,-174.1302977353581,150.05175560034107,3016.329213043539,-165.5985860664045,0.69347657033171,0.0,-0.7204791783257647,3.929013079667063,3.929013079667063
150.05175560034107,3016.329213043539,-165.5985860664045,158.9933985835288,3029.055449724334,-157.06687439745087,0.69347657033171,0.0,-0.7204791783257647,3.929013079667063,3.929013079667063
158.9933985835288,3029.0554497243334,-157.06687439745087,148.39648985549692,3040.4997799899506,-167.25385181124864,0.69347657033171,0.0,-0.7204791783257647,3.929013079667063,3.929013079667063
148.39648985549692,3040.4997799899506,-167.25385181124864,137.79958112746505,3051.944110255569,-177.4408292250464,0.69347657033171,0.0,-0.7204791783257647,3.929013079667063,3.929013079667063
139.4548468723092,3027.7735433091566,-175.78556348020226,148.39648985549692,3040.4997799899506,-167.25385181124864,0.69347657033171,0.0,-0.7204791783257647,3.929013079667063,3.929013079667063
148.39648985549692,3040.4997799899506,-167.25385181124864,157.33813283868466,3053.2260166707456,-158.72214014229502,0.69347657033171,0.0,-0.7204791783257647,3.929013079667063,3.929013079667063
157.33813283868466,3053.2260166707456,-158.72214014229502,146.74122411065278,3064.670346936363,-168.90911755609278,0.69347657033171,0.0,-0.7204791783257647,3.929013079667063,3.929013079667063
146.74122411065278,3064.670346936363,-168.90911755609278,136.1443153826209,3076.1146772019806,-179.09609496989054,0.69347657033171,0.0,-0.7204791783257647,3.929013079667063,3.929013079667063
137.79958112746505,3051.944110255569,-177.4408292250464,146.74122411065278,3064.670346936363,-168.90911755609278,0.69347657033171,0.0,-0.7204791783257647,3.929013079667063,3.929013079667063
146.74122411065278,3064.670346936363,-168.90911755609278,155.6828670938405,3077.3965836171574,-160.37740588713916,0.69347657033171,0.0,-0.7204791783257647,3.929013079667063,3.929013079667063
155.6828670938405,3077.3965836171574,-160.37740588713916,145.08595836580864,3088.8409138827747,-170.56438330093692,0.69347657033171,0.0,-0.7204791783257647,3.929013079667063,3.929013079667063
145.08595836580864,3088.8409138827747,-170.56438330093692,134.48904963777676,3100.2852441483924,-180.7513607147347,0.69347657033171,0.0,-0.7204791783257647,3.929013079667063,3.929013079667063
136.1443153826209,3076.1146772019806,-179.09609496989054,145.08595836580864,3088.8409138827747,-170.56438330093692,0.69347657033171,0.0,-0.7204791783257647,3.929013079667063,3.929013079667063
145.08595836580864,3088.8409138827747,-170.56438330093692,154.02760134899637,3101.567150563569,-162.0326716319833,0.69347657033171,0.0,-0.7204791783257647,3.929013079667063,3.929013079667063
154.02760134899637,3101.567150563569,-162.0326716319833,143.4306926209645,3113.0114808291864,-172.21964904578107,0.69347657033171,0.0,-0.7204791783257647,3.929013079667063,3.929013079667063
143.4306926209645,3113.0114808291864,-172.21964904578107,132.83378389293262,3124.455811094804,-182.40662645957883,0.69347657033171,0.0,-0.7204791783257647,3.929013079667063,3.929013079667063
134.48904963777676,3100.2852441483924,-180.7513607147347,143.4306926209645,3113.0114808291864,-172.21964904578107,0.69347657033171,0.0,-0.7204791783257647,3.929013079667063,3.929013079667063
143.4306926209645,3113.0114808291864,-172.21964904578107,152.37233560415223,3125.737717509981,-163.68793737682745,0.69347657033171,0.0,-0.7204791783257647,3.929013079667063,3.929013079667063
152.37233560415223,3125.737717509981,-163.68793737682745,141.77542687612038,3137.182047775598,-173.8749147906252,0.69347657033171,0.0,-0.7204791783257647,3.929013079667063,3.929013079667063
141.77542687612038,3137.182047775598,-173.8749147906252,131.17851814808847,3148.626378041216,-184.06189220442297,0.69347657033171,0.0,-0.7204791783257647,3.929013079667063,3.929013079667063
132.83378389293262,3124.455811094804,-182.40662645957883,141.77542687612038,3137.182047775598,-173.8749147906252,0.69347657033171,0.0,-0.7204791783257647,3.929013079667063,3.929013079667063
141.77542687612038,3137.182047775598,-173.8749147906252,150.71706985930808,3149.9082844563927,-165.3432031216716,0.69347657033171,0.0,-0.7204791783257647,3.929013079667063,3.929013079667063
150.7170698593081,3149.9082844563927,-165.3432031216716,140.12016113127623,3161.35261472201,-175.53018053546933,0.69347657033171,0.0,-0.7204791783257647,3.929013079667063,3.929013079667063
140.12016113127623,3161.35261472201,-175.53018053546933,129.52325240324436,3172.7969449876277,-185.71715794926712,0.69347657033171,0.0,-0.7204791783257647,3.929013079667063,3.929013079667063
131.1785181480885,3148.626378041216,-184.06189220442297,140.12016113127623,3161.35261472201,-175.53018053546933,0.69347657033171,0.0,-0.7204791783257647,3.929013079667063,3.929013079667063
140.12016113127623,3161.35261472201,-175.53018053546933,149.06180411446397,3174.0788514028045,-166.99846886651574,0.69347657033171,0.0,-0.7204791783257647,3.929013079667063,3.929013079667063
149.06180411446397,3174.0788514028045,-166.99846886651574,138.4648953864321,3185.523181668422,-177.18544628031347,0.69347657033171,0.0,-0.7204791783257647,3.929013079667063,3.929013079667063
138.4648953864321,3185.523181668422,-177.18544628031347,127.8679866584002,3196.9675119340395,-187.37242369411126,0.69347657033171,0.0,-0.7204791783257647,3.929013079667063,3.929013079667063
129.52325240324436,3172.7969449876277,-185.71715794926712,138.4648953864321,3185.523181668422,-177.18544628031347,0.69347657033171,0.0,-0.7204791783257647,3.929013079667063,3.929013079667063
138.4648953864321,3185.523181668422,-177.18544628031347,147.40653836961982,3198.2494183492163,-168.65373461135988,0.69347657033171,0.0,-0.7204791783257647,3.929013079667063,3.929013079667063
147.40653836961982,3198.2494183492163,-168.65373461135985,136.80962964158795,3209.6937486148336,-178.84071202515761,0.69347657033171,0.0,-0.7204791783257647,3.929013079667063,3.929013079667063
136.80962964158795,3209.6937486148336,-178.84071202515761,126.21272091355607,3221.1380788804518,-189.02768943895538,0.69347657033171,0.0,-0.7204791783257647,3.929013079667063,3.929013079667063
127.86798665840021,3196.9675119340395,-187.37242369411123,136.80962964158795,3209.6937486148336,-178.84071202515761,0.69347657033171,0.0,-0.7204791783257647,3.929013079667063,3.929013079667063
136.80962964158795,3209.6937486148336,-178.84071202515761,145.75127262477568,3222.4199852956285,-170.309000356204,0.69347657033171,0.0,-0.7204791783257647,3.929013079667063,3.929013079667063
145.75127262477568,3222.4199852956285,-170.309000356204,135.1543638967438,3233.864315561246,-180.49597777000176,0.69347657033171,0.0,-0.7204791783257647,3.929013079667063,3.929013079667063
135.1543638967438,3233.864315561246,-180.49597777000176,124.55745516871193,3245.3086458268635,-190.68295518379952,0.69347657033171,0.0,-0.7204791783257647,3.929013079667063,3.929013079667063
126.21272091355607,3221.1380788804518,-189.02768943895538,135.1543638967438,3233.864315561246,-180.49597777000176,0.69347657033171,0.0,-0.7204791783257647,3.929013079667063,3.929013079667063
135.1543638967438,3233.864315561246,-180.49597777000176,144.09600687993154,3246.5905522420403,-171.96426610104814,0.69347657033171,0.0,-0.7204791783257647,3.929013079667063,3.929013079667063
144.09600687993154,3246.5905522420403,-171.96426610104814,133.49909815189966,3258.0348825076576,-182.1512435148459,0.69347657033171,0.0,-0.7204791783257647,3.929013079667063,3.929013079667063
133.49909815189966,3258.0348825076576,-182.1512435148459,122.90218942386778,3269.4792127732753,-192.33822092864366,0.69347657033171,0.0,-0.7204791783257647,3.929013079667063,3.929013079667063
124.55745516871193,3245.3086458268635,-190.68295518379952,133.49909815189966,3258.0348825076576,-182.1512435148459,0.69347657033171,0.0,-0.7204791783257647,3.929013079667063,3.929013079667063
133.49909815189966,3258.0348825076576,-182.1512435148459,142.4407411350874,3270.761119188452,-173.61953184589228,0.69347657033171,0.0,-0.7204791783257647,3.929013079667063,3.929013079667063
142.4407411350874,3270.761119188452,-173.61953184589228,131.84383240705552,3282.2054494540694,-183.80650925969005,0.69347657033171,0.0,-0.7204791783257647,3.929013079667063,3.929013079667063
131.84383240705552,3282.2054494540694,-183.80650925969005,121.24692367902364,3293.649779719687,-193.9934866734878,0.69347657033171,0.0,-0.7204791783257647,3.929013079667063,3.929013079667063
122.90218942386778,3269.4792127732753,-192.33822092864366,131.84383240705552,3282.2054494540694,-183.80650925969005,0.69347657033171,0.0,-0.7204791783257647,3.929013079667063,3.929013079667063
131.84383240705552,3282.2054494540694,-183.80650925969005,140.78547539024325,3294.931686134864,-175.27479759073643,0.69347657033171,0.0,-0.7204791783257647,3.929013079667063,3.929013079667063
140.78547539024325,3294.931686134864,-175.27479759073643,130.18856666221137,3306.376016400481,-185.4617750045342,0.69347657033171,0.0,-0.7204791783257647,3.929013079667063,3.929013079667063
130.18856666221137,3306.376016400481,-185.4617750045342,119.5916579341795,3317.8203466660993,-195.64875241833195,0.69347657033171,0.0,-0.7204791783257647,3.929013079667063,3.929013079667063
121.24692367902364,3293.649779719687,-193.9934866734878,130.18856666221137,3306.376016400481,-185.4617750045342,0.69347657033171,0.0,-0.7204791783257647,3.929013079667063,3.929013079667063
130.18856666221137,3306.376016400481,-185.4617750045342,139.1302096453991,3319.102253081276,-176.93006333558057,0.69347657033171,0.0,-0.7204791783257647,3.929013079667063,3.929013079667063
139.13020964539913,3319.1022530812756,-176.93006333558054,128.53330091736726,3330.546583346893,-187.11704074937833,0.69347657033171,0.0,-0.7204791783257647,3.929013079667063,3.929013079667063
128.53330091736726,3330.546583346893,-187.11704074937833,117.93639218933536,3341.9909136125107,-197.30401816317607,0.69347657033171,0.0,-0.7204791783257647,3.929013079667063,3.929013079667063
119.59165793417951,3317.820346666099,-195.64875241833192,128.53330091736726,3330.546583346893,-187.11704074937833,0.69347657033171,0.0,-0.7204791783257647,3.929013079667063,3.929013079667063
128.53330091736726,3330.546583346893,-187.11704074937833,137.474943900555,3343.2728200276874,-178.58532908042469,0.69347657033171,0.0,-0.7204791783257647,3.929013079667063,3.929013079667063
137.474943900555,3343.2728200276874,-178.58532908042469,126.8780351725231,3354.717150293305,-188.77230649422248,0.69347657033171,0.0,-0.7204791783257647,3.929013079667063,3.929013079667063
126.8780351725231,3354.717150293305,-188.77230649422248,116.28112644449122,3366.161480558923,-198.9592839080202,0.69347657033171,0.0,-0.7204791783257647,3.929013079667063,3.929013079667063
117.93639218933536,3341.9909136125107,-197.30401816317607,126.8780351725231,3354.717150293305,-188.77230649422248,0.69347657033171,0.0,-0.7204791783257647,3.929013079667063,3.929013079667063
126.8780351725231,3354.717150293305,-188.77230649422248,135.81967815571085,3367.4433869740997,-180.24059482526883,0.69347657033171,0.0,-0.7204791783257647,3.929013079667063,3.929013079667063
135.81967815571085,3367.4433869740997,-180.24059482526883,125.22276942767895,3378.887717239717,-190.42757223906662,0.69347657033171,0.0,-0.7204791783257647,3.929013079667063,3.929013079667063
125.22276942767895,3378.887717239717,-190.42757223906662,114.62586069964709,3390.3320475053347,-200.61454965286435,0.69347657033171,0.0,-0.7204791783257647,3.929013079667063,3.929013079667063
116.28112644449122,3366.161480558923,-198.9592839080202,125.22276942767895,3378.887717239717,-190.42757223906662,0.69347657033171,0.0,-0.7204791783257647,3.929013079667063,3.929013079667063
125.22276942767895,3378.887717239717,-190.42757223906662,134.1644124108667,3391.6139539205114,-181.89586057011297,0.69347657033171,0.0,-0.7204791783257647,3.929013079667063,3.929013079667063
134.1644124108667,3391.6139539205114,-181.89586057011297,123.56750368283483,3403.0582841861287,-192.08283798391074,0.69347657033171,0.0,-0.7204791783257647,3.929013079667063,3.929013079667063
123.56750368283483,3403.0582841861287,-192.08283798391074,112.97059495480295,3414.5026144517465,-202.2698153977085,0.69347657033171,0.0,-0.7204791783257647,3.929013079667063,3.929013079667063
114.62586069964709,3390.3320475053347,-200.61454965286435,123.56750368283483,3403.0582841861287,-192.08283798391074,0.69347657033171,0.0,-0.7204791783257647,3.929013079667063,3.929013079667063
123.56750368283483,3403.0582841861287,-192.08283798391074,132.50914666602256,3415.7845208669232,-183.55112631495712,0.69347657033171,0.0,-0.7204791783257647,3.929013079667063,3.929013079667063
132.50914666602256,3415.7845208669232,-183.55112631495712,121.91223793799068,3427.2288511325405,-193.73810372875488,0.69347657033171,0.0,-0.7204791783257647,3.929013079667063,3.929013079667063
121.91223793799068,3427.2288511325405,-193.73810372875488,111.3153292099588,3438.6731813981582,-203.92508114255264,0.69347657033171,0.0,-0.7204791783257647,3.929013079667063,3.929013079667063
112.97059495480295,3414.5026144517465,-202.2698153977085,121.91223793799068,3427.2288511325405,-193.73810372875488,0.69347657033171,0.0,-0.7204791783257647,3.929013079667063,3.929013079667063
121.91223793799068,3427.2288511325405,-193.73810372875488,130.85388092117842,3439.955087813335,-185.20639205980126,0.69347657033171,0.0,-0.7204791783257647,3.929013079667063,3.929013079667063
130.85388092117842,3439.955087813335,-185.20639205980126,120.25697219314654,3451.3994180789523,-195.39336947359902,0.69347657033171,0.0,-0.7204791783257647,3.929013079667063,3.929013079667063
120.25697219314654,3451.3994180789523,-195.39336947359902,109.66006346511466,3462.84374834457,-205.5803468873968,0.69347657033171,0.0,-0.7204791783257647,3.929013079667063,3.929013079667063
111.3153292099588,3438.6731813981582,-203.92508114255264,120.25697219314654,3451.3994180789523,-195.39336947359902,0.69347657033171,0.0,-0.7204791783257647,3.929013079667063,3.929013079667063
120.25697219314654,3451.3994180789523,-195.39336947359902,129.19861517633427,3464.125654759747,-186.8616578046454,0.69347657033171,0.0,-0.7204791783257647,3.929013079667063,3.929013079667063
187.9872385111394,2320.374426855538,-108.53448275862068,201.13390588085556,2344.5449938019497,-110.18974850346483,0.0,0.0,1.0,3.929013079667063,3.929013079667063
171.53003965173494,2344.5449938019497,-110.18974850346483,184.6767070214511,2368.7155607483614,-111.84501424830896,0.0,0.0,1.0,3.929013079667063,3.929013079667063
184.6767070214511,2368.7155607483614,-111.84501424830896,197.82337439116728,2392.886127694773,-113.5002799931531,0.0,0.0,1.0,3.929013079667063,3.929013079667063
201.13390588085556,2344.5449938019497,-110.18974850346483,184.6767070214511,2368.7155607483614,-111.84501424830896,0.0,0.0,1.0,3.929013079667063,3.929013079667063
184.6767070214511,2368.7155607483614,-111.84501424830896,168.21950816204665,2392.886127694773,-113.5002799931531,0.0,0.0,1.0,3.929013079667063,3.929013079667063
168.21950816204665,2392.886127694773,-113.5002799931531,181.36617553176282,2417.0566946411855,-115.15554573799724,0.0,0.0,1.0,3.929013079667063,3.929013079667063
181.36617553176282,2417.0566946411855,-115.15554573799724,194.51284290147902,2441.2272615875972,-116.81081148284139,0.0,0.0,1.0,3.929013079667063,3.929013079667063
197.82337439116728,2392.886127694773,-113.5002799931531,181.36617553176282,2417.0566946411855,-115.15554573799724,0.0,0.0,1.0,3.929013079667063,3.929013079667063
181.36617553176282,2417.0566946411855,-115.15554573799724,164.9089766723584,2441.2272615875972,-116.81081148284139,0.0,0.0,1.0,3.929013079667063,3.929013079667063
164.9089766723584,2441.2272615875972,-116.81081148284139,178.05564404207456,2465.397828534009,-118.46607722768553,0.0,0.0,1.0,3.929013079667063,3.929013079667063
178.05564404207456,2465.397828534009,-118.46607722768553,191.20231141179073,2489.568395480421,-120.12134297252966,0.0,0.0,1.0,3.929013079667063,3.929013079667063
194.51284290147902,2441.2272615875972,-116.81081148284139,178.05564404207456,2465.397828534009,-118.46607722768553,0.0,0.0,1.0,3.929013079667063,3.929013079667063
178.05564404207456,2465.397828534009,-118.46607722768553,161.5984451826701,2489.568395480421,-120.12134297252966,0.0,0.0,1.0,3.929013079667063,3.929013079667063
161.5984451826701,2489.568395480421,-120.12134297252966,174.74511255238627,2513.7389624268326,-121.7766087173738,0.0,0.0,1.0,3.929013079667063,3.929013079667063
174.74511255238627,2513.7389624268326,-121.7766087173738,187.89177992210244,2537.9095293732444,-123.43187446221795,0.0,0.0,1.0,3.929013079667063,3.929013079667063
191.20231141179073,2489.568395480421,-120.12134297252966,174.74511255238627,2513.7389624268326,-121.7766087173738,0.0,0.0,1.0,3.929013079667063,3.929013079667063
174.74511255238627,2513.7389624268326,-121.7766087173738,158.28791369298182,2537.9095293732444,-123.43187446221795,0.0,0.0,1.0,3.929013079667063,3.929013079667063
158.28791369298182,2537.9095293732444,-123.43187446221795,171.434581062698,2562.0800963196566,-125.08714020706208,0.0,0.0,1.0,3.929013079667063,3.929013079667063
171.434581062698,2562.0800963196566,-125.08714020706208,184.58124843241416,2586.2506632660684,-126.74240595190622,0.0,0.0,1.0,3.929013079667063,3.929013079667063
187.89177992210244,2537.9095293732444,-123.43187446221795,171.434581062698,2562.0800963196566,-125.08714020706208,0.0,0.0,1.0,3.929013079667063,3.929013079667063
171.434581062698,2562.0800963196566,-125.08714020706208,154.97738220329353,2586.2506632660684,-126.74240595190622,0.0,0.0,1.0,3.929013079667063,3.929013079667063
154.97738220329353,2586.2506632660684,-126.74240595190622,168.1240495730097,2610.42123021248,-128.39767169675036,0.0,0.0,1.0,3.929013079667063,3.929013079667063
168.1240495730097,2610.42123021248,-128.39767169675036,181.27071694272587,2634.591797158892,-130.0529374415945,0.0,0.0,1.0,3.929013079667063,3.929013079667063
184.58124843241416,2586.2506632660684,-126.74240595190622,168.1240495730097,2610.42123021248,-128.39767169675036,0.0,0.0,1.0,3.929013079667063,3.929013079667063
168.1240495730097,2610.42123021248,-128.39767169675036,151.66685071360524,2634.591797158892,-130.0529374415945,0.0,0.0,1.0,3.929013079667063,3.929013079667063
151.66685071360524,2634.591797158892,-130.0529374415945,164.81351808332144,2658.7623641053037,-131.70820318643865,0.0,0.0,1.0,3.929013079667063,3.929013079667063
164.81351808332144,2658.7623641053037,-131.70820318643865,177.9601854530376,2682.9329310517155,-133.3634689312828,0.0,0.0,1.0,3.929013079667063,3.929013079667063
181.27071694272587,2634.591797158892,-130.0529374415945,164.81351808332144,2658.7623641053037,-131.70820318643865,0.0,0.0,1.0,3.929013079667063,3.929013079667063
164.81351808332144,2658.7623641053037,-131.70820318643865,148.35631922391698,2682.9329310517155,-133.3634689312828,0.0,0.0,1.0,3.929013079667063,3.929013079667063
148.35631922391698,2682.9329310517155,-133.3634689312828,161.50298659363315,2707.1034979981278,-135.01873467612694,0.0,0.0,1.0,3.929013079667063,3.929013079667063
161.50298659363315,2707.1034979981278,-135.01873467612694,174.64965396334932,2731.2740649445395,-136.67400042097105,0.0,0.0,1.0,3.929013079667063,3.929013079667063
177.9601854530376,2682.9329310517155,-133.3634689312828,161.50298659363315,2707.1034979981278,-135.01873467612694,0.0,0.0,1.0,3.929013079667063,3.929013079667063
161.50298659363315,2707.1034979981278,-135.01873467612694,145.0457877342287,2731.2740649445395,-136.67400042097105,0.0,0.0,1.0,3.929013079667063,3.929013079667063
145.0457877342287,2731.2740649445395,-136.67400042097105,158.19245510394487,2755.4446318909513,-138.3292661658152,0.0,0.0,1.0,3.929013079667063,3.929013079667063
158.19245510394487,2755.4446318909513,-138.3292661658152,171.33912247366104,2779.615198837363,-139.98453191065934,0.0,0.0,1.0,3.929013079667063,3.929013079667063
174.64965396334932,2731.2740649445395,-136.67400042097105,158.19245510394487,2755.4446318909513,-138.3292661658152,0.0,0.0,1.0,3.929013079667063,3.929013079667063
158.19245510394487,2755.4446318909513,-138.3292661658152,141.7352562445404,2779.615198837363,-139.98453191065934,0.0,0.0,1.0,3.929013079667063,3.929013079667063
141.7352562445404,2779.615198837363,-139.98453191065934,154.88192361425658,2803.785765783775,-141.6397976555035,0.0,0.0,1.0,3.929013079667063,3.929013079667063
154.88192361425658,2803.785765783775,-141.6397976555035,168.02859098397275,2827.9563327301867,-143.29506340034763,0.0,0.0,1.0,3.929013079667063,3.929013079667063
171.33912247366104,2779.615198837363,-139.98453191065934,154.88192361425658,2803.785765783775,-141.6397976555035,0.0,0.0,1.0,3.929013079667063,3.929013079667063
154.88192361425658,2803.785765783775,-141.6397976555035,138.42472475485212,2827.9563327301867,-143.29506340034763,0.0,0.0,1.0,3.929013079667063,3.929013079667063
138.42472475485212,2827.9563327301867,-143.29506340034763,151.57139212456832,2852.1268996765984,-144.95032914519177,0.0,0.0,1.0,3.929013079667063,3.929013079667063
151.57139212456832,2852.1268996765984,-144.95032914519177,164.7180594942845,2876.2974666230107,-146.60559489003592,0.0,0.0,1.0,3.929013079667063,3.929013079667063
168.02859098397275,2827.9563327301867,-143.29506340034763,151.57139212456832,2852.1268996765984,-144.95032914519177,0.0,0.0,1.0,3.929013079667063,3.929013079667063
151.57139212456832,2852.1268996765984,-144.95032914519177,135.11419326516386,2876.2974666230107,-146.60559489003592,0.0,0.0,1.0,3.929013079667063,3.929013079667063
135.11419326516386,2876.29746662301,-146.6055948900359,148.26086063488003,2900.4680335694225,-148.26086063488003,0.0,0.0,1.0,3.929013079667063,3.929013079667063
148.26086063488003,2900.4680335694225,-148.26086063488003,161.4075280045962,2924.6386005158342,-149.91612637972418,0.0,0.0,1.0,3.929013079667063,3.929013079667063
164.7180594942845,2876.29746662301,-146.6055948900359,148.26086063488003,2900.4680335694225,-148.26086063488003,0.0,0.0,1.0,3.929013079667063,3.929013079667063
148.26086063488003,2900.4680335694225,-148.26086063488003,131.80366177547558,2924.6386005158342,-149.91612637972418,0.0,0.0,1.0,3.929013079667063,3.929013079667063
131.80366177547558,2924.6386005158342,-149.91612637972418,144.95032914519174,2948.809167462246,-151.57139212456832,0.0,0.0,1.0,3.929013079667063,3.929013079667063
144.95032914519174,2948.809167462246,-151.57139212456832,158.09699651490791,2972.979734408658,-153.22665786941246,0.0,0.0,1.0,3.929013079667063,3.929013079667063
161.4075280045962,2924.6386005158342,-149.91612637972418,144.95032914519174,2948.809167462246,-151.57139212456832,0.0,0.0,1.0,3.929013079667063,3.929013079667063
144.95032914519174,2948.809167462246,-151.57139212456832,128.4931302857873,2972.979734408658,-153.22665786941246,0.0,0.0,1.0,3.929013079667063,3.929013079667063
128.4931302857873,2972.9797344086583,-153.22665786941246,141.63979765550346,2997.15030135507,-154.8819236142566,0.0,0.0,1.0,3.929013079667063,3.929013079667063
141.63979765550346,2997.15030135507,-154.8819236142566,154.78646502521963,3021.320868301482,-156.53718935910075,0.0,0.0,1.0,3.929013079667063,3.929013079667063
158.09699651490791,2972.9797344086583,-153.22665786941246,141.63979765550346,2997.15030135507,-154.8819236142566,0.0,0.0,1.0,3.929013079667063,3.929013079667063
141.63979765550346,2997.15030135507,-154.8819236142566,125.182598796099,3021.320868301482,-156.53718935910075,0.0,0.0,1.0,3.929013079667063,3.929013079667063
125.182598796099,3021.320868301482,-156.53718935910075,138.32926616581517,3045.4914352478936,-158.1924551039449,0.0,0.0,1.0,3.929013079667063,3.929013079667063
138.32926616581517,3045.4914352478936,-158.1924551039449,151.47593353553137,3069.6620021943054,-159.84772084878904,0.0,0.0,1.0,3.929013079667063,3.929013079667063
154.78646502521963,3021.320868301482,-156.53718935910075,138.32926616581517,3045.4914352478936,-158.1924551039449,0.0,0.0,1.0,3.929013079667063,3.929013079667063
138.32926616581517,3045.4914352478936,-158.1924551039449,121.87206730641074,3069.6620021943054,-159.84772084878904,0.0,0.0,1.0,3.929013079667063,3.929013079667063
121.87206730641071,3069.6620021943054,-159.84772084878904,135.01873467612688,3093.832569140717,-161.50298659363318,0.0,0.0,1.0,3.929013079667063,3.929013079667063
135.01873467612688,3093.832569140717,-161.50298659363318,148.16540204584308,3118.003136087129,-163.1582523384773,0.0,0.0,1.0,3.929013079667063,3.929013079667063
151.47593353553134,3069.6620021943054,-159.84772084878904,135.01873467612688,3093.832569140717,-161.50298659363318,0.0,0.0,1.0,3.929013079667063,3.929013079667063
135.01873467612688,3093.832569140717,-161.50298659363318,118.56153581672245,3118.003136087129,-163.1582523384773,0.0,0.0,1.0,3.929013079667063,3.929013079667063
118.56153581672243,3118.003136087129,-163.15825233847733,131.70820318643862,3142.1737030335407,-164.81351808332144,0.0,0.0,1.0,3.929013079667063,3.929013079667063
131.70820318643862,3142.1737030335407,-164.81351808332144,144.8548705561548,3166.3442699799525,-166.46878382816558,0.0,0.0,1.0,3.929013079667063,3.929013079667063
148.16540204584305,3118.003136087129,-163.15825233847733,131.70820318643862,3142.1737030335407,-164.81351808332144,0.0,0.0,1.0,3.929013079667063,3.929013079667063
131.70820318643862,3142.1737030335407,-164.81351808332144,115.25100432703417,3166.3442699799525,-166.46878382816558,0.0,0.0,1.0,3.929013079667063,3.929013079667063
115.25100432703417,3166.344269979953,-166.46878382816558,128.39767169675034,3190.5148369263648,-168.12404957300973,0.0,0.0,1.0,3.929013079667063,3.929013079667063
128.39767169675034,3190.5148369263648,-168.12404957300973,141.5443390664665,3214.6854038727765,-169.77931531785387,0.0,0.0,1.0,3.929013079667063,3.929013079667063
144.8548705561548,3166.344269979953,-166.46878382816558,128.39767169675034,3190.5148369263648,-168.12404957300973,0.0,0.0,1.0,3.929013079667063,3.929013079667063
128.39767169675034,3190.5148369263648,-168.12404957300973,111.94047283734588,3214.6854038727765,-169.77931531785387,0.0,0.0,1.0,3.929013079667063,3.929013079667063
111.94047283734588,3214.6854038727765,-169.77931531785387,125.08714020706205,3238.8559708191883,-171.43458106269802,0.0,0.0,1.0,3.929013079667063,3.929013079667063
125.08714020706205,3238.8559708191883,-171.43458106269802,138.23380757677825,3263.0265377656,-173.08984680754213,0.0,0.0,1.0,3.929013079667063,3.929013079667063
141.5443390664665,3214.6854038727765,-169.77931531785387,125.08714020706205,3238.8559708191883,-171.43458106269802,0.0,0.0,1.0,3.929013079667063,3.929013079667063
125.08714020706205,3238.8559708191883,-171.43458106269802,108.6299413476576,3263.0265377656,-173.08984680754213,0.0,0.0,1.0,3.929013079667063,3.929013079667063
108.6299413476576,3263.0265377656,-173.08984680754213,121.77660871737378,3287.197104712012,-174.74511255238627,0.0,0.0,1.0,3.929013079667063,3.929013079667063
121.77660871737378,3287.197104712012,-174.74511255238627,134.92327608708996,3311.3676716584237,-176.40037829723042,0.0,0.0,1.0,3.929013079667063,3.929013079667063
138.23380757677825,3263.0265377656,-173.08984680754213,121.77660871737378,3287.197104712012,-174.74511255238627,0.0,0.0,1.0,3.929013079667063,3.929013079667063
121.77660871737378,3287.197104712012,-174.74511255238627,105.31940985796932,3311.3676716584237,-176.40037829723042,0.0,0.0,1.0,3.929013079667063,3.929013079667063
105.31940985796932,3311.367671658424,-176.40037829723042,118.46607722768549,3335.538238604836,-178.05564404207456,0.0,0.0,1.0,3.929013079667063,3.929013079667063
118.46607722768549,3335.538238604836,-178.05564404207456,131.61274459740167,3359.7088055512477,-179.7109097869187,0.0,0.0,1.0,3.929013079667063,3.929013079667063
134.92327608708996,3311.367671658424,-176.40037829723042,118.46607722768549,3335.538238604836,-178.05564404207456,0.0,0.0,1.0,3.929013079667063,3.929013079667063
118.46607722768549,3335.538238604836,-178.05564404207456,102.00887836828105,3359.7088055512477,-179.7109097869187,0.0,0.0,1.0,3.929013079667063,3.929013079667063
102.00887836828103,3359.7088055512477,-179.7109097869187,115.15554573799722,3383.8793724976595,-181.36617553176285,0.0,0.0,1.0,3.929013079667063,3.929013079667063
115.15554573799722,3383.8793724976595,-181.36617553176285,128.30221310771338,3408.0499394440712,-183.021441276607,0.0,0.0,1.0,3.929013079667063,3.929013079667063
131.61274459740167,3359.7088055512477,-179.7109097869187,115.15554573799722,3383.8793724976595,-181.36617553176285,0.0,0.0,1.0,3.929013079667063,3.929013079667063
115.15554573799722,3383.8793724976595,-181.36617553176285,98.69834687859276,3408.0499394440712,-183.021441276607,0.0,0.0,1.0,3.929013079667063,3.929013079667063
98.69834687859277,3408.0499394440712,-183.021441276607,111.84501424830894,3432.220506390483,-184.67670702145114,0.0,0.0,1.0,3.929013079667063,3.929013079667063
111.84501424830894,3432.220506390483,-184.67670702145114,124.99168161802511,3456.391073336895,-186.33197276629528,0.0,0.0,1.0,3.929013079667063,3.929013079667063
128.3022131077134,3408.0499394440712,-183.021441276607,111.84501424830894,3432.220506390483,-184.67670702145114,0.0,0.0,1.0,3.929013079667063,3.929013079667063
111.84501424830894,3432.220506390483,-184.67670702145114,95.38781538890449,3456.391073336895,-186.33197276629528,0.0,0.0,1.0,3.929013079667063,3.929013079667063
108.53448275862065,3480.5616402833066,-187.98723851113942,124.99168161802511,3456.391073336895,-186.33197276629528,0.0,0.0,1.0,3.929013079667063,3.929013079667063
168.21950816204665,2392.886127694773,-113.5002799931531,162.95320452703723,2400.620709117625,-114.02996503150322,0.0,0.0,1.0,3.929013079667063,3.929013079667063
197.82337439116728,2392.886127694773,-113.5002799931531,202.03030794947645,2400.620709117625,-114.02996503150322,0.0,0.0,1.0,3.929013079667063,3.929013079667063
164.9089766723584,2441.2272615875972,-116.81081148284139,159.64267303734897,2448.961843010449,-117.34049652119151,0.0,0.0,1.0,3.929013079667063,3.929013079667063
194.51284290147902,2441.2272615875972,-116.81081148284139,198.7197764597882,2448.961843010449,-117.34049652119151,0.0,0.0,1.0,3.929013079667063,3.929013079667063
161.5984451826701,2489.568395480421,-120.12134297252966,156.33214154766068,2497.302976903273,-120.65102801087978,0.0,0.0,1.0,3.929013079667063,3.929013079667063
191.20231141179073,2489.568395480421,-120.12134297252966,195.4092449700999,2497.302976903273,-120.65102801087978,0.0,0.0,1.0,3.929013079667063,3.929013079667063
158.28791369298182,2537.9095293732444,-123.43187446221795,153.0216100579724,2545.6441107960964,-123.96155950056807,0.0,0.0,1.0,3.929013079667063,3.929013079667063
187.89177992210244,2537.9095293732444,-123.43187446221795,192.09871348041162,2545.6441107960964,-123.96155950056807,0.0,0.0,1.0,3.929013079667063,3.929013079667063
154.97738220329353,2586.2506632660684,-126.74240595190622,149.7110785682841,2593.98524468892,-127.27209099025634,0.0,0.0,1.0,3.929013079667063,3.929013079667063
184.58124843241416,2586.2506632660684,-126.74240595190622,188.78818199072333,2593.98524468892,-127.27209099025634,0.0,0.0,1.0,3.929013079667063,3.929013079667063
151.66685071360524,2634.591797158892,-130.0529374415945,146.40054707859582,2642.326378581744,-130.58262247994463,0.0,0.0,1.0,3.929013079667063,3.929013079667063
181.27071694272587,2634.591797158892,-130.0529374415945,185.47765050103504,2642.326378581744,-130.58262247994463,0.0,0.0,1.0,3.929013079667063,3.929013079667063
148.35631922391698,2682.9329310517155,-133.3634689312828,143.09001558890753,2690.6675124745675,-133.89315396963292,0.0,0.0,1.0,3.929013079667063,3.929013079667063
177.9601854530376,2682.9329310517155,-133.3634689312828,182.16711901134676,2690.6675124745675,-133.89315396963292,0.0,0.0,1.0,3.929013079667063,3.929013079667063
145.0457877342287,2731.2740649445395,-136.67400042097105,139.77948409921927,2739.008646367391,-137.20368545932118,0.0,0.0,1.0,3.929013079667063,3.929013079667063
174.64965396334932,2731.2740649445395,-136.67400042097105,178.8565875216585,2739.008646367391,-137.20368545932118,0.0,0.0,1.0,3.929013079667063,3.929013079667063
141.7352562445404,2779.615198837363,-139.98453191065934,136.468952609531,2787.349780260215,-140.51421694900947,0.0,0.0,1.0,3.929013079667063,3.929013079667063
171.33912247366104,2779.615198837363,-139.98453191065934,175.5460560319702,2787.349780260215,-140.51421694900947,0.0,0.0,1.0,3.929013079667063,3.929013079667063
138.42472475485212,2827.9563327301867,-143.29506340034763,133.1584211198427,2835.6909141530386,-143.82474843869775,0.0,0.0,1.0,3.929013079667063,3.929013079667063
168.02859098397275,2827.9563327301867,-143.29506340034763,172.23552454228192,2835.6909141530386,-143.82474843869775,0.0,0.0,1.0,3.929013079667063,3.929013079667063
135.11419326516386,2876.2974666230107,-146.60559489003592,129.84788963015444,2884.032048045862,-147.13527992838604,0.0,0.0,1.0,3.929013079667063,3.929013079667063
164.7180594942845,2876.2974666230107,-146.60559489003592,168.92499305259366,2884.032048045862,-147.13527992838604,0.0,0.0,1.0,3.929013079667063,3.929013079667063
131.80366177547558,2924.6386005158342,-149.91612637972418,126.53735814046615,2932.373181938686,-150.4458114180743,0.0,0.0,1.0,3.929013079667063,3.929013079667063
161.4075280045962,2924.6386005158342,-149.91612637972418,165.61446156290538,2932.373181938686,-150.4458114180743,0.0,0.0,1.0,3.929013079667063,3.929013079667063
128.4931302857873,2972.979734408658,-153.22665786941246,123.22682665077787,2980.71431583151,-153.7563429077626,0.0,0.0,1.0,3.929013079667063,3.929013079667063
158.09699651490791,2972.979734408658,-153.22665786941246,162.3039300732171,2980.71431583151,-153.7563429077626,0.0,0.0,1.0,3.929013079667063,3.929013079667063
125.182598796099,3021.320868301482,-156.53718935910075,119.91629516108958,3029.0554497243334,-157.06687439745087,0.0,0.0,1.0,3.929013079667063,3.929013079667063
154.78646502521963,3021.320868301482,-156.53718935910075,158.9933985835288,3029.0554497243334,-157.06687439745087,0.0,0.0,1.0,3.929013079667063,3.929013079667063
121.87206730641074,3069.6620021943054,-159.84772084878904,116.60576367140129,3077.396583617157,-160.37740588713916,0.0,0.0,1.0,3.929013079667063,3.929013079667063
151.47593353553137,3069.6620021943054,-159.84772084878904,155.6828670938405,3077.396583617157,-160.37740588713916,0.0,0.0,1.0,3.929013079667063,3.929013079667063
118.56153581672245,3118.003136087129,-163.1582523384773,113.29523218171303,3125.737717509981,-163.68793737682742,0.0,0.0,1.0,3.929013079667063,3.929013079667063
148.16540204584308,3118.003136087129,-163.1582523384773,152.37233560415225,3125.737717509981,-163.68793737682742,0.0,0.0,1.0,3.929013079667063,3.929013079667063
115.25100432703417,3166.3442699799525,-166.46878382816558,109.98470069202475,3174.0788514028045,-166.9984688665157,0.0,0.0,1.0,3.929013079667063,3.929013079667063
144.8548705561548,3166.3442699799525,-166.46878382816558,149.06180411446397,3174.0788514028045,-166.9984688665157,0.0,0.0,1.0,3.929013079667063,3.929013079667063
111.94047283734588,3214.6854038727765,-169.77931531785387,106.67416920233646,3222.419985295628,-170.309000356204,0.0,0.0,1.0,3.929013079667063,3.929013079667063
141.5443390664665,3214.6854038727765,-169.77931531785387,145.75127262477568,3222.419985295628,-170.309000356204,0.0,0.0,1.0,3.929013079667063,3.929013079667063
108.6299413476576,3263.0265377656,-173.08984680754213,103.36363771264817,3270.761119188452,-173.61953184589228,0.0,0.0,1.0,3.929013079667063,3.929013079667063
138.23380757677825,3263.0265377656,-173.08984680754213,142.4407411350874,3270.761119188452,-173.61953184589228,0.0,0.0,1.0,3.929013079667063,3.929013079667063
105.31940985796932,3311.3676716584237,-176.40037829723042,100.05310622295988,3319.1022530812756,-176.93006333558054,0.0,0.0,1.0,3.929013079667063,3.929013079667063
134.92327608708996,3311.3676716584237,-176.40037829723042,139.13020964539913,3319.1022530812756,-176.93006333558054,0.0,0.0,1.0,3.929013079667063,3.929013079667063
102.00887836828105,3359.7088055512477,-179.7109097869187,96.74257473327162,3367.443386974099,-180.24059482526883,0.0,0.0,1.0,3.929013079667063,3.929013079667063
131.61274459740167,3359.7088055512477,-179.7109097869187,135.81967815571085,3367.443386974099,-180.24059482526883,0.0,0.0,1.0,3.929013079667063,3.929013079667063
98.69834687859276,3408.0499394440712,-183.021441276607,93.43204324358334,3415.7845208669232,-183.55112631495712,0.0,0.0,1.0,3.929013079667063,3.929013079667063
128.30221310771338,3408.0499394440712,-183.021441276607,132.50914666602256,3415.7845208669232,-183.55112631495712,0.0,0.0,1.0,3.929013079667063,3.929013079667063
95.38781538890449,3456.391073336895,-186.33197276629528,90.12151175389505,3464.125654759747,-186.8616578046454,0.0,0.0,1.0,3.929013079667063,3.929013079667063
124.99168161802511,3456.391073336895,-186.33197276629528,129.1986151763343,3464.125654759747,-186.8616578046454,0.0,0.0,1.0,3.929013079667063,3.929013079667063
108.53448275862065,3480.5616402833066,-187.98723851113942,95.38781538890449,3456.391073336895,-186.33197276629528,0.0,0.0,1.0,3.929013079667063,3.929013079667063
130.94901364119875,2320.374426855538,-75.60344827586205,118.46994637838645,2344.5449938019497,-81.47683374169344,0.0,0.0,1.0,3.929013079667063,3.929013079667063
140.86009892692414,2353.172020949085,-89.7259454537932,127.87939150425663,2364.811081560149,-85.75359535273611,-0.6900981947236448,0.0,-0.7237157464358271,3.929013079667063,3.929013079667063
127.87939150425663,2364.811081560149,-85.75359535273611,114.89868408158914,2376.4501421712134,-81.78124525167902,-0.6900981947236448,0.0,-0.7237157464358271,3.929013079667063,3.929013079667063
114.47664485428653,2352.2795752248016,-83.35631709075949,127.87939150425663,2364.811081560149,-85.75359535273611,-0.6900981947236448,0.0,-0.7237157464358271,3.929013079667063,3.929013079667063
127.87939150425663,2364.811081560149,-85.75359535273611,141.28213815422674,2377.3425878954968,-88.15087361471274,-0.6900981947236448,0.0,-0.7237157464358271,3.929013079667063,3.929013079667063
141.28213815422674,2377.3425878954968,-88.15087361471274,128.30143073155924,2388.9816485065608,-84.17852351365565,-0.6900981947236448,0.0,-0.7237157464358271,3.929013079667063,3.929013079667063
128.30143073155924,2388.9816485065608,-84.17852351365565,115.32072330889174,2400.620709117625,-80.20617341259857,-0.6900981947236448,0.0,-0.7237157464358271,3.929013079667063,3.929013079667063
114.89868408158914,2376.4501421712134,-81.78124525167902,128.30143073155924,2388.9816485065608,-84.17852351365565,-0.6900981947236448,0.0,-0.7237157464358271,3.929013079667063,3.929013079667063
128.30143073155924,2388.9816485065608,-84.17852351365565,141.70417738152935,2401.5131548419085,-86.57580177563229,-0.6900981947236448,0.0,-0.7237157464358271,3.929013079667063,3.929013079667063
141.70417738152935,2401.5131548419085,-86.57580177563229,128.72346995886184,2413.1522154529725,-82.6034516745752,-0.6900981947236448,0.0,-0.7237157464358271,3.929013079667063,3.929013079667063
128.72346995886184,2413.1522154529725,-82.6034516745752,115.74276253619435,2424.791276064037,-78.63110157351811,-0.6900981947236448,0.0,-0.7237157464358271,3.929013079667063,3.929013079667063
115.32072330889174,2400.620709117625,-80.20617341259857,128.72346995886184,2413.1522154529725,-82.6034516745752,-0.6900981947236448,0.0,-0.7237157464358271,3.929013079667063,3.929013079667063
128.72346995886184,2413.1522154529725,-82.6034516745752,142.12621660883195,2425.6837217883203,-85.00072993655182,-0.6900981947236448,0.0,-0.7237157464358271,3.929013079667063,3.929013079667063
142.12621660883195,2425.6837217883203,-85.00072993655182,129.14550918616447,2437.3227823993843,-81.02837983549473,-0.6900981947236448,0.0,-0.7237157464358271,3.929013079667063,3.929013079667063
129.14550918616447,2437.3227823993843,-81.02837983549473,116.16480176349698,2448.961843010449,-77.05602973443764,-0.6900981947236448,0.0,-0.7237157464358271,3.929013079667063,3.929013079667063
115.74276253619435,2424.791276064037,-78.63110157351811,129.14550918616447,2437.3227823993843,-81.02837983549473,-0.6900981947236448,0.0,-0.7237157464358271,3.929013079667063,3.929013079667063
129.14550918616447,2437.3227823993843,-81.02837983549473,142.54825583613456,2449.854288734732,-83.42565809747136,-0.6900981947236448,0.0,-0.7237157464358271,3.929013079667063,3.929013079667063
142.54825583613456,2449.854288734732,-83.42565809747136,129.56754841346708,2461.4933493457966,-79.45330799641427,-0.6900981947236448,0.0,-0.7237157464358271,3.929013079667063,3.929013079667063
129.56754841346708,2461.4933493457966,-79.45330799641427,116.58684099079959,2473.132409956861,-75.4809578953572,-0.6900981947236448,0.0,-0.7237157464358271,3.929013079667063,3.929013079667063
116.16480176349698,2448.961843010449,-77.05602973443764,129.56754841346708,2461.4933493457966,-79.45330799641427,-0.6900981947236448,0.0,-0.7237157464358271,3.929013079667063,3.929013079667063
129.56754841346708,2461.4933493457966,-79.45330799641427,142.97029506343716,2474.0248556811443,-81.8505862583909,-0.6900981947236448,0.0,-0.7237157464358271,3.929013079667063,3.929013079667063
142.97029506343716,2474.0248556811443,-81.8505862583909,129.98958764076968,2485.6639162922083,-77.87823615733382,-0.6900981947236448,0.0,-0.7237157464358271,3.929013079667063,3.929013079667063
129.98958764076968,2485.6639162922083,-77.87823615733382,117.00888021810219,2497.302976903273,-73.90588605627673,-0.6900981947236448,0.0,-0.7237157464358271,3.929013079667063,3.929013079667063
116.58684099079959,2473.132409956861,-75.4809578953572,129.98958764076968,2485.6639162922083,-77.87823615733382,-0.6900981947236448,0.0,-0.7237157464358271,3.929013079667063,3.929013079667063
129.98958764076968,2485.6639162922083,-77.87823615733382,143.39233429073977,2498.195422627556,-80.27551441931044,-0.6900981947236448,0.0,-0.7237157464358271,3.929013079667063,3.929013079667063
143.39233429073977,2498.195422627556,-80.27551441931044,130.4116268680723,2509.83448323862,-76.30316431825335,-0.6900981947236448,0.0,-0.7237157464358271,3.929013079667063,3.929013079667063
130.4116268680723,2509.83448323862,-76.30316431825335,117.4309194454048,2521.4735438496846,-72.33081421719628,-0.6900981947236448,0.0,-0.7237157464358271,3.929013079667063,3.929013079667063
117.00888021810219,2497.302976903273,-73.90588605627673,130.4116268680723,2509.83448323862,-76.30316431825335,-0.6900981947236448,0.0,-0.7237157464358271,3.929013079667063,3.929013079667063
130.4116268680723,2509.83448323862,-76.30316431825335,143.81437351804237,2522.365989573968,-78.70044258022999,-0.6900981947236448,0.0,-0.7237157464358271,3.929013079667063,3.929013079667063
143.81437351804243,2522.365989573968,-78.70044258022997,130.83366609537492,2534.005050185032,-74.7280924791729,-0.6900981947236448,0.0,-0.7237157464358271,3.929013079667063,3.929013079667063
130.83366609537492,2534.005050185032,-74.7280924791729,117.85295867270743,2545.6441107960964,-70.75574237811581,-0.6900981947236448,0.0,-0.7237157464358271,3.929013079667063,3.929013079667063
117.43091944540483,2521.4735438496846,-72.33081421719626,130.83366609537492,2534.005050185032,-74.7280924791729,-0.6900981947236448,0.0,-0.7237157464358271,3.929013079667063,3.929013079667063
130.83366609537492,2534.005050185032,-74.7280924791729,144.23641274534504,2546.5365565203797,-77.12537074114952,-0.6900981947236448,0.0,-0.7237157464358271,3.929013079667063,3.929013079667063
144.23641274534504,2546.5365565203797,-77.12537074114952,131.25570532267753,2558.1756171314437,-73.15302064009244,-0.6900981947236448,0.0,-0.7237157464358271,3.929013079667063,3.929013079667063
131.25570532267753,2558.1756171314437,-73.15302064009244,118.27499790001004,2569.814677742508,-69.18067053903535,-0.6900981947236448,0.0,-0.7237157464358271,3.929013079667063,3.929013079667063
117.85295867270743,2545.6441107960964,-70.75574237811581,131.25570532267753,2558.1756171314437,-73.15302064009244,-0.6900981947236448,0.0,-0.7237157464358271,3.929013079667063,3.929013079667063
131.25570532267753,2558.1756171314437,-73.15302064009244,144.65845197264764,2570.7071234667915,-75.55029890206906,-0.6900981947236448,0.0,-0.7237157464358271,3.929013079667063,3.929013079667063
144.65845197264764,2570.7071234667915,-75.55029890206906,131.67774454998013,2582.3461840778555,-71.57794880101197,-0.6900981947236448,0.0,-0.7237157464358271,3.929013079667063,3.929013079667063
131.67774454998013,2582.3461840778555,-71.57794880101197,118.69703712731264,2593.98524468892,-67.60559869995488,-0.6900981947236448,0.0,-0.7237157464358271,3.929013079667063,3.929013079667063
118.27499790001004,2569.814677742508,-69.18067053903535,131.67774454998013,2582.3461840778555,-71.57794880101197,-0.6900981947236448,0.0,-0.7237157464358271,3.929013079667063,3.929013079667063
131.67774454998013,2582.3461840778555,-71.57794880101197,145.08049119995025,2594.8776904132033,-73.9752270629886,-0.6900981947236448,0.0,-0.7237157464358271,3.929013079667063,3.929013079667063
145.08049119995025,2594.8776904132033,-73.9752270629886,132.09978377728274,2606.5167510242677,-70.00287696193152,-0.6900981947236448,0.0,-0.7237157464358271,3.929013079667063,3.929013079667063
132.09978377728274,2606.5167510242677,-70.00287696193152,119.11907635461527,2618.155811635332,-66.03052686087443,-0.6900981947236448,0.0,-0.7237157464358271,3.929013079667063,3.929013079667063
118.69703712731264,2593.98524468892,-67.60559869995488,132.09978377728274,2606.5167510242677,-70.00287696193152,-0.6900981947236448,0.0,-0.7237157464358271,3.929013079667063,3.929013079667063
132.09978377728274,2606.5167510242677,-70.00287696193152,145.50253042725285,2619.0482573596155,-72.40015522390814,-0.6900981947236448,0.0,-0.7237157464358271,3.929013079667063,3.929013079667063
145.50253042725285,2619.0482573596155,-72.40015522390814,132.52182300458537,2630.6873179706795,-68.42780512285105,-0.6900981947236448,0.0,-0.7237157464358271,3.929013079667063,3.929013079667063
132.52182300458537,2630.6873179706795,-68.42780512285105,119.54111558191788,2642.326378581744,-64.45545502179397,-0.6900981947236448,0.0,-0.7237157464358271,3.929013079667063,3.929013079667063
119.11907635461527,2618.155811635332,-66.03052686087443,132.52182300458537,2630.6873179706795,-68.42780512285105,-0.6900981947236448,0.0,-0.7237157464358271,3.929013079667063,3.929013079667063
132.52182300458537,2630.6873179706795,-68.42780512285105,145.92456965455546,2643.2188243060273,-70.82508338482768,-0.6900981947236448,0.0,-0.7237157464358271,3.929013079667063,3.929013079667063
145.92456965455546,2643.2188243060273,-70.82508338482768,132.94386223188798,2654.8578849170913,-66.8527332837706,-0.6900981947236448,0.0,-0.7237157464358271,3.929013079667063,3.929013079667063
132.94386223188798,2654.8578849170913,-66.8527332837706,119.96315480922048,2666.4969455281557,-62.88038318271352,-0.6900981947236448,0.0,-0.7237157464358271,3.929013079667063,3.929013079667063
119.54111558191788,2642.326378581744,-64.45545502179397,132.94386223188798,2654.8578849170913,-66.8527332837706,-0.6900981947236448,0.0,-0.7237157464358271,3.929013079667063,3.929013079667063
132.94386223188798,2654.8578849170913,-66.8527332837706,146.34660888185806,2667.389391252439,-69.25001154574723,-0.6900981947236448,0.0,-0.7237157464358271,3.929013079667063,3.929013079667063
146.34660888185806,2667.389391252439,-69.25001154574723,133.36590145919058,2679.028451863503,-65.27766144469014,-0.6900981947236448,0.0,-0.7237157464358271,3.929013079667063,3.929013079667063
133.36590145919058,2679.028451863503,-65.27766144469014,120.38519403652309,2690.6675124745675,-61.30531134363306,-0.6900981947236448,0.0,-0.7237157464358271,3.929013079667063,3.929013079667063
119.96315480922048,2666.4969455281557,-62.88038318271352,133.36590145919058,2679.028451863503,-65.27766144469014,-0.6900981947236448,0.0,-0.7237157464358271,3.929013079667063,3.929013079667063
133.36590145919058,2679.028451863503,-65.27766144469014,146.76864810916067,2691.559958198851,-67.67493970666676,-0.6900981947236448,0.0,-0.7237157464358271,3.929013079667063,3.929013079667063
146.76864810916067,2691.559958198851,-67.67493970666676,133.7879406864932,2703.199018809915,-63.70258960560969,-0.6900981947236448,0.0,-0.7237157464358271,3.929013079667063,3.929013079667063
133.7879406864932,2703.199018809915,-63.70258960560969,120.80723326382572,2714.8380794209793,-59.7302395045526,-0.6900981947236448,0.0,-0.7237157464358271,3.929013079667063,3.929013079667063
120.38519403652309,2690.6675124745675,-61.30531134363306,133.7879406864932,2703.199018809915,-63.70258960560969,-0.6900981947236448,0.0,-0.7237157464358271,3.929013079667063,3.929013079667063
133.7879406864932,2703.199018809915,-63.70258960560969,147.19068733646333,2715.7305251452626,-66.09986786758631,-0.6900981947236448,0.0,-0.7237157464358271,3.929013079667063,3.929013079667063
147.19068733646333,2715.730525145263,-66.0998678675863,134.20997991379582,2727.369585756327,-62.127517766529216,-0.6900981947236448,0.0,-0.7237157464358271,3.929013079667063,3.929013079667063
134.20997991379582,2727.369585756327,-62.127517766529216,121.22927249112833,2739.0086463673915,-58.155167665472135,-0.6900981947236448,0.0,-0.7237157464358271,3.929013079667063,3.929013079667063
120.80723326382572,2714.8380794209797,-59.73023950455259,134.20997991379582,2727.369585756327,-62.127517766529216,-0.6900981947236448,0.0,-0.7237157464358271,3.929013079667063,3.929013079667063
134.20997991379582,2727.369585756327,-62.127517766529216,147.61272656376593,2739.901092091675,-64.52479602850585,-0.6900981947236448,0.0,-0.7237157464358271,3.929013079667063,3.929013079667063
147.61272656376593,2739.901092091675,-64.52479602850585,134.63201914109843,2751.540152702739,-60.552445927448765,-0.6900981947236448,0.0,-0.7237157464358271,3.929013079667063,3.929013079667063
134.63201914109843,2751.540152702739,-60.552445927448765,121.65131171843093,2763.1792133138033,-56.58009582639168,-0.6900981947236448,0.0,-0.7237157464358271,3.929013079667063,3.929013079667063
121.22927249112833,2739.0086463673915,-58.155167665472135,134.63201914109843,2751.540152702739,-60.552445927448765,-0.6900981947236448,0.0,-0.7237157464358271,3.929013079667063,3.929013079667063
134.63201914109843,2751.540152702739,-60.552445927448765,148.03476579106854,2764.0716590380866,-62.94972418942538,-0.6900981947236448,0.0,-0.7237157464358271,3.929013079667063,3.929013079667063
148.03476579106854,2764.0716590380866,-62.94972418942538,135.05405836840103,2775.7107196491506,-58.9773740883683,-0.6900981947236448,0.0,-0.7237157464358271,3.929013079667063,3.929013079667063
135.05405836840103,2775.7107196491506,-58.9773740883683,122.07335094573354,2787.349780260215,-55.00502398731122,-0.6900981947236448,0.0,-0.7237157464358271,3.929013079667063,3.929013079667063
121.65131171843093,2763.1792133138033,-56.58009582639168,135.05405836840103,2775.7107196491506,-58.9773740883683,-0.6900981947236448,0.0,-0.7237157464358271,3.929013079667063,3.929013079667063
135.05405836840103,2775.7107196491506,-58.9773740883683,148.45680501837114,2788.2422259844984,-61.37465235034493,-0.6900981947236448,0.0,-0.7237157464358271,3.929013079667063,3.929013079667063
148.45680501837114,2788.2422259844984,-61.37465235034493,135.47609759570364,2799.8812865955624,-57.40230224928785,-0.6900981947236448,0.0,-0.7237157464358271,3.929013079667063,3.929013079667063
135.47609759570364,2799.8812865955624,-57.40230224928785,122.49539017303617,2811.520347206627,-53.42995214823076,-0.6900981947236448,0.0,-0.7237157464358271,3.929013079667063,3.929013079667063
122.07335094573354,2787.349780260215,-55.00502398731122,135.47609759570364,2799.8812865955624,-57.40230224928785,-0.6900981947236448,0.0,-0.7237157464358271,3.929013079667063,3.929013079667063
135.47609759570364,2799.8812865955624,-57.40230224928785,148.87884424567375,2812.41279293091,-59.799580511264466,-0.6900981947236448,0.0,-0.7237157464358271,3.929013079667063,3.929013079667063
148.87884424567375,2812.41279293091,-59.799580511264466,135.89813682300627,2824.051853541974,-55.827230410207385,-0.6900981947236448,0.0,-0.7237157464358271,3.929013079667063,3.929013079667063
135.89813682300627,2824.051853541974,-55.827230410207385,122.91742940033878,2835.6909141530386,-51.8548803091503,-0.6900981947236448,0.0,-0.7237157464358271,3.929013079667063,3.929013079667063
122.49539017303617,2811.520347206627,-53.42995214823076,135.89813682300627,2824.051853541974,-55.827230410207385,-0.6900981947236448,0.0,-0.7237157464358271,3.929013079667063,3.929013079667063
135.89813682300627,2824.051853541974,-55.827230410207385,149.30088347297635,2836.583359877322,-58.224508672184015,-0.6900981947236448,0.0,-0.7237157464358271,3.929013079667063,3.929013079667063
149.30088347297635,2836.583359877322,-58.224508672184,136.32017605030887,2848.222420488386,-54.25215857112692,-0.6900981947236448,0.0,-0.7237157464358271,3.929013079667063,3.929013079667063
136.32017605030887,2848.222420488386,-54.25215857112692,123.33946862764138,2859.8614810994504,-50.27980847006984,-0.6900981947236448,0.0,-0.7237157464358271,3.929013079667063,3.929013079667063
122.91742940033878,2835.6909141530386,-51.854880309150296,136.32017605030887,2848.222420488386,-54.25215857112692,-0.6900981947236448,0.0,-0.7237157464358271,3.929013079667063,3.929013079667063
136.32017605030887,2848.222420488386,-54.25215857112692,149.72292270027896,2860.7539268237338,-56.64943683310355,-0.6900981947236448,0.0,-0.7237157464358271,3.929013079667063,3.929013079667063
149.72292270027896,2860.7539268237338,-56.64943683310355,136.74221527761148,2872.3929874347978,-52.67708673204646,-0.6900981947236448,0.0,-0.7237157464358271,3.929013079667063,3.929013079667063
136.74221527761148,2872.3929874347978,-52.67708673204646,123.76150785494399,2884.0320480458627,-48.70473663098937,-0.6900981947236448,0.0,-0.7237157464358271,3.929013079667063,3.929013079667063
123.33946862764138,2859.8614810994504,-50.27980847006984,136.74221527761148,2872.3929874347978,-52.67708673204646,-0.6900981947236448,0.0,-0.7237157464358271,3.929013079667063,3.929013079667063
136.74221527761148,2872.3929874347978,-52.67708673204646,150.14496192758156,2884.924493770146,-55.074364994023085,-0.6900981947236448,0.0,-0.7237157464358271,3.929013079667063,3.929013079667063
150.14496192758156,2884.924493770146,-55.074364994023085,137.16425450491408,2896.56355438121,-51.102014892966004,-0.6900981947236448,0.0,-0.7237157464358271,3.929013079667063,3.929013079667063
137.16425450491408,2896.56355438121,-51.102014892966004,124.18354708224662,2908.2026149922744,-47.129664791908915,-0.6900981947236448,0.0,-0.7237157464358271,3.929013079667063,3.929013079667063
123.76150785494399,2884.0320480458627,-48.70473663098937,137.16425450491408,2896.56355438121,-51.102014892966004,-0.6900981947236448,0.0,-0.7237157464358271,3.929013079667063,3.929013079667063
137.16425450491408,2896.56355438121,-51.102014892966004,150.56700115488422,2909.095060716558,-53.49929315494262,-0.6900981947236448,0.0,-0.7237157464358271,3.929013079667063,3.929013079667063
150.56700115488422,2909.095060716558,-53.49929315494262,137.58629373221672,2920.734121327622,-49.526943053885546,-0.6900981947236448,0.0,-0.7237157464358271,3.929013079667063,3.929013079667063
137.58629373221672,2920.734121327622,-49.526943053885546,124.60558630954922,2932.3731819386862,-45.55459295282846,-0.6900981947236448,0.0,-0.7237157464358271,3.929013079667063,3.929013079667063
124.18354708224662,2908.2026149922744,-47.129664791908915,137.58629373221672,2920.734121327622,-49.526943053885546,-0.6900981947236448,0.0,-0.7237157464358271,3.929013079667063,3.929013079667063
137.58629373221672,2920.734121327622,-49.526943053885546,150.98904038218683,2933.2656276629696,-51.92422131586217,-0.6900981947236448,0.0,-0.7237157464358271,3.929013079667063,3.929013079667063
150.98904038218683,2933.2656276629696,-51.92422131586217,138.00833295951932,2944.9046882740336,-47.95187121480509,-0.6900981947236448,0.0,-0.7237157464358271,3.929013079667063,3.929013079667063
138.00833295951932,2944.9046882740336,-47.95187121480509,125.02762553685183,2956.543748885098,-43.979521113748,-0.6900981947236448,0.0,-0.7237157464358271,3.929013079667063,3.929013079667063
124.60558630954922,2932.3731819386862,-45.55459295282846,138.00833295951932,2944.9046882740336,-47.95187121480509,-0.6900981947236448,0.0,-0.7237157464358271,3.929013079667063,3.929013079667063
138.00833295951932,2944.9046882740336,-47.95187121480509,151.41107960948943,2957.4361946093813,-50.349149476781704,-0.6900981947236448,0.0,-0.7237157464358271,3.929013079667063,3.929013079667063
151.41107960948943,2957.4361946093813,-50.349149476781704,138.43037218682193,2969.075255220446,-46.37679937572462,-0.6900981947236448,0.0,-0.7237157464358271,3.929013079667063,3.929013079667063
138.43037218682193,2969.075255220446,-46.37679937572462,125.44966476415443,2980.7143158315102,-42.404449274667535,-0.6900981947236448,0.0,-0.7237157464358271,3.929013079667063,3.929013079667063
125.02762553685183,2956.543748885098,-43.97952111374799,138.43037218682193,2969.075255220446,-46.37679937572462,-0.6900981947236448,0.0,-0.7237157464358271,3.929013079667063,3.929013079667063
138.43037218682193,2969.075255220446,-46.37679937572462,151.83311883679204,2981.6067615557936,-48.77407763770124,-0.6900981947236448,0.0,-0.7237157464358271,3.929013079667063,3.929013079667063
151.83311883679204,2981.6067615557936,-48.77407763770124,138.85241141412456,2993.2458221668576,-44.80172753664416,-0.6900981947236448,0.0,-0.7237157464358271,3.929013079667063,3.929013079667063
138.85241141412456,2993.2458221668576,-44.80172753664416,125.87170399145707,3004.884882777922,-40.82937743558708,-0.6900981947236448,0.0,-0.7237157464358271,3.929013079667063,3.929013079667063
125.44966476415443,2980.7143158315102,-42.404449274667535,138.85241141412456,2993.2458221668576,-44.80172753664416,-0.6900981947236448,0.0,-0.7237157464358271,3.929013079667063,3.929013079667063
138.85241141412456,2993.2458221668576,-44.80172753664416,152.25515806409464,3005.7773285022054,-47.19900579862079,-0.6900981947236448,0.0,-0.7237157464358271,3.929013079667063,3.929013079667063
152.25515806409464,3005.7773285022054,-47.19900579862079,139.27445064142717,3017.4163891132694,-43.2266556975637,-0.6900981947236448,0.0,-0.7237157464358271,3.929013079667063,3.929013079667063
139.27445064142717,3017.4163891132694,-43.2266556975637,126.29374321875967,3029.055449724334,-39.25430559650662,-0.6900981947236448,0.0,-0.7237157464358271,3.929013079667063,3.929013079667063
125.87170399145707,3004.884882777922,-40.82937743558708,139.27445064142717,3017.4163891132694,-43.2266556975637,-0.6900981947236448,0.0,-0.7237157464358271,3.929013079667063,3.929013079667063
139.27445064142717,3017.4163891132694,-43.2266556975637,152.67719729139725,3029.947895448617,-45.623933959540324,-0.6900981947236448,0.0,-0.7237157464358271,3.929013079667063,3.929013079667063
152.67719729139725,3029.947895448617,-45.623933959540324,139.69648986872977,3041.586956059681,-41.65158385848324,-0.6900981947236448,0.0,-0.7237157464358271,3.929013079667063,3.929013079667063
139.69648986872977,3041.586956059681,-41.65158385848324,126.71578244606228,3053.2260166707456,-37.67923375742616,-0.6900981947236448,0.0,-0.7237157464358271,3.929013079667063,3.929013079667063
126.29374321875967,3029.055449724334,-39.25430559650662,139.69648986872977,3041.586956059681,-41.65158385848324,-0.6900981947236448,0.0,-0.7237157464358271,3.929013079667063,3.929013079667063
139.69648986872977,3041.586956059681,-41.65158385848324,153.09923651869985,3054.118462395029,-44.04886212045987,-0.6900981947236448,0.0,-0.7237157464358271,3.929013079667063,3.929013079667063
153.09923651869985,3054.118462395029,-44.04886212045987,140.11852909603238,3065.757523006093,-40.076512019402784,-0.6900981947236448,0.0,-0.7237157464358271,3.929013079667063,3.929013079667063
140.11852909603238,3065.757523006093,-40.076512019402784,127.13782167336488,3077.3965836171574,-36.1041619183457,-0.6900981947236448,0.0,-0.7237157464358271,3.929013079667063,3.929013079667063
126.71578244606228,3053.2260166707456,-37.67923375742616,140.11852909603238,3065.757523006093,-40.076512019402784,-0.6900981947236448,0.0,-0.7237157464358271,3.929013079667063,3.929013079667063
140.11852909603238,3065.757523006093,-40.076512019402784,153.52127574600246,3078.2890293414407,-42.47379028137941,-0.6900981947236448,0.0,-0.7237157464358271,3.929013079667063,3.929013079667063
153.52127574600252,3078.2890293414407,-42.47379028137941,140.540568323335,3089.9280899525047,-38.50144018032232,-0.6900981947236448,0.0,-0.7237157464358271,3.929013079667063,3.929013079667063
140.540568323335,3089.9280899525047,-38.50144018032232,127.55986090066752,3101.567150563569,-34.52909007926523,-0.6900981947236448,0.0,-0.7237157464358271,3.929013079667063,3.929013079667063
127.13782167336491,3077.3965836171574,-36.104161918345696,140.540568323335,3089.9280899525047,-38.50144018032232,-0.6900981947236448,0.0,-0.7237157464358271,3.929013079667063,3.929013079667063
140.540568323335,3089.9280899525047,-38.50144018032232,153.94331497330512,3102.4595962878525,-40.89871844229894,-0.6900981947236448,0.0,-0.7237157464358271,3.929013079667063,3.929013079667063
153.94331497330512,3102.4595962878525,-40.89871844229894,140.9626075506376,3114.0986568989165,-36.92636834124186,-0.6900981947236448,0.0,-0.7237157464358271,3.929013079667063,3.929013079667063
140.9626075506376,3114.0986568989165,-36.92636834124186,127.98190012797012,3125.737717509981,-32.95401824018477,-0.6900981947236448,0.0,-0.7237157464358271,3.929013079667063,3.929013079667063
127.55986090066752,3101.567150563569,-34.52909007926523,140.9626075506376,3114.0986568989165,-36.92636834124186,-0.6900981947236448,0.0,-0.7237157464358271,3.929013079667063,3.929013079667063
140.9626075506376,3114.0986568989165,-36.92636834124186,154.36535420060773,3126.6301632342643,-39.32364660321848,-0.6900981947236448,0.0,-0.7237157464358271,3.929013079667063,3.929013079667063
154.36535420060773,3126.6301632342643,-39.32364660321848,141.38464677794022,3138.2692238453283,-35.351296502161404,-0.6900981947236448,0.0,-0.7237157464358271,3.929013079667063,3.929013079667063
141.38464677794022,3138.2692238453283,-35.351296502161404,128.40393935527274,3149.908284456393,-31.378946401104315,-0.6900981947236448,0.0,-0.7237157464358271,3.929013079667063,3.929013079667063
127.98190012797012,3125.737717509981,-32.95401824018477,141.38464677794022,3138.2692238453283,-35.351296502161404,-0.6900981947236448,0.0,-0.7237157464358271,3.929013079667063,3.929013079667063
141.38464677794022,3138.2692238453283,-35.351296502161404,154.78739342791033,3150.8007301806765,-37.74857476413803,-0.6900981947236448,0.0,-0.7237157464358271,3.929013079667063,3.929013079667063
154.78739342791033,3150.8007301806765,-37.74857476413803,141.80668600524282,3162.4397907917405,-33.776224663080946,-0.6900981947236448,0.0,-0.7237157464358271,3.929013079667063,3.929013079667063
141.80668600524282,3162.4397907917405,-33.776224663080946,128.82597858257535,3174.078851402805,-29.803874562023857,-0.6900981947236448,0.0,-0.7237157464358271,3.929013079667063,3.929013079667063
128.40393935527274,3149.908284456393,-31.378946401104315,141.80668600524282,3162.4397907917405,-33.776224663080946,-0.6900981947236448,0.0,-0.7237157464358271,3.929013079667063,3.929013079667063
141.80668600524282,3162.4397907917405,-33.776224663080946,155.20943265521294,3174.9712971270883,-36.17350292505756,-0.6900981947236448,0.0,-0.7237157464358271,3.929013079667063,3.929013079667063
155.20943265521294,3174.9712971270883,-36.17350292505756,142.22872523254546,3186.6103577381523,-32.20115282400049,-0.6900981947236448,0.0,-0.7237157464358271,3.929013079667063,3.929013079667063
142.22872523254546,3186.6103577381523,-32.20115282400049,129.24801780987798,3198.2494183492167,-28.2288027229434,-0.6900981947236448,0.0,-0.7237157464358271,3.929013079667063,3.929013079667063
128.82597858257535,3174.078851402805,-29.803874562023857,142.22872523254546,3186.6103577381523,-32.20115282400049,-0.6900981947236448,0.0,-0.7237157464358271,3.929013079667063,3.929013079667063
142.22872523254546,3186.6103577381523,-32.20115282400049,155.63147188251554,3199.1418640735,-34.59843108597711,-0.6900981947236448,0.0,-0.7237157464358271,3.929013079667063,3.929013079667063
155.63147188251554,3199.1418640735,-34.5984310859771,142.65076445984806,3210.780924684564,-30.626080984920016,-0.6900981947236448,0.0,-0.7237157464358271,3.929013079667063,3.929013079667063
142.65076445984806,3210.780924684564,-30.626080984920016,129.67005703718058,3222.4199852956285,-26.653730883862934,-0.6900981947236448,0.0,-0.7237157464358271,3.929013079667063,3.929013079667063
129.24801780987798,3198.2494183492167,-28.228802722943392,142.65076445984806,3210.780924684564,-30.626080984920016,-0.6900981947236448,0.0,-0.7237157464358271,3.929013079667063,3.929013079667063
142.65076445984806,3210.780924684564,-30.626080984920016,156.05351110981815,3223.312431019912,-33.023359246896646,-0.6900981947236448,0.0,-0.7237157464358271,3.929013079667063,3.929013079667063
156.05351110981815,3223.312431019912,-33.023359246896646,143.07280368715067,3234.9514916309763,-29.051009145839558,-0.6900981947236448,0.0,-0.7237157464358271,3.929013079667063,3.929013079667063
143.07280368715067,3234.9514916309763,-29.051009145839558,130.0920962644832,3246.5905522420408,-25.078659044782476,-0.6900981947236448,0.0,-0.7237157464358271,3.929013079667063,3.929013079667063
129.67005703718058,3222.4199852956285,-26.653730883862934,143.07280368715067,3234.9514916309763,-29.051009145839558,-0.6900981947236448,0.0,-0.7237157464358271,3.929013079667063,3.929013079667063
143.07280368715067,3234.9514916309763,-29.051009145839558,156.47555033712075,3247.482997966324,-31.448287407816185,-0.6900981947236448,0.0,-0.7237157464358271,3.929013079667063,3.929013079667063
156.47555033712075,3247.482997966324,-31.448287407816185,143.49484291445327,3259.122058577388,-27.4759373067591,-0.6900981947236448,0.0,-0.7237157464358271,3.929013079667063,3.929013079667063
143.49484291445327,3259.122058577388,-27.4759373067591,130.51413549178582,3270.7611191884525,-23.50358720570202,-0.6900981947236448,0.0,-0.7237157464358271,3.929013079667063,3.929013079667063
130.0920962644832,3246.5905522420408,-25.078659044782476,143.49484291445327,3259.122058577388,-27.4759373067591,-0.6900981947236448,0.0,-0.7237157464358271,3.929013079667063,3.929013079667063
143.49484291445327,3259.122058577388,-27.4759373067591,156.8975895644234,3271.653564912736,-29.873215568735727,-0.6900981947236448,0.0,-0.7237157464358271,3.929013079667063,3.929013079667063
156.8975895644234,3271.653564912736,-29.873215568735727,143.9168821417559,3283.2926255238,-25.900865467678642,-0.6900981947236448,0.0,-0.7237157464358271,3.929013079667063,3.929013079667063
143.9168821417559,3283.2926255238,-25.900865467678642,130.93617471908843,3294.9316861348643,-21.92851536662156,-0.6900981947236448,0.0,-0.7237157464358271,3.929013079667063,3.929013079667063
130.51413549178582,3270.7611191884525,-23.50358720570202,143.9168821417559,3283.2926255238,-25.900865467678642,-0.6900981947236448,0.0,-0.7237157464358271,3.929013079667063,3.929013079667063
143.9168821417559,3283.2926255238,-25.900865467678642,157.31962879172602,3295.8241318591477,-28.29814372965527,-0.6900981947236448,0.0,-0.7237157464358271,3.929013079667063,3.929013079667063
157.31962879172602,3295.8241318591477,-28.29814372965527,144.3389213690585,3307.4631924702117,-24.325793628598184,-0.6900981947236448,0.0,-0.7237157464358271,3.929013079667063,3.929013079667063
144.3389213690585,3307.4631924702117,-24.325793628598184,131.35821394639103,3319.102253081276,-20.353443527541096,-0.6900981947236448,0.0,-0.7237157464358271,3.929013079667063,3.929013079667063
130.93617471908843,3294.9316861348643,-21.92851536662156,144.3389213690585,3307.4631924702117,-24.325793628598184,-0.6900981947236448,0.0,-0.7237157464358271,3.929013079667063,3.929013079667063
144.3389213690585,3307.4631924702117,-24.325793628598184,157.74166801902862,3319.9946988055594,-26.723071890574804,-0.6900981947236448,0.0,-0.7237157464358271,3.929013079667063,3.929013079667063
157.74166801902862,3319.9946988055594,-26.723071890574804,144.76096059636112,3331.6337594166234,-22.75072178951772,-0.6900981947236448,0.0,-0.7237157464358271,3.929013079667063,3.929013079667063
144.76096059636112,3331.6337594166234,-22.75072178951772,131.78025317369364,3343.272820027688,-18.77837168846063,-0.6900981947236448,0.0,-0.7237157464358271,3.929013079667063,3.929013079667063
131.35821394639103,3319.102253081276,-20.353443527541096,144.76096059636112,3331.6337594166234,-22.75072178951772,-0.6900981947236448,0.0,-0.7237157464358271,3.929013079667063,3.929013079667063
144.76096059636112,3331.6337594166234,-22.75072178951772,158.16370724633123,3344.165265751971,-25.14800005149434,-0.6900981947236448,0.0,-0.7237157464358271,3.929013079667063,3.929013079667063
158.16370724633123,3344.165265751971,-25.14800005149434,145.18299982366375,3355.804326363035,-21.175649950437254,-0.6900981947236448,0.0,-0.7237157464358271,3.929013079667063,3.929013079667063
145.18299982366375,3355.804326363035,-21.175649950437254,132.20229240099624,3367.4433869740997,-17.20329984938018,-0.6900981947236448,0.0,-0.7237157464358271,3.929013079667063,3.929013079667063
131.78025317369364,3343.272820027688,-18.77837168846063,145.18299982366375,3355.804326363035,-21.175649950437254,-0.6900981947236448,0.0,-0.7237157464358271,3.929013079667063,3.929013079667063
145.18299982366375,3355.804326363035,-21.175649950437254,158.58574647363383,3368.335832698383,-23.57292821241389,-0.6900981947236448,0.0,-0.7237157464358271,3.929013079667063,3.929013079667063
158.58574647363383,3368.335832698383,-23.57292821241389,145.60503905096635,3379.974893309447,-19.600578111356803,-0.6900981947236448,0.0,-0.7237157464358271,3.929013079667063,3.929013079667063
145.60503905096635,3379.974893309447,-19.600578111356803,132.62433162829888,3391.6139539205114,-15.628228010299713,-0.6900981947236448,0.0,-0.7237157464358271,3.929013079667063,3.929013079667063
132.20229240099624,3367.4433869740997,-17.20329984938018,145.60503905096635,3379.974893309447,-19.600578111356803,-0.6900981947236448,0.0,-0.7237157464358271,3.929013079667063,3.929013079667063
145.60503905096635,3379.974893309447,-19.600578111356803,159.00778570093644,3392.506399644795,-21.997856373333423,-0.6900981947236448,0.0,-0.7237157464358271,3.929013079667063,3.929013079667063
159.00778570093644,3392.506399644795,-21.997856373333423,146.02707827826896,3404.145460255859,-18.02550627227634,-0.6900981947236448,0.0,-0.7237157464358271,3.929013079667063,3.929013079667063
146.02707827826896,3404.145460255859,-18.02550627227634,133.04637085560148,3415.7845208669232,-14.053156171219262,-0.6900981947236448,0.0,-0.7237157464358271,3.929013079667063,3.929013079667063
132.62433162829888,3391.6139539205114,-15.628228010299713,146.02707827826896,3404.145460255859,-18.02550627227634,-0.6900981947236448,0.0,-0.7237157464358271,3.929013079667063,3.929013079667063
146.02707827826896,3404.145460255859,-18.02550627227634,159.42982492823904,3416.6769665912066,-20.422784534252973,-0.6900981947236448,0.0,-0.7237157464358271,3.929013079667063,3.929013079667063
159.42982492823904,3416.6769665912066,-20.422784534252973,146.44911750557156,3428.3160272022706,-16.450434433195888,-0.6900981947236448,0.0,-0.7237157464358271,3.929013079667063,3.929013079667063
146.44911750557156,3428.3160272022706,-16.450434433195888,133.4684100829041,3439.9550878133355,-12.478084332138797,-0.6900981947236448,0.0,-0.7237157464358271,3.929013079667063,3.929013079667063
133.04637085560148,3415.7845208669232,-14.053156171219262,146.44911750557156,3428.3160272022706,-16.450434433195888,-0.6900981947236448,0.0,-0.7237157464358271,3.929013079667063,3.929013079667063
146.44911750557156,3428.3160272022706,-16.450434433195888,159.85186415554165,3440.847533537619,-18.847712695172508,-0.6900981947236448,0.0,-0.7237157464358271,3.929013079667063,3.929013079667063
159.85186415554165,3440.847533537619,-18.847712695172508,146.87115673287417,3452.486594148683,-14.87536259411542,-0.6900981947236448,0.0,-0.7237157464358271,3.929013079667063,3.929013079667063
146.87115673287417,3452.486594148683,-14.87536259411542,133.89044931020672,3464.1256547597472,-10.903012493058332,-0.6900981947236448,0.0,-0.7237157464358271,3.929013079667063,3.929013079667063
133.4684100829041,3439.9550878133355,-12.478084332138797,146.87115673287417,3452.486594148683,-14.87536259411542,-0.6900981947236448,0.0,-0.7237157464358271,3.929013079667063,3.929013079667063
146.87115673287417,3452.486594148683,-14.87536259411542,160.2739033828443,3465.0181004840306,-17.272640856092043,-0.6900981947236448,0.0,-0.7237157464358271,3.929013079667063,3.929013079667063
148.53556598818986,2352.2795752248016,-63.692389805792196,144.9088520712083,2364.811081560149,-75.92163171025247,0.6900981947236448,0.0,-0.7237157464358271,3.929013079667063,3.929013079667063
144.9088520712083,2364.811081560149,-75.92163171025247,141.28213815422674,2377.3425878954968,-88.15087361471274,0.6900981947236448,0.0,-0.7237157464358271,3.929013079667063,3.929013079667063
140.86009892692414,2353.172020949085,-89.7259454537932,144.9088520712083,2364.811081560149,-75.92163171025247,0.6900981947236448,0.0,-0.7237157464358271,3.929013079667063,3.929013079667063
144.9088520712083,2364.811081560149,-75.92163171025247,148.95760521549246,2376.4501421712134,-62.11731796671173,0.6900981947236448,0.0,-0.7237157464358271,3.929013079667063,3.929013079667063
148.95760521549246,2376.4501421712134,-62.11731796671173,145.3308912985109,2388.9816485065608,-74.346559871172,0.6900981947236448,0.0,-0.7237157464358271,3.929013079667063,3.929013079667063
145.3308912985109,2388.9816485065608,-74.346559871172,141.70417738152935,2401.5131548419085,-86.57580177563229,0.6900981947236448,0.0,-0.7237157464358271,3.929013079667063,3.929013079667063
141.28213815422674,2377.3425878954968,-88.15087361471274,145.3308912985109,2388.9816485065608,-74.346559871172,0.6900981947236448,0.0,-0.7237157464358271,3.929013079667063,3.929013079667063
145.3308912985109,2388.9816485065608,-74.346559871172,149.37964444279507,2400.620709117625,-60.54224612763128,0.6900981947236448,0.0,-0.7237157464358271,3.929013079667063,3.929013079667063
149.37964444279507,2400.620709117625,-60.54224612763128,145.7529305258135,2413.1522154529725,-72.77148803209155,0.6900981947236448,0.0,-0.7237157464358271,3.929013079667063,3.929013079667063
145.7529305258135,2413.1522154529725,-72.77148803209155,142.12621660883195,2425.6837217883203,-85.00072993655182,0.6900981947236448,0.0,-0.7237157464358271,3.929013079667063,3.929013079667063
141.70417738152935,2401.5131548419085,-86.57580177563229,145.7529305258135,2413.1522154529725,-72.77148803209155,0.6900981947236448,0.0,-0.7237157464358271,3.929013079667063,3.929013079667063
145.7529305258135,2413.1522154529725,-72.77148803209155,149.80168367009767,2424.791276064037,-58.967174288550815,0.6900981947236448,0.0,-0.7237157464358271,3.929013079667063,3.929013079667063
149.80168367009767,2424.791276064037,-58.967174288550815,146.17496975311616,2437.3227823993843,-71.19641619301109,0.6900981947236448,0.0,-0.7237157464358271,3.929013079667063,3.929013079667063
146.17496975311616,2437.3227823993843,-71.19641619301109,142.5482558361346,2449.854288734732,-83.42565809747136,0.6900981947236448,0.0,-0.7237157464358271,3.929013079667063,3.929013079667063
142.12621660883195,2425.6837217883203,-85.00072993655182,146.17496975311616,2437.3227823993843,-71.19641619301109,0.6900981947236448,0.0,-0.7237157464358271,3.929013079667063,3.929013079667063
146.17496975311616,2437.3227823993843,-71.19641619301109,150.2237228974003,2448.961843010449,-57.39210244947035,0.6900981947236448,0.0,-0.7237157464358271,3.929013079667063,3.929013079667063
150.2237228974003,2448.961843010449,-57.39210244947035,146.59700898041876,2461.4933493457966,-69.62134435393062,0.6900981947236448,0.0,-0.7237157464358271,3.929013079667063,3.929013079667063
146.59700898041876,2461.4933493457966,-69.62134435393062,142.9702950634372,2474.0248556811443,-81.8505862583909,0.6900981947236448,0.0,-0.7237157464358271,3.929013079667063,3.929013079667063
142.5482558361346,2449.854288734732,-83.42565809747136,146.59700898041876,2461.4933493457966,-69.62134435393062,0.6900981947236448,0.0,-0.7237157464358271,3.929013079667063,3.929013079667063
146.59700898041876,2461.4933493457966,-69.62134435393062,150.6457621247029,2473.132409956861,-55.8170306103899,0.6900981947236448,0.0,-0.7237157464358271,3.929013079667063,3.929013079667063
150.6457621247029,2473.132409956861,-55.8170306103899,147.01904820772137,2485.6639162922083,-68.04627251485017,0.6900981947236448,0.0,-0.7237157464358271,3.929013079667063,3.929013079667063
147.01904820772137,2485.6639162922083,-68.04627251485017,143.3923342907398,2498.195422627556,-80.27551441931044,0.6900981947236448,0.0,-0.7237157464358271,3.929013079667063,3.929013079667063
142.9702950634372,2474.0248556811443,-81.8505862583909,147.01904820772137,2485.6639162922083,-68.04627251485017,0.6900981947236448,0.0,-0.7237157464358271,3.929013079667063,3.929013079667063
147.01904820772137,2485.6639162922083,-68.04627251485017,151.06780135200552,2497.302976903273,-54.241958771309434,0.6900981947236448,0.0,-0.7237157464358271,3.929013079667063,3.929013079667063
151.06780135200552,2497.302976903273,-54.241958771309434,147.44108743502397,2509.83448323862,-66.47120067576971,0.6900981947236448,0.0,-0.7237157464358271,3.929013079667063,3.929013079667063
147.44108743502397,2509.83448323862,-66.47120067576971,143.8143735180424,2522.365989573968,-78.70044258022999,0.6900981947236448,0.0,-0.7237157464358271,3.929013079667063,3.929013079667063
143.3923342907398,2498.195422627556,-80.27551441931044,147.44108743502397,2509.83448323862,-66.47120067576971,0.6900981947236448,0.0,-0.7237157464358271,3.929013079667063,3.929013079667063
147.44108743502397,2509.83448323862,-66.47120067576971,151.48984057930812,2521.4735438496846,-52.66688693222898,0.6900981947236448,0.0,-0.7237157464358271,3.929013079667063,3.929013079667063
151.48984057930815,2521.4735438496846,-52.66688693222897,147.86312666232658,2534.005050185032,-64.89612883668924,0.6900981947236448,0.0,-0.7237157464358271,3.929013079667063,3.929013079667063
147.86312666232658,2534.005050185032,-64.89612883668924,144.23641274534504,2546.5365565203797,-77.12537074114952,0.6900981947236448,0.0,-0.7237157464358271,3.929013079667063,3.929013079667063
143.81437351804243,2522.365989573968,-78.70044258022997,147.86312666232658,2534.005050185032,-64.89612883668924,0.6900981947236448,0.0,-0.7237157464358271,3.929013079667063,3.929013079667063
147.86312666232658,2534.005050185032,-64.89612883668924,151.91187980661076,2545.6441107960964,-51.09181509314852,0.6900981947236448,0.0,-0.7237157464358271,3.929013079667063,3.929013079667063
151.91187980661076,2545.6441107960964,-51.09181509314851,148.28516588962918,2558.1756171314437,-63.32105699760879,0.6900981947236448,0.0,-0.7237157464358271,3.929013079667063,3.929013079667063
148.28516588962918,2558.1756171314437,-63.32105699760879,144.65845197264764,2570.7071234667915,-75.55029890206906,0.6900981947236448,0.0,-0.7237157464358271,3.929013079667063,3.929013079667063
144.23641274534504,2546.5365565203797,-77.12537074114952,148.28516588962918,2558.1756171314437,-63.32105699760879,0.6900981947236448,0.0,-0.7237157464358271,3.929013079667063,3.929013079667063
148.28516588962918,2558.1756171314437,-63.32105699760879,152.33391903391336,2569.814677742508,-49.516743254068054,0.6900981947236448,0.0,-0.7237157464358271,3.929013079667063,3.929013079667063
152.33391903391336,2569.814677742508,-49.516743254068054,148.7072051169318,2582.3461840778555,-61.74598515852833,0.6900981947236448,0.0,-0.7237157464358271,3.929013079667063,3.929013079667063
148.7072051169318,2582.3461840778555,-61.74598515852833,145.08049119995025,2594.8776904132033,-73.9752270629886,0.6900981947236448,0.0,-0.7237157464358271,3.929013079667063,3.929013079667063
144.65845197264764,2570.7071234667915,-75.55029890206906,148.7072051169318,2582.3461840778555,-61.74598515852833,0.6900981947236448,0.0,-0.7237157464358271,3.929013079667063,3.929013079667063
148.7072051169318,2582.3461840778555,-61.74598515852833,152.75595826121597,2593.98524468892,-47.94167141498759,0.6900981947236448,0.0,-0.7237157464358271,3.929013079667063,3.929013079667063
152.75595826121597,2593.98524468892,-47.94167141498759,149.1292443442344,2606.5167510242677,-60.17091331944787,0.6900981947236448,0.0,-0.7237157464358271,3.929013079667063,3.929013079667063
149.1292443442344,2606.5167510242677,-60.17091331944787,145.50253042725288,2619.0482573596155,-72.40015522390814,0.6900981947236448,0.0,-0.7237157464358271,3.929013079667063,3.929013079667063
145.08049119995025,2594.8776904132033,-73.9752270629886,149.1292443442344,2606.5167510242677,-60.17091331944787,0.6900981947236448,0.0,-0.7237157464358271,3.929013079667063,3.929013079667063
149.1292443442344,2606.5167510242677,-60.17091331944787,153.1779974885186,2618.155811635332,-46.36659957590714,0.6900981947236448,0.0,-0.7237157464358271,3.929013079667063,3.929013079667063
153.1779974885186,2618.155811635332,-46.36659957590714,149.55128357153706,2630.6873179706795,-58.59584148036741,0.6900981947236448,0.0,-0.7237157464358271,3.929013079667063,3.929013079667063
149.55128357153706,2630.6873179706795,-58.59584148036741,145.92456965455548,2643.2188243060273,-70.82508338482768,0.6900981947236448,0.0,-0.7237157464358271,3.929013079667063,3.929013079667063
145.50253042725288,2619.0482573596155,-72.40015522390814,149.55128357153706,2630.6873179706795,-58.59584148036741,0.6900981947236448,0.0,-0.7237157464358271,3.929013079667063,3.929013079667063
149.55128357153706,2630.6873179706795,-58.59584148036741,153.6000367158212,2642.326378581744,-44.79152773682667,0.6900981947236448,0.0,-0.7237157464358271,3.929013079667063,3.929013079667063
153.6000367158212,2642.326378581744,-44.79152773682667,149.97332279883966,2654.8578849170913,-57.020769641286954,0.6900981947236448,0.0,-0.7237157464358271,3.929013079667063,3.929013079667063
149.97332279883966,2654.8578849170913,-57.020769641286954,146.3466088818581,2667.389391252439,-69.25001154574723,0.6900981947236448,0.0,-0.7237157464358271,3.929013079667063,3.929013079667063
145.92456965455548,2643.2188243060273,-70.82508338482768,149.97332279883966,2654.8578849170913,-57.020769641286954,0.6900981947236448,0.0,-0.7237157464358271,3.929013079667063,3.929013079667063
149.97332279883966,2654.8578849170913,-57.020769641286954,154.0220759431238,2666.4969455281557,-43.21645589774622,0.6900981947236448,0.0,-0.7237157464358271,3.929013079667063,3.929013079667063
154.0220759431238,2666.4969455281557,-43.21645589774622,150.39536202614227,2679.028451863503,-55.445697802206496,0.6900981947236448,0.0,-0.7237157464358271,3.929013079667063,3.929013079667063
150.39536202614227,2679.028451863503,-55.445697802206496,146.7686481091607,2691.559958198851,-67.67493970666676,0.6900981947236448,0.0,-0.7237157464358271,3.929013079667063,3.929013079667063
146.3466088818581,2667.389391252439,-69.25001154574723,150.39536202614227,2679.028451863503,-55.445697802206496,0.6900981947236448,0.0,-0.7237157464358271,3.929013079667063,3.929013079667063
150.39536202614227,2679.028451863503,-55.445697802206496,154.44411517042641,2690.6675124745675,-41.64138405866576,0.6900981947236448,0.0,-0.7237157464358271,3.929013079667063,3.929013079667063
154.44411517042641,2690.6675124745675,-41.64138405866576,150.81740125344487,2703.199018809915,-53.87062596312604,0.6900981947236448,0.0,-0.7237157464358271,3.929013079667063,3.929013079667063
150.81740125344487,2703.199018809915,-53.87062596312604,147.19068733646333,2715.7305251452626,-66.09986786758631,0.6900981947236448,0.0,-0.7237157464358271,3.929013079667063,3.929013079667063
146.7686481091607,2691.559958198851,-67.67493970666676,150.81740125344487,2703.199018809915,-53.87062596312604,0.6900981947236448,0.0,-0.7237157464358271,3.929013079667063,3.929013079667063
150.81740125344487,2703.199018809915,-53.87062596312604,154.86615439772905,2714.8380794209793,-40.0663122195853,0.6900981947236448,0.0,-0.7237157464358271,3.929013079667063,3.929013079667063
154.86615439772905,2714.8380794209797,-40.06631221958529,151.23944048074748,2727.369585756327,-52.295554124045566,0.6900981947236448,0.0,-0.7237157464358271,3.929013079667063,3.929013079667063
151.23944048074748,2727.369585756327,-52.295554124045566,147.61272656376593,2739.901092091675,-64.52479602850585,0.6900981947236448,0.0,-0.7237157464358271,3.929013079667063,3.929013079667063
147.19068733646333,2715.730525145263,-66.0998678675863,151.23944048074748,2727.369585756327,-52.295554124045566,0.6900981947236448,0.0,-0.7237157464358271,3.929013079667063,3.929013079667063
151.23944048074748,2727.369585756327,-52.295554124045566,155.28819362503165,2739.0086463673915,-38.491240380504834,0.6900981947236448,0.0,-0.7237157464358271,3.929013079667063,3.929013079667063
155.28819362503165,2739.0086463673915,-38.491240380504834,151.66147970805008,2751.540152702739,-50.720482284965115,0.6900981947236448,0.0,-0.7237157464358271,3.929013079667063,3.929013079667063
151.66147970805008,2751.540152702739,-50.720482284965115,148.03476579106854,2764.0716590380866,-62.94972418942538,0.6900981947236448,0.0,-0.7237157464358271,3.929013079667063,3.929013079667063
147.61272656376593,2739.901092091675,-64.52479602850585,151.66147970805008,2751.540152702739,-50.720482284965115,0.6900981947236448,0.0,-0.7237157464358271,3.929013079667063,3.929013079667063
151.66147970805008,2751.540152702739,-50.720482284965115,155.71023285233426,2763.1792133138033,-36.916168541424376,0.6900981947236448,0.0,-0.7237157464358271,3.929013079667063,3.929013079667063
155.71023285233426,2763.1792133138033,-36.916168541424376,152.08351893535269,2775.7107196491506,-49.14541044588465,0.6900981947236448,0.0,-0.7237157464358271,3.929013079667063,3.929013079667063
152.08351893535269,2775.7107196491506,-49.14541044588465,148.45680501837114,2788.2422259844984,-61.37465235034493,0.6900981947236448,0.0,-0.7237157464358271,3.929013079667063,3.929013079667063
148.03476579106854,2764.0716590380866,-62.94972418942538,152.08351893535269,2775.7107196491506,-49.14541044588465,0.6900981947236448,0.0,-0.7237157464358271,3.929013079667063,3.929013079667063
152.08351893535269,2775.7107196491506,-49.14541044588465,156.13227207963686,2787.349780260215,-35.34109670234392,0.6900981947236448,0.0,-0.7237157464358271,3.929013079667063,3.929013079667063
156.13227207963686,2787.349780260215,-35.34109670234392,152.5055581626553,2799.8812865955624,-47.5703386068042,0.6900981947236448,0.0,-0.7237157464358271,3.929013079667063,3.929013079667063
152.5055581626553,2799.8812865955624,-47.5703386068042,148.87884424567378,2812.41279293091,-59.799580511264466,0.6900981947236448,0.0,-0.7237157464358271,3.929013079667063,3.929013079667063
148.45680501837114,2788.2422259844984,-61.37465235034493,152.5055581626553,2799.8812865955624,-47.5703386068042,0.6900981947236448,0.0,-0.7237157464358271,3.929013079667063,3.929013079667063
152.5055581626553,2799.8812865955624,-47.5703386068042,156.5543113069395,2811.520347206627,-33.76602486326346,0.6900981947236448,0.0,-0.7237157464358271,3.929013079667063,3.929013079667063
156.5543113069395,2811.520347206627,-33.76602486326346,152.92759738995795,2824.051853541974,-45.995266767723734,0.6900981947236448,0.0,-0.7237157464358271,3.929013079667063,3.929013079667063
152.92759738995795,2824.051853541974,-45.995266767723734,149.30088347297638,2836.583359877322,-58.224508672184015,0.6900981947236448,0.0,-0.7237157464358271,3.929013079667063,3.929013079667063
148.87884424567378,2812.41279293091,-59.799580511264466,152.92759738995795,2824.051853541974,-45.995266767723734,0.6900981947236448,0.0,-0.7237157464358271,3.929013079667063,3.929013079667063
152.92759738995795,2824.051853541974,-45.995266767723734,156.9763505342421,2835.6909141530386,-32.190953024183,0.6900981947236448,0.0,-0.7237157464358271,3.929013079667063,3.929013079667063
156.9763505342421,2835.6909141530386,-32.190953024182996,153.34963661726056,2848.222420488386,-44.42019492864327,0.6900981947236448,0.0,-0.7237157464358271,3.929013079667063,3.929013079667063
153.34963661726056,2848.222420488386,-44.42019492864327,149.72292270027899,2860.7539268237338,-56.64943683310355,0.6900981947236448,0.0,-0.7237157464358271,3.929013079667063,3.929013079667063
149.30088347297638,2836.583359877322,-58.224508672184,153.34963661726056,2848.222420488386,-44.42019492864327,0.6900981947236448,0.0,-0.7237157464358271,3.929013079667063,3.929013079667063
153.34963661726056,2848.222420488386,-44.42019492864327,157.3983897615447,2859.8614810994504,-30.615881185102538,0.6900981947236448,0.0,-0.7237157464358271,3.929013079667063,3.929013079667063
157.3983897615447,2859.8614810994504,-30.615881185102538,153.77167584456316,2872.3929874347978,-42.84512308956281,0.6900981947236448,0.0,-0.7237157464358271,3.929013079667063,3.929013079667063
153.77167584456316,2872.3929874347978,-42.84512308956281,150.1449619275816,2884.924493770146,-55.074364994023085,0.6900981947236448,0.0,-0.7237157464358271,3.929013079667063,3.929013079667063
149.72292270027899,2860.7539268237338,-56.64943683310355,153.77167584456316,2872.3929874347978,-42.84512308956281,0.6900981947236448,0.0,-0.7237157464358271,3.929013079667063,3.929013079667063
153.77167584456316,2872.3929874347978,-42.84512308956281,157.8204289888473,2884.0320480458627,-29.040809346022073,0.6900981947236448,0.0,-0.7237157464358271,3.929013079667063,3.929013079667063
157.8204289888473,2884.0320480458627,-29.040809346022073,154.19371507186577,2896.56355438121,-41.270051250482354,0.6900981947236448,0.0,-0.7237157464358271,3.929013079667063,3.929013079667063
154.19371507186577,2896.56355438121,-41.270051250482354,150.56700115488422,2909.095060716558,-53.49929315494262,0.6900981947236448,0.0,-0.7237157464358271,3.929013079667063,3.929013079667063
150.1449619275816,2884.924493770146,-55.074364994023085,154.19371507186577,2896.56355438121,-41.270051250482354,0.6900981947236448,0.0,-0.7237157464358271,3.929013079667063,3.929013079667063
154.19371507186577,2896.56355438121,-41.270051250482354,158.24246821614994,2908.2026149922744,-27.465737506941615,0.6900981947236448,0.0,-0.7237157464358271,3.929013079667063,3.929013079667063
158.24246821614994,2908.2026149922744,-27.465737506941615,154.61575429916837,2920.734121327622,-39.694979411401896,0.6900981947236448,0.0,-0.7237157464358271,3.929013079667063,3.929013079667063
154.61575429916837,2920.734121327622,-39.694979411401896,150.98904038218683,2933.2656276629696,-51.92422131586217,0.6900981947236448,0.0,-0.7237157464358271,3.929013079667063,3.929013079667063
150.56700115488422,2909.095060716558,-53.49929315494262,154.61575429916837,2920.734121327622,-39.694979411401896,0.6900981947236448,0.0,-0.7237157464358271,3.929013079667063,3.929013079667063
154.61575429916837,2920.734121327622,-39.694979411401896,158.66450744345255,2932.3731819386862,-25.890665667861157,0.6900981947236448,0.0,-0.7237157464358271,3.929013079667063,3.929013079667063
158.66450744345255,2932.3731819386862,-25.890665667861157,155.03779352647098,2944.9046882740336,-38.11990757232144,0.6900981947236448,0.0,-0.7237157464358271,3.929013079667063,3.929013079667063
155.03779352647098,2944.9046882740336,-38.11990757232144,151.41107960948943,2957.4361946093813,-50.349149476781704,0.6900981947236448,0.0,-0.7237157464358271,3.929013079667063,3.929013079667063
150.98904038218683,2933.2656276629696,-51.92422131586217,155.03779352647098,2944.9046882740336,-38.11990757232144,0.6900981947236448,0.0,-0.7237157464358271,3.929013079667063,3.929013079667063
155.03779352647098,2944.9046882740336,-38.11990757232144,159.08654667075515,2956.543748885098,-24.3155938287807,0.6900981947236448,0.0,-0.7237157464358271,3.929013079667063,3.929013079667063
159.08654667075515,2956.543748885098,-24.315593828780692,155.45983275377358,2969.075255220446,-36.54483573324097,0.6900981947236448,0.0,-0.7237157464358271,3.929013079667063,3.929013079667063
155.45983275377358,2969.075255220446,-36.54483573324097,151.83311883679204,2981.6067615557936,-48.77407763770124,0.6900981947236448,0.0,-0.7237157464358271,3.929013079667063,3.929013079667063
151.41107960948943,2957.4361946093813,-50.349149476781704,155.45983275377358,2969.075255220446,-36.54483573324097,0.6900981947236448,0.0,-0.7237157464358271,3.929013079667063,3.929013079667063
155.45983275377358,2969.075255220446,-36.54483573324097,159.50858589805776,2980.7143158315102,-22.740521989700234,0.6900981947236448,0.0,-0.7237157464358271,3.929013079667063,3.929013079667063
159.50858589805776,2980.7143158315102,-22.740521989700234,155.88187198107624,2993.2458221668576,-34.96976389416051,0.6900981947236448,0.0,-0.7237157464358271,3.929013079667063,3.929013079667063
155.88187198107624,2993.2458221668576,-34.96976389416051,152.25515806409467,3005.7773285022054,-47.19900579862079,0.6900981947236448,0.0,-0.7237157464358271,3.929013079667063,3.929013079667063
151.83311883679204,2981.6067615557936,-48.77407763770124,155.88187198107624,2993.2458221668576,-34.96976389416051,0.6900981947236448,0.0,-0.7237157464358271,3.929013079667063,3.929013079667063
155.88187198107624,2993.2458221668576,-34.96976389416051,159.9306251253604,3004.884882777922,-21.165450150619776,0.6900981947236448,0.0,-0.7237157464358271,3.929013079667063,3.929013079667063
159.9306251253604,3004.884882777922,-21.165450150619776,156.30391120837885,3017.4163891132694,-33.39469205508005,0.6900981947236448,0.0,-0.7237157464358271,3.929013079667063,3.929013079667063
156.30391120837885,3017.4163891132694,-33.39469205508005,152.67719729139728,3029.947895448617,-45.623933959540324,0.6900981947236448,0.0,-0.7237157464358271,3.929013079667063,3.929013079667063
152.25515806409467,3005.7773285022054,-47.19900579862079,156.30391120837885,3017.4163891132694,-33.39469205508005,0.6900981947236448,0.0,-0.7237157464358271,3.929013079667063,3.929013079667063
156.30391120837885,3017.4163891132694,-33.39469205508005,160.352664352663,3029.055449724334,-19.590378311539318,0.6900981947236448,0.0,-0.7237157464358271,3.929013079667063,3.929013079667063
160.352664352663,3029.055449724334,-19.590378311539318,156.72595043568145,3041.586956059681,-31.819620215999592,0.6900981947236448,0.0,-0.7237157464358271,3.929013079667063,3.929013079667063
156.72595043568145,3041.586956059681,-31.819620215999592,153.09923651869988,3054.118462395029,-44.04886212045987,0.6900981947236448,0.0,-0.7237157464358271,3.929013079667063,3.929013079667063
152.67719729139728,3029.947895448617,-45.623933959540324,156.72595043568145,3041.586956059681,-31.819620215999592,0.6900981947236448,0.0,-0.7237157464358271,3.929013079667063,3.929013079667063
156.72595043568145,3041.586956059681,-31.819620215999592,160.7747035799656,3053.2260166707456,-18.01530647245886,0.6900981947236448,0.0,-0.7237157464358271,3.929013079667063,3.929013079667063
160.7747035799656,3053.2260166707456,-18.01530647245886,157.14798966298406,3065.757523006093,-30.244548376919134,0.6900981947236448,0.0,-0.7237157464358271,3.929013079667063,3.929013079667063
157.14798966298406,3065.757523006093,-30.244548376919134,153.5212757460025,3078.2890293414407,-42.47379028137941,0.6900981947236448,0.0,-0.7237157464358271,3.929013079667063,3.929013079667063
153.09923651869988,3054.118462395029,-44.04886212045987,157.14798966298406,3065.757523006093,-30.244548376919134,0.6900981947236448,0.0,-0.7237157464358271,3.929013079667063,3.929013079667063
157.14798966298406,3065.757523006093,-30.244548376919134,161.1967428072682,3077.3965836171574,-16.440234633378402,0.6900981947236448,0.0,-0.7237157464358271,3.929013079667063,3.929013079667063
161.19674280726824,3077.3965836171574,-16.440234633378395,157.57002889028666,3089.9280899525047,-28.66947653783867,0.6900981947236448,0.0,-0.7237157464358271,3.929013079667063,3.929013079667063
157.57002889028666,3089.9280899525047,-28.66947653783867,153.94331497330512,3102.4595962878525,-40.89871844229894,0.6900981947236448,0.0,-0.7237157464358271,3.929013079667063,3.929013079667063
153.52127574600252,3078.2890293414407,-42.47379028137941,157.57002889028666,3089.9280899525047,-28.66947653783867,0.6900981947236448,0.0,-0.7237157464358271,3.929013079667063,3.929013079667063
157.57002889028666,3089.9280899525047,-28.66947653783867,161.61878203457084,3101.567150563569,-14.865162794297932,0.6900981947236448,0.0,-0.7237157464358271,3.929013079667063,3.929013079667063
161.61878203457084,3101.567150563569,-14.865162794297932,157.99206811758927,3114.0986568989165,-27.09440469875821,0.6900981947236448,0.0,-0.7237157464358271,3.929013079667063,3.929013079667063
157.99206811758927,3114.0986568989165,-27.09440469875821,154.36535420060773,3126.6301632342643,-39.32364660321848,0.6900981947236448,0.0,-0.7237157464358271,3.929013079667063,3.929013079667063
153.94331497330512,3102.4595962878525,-40.89871844229894,157.99206811758927,3114.0986568989165,-27.09440469875821,0.6900981947236448,0.0,-0.7237157464358271,3.929013079667063,3.929013079667063
157.99206811758927,3114.0986568989165,-27.09440469875821,162.04082126187345,3125.737717509981,-13.290090955217474,0.6900981947236448,0.0,-0.7237157464358271,3.929013079667063,3.929013079667063
162.04082126187345,3125.737717509981,-13.290090955217474,158.41410734489187,3138.2692238453283,-25.519332859677753,0.6900981947236448,0.0,-0.7237157464358271,3.929013079667063,3.929013079667063
158.41410734489187,3138.2692238453283,-25.519332859677753,154.78739342791033,3150.8007301806765,-37.74857476413803,0.6900981947236448,0.0,-0.7237157464358271,3.929013079667063,3.929013079667063
154.36535420060773,3126.6301632342643,-39.32364660321848,158.41410734489187,3138.2692238453283,-25.519332859677753,0.6900981947236448,0.0,-0.7237157464358271,3.929013079667063,3.929013079667063
158.41410734489187,3138.2692238453283,-25.519332859677753,162.46286048917605,3149.908284456393,-11.715019116137016,0.6900981947236448,0.0,-0.7237157464358271,3.929013079667063,3.929013079667063
162.46286048917605,3149.908284456393,-11.715019116137016,158.83614657219448,3162.4397907917405,-23.944261020597295,0.6900981947236448,0.0,-0.7237157464358271,3.929013079667063,3.929013079667063
158.83614657219448,3162.4397907917405,-23.944261020597295,155.20943265521294,3174.9712971270883,-36.17350292505756,0.6900981947236448,0.0,-0.7237157464358271,3.929013079667063,3.929013079667063
154.78739342791033,3150.8007301806765,-37.74857476413803,158.83614657219448,3162.4397907917405,-23.944261020597295,0.6900981947236448,0.0,-0.7237157464358271,3.929013079667063,3.929013079667063
158.83614657219448,3162.4397907917405,-23.944261020597295,162.88489971647866,3174.078851402805,-10.139947277056558,0.6900981947236448,0.0,-0.7237157464358271,3.929013079667063,3.929013079667063
162.88489971647866,3174.078851402805,-10.139947277056558,159.25818579949714,3186.6103577381523,-22.369189181516838,0.6900981947236448,0.0,-0.7237157464358271,3.929013079667063,3.929013079667063
159.25818579949714,3186.6103577381523,-22.369189181516838,155.63147188251557,3199.1418640735,-34.59843108597711,0.6900981947236448,0.0,-0.7237157464358271,3.929013079667063,3.929013079667063
155.20943265521294,3174.9712971270883,-36.17350292505756,159.25818579949714,3186.6103577381523,-22.369189181516838,0.6900981947236448,0.0,-0.7237157464358271,3.929013079667063,3.929013079667063
159.25818579949714,3186.6103577381523,-22.369189181516838,163.3069389437813,3198.2494183492167,-8.5648754379761,0.6900981947236448,0.0,-0.7237157464358271,3.929013079667063,3.929013079667063
163.3069389437813,3198.2494183492167,-8.564875437976093,159.68022502679975,3210.780924684564,-20.794117342436365,0.6900981947236448,0.0,-0.7237157464358271,3.929013079667063,3.929013079667063
159.68022502679975,3210.780924684564,-20.794117342436365,156.05351110981817,3223.312431019912,-33.023359246896646,0.6900981947236448,0.0,-0.7237157464358271,3.929013079667063,3.929013079667063
155.63147188251557,3199.1418640735,-34.5984310859771,159.68022502679975,3210.780924684564,-20.794117342436365,0.6900981947236448,0.0,-0.7237157464358271,3.929013079667063,3.929013079667063
159.68022502679975,3210.780924684564,-20.794117342436365,163.7289781710839,3222.4199852956285,-6.9898035988956355,0.6900981947236448,0.0,-0.7237157464358271,3.929013079667063,3.929013079667063
163.7289781710839,3222.4199852956285,-6.9898035988956355,160.10226425410235,3234.9514916309763,-19.219045503355908,0.6900981947236448,0.0,-0.7237157464358271,3.929013079667063,3.929013079667063
160.10226425410235,3234.9514916309763,-19.219045503355908,156.47555033712078,3247.482997966324,-31.448287407816185,0.6900981947236448,0.0,-0.7237157464358271,3.929013079667063,3.929013079667063
156.05351110981817,3223.312431019912,-33.023359246896646,160.10226425410235,3234.9514916309763,-19.219045503355908,0.6900981947236448,0.0,-0.7237157464358271,3.929013079667063,3.929013079667063
160.10226425410235,3234.9514916309763,-19.219045503355908,164.1510173983865,3246.5905522420408,-5.414731759815178,0.6900981947236448,0.0,-0.7237157464358271,3.929013079667063,3.929013079667063
164.1510173983865,3246.5905522420408,-5.414731759815178,160.52430348140496,3259.122058577388,-17.64397366427545,0.6900981947236448,0.0,-0.7237157464358271,3.929013079667063,3.929013079667063
160.52430348140496,3259.122058577388,-17.64397366427545,156.8975895644234,3271.653564912736,-29.873215568735727,0.6900981947236448,0.0,-0.7237157464358271,3.929013079667063,3.929013079667063
156.47555033712078,3247.482997966324,-31.448287407816185,160.52430348140496,3259.122058577388,-17.64397366427545,0.6900981947236448,0.0,-0.7237157464358271,3.929013079667063,3.929013079667063
160.52430348140496,3259.122058577388,-17.64397366427545,164.57305662568913,3270.7611191884525,-3.8396599207347197,0.6900981947236448,0.0,-0.7237157464358271,3.929013079667063,3.929013079667063
164.57305662568913,3270.7611191884525,-3.8396599207347197,160.94634270870756,3283.2926255238,-16.06890182519499,0.6900981947236448,0.0,-0.7237157464358271,3.929013079667063,3.929013079667063
160.94634270870756,3283.2926255238,-16.06890182519499,157.31962879172602,3295.8241318591477,-28.29814372965527,0.6900981947236448,0.0,-0.7237157464358271,3.929013079667063,3.929013079667063
156.8975895644234,3271.653564912736,-29.873215568735727,160.94634270870756,3283.2926255238,-16.06890182519499,0.6900981947236448,0.0,-0.7237157464358271,3.929013079667063,3.929013079667063
160.94634270870756,3283.2926255238,-16.06890182519499,164.99509585299174,3294.9316861348643,-2.264588081654262,0.6900981947236448,0.0,-0.7237157464358271,3.929013079667063,3.929013079667063
164.99509585299174,3294.9316861348643,-2.264588081654262,161.36838193601017,3307.4631924702117,-14.493829986114532,0.6900981947236448,0.0,-0.7237157464358271,3.929013079667063,3.929013079667063
161.36838193601017,3307.4631924702117,-14.493829986114532,157.74166801902862,3319.9946988055594,-26.723071890574804,0.6900981947236448,0.0,-0.7237157464358271,3.929013079667063,3.929013079667063
157.31962879172602,3295.8241318591477,-28.29814372965527,161.36838193601017,3307.4631924702117,-14.493829986114532,0.6900981947236448,0.0,-0.7237157464358271,3.929013079667063,3.929013079667063
161.36838193601017,3307.4631924702117,-14.493829986114532,165.41713508029434,3319.102253081276,-0.6895162425737968,0.6900981947236448,0.0,-0.7237157464358271,3.929013079667063,3.929013079667063
165.41713508029434,3319.102253081276,-0.6895162425737968,161.79042116331277,3331.6337594166234,-12.918758147034067,0.6900981947236448,0.0,-0.7237157464358271,3.929013079667063,3.929013079667063
161.79042116331277,3331.6337594166234,-12.918758147034067,158.16370724633123,3344.165265751971,-25.14800005149434,0.6900981947236448,0.0,-0.7237157464358271,3.929013079667063,3.929013079667063
157.74166801902862,3319.9946988055594,-26.723071890574804,161.79042116331277,3331.6337594166234,-12.918758147034067,0.6900981947236448,0.0,-0.7237157464358271,3.929013079667063,3.929013079667063
161.79042116331277,3331.6337594166234,-12.918758147034067,165.83917430759695,3343.272820027688,0.8855555965066682,0.6900981947236448,0.0,-0.7237157464358271,3.929013079667063,3.929013079667063
165.83917430759695,3343.272820027688,0.8855555965066682,162.21246039061543,3355.804326363035,-11.343686307953602,0.6900981947236448,0.0,-0.7237157464358271,3.929013079667063,3.929013079667063
162.21246039061543,3355.804326363035,-11.343686307953602,158.58574647363383,3368.335832698383,-23.57292821241389,0.6900981947236448,0.0,-0.7237157464358271,3.929013079667063,3.929013079667063
158.16370724633123,3344.165265751971,-25.14800005149434,162.21246039061543,3355.804326363035,-11.343686307953602,0.6900981947236448,0.0,-0.7237157464358271,3.929013079667063,3.929013079667063
162.21246039061543,3355.804326363035,-11.343686307953602,166.26121353489955,3367.4433869740997,2.460627435587119,0.6900981947236448,0.0,-0.7237157464358271,3.929013079667063,3.929013079667063
166.26121353489955,3367.4433869740997,2.460627435587119,162.63449961791804,3379.974893309447,-9.768614468873151,0.6900981947236448,0.0,-0.7237157464358271,3.929013079667063,3.929013079667063
162.63449961791804,3379.974893309447,-9.768614468873151,159.00778570093647,3392.506399644795,-21.997856373333423,0.6900981947236448,0.0,-0.7237157464358271,3.929013079667063,3.929013079667063
158.58574647363383,3368.335832698383,-23.57292821241389,162.63449961791804,3379.974893309447,-9.768614468873151,0.6900981947236448,0.0,-0.7237157464358271,3.929013079667063,3.929013079667063
162.63449961791804,3379.974893309447,-9.768614468873151,166.6832527622022,3391.6139539205114,4.035699274667584,0.6900981947236448,0.0,-0.7237157464358271,3.929013079667063,3.929013079667063
166.6832527622022,3391.6139539205114,4.035699274667584,163.05653884522064,3404.145460255859,-8.193542629792686,0.6900981947236448,0.0,-0.7237157464358271,3.929013079667063,3.929013079667063
163.05653884522064,3404.145460255859,-8.193542629792686,159.42982492823907,3416.6769665912066,-20.422784534252973,0.6900981947236448,0.0,-0.7237157464358271,3.929013079667063,3.929013079667063
159.00778570093647,3392.506399644795,-21.997856373333423,163.05653884522064,3404.145460255859,-8.193542629792686,0.6900981947236448,0.0,-0.7237157464358271,3.929013079667063,3.929013079667063
163.05653884522064,3404.145460255859,-8.193542629792686,167.1052919895048,3415.7845208669232,5.610771113748035,0.6900981947236448,0.0,-0.7237157464358271,3.929013079667063,3.929013079667063
167.1052919895048,3415.7845208669232,5.610771113748035,163.47857807252325,3428.3160272022706,-6.6184707907122355,0.6900981947236448,0.0,-0.7237157464358271,3.929013079667063,3.929013079667063
163.47857807252325,3428.3160272022706,-6.6184707907122355,159.85186415554168,3440.847533537619,-18.847712695172508,0.6900981947236448,0.0,-0.7237157464358271,3.929013079667063,3.929013079667063
159.42982492823907,3416.6769665912066,-20.422784534252973,163.47857807252325,3428.3160272022706,-6.6184707907122355,0.6900981947236448,0.0,-0.7237157464358271,3.929013079667063,3.929013079667063
163.47857807252325,3428.3160272022706,-6.6184707907122355,167.5273312168074,3439.9550878133355,7.1858429528285,0.6900981947236448,0.0,-0.7237157464358271,3.929013079667063,3.929013079667063
167.5273312168074,3439.9550878133355,7.1858429528285,163.90061729982585,3452.486594148683,-5.0433989516317705,0.6900981947236448,0.0,-0.7237157464358271,3.929013079667063,3.929013079667063
163.90061729982585,3452.486594148683,-5.0433989516317705,160.2739033828443,3465.0181004840306,-17.272640856092043,0.6900981947236448,0.0,-0.7237157464358271,3.929013079667063,3.929013079667063
159.85186415554168,3440.847533537619,-18.847712695172508,163.90061729982585,3452.486594148683,-5.0433989516317705,0.6900981947236448,0.0,-0.7237157464358271,3.929013079667063,3.929013079667063
163.90061729982585,3452.486594148683,-5.0433989516317705,167.94937044411003,3464.1256547597472,8.760914791908965,0.6900981947236448,0.0,-0.7237157464358271,3.929013079667063,3.929013079667063
130.94901364119875,2320.374426855538,-75.60344827586205,144.27215935861625,2344.5449938019497,-66.57991913186973,0.0,0.0,1.0,3.929013079667063,3.929013079667063
118.46994637838645,2344.5449938019497,-81.47683374169344,131.79309209580398,2368.7155607483614,-72.45330459770113,0.0,0.0,1.0,3.929013079667063,3.929013079667063
131.79309209580398,2368.7155607483614,-72.45330459770113,145.1162378132215,2392.886127694773,-63.429775453708814,0.0,0.0,1.0,3.929013079667063,3.929013079667063
144.27215935861625,2344.5449938019497,-66.57991913186973,131.79309209580398,2368.7155607483614,-72.45330459770113,0.0,0.0,1.0,3.929013079667063,3.929013079667063
131.79309209580398,2368.7155607483614,-72.45330459770113,119.31402483299169,2392.886127694773,-78.32669006353252,0.0,0.0,1.0,3.929013079667063,3.929013079667063
119.31402483299169,2392.886127694773,-78.32669006353252,132.6371705504092,2417.0566946411855,-69.30316091954022,0.0,0.0,1.0,3.929013079667063,3.929013079667063
132.6371705504092,2417.0566946411855,-69.30316091954022,145.9603162678267,2441.2272615875972,-60.2796317755479,0.0,0.0,1.0,3.929013079667063,3.929013079667063
145.1162378132215,2392.886127694773,-63.429775453708814,132.6371705504092,2417.0566946411855,-69.30316091954022,0.0,0.0,1.0,3.929013079667063,3.929013079667063
132.6371705504092,2417.0566946411855,-69.30316091954022,120.1581032875969,2441.2272615875972,-75.17654638537161,0.0,0.0,1.0,3.929013079667063,3.929013079667063
120.1581032875969,2441.2272615875972,-75.17654638537161,133.48124900501443,2465.397828534009,-66.15301724137929,0.0,0.0,1.0,3.929013079667063,3.929013079667063
133.48124900501443,2465.397828534009,-66.15301724137929,146.80439472243194,2489.568395480421,-57.12948809738698,0.0,0.0,1.0,3.929013079667063,3.929013079667063
145.9603162678267,2441.2272615875972,-60.2796317755479,133.48124900501443,2465.397828534009,-66.15301724137929,0.0,0.0,1.0,3.929013079667063,3.929013079667063
133.48124900501443,2465.397828534009,-66.15301724137929,121.00218174220214,2489.568395480421,-72.02640270721069,0.0,0.0,1.0,3.929013079667063,3.929013079667063
121.00218174220214,2489.568395480421,-72.02640270721069,134.32532745961964,2513.7389624268326,-63.00287356321837,0.0,0.0,1.0,3.929013079667063,3.929013079667063
134.32532745961964,2513.7389624268326,-63.00287356321837,147.64847317703715,2537.9095293732444,-53.97934441922606,0.0,0.0,1.0,3.929013079667063,3.929013079667063
146.80439472243194,2489.568395480421,-57.12948809738698,134.32532745961964,2513.7389624268326,-63.00287356321837,0.0,0.0,1.0,3.929013079667063,3.929013079667063
134.32532745961964,2513.7389624268326,-63.00287356321837,121.84626019680735,2537.9095293732444,-68.87625902904978,0.0,0.0,1.0,3.929013079667063,3.929013079667063
121.84626019680735,2537.9095293732444,-68.87625902904978,135.16940591422488,2562.0800963196566,-59.85272988505746,0.0,0.0,1.0,3.929013079667063,3.929013079667063
135.16940591422488,2562.0800963196566,-59.85272988505746,148.49255163164239,2586.2506632660684,-50.829200741065144,0.0,0.0,1.0,3.929013079667063,3.929013079667063
147.64847317703715,2537.9095293732444,-53.97934441922606,135.16940591422488,2562.0800963196566,-59.85272988505746,0.0,0.0,1.0,3.929013079667063,3.929013079667063
135.16940591422488,2562.0800963196566,-59.85272988505746,122.69033865141259,2586.2506632660684,-65.72611535088885,0.0,0.0,1.0,3.929013079667063,3.929013079667063
122.69033865141259,2586.2506632660684,-65.72611535088885,136.0134843688301,2610.42123021248,-56.70258620689654,0.0,0.0,1.0,3.929013079667063,3.929013079667063
136.0134843688301,2610.42123021248,-56.70258620689654,149.3366300862476,2634.591797158892,-47.67905706290422,0.0,0.0,1.0,3.929013079667063,3.929013079667063
148.49255163164239,2586.2506632660684,-50.829200741065144,136.0134843688301,2610.42123021248,-56.70258620689654,0.0,0.0,1.0,3.929013079667063,3.929013079667063
136.0134843688301,2610.42123021248,-56.70258620689654,123.5344171060178,2634.591797158892,-62.57597167272793,0.0,0.0,1.0,3.929013079667063,3.929013079667063
123.5344171060178,2634.591797158892,-62.57597167272793,136.85756282343533,2658.7623641053037,-53.552442528735625,0.0,0.0,1.0,3.929013079667063,3.929013079667063
136.85756282343533,2658.7623641053037,-53.552442528735625,150.18070854085283,2682.9329310517155,-44.528913384743305,0.0,0.0,1.0,3.929013079667063,3.929013079667063
149.3366300862476,2634.591797158892,-47.67905706290422,136.85756282343533,2658.7623641053037,-53.552442528735625,0.0,0.0,1.0,3.929013079667063,3.929013079667063
136.85756282343533,2658.7623641053037,-53.552442528735625,124.37849556062304,2682.9329310517155,-59.425827994567015,0.0,0.0,1.0,3.929013079667063,3.929013079667063
124.37849556062304,2682.9329310517155,-59.425827994567015,137.70164127804054,2707.1034979981278,-50.4022988505747,0.0,0.0,1.0,3.929013079667063,3.929013079667063
137.70164127804054,2707.1034979981278,-50.4022988505747,151.02478699545804,2731.2740649445395,-41.37876970658239,0.0,0.0,1.0,3.929013079667063,3.929013079667063
150.18070854085283,2682.9329310517155,-44.528913384743305,137.70164127804054,2707.1034979981278,-50.4022988505747,0.0,0.0,1.0,3.929013079667063,3.929013079667063
137.70164127804054,2707.1034979981278,-50.4022988505747,125.22257401522825,2731.2740649445395,-56.2756843164061,0.0,0.0,1.0,3.929013079667063,3.929013079667063
125.22257401522825,2731.2740649445395,-56.2756843164061,138.54571973264578,2755.4446318909513,-47.25215517241378,0.0,0.0,1.0,3.929013079667063,3.929013079667063
138.54571973264578,2755.4446318909513,-47.25215517241378,151.86886545006328,2779.615198837363,-38.22862602842147,0.0,0.0,1.0,3.929013079667063,3.929013079667063
151.02478699545804,2731.2740649445395,-41.37876970658239,138.54571973264578,2755.4446318909513,-47.25215517241378,0.0,0.0,1.0,3.929013079667063,3.929013079667063
138.54571973264578,2755.4446318909513,-47.25215517241378,126.06665246983349,2779.615198837363,-53.125540638245184,0.0,0.0,1.0,3.929013079667063,3.929013079667063
126.06665246983349,2779.615198837363,-53.125540638245184,139.389798187251,2803.785765783775,-44.102011494252864,0.0,0.0,1.0,3.929013079667063,3.929013079667063
139.389798187251,2803.785765783775,-44.102011494252864,152.7129439046685,2827.9563327301867,-35.07848235026055,0.0,0.0,1.0,3.929013079667063,3.929013079667063
151.86886545006328,2779.615198837363,-38.22862602842147,139.389798187251,2803.785765783775,-44.102011494252864,0.0,0.0,1.0,3.929013079667063,3.929013079667063
139.389798187251,2803.785765783775,-44.102011494252864,126.9107309244387,2827.9563327301867,-49.97539696008426,0.0,0.0,1.0,3.929013079667063,3.929013079667063
126.9107309244387,2827.9563327301867,-49.97539696008426,140.23387664185623,2852.1268996765984,-40.95186781609195,0.0,0.0,1.0,3.929013079667063,3.929013079667063
140.23387664185623,2852.1268996765984,-40.95186781609195,153.55702235927373,2876.29746662301,-31.928338672099635,0.0,0.0,1.0,3.929013079667063,3.929013079667063
152.7129439046685,2827.9563327301867,-35.07848235026055,140.23387664185623,2852.1268996765984,-40.95186781609195,0.0,0.0,1.0,3.929013079667063,3.929013079667063
140.23387664185623,2852.1268996765984,-40.95186781609195,127.75480937904393,2876.29746662301,-46.825253281923345,0.0,0.0,1.0,3.929013079667063,3.929013079667063
127.75480937904393,2876.29746662301,-46.825253281923345,141.07795509646144,2900.4680335694225,-37.801724137931025,0.0,0.0,1.0,3.929013079667063,3.929013079667063
141.07795509646144,2900.4680335694225,-37.801724137931025,154.40110081387894,2924.6386005158342,-28.778194993938712,0.0,0.0,1.0,3.929013079667063,3.929013079667063
153.55702235927373,2876.29746662301,-31.928338672099635,141.07795509646144,2900.4680335694225,-37.801724137931025,0.0,0.0,1.0,3.929013079667063,3.929013079667063
141.07795509646144,2900.4680335694225,-37.801724137931025,128.59888783364914,2924.6386005158342,-43.67510960376242,0.0,0.0,1.0,3.929013079667063,3.929013079667063
128.59888783364914,2924.6386005158342,-43.67510960376242,141.92203355106665,2948.809167462246,-34.65158045977011,0.0,0.0,1.0,3.929013079667063,3.929013079667063
141.92203355106665,2948.809167462246,-34.65158045977011,155.24517926848418,2972.979734408658,-25.628051315777796,0.0,0.0,1.0,3.929013079667063,3.929013079667063
154.40110081387894,2924.6386005158342,-28.778194993938712,141.92203355106665,2948.809167462246,-34.65158045977011,0.0,0.0,1.0,3.929013079667063,3.929013079667063
141.92203355106665,2948.809167462246,-34.65158045977011,129.44296628825438,2972.979734408658,-40.52496592560151,0.0,0.0,1.0,3.929013079667063,3.929013079667063
129.44296628825438,2972.979734408658,-40.52496592560151,142.76611200567189,2997.1503013550696,-31.501436781609193,0.0,0.0,1.0,3.929013079667063,3.929013079667063
142.76611200567189,2997.1503013550696,-31.501436781609193,156.0892577230894,3021.320868301482,-22.47790763761688,0.0,0.0,1.0,3.929013079667063,3.929013079667063
155.24517926848418,2972.979734408658,-25.628051315777796,142.76611200567189,2997.1503013550696,-31.501436781609193,0.0,0.0,1.0,3.929013079667063,3.929013079667063
142.76611200567189,2997.1503013550696,-31.501436781609193,130.2870447428596,3021.320868301482,-37.37482224744059,0.0,0.0,1.0,3.929013079667063,3.929013079667063
130.2870447428596,3021.320868301482,-37.374822247440584,143.61019046027712,3045.4914352478936,-28.35129310344827,0.0,0.0,1.0,3.929013079667063,3.929013079667063
143.61019046027712,3045.4914352478936,-28.35129310344827,156.93333617769463,3069.6620021943054,-19.327763959455957,0.0,0.0,1.0,3.929013079667063,3.929013079667063
156.0892577230894,3021.320868301482,-22.477907637616873,143.61019046027712,3045.4914352478936,-28.35129310344827,0.0,0.0,1.0,3.929013079667063,3.929013079667063
143.61019046027712,3045.4914352478936,-28.35129310344827,131.13112319746483,3069.6620021943054,-34.22467856927967,0.0,0.0,1.0,3.929013079667063,3.929013079667063
131.13112319746483,3069.6620021943054,-34.22467856927967,144.45426891488233,3093.832569140717,-25.201149425287355,0.0,0.0,1.0,3.929013079667063,3.929013079667063
144.45426891488233,3093.832569140717,-25.201149425287355,157.77741463229984,3118.003136087129,-16.17762028129504,0.0,0.0,1.0,3.929013079667063,3.929013079667063
156.93333617769463,3069.6620021943054,-19.327763959455957,144.45426891488233,3093.832569140717,-25.201149425287355,0.0,0.0,1.0,3.929013079667063,3.929013079667063
144.45426891488233,3093.832569140717,-25.201149425287355,131.97520165207004,3118.003136087129,-31.074534891118752,0.0,0.0,1.0,3.929013079667063,3.929013079667063
131.97520165207004,3118.003136087129,-31.074534891118752,145.29834736948757,3142.1737030335407,-22.051005747126432,0.0,0.0,1.0,3.929013079667063,3.929013079667063
145.29834736948757,3142.1737030335407,-22.051005747126432,158.62149308690508,3166.3442699799525,-13.027476603134119,0.0,0.0,1.0,3.929013079667063,3.929013079667063
157.77741463229984,3118.003136087129,-16.17762028129504,145.29834736948757,3142.1737030335407,-22.051005747126432,0.0,0.0,1.0,3.929013079667063,3.929013079667063
145.29834736948757,3142.1737030335407,-22.051005747126432,132.81928010667528,3166.3442699799525,-27.92439121295783,0.0,0.0,1.0,3.929013079667063,3.929013079667063
132.81928010667528,3166.3442699799525,-27.92439121295783,146.14242582409278,3190.5148369263648,-18.900862068965516,0.0,0.0,1.0,3.929013079667063,3.929013079667063
146.14242582409278,3190.5148369263648,-18.900862068965516,159.4655715415103,3214.6854038727765,-9.877332924973203,0.0,0.0,1.0,3.929013079667063,3.929013079667063
158.62149308690508,3166.3442699799525,-13.027476603134119,146.14242582409278,3190.5148369263648,-18.900862068965516,0.0,0.0,1.0,3.929013079667063,3.929013079667063
146.14242582409278,3190.5148369263648,-18.900862068965516,133.6633585612805,3214.6854038727765,-24.774247534796913,0.0,0.0,1.0,3.929013079667063,3.929013079667063
133.6633585612805,3214.6854038727765,-24.774247534796913,146.98650427869802,3238.8559708191883,-15.7507183908046,0.0,0.0,1.0,3.929013079667063,3.929013079667063
146.98650427869802,3238.8559708191883,-15.7507183908046,160.30964999611552,3263.0265377656,-6.727189246812287,0.0,0.0,1.0,3.929013079667063,3.929013079667063
159.4655715415103,3214.6854038727765,-9.877332924973203,146.98650427869802,3238.8559708191883,-15.7507183908046,0.0,0.0,1.0,3.929013079667063,3.929013079667063
146.98650427869802,3238.8559708191883,-15.7507183908046,134.50743701588573,3263.0265377656,-21.624103856635998,0.0,0.0,1.0,3.929013079667063,3.929013079667063
134.50743701588573,3263.0265377656,-21.62410385663599,147.83058273330323,3287.1971047120123,-12.600574712643677,0.0,0.0,1.0,3.929013079667063,3.929013079667063
147.83058273330323,3287.1971047120123,-12.600574712643677,161.15372845072073,3311.367671658424,-3.577045568651357,0.0,0.0,1.0,3.929013079667063,3.929013079667063
160.30964999611552,3263.0265377656,-6.72718924681228,147.83058273330323,3287.1971047120123,-12.600574712643677,0.0,0.0,1.0,3.929013079667063,3.929013079667063
147.83058273330323,3287.1971047120123,-12.600574712643677,135.35151547049094,3311.367671658424,-18.473960178475068,0.0,0.0,1.0,3.929013079667063,3.929013079667063
135.35151547049094,3311.367671658424,-18.473960178475068,148.67466118790847,3335.538238604836,-9.450431034482762,0.0,0.0,1.0,3.929013079667063,3.929013079667063
148.67466118790847,3335.538238604836,-9.450431034482762,161.99780690532597,3359.7088055512477,-0.42690189049044136,0.0,0.0,1.0,3.929013079667063,3.929013079667063
161.15372845072073,3311.367671658424,-3.577045568651357,148.67466118790847,3335.538238604836,-9.450431034482762,0.0,0.0,1.0,3.929013079667063,3.929013079667063
148.67466118790847,3335.538238604836,-9.450431034482762,136.19559392509618,3359.7088055512477,-15.323816500314152,0.0,0.0,1.0,3.929013079667063,3.929013079667063
136.19559392509618,3359.7088055512477,-15.323816500314152,149.51873964251368,3383.8793724976595,-6.300287356321846,0.0,0.0,1.0,3.929013079667063,3.929013079667063
149.51873964251368,3383.8793724976595,-6.300287356321846,162.84188535993118,3408.0499394440712,2.7232417876704744,0.0,0.0,1.0,3.929013079667063,3.929013079667063
161.99780690532597,3359.7088055512477,-0.42690189049044136,149.51873964251368,3383.8793724976595,-6.300287356321846,0.0,0.0,1.0,3.929013079667063,3.929013079667063
149.51873964251368,3383.8793724976595,-6.300287356321846,137.0396723797014,3408.0499394440712,-12.173672822153236,0.0,0.0,1.0,3.929013079667063,3.929013079667063
137.0396723797014,3408.0499394440712,-12.173672822153236,150.36281809711892,3432.220506390483,-3.15014367816093,0.0,0.0,1.0,3.929013079667063,3.929013079667063
150.36281809711892,3432.220506390483,-3.15014367816093,163.68596381453642,3456.391073336895,5.87338546583139,0.0,0.0,1.0,3.929013079667063,3.929013079667063
162.84188535993118,3408.0499394440712,2.7232417876704744,150.36281809711892,3432.220506390483,-3.15014367816093,0.0,0.0,1.0,3.929013079667063,3.929013079667063
150.36281809711892,3432.220506390483,-3.15014367816093,137.88375083430662,3456.391073336895,-9.02352914399232,0.0,0.0,1.0,3.929013079667063,3.929013079667063
151.20689655172413,3480.5616402833066,0.0,163.68596381453642,3456.391073336895,5.87338546583139,0.0,0.0,1.0,3.929013079667063,3.929013079667063
119.31402483299169,2392.886127694773,-78.32669006353252,115.32072330889174,2400.620709117625,-80.20617341259857,0.0,0.0,1.0,3.929013079667063,3.929013079667063
145.1162378132215,2392.886127694773,-63.429775453708814,149.37964444279507,2400.620709117625,-60.54224612763128,0.0,0.0,1.0,3.929013079667063,3.929013079667063
120.1581032875969,2441.2272615875972,-75.17654638537161,116.16480176349698,2448.961843010449,-77.05602973443764,0.0,0.0,1.0,3.929013079667063,3.929013079667063
145.9603162678267,2441.2272615875972,-60.2796317755479,150.2237228974003,2448.961843010449,-57.39210244947035,0.0,0.0,1.0,3.929013079667063,3.929013079667063
121.00218174220214,2489.568395480421,-72.02640270721069,117.00888021810219,2497.302976903273,-73.90588605627673,0.0,0.0,1.0,3.929013079667063,3.929013079667063
146.80439472243194,2489.568395480421,-57.12948809738698,151.06780135200552,2497.302976903273,-54.241958771309434,0.0,0.0,1.0,3.929013079667063,3.929013079667063
121.84626019680735,2537.9095293732444,-68.87625902904978,117.85295867270743,2545.6441107960964,-70.75574237811581,0.0,0.0,1.0,3.929013079667063,3.929013079667063
147.64847317703715,2537.9095293732444,-53.97934441922606,151.91187980661076,2545.6441107960964,-51.09181509314852,0.0,0.0,1.0,3.929013079667063,3.929013079667063
122.69033865141259,2586.2506632660684,-65.72611535088885,118.69703712731264,2593.98524468892,-67.6055986999549,0.0,0.0,1.0,3.929013079667063,3.929013079667063
148.49255163164239,2586.2506632660684,-50.829200741065144,152.75595826121597,2593.98524468892,-47.9416714149876,0.0,0.0,1.0,3.929013079667063,3.929013079667063
123.5344171060178,2634.591797158892,-62.57597167272793,119.54111558191788,2642.3263785817435,-64.45545502179398,0.0,0.0,1.0,3.929013079667063,3.929013079667063
149.3366300862476,2634.591797158892,-47.67905706290422,153.6000367158212,2642.3263785817435,-44.79152773682669,0.0,0.0,1.0,3.929013079667063,3.929013079667063
124.37849556062304,2682.9329310517155,-59.425827994567015,120.38519403652309,2690.6675124745675,-61.30531134363307,0.0,0.0,1.0,3.929013079667063,3.929013079667063
150.18070854085283,2682.9329310517155,-44.528913384743305,154.44411517042641,2690.6675124745675,-41.64138405866577,0.0,0.0,1.0,3.929013079667063,3.929013079667063
125.22257401522825,2731.2740649445395,-56.2756843164061,121.22927249112833,2739.008646367391,-58.15516766547214,0.0,0.0,1.0,3.929013079667063,3.929013079667063
151.02478699545804,2731.2740649445395,-41.37876970658239,155.28819362503165,2739.008646367391,-38.49124038050484,0.0,0.0,1.0,3.929013079667063,3.929013079667063
126.06665246983349,2779.615198837363,-53.125540638245184,122.07335094573354,2787.349780260215,-55.005023987311226,0.0,0.0,1.0,3.929013079667063,3.929013079667063
151.86886545006328,2779.615198837363,-38.22862602842147,156.13227207963686,2787.349780260215,-35.341096702343926,0.0,0.0,1.0,3.929013079667063,3.929013079667063
126.9107309244387,2827.9563327301867,-49.97539696008426,122.91742940033878,2835.6909141530386,-51.85488030915031,0.0,0.0,1.0,3.929013079667063,3.929013079667063
152.7129439046685,2827.9563327301867,-35.07848235026055,156.9763505342421,2835.6909141530386,-32.19095302418301,0.0,0.0,1.0,3.929013079667063,3.929013079667063
127.75480937904393,2876.29746662301,-46.825253281923345,123.76150785494399,2884.032048045862,-48.704736630989395,0.0,0.0,1.0,3.929013079667063,3.929013079667063
153.55702235927373,2876.29746662301,-31.928338672099635,157.8204289888473,2884.032048045862,-29.040809346022094,0.0,0.0,1.0,3.929013079667063,3.929013079667063
128.59888783364914,2924.6386005158342,-43.67510960376242,124.60558630954922,2932.373181938686,-45.55459295282847,0.0,0.0,1.0,3.929013079667063,3.929013079667063
154.40110081387894,2924.6386005158342,-28.778194993938712,158.66450744345255,2932.373181938686,-25.89066566786117,0.0,0.0,1.0,3.929013079667063,3.929013079667063
129.44296628825438,2972.979734408658,-40.52496592560151,125.44966476415443,2980.71431583151,-42.404449274667556,0.0,0.0,1.0,3.929013079667063,3.929013079667063
155.24517926848418,2972.979734408658,-25.628051315777796,159.50858589805776,2980.71431583151,-22.740521989700255,0.0,0.0,1.0,3.929013079667063,3.929013079667063
130.2870447428596,3021.320868301482,-37.37482224744059,126.29374321875967,3029.0554497243334,-39.25430559650664,0.0,0.0,1.0,3.929013079667063,3.929013079667063
156.0892577230894,3021.320868301482,-22.47790763761688,160.352664352663,3029.0554497243334,-19.59037831153934,0.0,0.0,1.0,3.929013079667063,3.929013079667063
131.13112319746483,3069.6620021943054,-34.22467856927967,127.13782167336488,3077.3965836171574,-36.10416191834572,0.0,0.0,1.0,3.929013079667063,3.929013079667063
156.93333617769463,3069.6620021943054,-19.327763959455957,161.1967428072682,3077.3965836171574,-16.440234633378417,0.0,0.0,1.0,3.929013079667063,3.929013079667063
131.97520165207004,3118.003136087129,-31.074534891118752,127.98190012797012,3125.737717509981,-32.954018240184794,0.0,0.0,1.0,3.929013079667063,3.929013079667063
157.77741463229984,3118.003136087129,-16.17762028129504,162.04082126187345,3125.737717509981,-13.290090955217496,0.0,0.0,1.0,3.929013079667063,3.929013079667063
132.81928010667528,3166.3442699799525,-27.92439121295783,128.82597858257535,3174.0788514028045,-29.80387456202388,0.0,0.0,1.0,3.929013079667063,3.929013079667063
158.62149308690508,3166.3442699799525,-13.027476603134119,162.88489971647866,3174.0788514028045,-10.13994727705658,0.0,0.0,1.0,3.929013079667063,3.929013079667063
133.6633585612805,3214.6854038727765,-24.774247534796913,129.67005703718058,3222.419985295628,-26.653730883862963,0.0,0.0,1.0,3.929013079667063,3.929013079667063
159.4655715415103,3214.6854038727765,-9.877332924973203,163.7289781710839,3222.419985295628,-6.989803598895664,0.0,0.0,1.0,3.929013079667063,3.929013079667063
134.50743701588573,3263.0265377656,-21.624103856635998,130.5141354917858,3270.7611191884516,-23.503587205702047,0.0,0.0,1.0,3.929013079667063,3.929013079667063
160.30964999611552,3263.0265377656,-6.727189246812287,164.5730566256891,3270.7611191884516,-3.839659920734748,0.0,0.0,1.0,3.929013079667063,3.929013079667063
135.35151547049094,3311.367671658424,-18.473960178475068,131.35821394639103,3319.1022530812756,-20.353443527541124,0.0,0.0,1.0,3.929013079667063,3.929013079667063
161.15372845072073,3311.367671658424,-3.577045568651357,165.41713508029434,3319.1022530812756,-0.6895162425738253,0.0,0.0,1.0,3.929013079667063,3.929013079667063
136.19559392509618,3359.7088055512477,-15.323816500314152,132.20229240099624,3367.4433869740997,-17.20329984938021,0.0,0.0,1.0,3.929013079667063,3.929013079667063
161.99780690532597,3359.7088055512477,-0.42690189049044136,166.26121353489955,3367.4433869740997,2.4606274355870905,0.0,0.0,1.0,3.929013079667063,3.929013079667063
137.0396723797014,3408.0499394440712,-12.173672822153236,133.04637085560148,3415.7845208669232,-14.05315617121929,0.0,0.0,1.0,3.929013079667063,3.929013079667063
162.84188535993118,3408.0499394440712,2.7232417876704744,167.1052919895048,3415.7845208669232,5.610771113748006,0.0,0.0,1.0,3.929013079667063,3.929013079667063
137.88375083430662,3456.391073336895,-9.02352914399232,133.8904493102067,3464.125654759747,-10.903012493058375,0.0,0.0,1.0,3.929013079667063,3.929013079667063
163.68596381453642,3456.391073336895,5.87338546583139,167.94937044411,3464.125654759747,8.760914791908922,0.0,0.0,1.0,3.929013079667063,3.929013079667063
151.20689655172413,3480.5616402833066,0.0,137.88375083430662,3456.391073336895,-9.02352914399232,0.0,0.0,1.0,3.929013079667063,3.929013079667063
184.13793103448276,3480.5616402833066,-4.0886834148264386e-14,92.06896551724144,3480.5616402833066,159.46812607616903,0.0,0.0,1.0,3.929013079667063,3.929013079667063
184.13793103448276,3480.5616402833066,-4.0886834148264386e-14,217.0689655172414,3480.5616402833066,-4.819899268976111e-14,0.0,0.0,1.0,3.929013079667063,3.929013079667063
184.13793103448276,3480.5616402833066,-4.0886834148264386e-14,151.20689655172413,3480.5616402833066,-3.357467560676766e-14,0.0,0.0,1.0,3.929013079667063,3.929013079667063
217.0689655172414,3480.5616402833066,-4.819899268976111e-14,108.53448275862077,3480.5616402833066,187.98723851113934,0.0,0.0,1.0,3.929013079667063,3.929013079667063
151.20689655172413,3480.5616402833066,-3.357467560676766e-14,75.60344827586212,3480.5616402833066,130.94901364119872,0.0,0.0,1.0,3.929013079667063,3.929013079667063
187.9872385111394,2320.374426855538,108.53448275862068,181.19214126648637,2344.5449938019497,93.45449759882207,0.0,0.0,1.0,3.929013079667063,3.929013079667063
204.9978462750123,2350.997668809625,96.1904399413829,192.3107128679184,2363.723905490419,91.27910361579909,-0.69347657033171,0.0,-0.7204791783257647,3.929013079667063,3.929013079667063
192.3107128679184,2363.723905490419,91.27910361579909,179.6235794608245,2376.4501421712134,86.36776729021526,-0.69347657033171,0.0,-0.7204791783257647,3.929013079667063,3.929013079667063
179.01771014819735,2352.2795752248016,88.6289023476865,192.3107128679184,2363.723905490419,91.27910361579909,-0.69347657033171,0.0,-0.7204791783257647,3.929013079667063,3.929013079667063
192.3107128679184,2363.723905490419,91.27910361579909,205.60371558763944,2375.1682357560367,93.92930488391164,-0.69347657033171,0.0,-0.7204791783257647,3.929013079667063,3.929013079667063
205.60371558763944,2375.1682357560367,93.92930488391164,192.91658218054553,2387.8944724368307,89.01796855832782,-0.69347657033171,0.0,-0.7204791783257647,3.929013079667063,3.929013079667063
192.91658218054553,2387.8944724368307,89.01796855832782,180.22944877345162,2400.620709117625,84.10663223274398,-0.69347657033171,0.0,-0.7204791783257647,3.929013079667063,3.929013079667063
179.6235794608245,2376.4501421712134,86.36776729021526,192.91658218054553,2387.8944724368307,89.01796855832782,-0.69347657033171,0.0,-0.7204791783257647,3.929013079667063,3.929013079667063
192.91658218054553,2387.8944724368307,89.01796855832782,206.20958490026658,2399.3388027024484,91.66816982644038,-0.69347657033171,0.0,-0.7204791783257647,3.929013079667063,3.929013079667063
206.20958490026658,2399.3388027024484,91.66816982644038,193.52245149317267,2412.0650393832425,86.75683350085654,-0.69347657033171,0.0,-0.7204791783257647,3.929013079667063,3.929013079667063
193.52245149317267,2412.0650393832425,86.75683350085654,180.83531808607876,2424.791276064037,81.84549717527273,-0.69347657033171,0.0,-0.7204791783257647,3.929013079667063,3.929013079667063
180.22944877345162,2400.620709117625,84.10663223274398,193.52245149317267,2412.0650393832425,86.75683350085654,-0.69347657033171,0.0,-0.7204791783257647,3.929013079667063,3.929013079667063
193.52245149317267,2412.0650393832425,86.75683350085654,206.81545421289368,2423.5093696488602,89.40703476896911,-0.69347657033171,0.0,-0.7204791783257647,3.929013079667063,3.929013079667063
206.81545421289368,2423.5093696488602,89.40703476896911,194.12832080579977,2436.2356063296543,84.49569844338528,-0.69347657033171,0.0,-0.7204791783257647,3.929013079667063,3.929013079667063
194.12832080579977,2436.2356063296543,84.49569844338528,181.4411873987059,2448.961843010449,79.58436211780145,-0.69347657033171,0.0,-0.7204791783257647,3.929013079667063,3.929013079667063
180.83531808607876,2424.791276064037,81.84549717527273,194.12832080579977,2436.2356063296543,84.49569844338528,-0.69347657033171,0.0,-0.7204791783257647,3.929013079667063,3.929013079667063
194.12832080579977,2436.2356063296543,84.49569844338528,207.42132352552082,2447.679936595272,87.14589971149785,-0.69347657033171,0.0,-0.7204791783257647,3.929013079667063,3.929013079667063
207.42132352552082,2447.679936595272,87.14589971149785,194.7341901184269,2460.406173276066,82.23456338591402,-0.69347657033171,0.0,-0.7204791783257647,3.929013079667063,3.929013079667063
194.7341901184269,2460.406173276066,82.23456338591402,182.04705671133303,2473.132409956861,77.32322706033017,-0.69347657033171,0.0,-0.7204791783257647,3.929013079667063,3.929013079667063
181.4411873987059,2448.961843010449,79.58436211780145,194.7341901184269,2460.406173276066,82.23456338591402,-0.69347657033171,0.0,-0.7204791783257647,3.929013079667063,3.929013079667063
194.7341901184269,2460.406173276066,82.23456338591402,208.02719283814795,2471.8505035416842,84.88476465402657,-0.69347657033171,0.0,-0.7204791783257647,3.929013079667063,3.929013079667063
208.02719283814795,2471.8505035416842,84.88476465402658,195.34005943105404,2484.5767402224783,79.97342832844275,-0.69347657033171,0.0,-0.7204791783257647,3.929013079667063,3.929013079667063
195.34005943105404,2484.5767402224783,79.97342832844275,182.6529260239601,2497.302976903273,75.06209200285892,-0.69347657033171,0.0,-0.7204791783257647,3.929013079667063,3.929013079667063
182.04705671133303,2473.132409956861,77.3232270603302,195.34005943105404,2484.5767402224783,79.97342832844275,-0.69347657033171,0.0,-0.7204791783257647,3.929013079667063,3.929013079667063
195.34005943105404,2484.5767402224783,79.97342832844275,208.63306215077506,2496.021070488096,82.62362959655532,-0.69347657033171,0.0,-0.7204791783257647,3.929013079667063,3.929013079667063
208.63306215077506,2496.021070488096,82.62362959655532,195.94592874368115,2508.74730716889,77.71229327097149,-0.69347657033171,0.0,-0.7204791783257647,3.929013079667063,3.929013079667063
195.94592874368115,2508.74730716889,77.71229327097149,183.25879533658724,2521.4735438496846,72.80095694538764,-0.69347657033171,0.0,-0.7204791783257647,3.929013079667063,3.929013079667063
182.6529260239601,2497.302976903273,75.06209200285892,195.94592874368115,2508.74730716889,77.71229327097149,-0.69347657033171,0.0,-0.7204791783257647,3.929013079667063,3.929013079667063
195.94592874368115,2508.74730716889,77.71229327097149,209.2389314634022,2520.191637434508,80.36249453908404,-0.69347657033171,0.0,-0.7204791783257647,3.929013079667063,3.929013079667063
209.2389314634022,2520.191637434508,80.36249453908404,196.5517980563083,2532.917874115302,75.45115821350022,-0.69347657033171,0.0,-0.7204791783257647,3.929013079667063,3.929013079667063
196.5517980563083,2532.917874115302,75.45115821350022,183.86466464921438,2545.6441107960964,70.53982188791639,-0.69347657033171,0.0,-0.7204791783257647,3.929013079667063,3.929013079667063
183.25879533658724,2521.4735438496846,72.80095694538764,196.5517980563083,2532.917874115302,75.45115821350022,-0.69347657033171,0.0,-0.7204791783257647,3.929013079667063,3.929013079667063
196.5517980563083,2532.917874115302,75.45115821350022,209.84480077602933,2544.3622043809196,78.10135948161277,-0.69347657033171,0.0,-0.7204791783257647,3.929013079667063,3.929013079667063
209.84480077602933,2544.3622043809196,78.10135948161277,197.15766736893542,2557.0884410617136,73.19002315602896,-0.69347657033171,0.0,-0.7204791783257647,3.929013079667063,3.929013079667063
197.15766736893542,2557.0884410617136,73.19002315602896,184.4705339618415,2569.814677742508,68.27868683044511,-0.69347657033171,0.0,-0.7204791783257647,3.929013079667063,3.929013079667063
183.86466464921438,2545.6441107960964,70.53982188791639,197.15766736893542,2557.0884410617136,73.19002315602896,-0.69347657033171,0.0,-0.7204791783257647,3.929013079667063,3.929013079667063
197.15766736893542,2557.0884410617136,73.19002315602896,210.45067008865644,2568.5327713273314,75.84022442414151,-0.69347657033171,0.0,-0.7204791783257647,3.929013079667063,3.929013079667063
210.45067008865644,2568.5327713273314,75.84022442414151,197.76353668156253,2581.2590080081254,70.92888809855768,-0.69347657033171,0.0,-0.7204791783257647,3.929013079667063,3.929013079667063
197.76353668156253,2581.2590080081254,70.92888809855768,185.07640327446865,2593.98524468892,66.01755177297386,-0.69347657033171,0.0,-0.7204791783257647,3.929013079667063,3.929013079667063
184.4705339618415,2569.814677742508,68.27868683044511,197.76353668156253,2581.2590080081254,70.92888809855768,-0.69347657033171,0.0,-0.7204791783257647,3.929013079667063,3.929013079667063
197.76353668156253,2581.2590080081254,70.92888809855768,211.05653940128357,2592.703338273743,73.57908936667025,-0.69347657033171,0.0,-0.7204791783257647,3.929013079667063,3.929013079667063
211.05653940128357,2592.703338273743,73.57908936667026,198.36940599418966,2605.429574954537,68.66775304108643,-0.69347657033171,0.0,-0.7204791783257647,3.929013079667063,3.929013079667063
198.36940599418966,2605.429574954537,68.66775304108643,185.68227258709578,2618.155811635332,63.75641671550259,-0.69347657033171,0.0,-0.7204791783257647,3.929013079667063,3.929013079667063
185.07640327446865,2593.98524468892,66.01755177297386,198.36940599418966,2605.429574954537,68.66775304108643,-0.69347657033171,0.0,-0.7204791783257647,3.929013079667063,3.929013079667063
198.36940599418966,2605.429574954537,68.66775304108643,211.6624087139107,2616.8739052201554,71.31795430919898,-0.69347657033171,0.0,-0.7204791783257647,3.929013079667063,3.929013079667063
211.6624087139107,2616.8739052201554,71.31795430919898,198.9752753068168,2629.6001419009494,66.40661798361515,-0.69347657033171,0.0,-0.7204791783257647,3.929013079667063,3.929013079667063
198.9752753068168,2629.6001419009494,66.40661798361515,186.28814189972286,2642.326378581744,61.495281658031324,-0.69347657033171,0.0,-0.7204791783257647,3.929013079667063,3.929013079667063
185.68227258709578,2618.155811635332,63.75641671550259,198.9752753068168,2629.6001419009494,66.40661798361515,-0.69347657033171,0.0,-0.7204791783257647,3.929013079667063,3.929013079667063
198.9752753068168,2629.6001419009494,66.40661798361515,212.2682780265378,2641.044472166567,69.05681925172772,-0.69347657033171,0.0,-0.7204791783257647,3.929013079667063,3.929013079667063
212.2682780265378,2641.044472166567,69.0568192517277,199.5811446194439,2653.770708847361,64.14548292614388,-0.69347657033171,0.0,-0.7204791783257647,3.929013079667063,3.929013079667063
199.5811446194439,2653.770708847361,64.14548292614388,186.89401121235,2666.4969455281557,59.23414660056006,-0.69347657033171,0.0,-0.7204791783257647,3.929013079667063,3.929013079667063
186.28814189972286,2642.326378581744,61.49528165803131,199.5811446194439,2653.770708847361,64.14548292614388,-0.69347657033171,0.0,-0.7204791783257647,3.929013079667063,3.929013079667063
199.5811446194439,2653.770708847361,64.14548292614388,212.87414733916495,2665.215039112979,66.79568419425645,-0.69347657033171,0.0,-0.7204791783257647,3.929013079667063,3.929013079667063
212.87414733916495,2665.215039112979,66.79568419425645,200.18701393207104,2677.941275793773,61.88434786867262,-0.69347657033171,0.0,-0.7204791783257647,3.929013079667063,3.929013079667063
200.18701393207104,2677.941275793773,61.88434786867262,187.49988052497713,2690.6675124745675,56.97301154308878,-0.69347657033171,0.0,-0.7204791783257647,3.929013079667063,3.929013079667063
186.89401121235,2666.4969455281557,59.23414660056006,200.18701393207104,2677.941275793773,61.88434786867262,-0.69347657033171,0.0,-0.7204791783257647,3.929013079667063,3.929013079667063
200.18701393207104,2677.941275793773,61.88434786867262,213.48001665179208,2689.3856060593907,64.53454913678517,-0.69347657033171,0.0,-0.7204791783257647,3.929013079667063,3.929013079667063
213.48001665179208,2689.3856060593907,64.53454913678517,200.79288324469817,2702.111842740185,59.623212811201356,-0.69347657033171,0.0,-0.7204791783257647,3.929013079667063,3.929013079667063
200.79288324469817,2702.111842740185,59.623212811201356,188.10574983760426,2714.8380794209793,54.71187648561753,-0.69347657033171,0.0,-0.7204791783257647,3.929013079667063,3.929013079667063
187.49988052497713,2690.6675124745675,56.97301154308878,200.79288324469817,2702.111842740185,59.623212811201356,-0.69347657033171,0.0,-0.7204791783257647,3.929013079667063,3.929013079667063
200.79288324469817,2702.111842740185,59.623212811201356,214.0858859644192,2713.5561730058025,62.27341407931392,-0.69347657033171,0.0,-0.7204791783257647,3.929013079667063,3.929013079667063
214.0858859644192,2713.5561730058025,62.27341407931391,201.39875255732528,2726.2824096865966,57.36207775373009,-0.69347657033171,0.0,-0.7204791783257647,3.929013079667063,3.929013079667063
201.39875255732528,2726.2824096865966,57.36207775373009,188.7116191502314,2739.008646367391,52.45074142814625,-0.69347657033171,0.0,-0.7204791783257647,3.929013079667063,3.929013079667063
188.10574983760426,2714.8380794209793,54.711876485617516,201.39875255732528,2726.2824096865966,57.36207775373009,-0.69347657033171,0.0,-0.7204791783257647,3.929013079667063,3.929013079667063
201.39875255732528,2726.2824096865966,57.36207775373009,214.69175527704633,2737.7267399522143,60.012279021842645,-0.69347657033171,0.0,-0.7204791783257647,3.929013079667063,3.929013079667063
214.69175527704633,2737.7267399522143,60.012279021842645,202.00462186995242,2750.452976633009,55.10094269625881,-0.69347657033171,0.0,-0.7204791783257647,3.929013079667063,3.929013079667063
202.00462186995242,2750.452976633009,55.10094269625881,189.31748846285853,2763.1792133138033,50.189606370675,-0.69347657033171,0.0,-0.7204791783257647,3.929013079667063,3.929013079667063
188.7116191502314,2739.008646367391,52.45074142814625,202.00462186995242,2750.452976633009,55.10094269625881,-0.69347657033171,0.0,-0.7204791783257647,3.929013079667063,3.929013079667063
202.00462186995242,2750.452976633009,55.10094269625881,215.29762458967346,2761.8973068986265,57.751143964371394,-0.69347657033171,0.0,-0.7204791783257647,3.929013079667063,3.929013079667063
215.29762458967346,2761.8973068986265,57.75114396437138,202.61049118257952,2774.6235435794206,52.83980763878756,-0.69347657033171,0.0,-0.7204791783257647,3.929013079667063,3.929013079667063
202.61049118257952,2774.6235435794206,52.83980763878756,189.9233577754856,2787.349780260215,47.92847131320372,-0.69347657033171,0.0,-0.7204791783257647,3.929013079667063,3.929013079667063
189.31748846285853,2763.1792133138033,50.18960637067499,202.61049118257952,2774.6235435794206,52.83980763878756,-0.69347657033171,0.0,-0.7204791783257647,3.929013079667063,3.929013079667063
202.61049118257952,2774.6235435794206,52.83980763878756,215.90349390230057,2786.0678738450383,55.490008906900115,-0.69347657033171,0.0,-0.7204791783257647,3.929013079667063,3.929013079667063
215.90349390230057,2786.0678738450383,55.490008906900115,203.21636049520666,2798.7941105258324,50.57867258131628,-0.69347657033171,0.0,-0.7204791783257647,3.929013079667063,3.929013079667063
203.21636049520666,2798.7941105258324,50.57867258131628,190.52922708811275,2811.520347206627,45.66733625573246,-0.69347657033171,0.0,-0.7204791783257647,3.929013079667063,3.929013079667063
189.9233577754856,2787.349780260215,47.92847131320372,203.21636049520666,2798.7941105258324,50.57867258131628,-0.69347657033171,0.0,-0.7204791783257647,3.929013079667063,3.929013079667063
203.21636049520666,2798.7941105258324,50.57867258131628,216.5093632149277,2810.23844079145,53.22887384942885,-0.69347657033171,0.0,-0.7204791783257647,3.929013079667063,3.929013079667063
216.5093632149277,2810.23844079145,53.22887384942885,203.8222298078338,2822.964677472244,48.31753752384502,-0.69347657033171,0.0,-0.7204791783257647,3.929013079667063,3.929013079667063
203.8222298078338,2822.964677472244,48.31753752384502,191.13509640073988,2835.6909141530386,43.4062011982612,-0.69347657033171,0.0,-0.7204791783257647,3.929013079667063,3.929013079667063
190.52922708811275,2811.520347206627,45.66733625573246,203.8222298078338,2822.964677472244,48.31753752384502,-0.69347657033171,0.0,-0.7204791783257647,3.929013079667063,3.929013079667063
203.8222298078338,2822.964677472244,48.31753752384502,217.1152325275548,2834.409007737862,50.96773879195759,-0.69347657033171,0.0,-0.7204791783257647,3.929013079667063,3.929013079667063
217.11523252755484,2834.409007737862,50.96773879195758,204.4280991204609,2847.135244418656,46.056402466373754,-0.69347657033171,0.0,-0.7204791783257647,3.929013079667063,3.929013079667063
204.4280991204609,2847.135244418656,46.056402466373754,191.74096571336702,2859.8614810994504,41.14506614078993,-0.69347657033171,0.0,-0.7204791783257647,3.929013079667063,3.929013079667063
191.13509640073988,2835.6909141530386,43.406201198261186,204.4280991204609,2847.135244418656,46.056402466373754,-0.69347657033171,0.0,-0.7204791783257647,3.929013079667063,3.929013079667063
204.4280991204609,2847.135244418656,46.056402466373754,217.72110184018194,2858.5795746842737,48.70660373448632,-0.69347657033171,0.0,-0.7204791783257647,3.929013079667063,3.929013079667063
217.72110184018194,2858.5795746842737,48.70660373448632,205.03396843308803,2871.3058113650677,43.79526740890249,-0.69347657033171,0.0,-0.7204791783257647,3.929013079667063,3.929013079667063
205.03396843308803,2871.3058113650677,43.79526740890249,192.34683502599415,2884.032048045862,38.883931083318664,-0.69347657033171,0.0,-0.7204791783257647,3.929013079667063,3.929013079667063
191.74096571336702,2859.8614810994504,41.14506614078993,205.03396843308803,2871.3058113650677,43.79526740890249,-0.69347657033171,0.0,-0.7204791783257647,3.929013079667063,3.929013079667063
205.03396843308803,2871.3058113650677,43.79526740890249,218.32697115280908,2882.7501416306854,46.44546867701506,-0.69347657033171,0.0,-0.7204791783257647,3.929013079667063,3.929013079667063
218.32697115280908,2882.7501416306854,46.44546867701506,205.63983774571517,2895.4763783114795,41.534132351431225,-0.69347657033171,0.0,-0.7204791783257647,3.929013079667063,3.929013079667063
205.63983774571517,2895.4763783114795,41.534132351431225,192.9527043386213,2908.202614992274,36.62279602584739,-0.69347657033171,0.0,-0.7204791783257647,3.929013079667063,3.929013079667063
192.34683502599415,2884.032048045862,38.883931083318664,205.63983774571517,2895.4763783114795,41.534132351431225,-0.69347657033171,0.0,-0.7204791783257647,3.929013079667063,3.929013079667063
205.63983774571517,2895.4763783114795,41.534132351431225,218.93284046543621,2906.9207085770972,44.184333619543786,-0.69347657033171,0.0,-0.7204791783257647,3.929013079667063,3.929013079667063
218.9328404654362,2906.9207085770972,44.18433361954379,206.24570705834228,2919.6469452578913,39.27299729395996,-0.69347657033171,0.0,-0.7204791783257647,3.929013079667063,3.929013079667063
206.24570705834228,2919.6469452578913,39.27299729395996,193.55857365124837,2932.3731819386862,34.36166096837613,-0.69347657033171,0.0,-0.7204791783257647,3.929013079667063,3.929013079667063
192.95270433862123,2908.202614992274,36.6227960258474,206.24570705834228,2919.6469452578913,39.27299729395996,-0.69347657033171,0.0,-0.7204791783257647,3.929013079667063,3.929013079667063
206.24570705834228,2919.6469452578913,39.27299729395996,219.53870977806332,2931.0912755235095,41.92319856207252,-0.69347657033171,0.0,-0.7204791783257647,3.929013079667063,3.929013079667063
219.53870977806332,2931.0912755235095,41.92319856207252,206.8515763709694,2943.8175122043035,37.011862236488696,-0.69347657033171,0.0,-0.7204791783257647,3.929013079667063,3.929013079667063
206.8515763709694,2943.8175122043035,37.011862236488696,194.1644429638755,2956.543748885098,32.10052591090486,-0.69347657033171,0.0,-0.7204791783257647,3.929013079667063,3.929013079667063
193.55857365124837,2932.3731819386862,34.36166096837613,206.8515763709694,2943.8175122043035,37.011862236488696,-0.69347657033171,0.0,-0.7204791783257647,3.929013079667063,3.929013079667063
206.8515763709694,2943.8175122043035,37.011862236488696,220.14457909069046,2955.2618424699212,39.66206350460125,-0.69347657033171,0.0,-0.7204791783257647,3.929013079667063,3.929013079667063
220.14457909069046,2955.2618424699212,39.662063504601264,207.45744568359655,2967.9880791507153,34.75072717901743,-0.69347657033171,0.0,-0.7204791783257647,3.929013079667063,3.929013079667063
207.45744568359655,2967.9880791507153,34.75072717901743,194.77031227650264,2980.71431583151,29.8393908534336,-0.69347657033171,0.0,-0.7204791783257647,3.929013079667063,3.929013079667063
194.1644429638755,2956.543748885098,32.10052591090487,207.45744568359655,2967.9880791507153,34.75072717901743,-0.69347657033171,0.0,-0.7204791783257647,3.929013079667063,3.929013079667063
207.45744568359655,2967.9880791507153,34.75072717901743,220.75044840331756,2979.432409416333,37.40092844712999,-0.69347657033171,0.0,-0.7204791783257647,3.929013079667063,3.929013079667063
220.75044840331756,2979.432409416333,37.40092844712999,208.06331499622365,2992.158646097127,32.48959212154615,-0.69347657033171,0.0,-0.7204791783257647,3.929013079667063,3.929013079667063
208.06331499622365,2992.158646097127,32.48959212154615,195.37618158912977,3004.8848827779216,27.578255795962328,-0.69347657033171,0.0,-0.7204791783257647,3.929013079667063,3.929013079667063
194.77031227650264,2980.71431583151,29.8393908534336,208.06331499622365,2992.158646097127,32.48959212154615,-0.69347657033171,0.0,-0.7204791783257647,3.929013079667063,3.929013079667063
208.06331499622365,2992.158646097127,32.48959212154615,221.3563177159447,3003.602976362745,35.13979338965872,-0.69347657033171,0.0,-0.7204791783257647,3.929013079667063,3.929013079667063
221.3563177159447,3003.602976362745,35.139793389658735,208.6691843088508,3016.329213043539,30.2284570640749,-0.69347657033171,0.0,-0.7204791783257647,3.929013079667063,3.929013079667063
208.6691843088508,3016.329213043539,30.2284570640749,195.9820509017569,3029.055449724334,25.317120738491063,-0.69347657033171,0.0,-0.7204791783257647,3.929013079667063,3.929013079667063
195.37618158912977,3004.8848827779216,27.578255795962342,208.6691843088508,3016.329213043539,30.2284570640749,-0.69347657033171,0.0,-0.7204791783257647,3.929013079667063,3.929013079667063
208.6691843088508,3016.329213043539,30.2284570640749,221.96218702857183,3027.773543309157,32.878658332187456,-0.69347657033171,0.0,-0.7204791783257647,3.929013079667063,3.929013079667063
221.96218702857183,3027.7735433091566,32.87865833218747,209.27505362147792,3040.4997799899506,27.967322006603634,-0.69347657033171,0.0,-0.7204791783257647,3.929013079667063,3.929013079667063
209.27505362147792,3040.4997799899506,27.967322006603634,196.58792021438404,3053.2260166707456,23.0559856810198,-0.69347657033171,0.0,-0.7204791783257647,3.929013079667063,3.929013079667063
195.9820509017569,3029.0554497243334,25.317120738491077,209.27505362147792,3040.4997799899506,27.967322006603634,-0.69347657033171,0.0,-0.7204791783257647,3.929013079667063,3.929013079667063
209.27505362147792,3040.4997799899506,27.967322006603634,222.56805634119897,3051.944110255569,30.61752327471619,-0.69347657033171,0.0,-0.7204791783257647,3.929013079667063,3.929013079667063
222.56805634119897,3051.944110255569,30.61752327471619,209.88092293410503,3064.670346936363,25.706186949132356,-0.69347657033171,0.0,-0.7204791783257647,3.929013079667063,3.929013079667063
209.88092293410503,3064.670346936363,25.706186949132356,197.19378952701112,3077.3965836171574,20.794850623548534,-0.69347657033171,0.0,-0.7204791783257647,3.929013079667063,3.929013079667063
196.58792021438404,3053.2260166707456,23.0559856810198,209.88092293410503,3064.670346936363,25.706186949132356,-0.69347657033171,0.0,-0.7204791783257647,3.929013079667063,3.929013079667063
209.88092293410503,3064.670346936363,25.706186949132356,223.17392565382607,3076.1146772019806,28.356388217244927,-0.69347657033171,0.0,-0.7204791783257647,3.929013079667063,3.929013079667063
223.17392565382607,3076.1146772019806,28.356388217244927,210.48679224673216,3088.8409138827747,23.445051891661105,-0.69347657033171,0.0,-0.7204791783257647,3.929013079667063,3.929013079667063
210.48679224673216,3088.8409138827747,23.445051891661105,197.79965883963825,3101.567150563569,18.53371556607727,-0.69347657033171,0.0,-0.7204791783257647,3.929013079667063,3.929013079667063
197.19378952701112,3077.3965836171574,20.794850623548534,210.48679224673216,3088.8409138827747,23.445051891661105,-0.69347657033171,0.0,-0.7204791783257647,3.929013079667063,3.929013079667063
210.48679224673216,3088.8409138827747,23.445051891661105,223.7797949664532,3100.2852441483924,26.095253159773662,-0.69347657033171,0.0,-0.7204791783257647,3.929013079667063,3.929013079667063
223.7797949664532,3100.2852441483924,26.095253159773662,211.0926615593593,3113.0114808291864,21.183916834189827,-0.69347657033171,0.0,-0.7204791783257647,3.929013079667063,3.929013079667063
211.0926615593593,3113.0114808291864,21.183916834189827,198.4055281522654,3125.737717509981,16.27258050860599,-0.69347657033171,0.0,-0.7204791783257647,3.929013079667063,3.929013079667063
197.79965883963825,3101.567150563569,18.53371556607727,211.0926615593593,3113.0114808291864,21.183916834189827,-0.69347657033171,0.0,-0.7204791783257647,3.929013079667063,3.929013079667063
211.0926615593593,3113.0114808291864,21.183916834189827,224.38566427908032,3124.455811094804,23.834118102302384,-0.69347657033171,0.0,-0.7204791783257647,3.929013079667063,3.929013079667063
224.38566427908032,3124.455811094804,23.834118102302398,211.6985308719864,3137.182047775598,18.922781776718562,-0.69347657033171,0.0,-0.7204791783257647,3.929013079667063,3.929013079667063
211.6985308719864,3137.182047775598,18.922781776718562,199.01139746489253,3149.9082844563927,14.011445451134726,-0.69347657033171,0.0,-0.7204791783257647,3.929013079667063,3.929013079667063
198.4055281522654,3125.737717509981,16.272580508606005,211.6985308719864,3137.182047775598,18.922781776718562,-0.69347657033171,0.0,-0.7204791783257647,3.929013079667063,3.929013079667063
211.6985308719864,3137.182047775598,18.922781776718562,224.99153359170745,3148.626378041216,21.57298304483112,-0.69347657033171,0.0,-0.7204791783257647,3.929013079667063,3.929013079667063
224.99153359170745,3148.626378041216,21.572983044831133,212.30440018461354,3161.35261472201,16.661646719247297,-0.69347657033171,0.0,-0.7204791783257647,3.929013079667063,3.929013079667063
212.30440018461354,3161.35261472201,16.661646719247297,199.61726677751966,3174.0788514028045,11.750310393663476,-0.69347657033171,0.0,-0.7204791783257647,3.929013079667063,3.929013079667063
199.01139746489253,3149.9082844563927,14.01144545113474,212.30440018461354,3161.35261472201,16.661646719247297,-0.69347657033171,0.0,-0.7204791783257647,3.929013079667063,3.929013079667063
212.30440018461354,3161.35261472201,16.661646719247297,225.5974029043346,3172.7969449876277,19.31184798735987,-0.69347657033171,0.0,-0.7204791783257647,3.929013079667063,3.929013079667063
225.5974029043346,3172.7969449876277,19.31184798735987,212.91026949724068,3185.523181668422,14.400511661776033,-0.69347657033171,0.0,-0.7204791783257647,3.929013079667063,3.929013079667063
212.91026949724068,3185.523181668422,14.400511661776033,200.22313609014674,3198.2494183492163,9.489175336192197,-0.69347657033171,0.0,-0.7204791783257647,3.929013079667063,3.929013079667063
199.61726677751966,3174.0788514028045,11.750310393663476,212.91026949724068,3185.523181668422,14.400511661776033,-0.69347657033171,0.0,-0.7204791783257647,3.929013079667063,3.929013079667063
212.91026949724068,3185.523181668422,14.400511661776033,226.2032722169617,3196.9675119340395,17.05071292988859,-0.69347657033171,0.0,-0.7204791783257647,3.929013079667063,3.929013079667063
226.2032722169617,3196.9675119340395,17.050712929888604,213.51613880986778,3209.6937486148336,12.139376604304768,-0.69347657033171,0.0,-0.7204791783257647,3.929013079667063,3.929013079667063
213.51613880986778,3209.6937486148336,12.139376604304768,200.82900540277387,3222.4199852956285,7.228040278720933,-0.69347657033171,0.0,-0.7204791783257647,3.929013079667063,3.929013079667063
200.22313609014674,3198.2494183492163,9.489175336192211,213.51613880986778,3209.6937486148336,12.139376604304768,-0.69347657033171,0.0,-0.7204791783257647,3.929013079667063,3.929013079667063
213.51613880986778,3209.6937486148336,12.139376604304768,226.80914152958883,3221.1380788804518,14.789577872417325,-0.69347657033171,0.0,-0.7204791783257647,3.929013079667063,3.929013079667063
226.80914152958883,3221.1380788804518,14.789577872417325,214.12200812249492,3233.864315561246,9.878241546833504,-0.69347657033171,0.0,-0.7204791783257647,3.929013079667063,3.929013079667063
214.12200812249492,3233.864315561246,9.878241546833504,201.434874715401,3246.5905522420403,4.966905221249668,-0.69347657033171,0.0,-0.7204791783257647,3.929013079667063,3.929013079667063
200.82900540277387,3222.4199852956285,7.228040278720933,214.12200812249492,3233.864315561246,9.878241546833504,-0.69347657033171,0.0,-0.7204791783257647,3.929013079667063,3.929013079667063
214.12200812249492,3233.864315561246,9.878241546833504,227.41501084221596,3245.3086458268635,12.528442814946061,-0.69347657033171,0.0,-0.7204791783257647,3.929013079667063,3.929013079667063
227.41501084221596,3245.3086458268635,12.528442814946075,214.72787743512205,3258.0348825076576,7.617106489362239,-0.69347657033171,0.0,-0.7204791783257647,3.929013079667063,3.929013079667063
214.72787743512205,3258.0348825076576,7.617106489362239,202.04074402802814,3270.761119188452,2.7057701637784035,-0.69347657033171,0.0,-0.7204791783257647,3.929013079667063,3.929013079667063
201.434874715401,3246.5905522420403,4.966905221249682,214.72787743512205,3258.0348825076576,7.617106489362239,-0.69347657033171,0.0,-0.7204791783257647,3.929013079667063,3.929013079667063
214.72787743512205,3258.0348825076576,7.617106489362239,228.02088015484307,3269.4792127732753,10.267307757474796,-0.69347657033171,0.0,-0.7204791783257647,3.929013079667063,3.929013079667063
228.02088015484307,3269.4792127732753,10.26730775747481,215.33374674774916,3282.2054494540694,5.355971431890975,-0.69347657033171,0.0,-0.7204791783257647,3.929013079667063,3.929013079667063
215.33374674774916,3282.2054494540694,5.355971431890975,202.64661334065528,3294.931686134864,0.444635106307139,-0.69347657033171,0.0,-0.7204791783257647,3.929013079667063,3.929013079667063
202.04074402802814,3270.761119188452,2.7057701637784177,215.33374674774916,3282.2054494540694,5.355971431890975,-0.69347657033171,0.0,-0.7204791783257647,3.929013079667063,3.929013079667063
215.33374674774916,3282.2054494540694,5.355971431890975,228.6267494674702,3293.649779719687,8.006172700003532,-0.69347657033171,0.0,-0.7204791783257647,3.929013079667063,3.929013079667063
228.6267494674702,3293.649779719687,8.006172700003532,215.9396160603763,3306.376016400481,3.094836374419696,-0.69347657033171,0.0,-0.7204791783257647,3.929013079667063,3.929013079667063
215.9396160603763,3306.376016400481,3.094836374419696,203.2524826532824,3319.102253081276,-1.8164999511641255,-0.69347657033171,0.0,-0.7204791783257647,3.929013079667063,3.929013079667063
202.64661334065528,3294.931686134864,0.444635106307139,215.9396160603763,3306.376016400481,3.094836374419696,-0.69347657033171,0.0,-0.7204791783257647,3.929013079667063,3.929013079667063
215.9396160603763,3306.376016400481,3.094836374419696,229.23261878009734,3317.8203466660993,5.745037642532267,-0.69347657033171,0.0,-0.7204791783257647,3.929013079667063,3.929013079667063
229.23261878009734,3317.820346666099,5.745037642532267,216.5454853730034,3330.546583346893,0.8337013169484457,-0.69347657033171,0.0,-0.7204791783257647,3.929013079667063,3.929013079667063
216.5454853730034,3330.546583346893,0.8337013169484457,203.8583519659095,3343.2728200276874,-4.077635008635376,-0.69347657033171,0.0,-0.7204791783257647,3.929013079667063,3.929013079667063
203.2524826532824,3319.1022530812756,-1.8164999511641255,216.5454853730034,3330.546583346893,0.8337013169484457,-0.69347657033171,0.0,-0.7204791783257647,3.929013079667063,3.929013079667063
216.5454853730034,3330.546583346893,0.8337013169484457,229.83848809272445,3341.9909136125107,3.483902585061017,-0.69347657033171,0.0,-0.7204791783257647,3.929013079667063,3.929013079667063
229.83848809272445,3341.9909136125107,3.483902585061017,217.15135468563054,3354.717150293305,-1.4274337405228188,-0.69347657033171,0.0,-0.7204791783257647,3.929013079667063,3.929013079667063
217.15135468563054,3354.717150293305,-1.4274337405228188,204.46422127853663,3367.4433869740997,-6.338770066106655,-0.69347657033171,0.0,-0.7204791783257647,3.929013079667063,3.929013079667063
203.8583519659095,3343.2728200276874,-4.077635008635376,217.15135468563054,3354.717150293305,-1.4274337405228188,-0.69347657033171,0.0,-0.7204791783257647,3.929013079667063,3.929013079667063
217.15135468563054,3354.717150293305,-1.4274337405228188,230.44435740535158,3366.161480558923,1.2227675275897383,-0.69347657033171,0.0,-0.7204791783257647,3.929013079667063,3.929013079667063
230.44435740535158,3366.161480558923,1.2227675275897383,217.75722399825767,3378.887717239717,-3.6885687979940975,-0.69347657033171,0.0,-0.7204791783257647,3.929013079667063,3.929013079667063
217.75722399825767,3378.887717239717,-3.6885687979940975,205.07009059116376,3391.6139539205114,-8.599905123577905,-0.69347657033171,0.0,-0.7204791783257647,3.929013079667063,3.929013079667063
204.46422127853663,3367.4433869740997,-6.338770066106655,217.75722399825767,3378.887717239717,-3.6885687979940975,-0.69347657033171,0.0,-0.7204791783257647,3.929013079667063,3.929013079667063
217.75722399825767,3378.887717239717,-3.6885687979940975,231.0502267179787,3390.3320475053347,-1.038367529881512,-0.69347657033171,0.0,-0.7204791783257647,3.929013079667063,3.929013079667063
231.0502267179787,3390.3320475053347,-1.038367529881512,218.36309331088478,3403.0582841861287,-5.949703855465348,-0.69347657033171,0.0,-0.7204791783257647,3.929013079667063,3.929013079667063
218.36309331088478,3403.0582841861287,-5.949703855465348,205.6759599037909,3415.7845208669232,-10.861040181049184,-0.69347657033171,0.0,-0.7204791783257647,3.929013079667063,3.929013079667063
205.07009059116376,3391.6139539205114,-8.599905123577905,218.36309331088478,3403.0582841861287,-5.949703855465348,-0.69347657033171,0.0,-0.7204791783257647,3.929013079667063,3.929013079667063
218.36309331088478,3403.0582841861287,-5.949703855465348,231.65609603060582,3414.5026144517465,-3.299502587352791,-0.69347657033171,0.0,-0.7204791783257647,3.929013079667063,3.929013079667063
231.65609603060582,3414.5026144517465,-3.299502587352791,218.9689626235119,3427.2288511325405,-8.210838912936612,-0.69347657033171,0.0,-0.7204791783257647,3.929013079667063,3.929013079667063
218.9689626235119,3427.2288511325405,-8.210838912936612,206.28182921641803,3439.955087813335,-13.122175238520448,-0.69347657033171,0.0,-0.7204791783257647,3.929013079667063,3.929013079667063
205.6759599037909,3415.7845208669232,-10.861040181049184,218.9689626235119,3427.2288511325405,-8.210838912936612,-0.69347657033171,0.0,-0.7204791783257647,3.929013079667063,3.929013079667063
218.9689626235119,3427.2288511325405,-8.210838912936612,232.26196534323296,3438.6731813981582,-5.560637644824055,-0.69347657033171,0.0,-0.7204791783257647,3.929013079667063,3.929013079667063
232.26196534323296,3438.6731813981582,-5.560637644824055,219.57483193613905,3451.3994180789523,-10.471973970407891,-0.69347657033171,0.0,-0.7204791783257647,3.929013079667063,3.929013079667063
219.57483193613905,3451.3994180789523,-10.471973970407891,206.88769852904517,3464.125654759747,-15.383310295991727,-0.69347657033171,0.0,-0.7204791783257647,3.929013079667063,3.929013079667063
206.28182921641803,3439.955087813335,-13.122175238520448,219.57483193613905,3451.3994180789523,-10.471973970407891,-0.69347657033171,0.0,-0.7204791783257647,3.929013079667063,3.929013079667063
219.57483193613905,3451.3994180789523,-10.471973970407891,232.8678346558601,3462.84374834457,-7.821772702295334,-0.69347657033171,0.0,-0.7204791783257647,3.929013079667063,3.929013079667063
198.55626185941702,2352.2795752248016,122.47066661783072,202.07998872352823,2363.723905490419,108.19998575087118,0.69347657033171,0.0,-0.7204791783257647,3.929013079667063,3.929013079667063
202.07998872352823,2363.723905490419,108.19998575087118,205.60371558763944,2375.1682357560367,93.92930488391164,0.69347657033171,0.0,-0.7204791783257647,3.929013079667063,3.929013079667063
204.9978462750123,2350.997668809625,96.19043994138292,202.07998872352823,2363.723905490419,108.19998575087118,0.69347657033171,0.0,-0.7204791783257647,3.929013079667063,3.929013079667063
202.07998872352823,2363.723905490419,108.19998575087118,199.16213117204416,2376.4501421712134,120.20953156035944,0.69347657033171,0.0,-0.7204791783257647,3.929013079667063,3.929013079667063
199.16213117204416,2376.4501421712134,120.20953156035944,202.68585803615537,2387.8944724368307,105.93885069339993,0.69347657033171,0.0,-0.7204791783257647,3.929013079667063,3.929013079667063
202.68585803615537,2387.8944724368307,105.93885069339993,206.20958490026658,2399.3388027024484,91.66816982644039,0.69347657033171,0.0,-0.7204791783257647,3.929013079667063,3.929013079667063
205.60371558763944,2375.1682357560367,93.92930488391164,202.68585803615537,2387.8944724368307,105.93885069339993,0.69347657033171,0.0,-0.7204791783257647,3.929013079667063,3.929013079667063
202.68585803615537,2387.8944724368307,105.93885069339993,199.7680004846713,2400.620709117625,117.94839650288819,0.69347657033171,0.0,-0.7204791783257647,3.929013079667063,3.929013079667063
199.7680004846713,2400.620709117625,117.94839650288819,203.2917273487825,2412.0650393832425,103.67771563592865,0.69347657033171,0.0,-0.7204791783257647,3.929013079667063,3.929013079667063
203.2917273487825,2412.0650393832425,103.67771563592865,206.81545421289368,2423.5093696488602,89.40703476896911,0.69347657033171,0.0,-0.7204791783257647,3.929013079667063,3.929013079667063
206.20958490026658,2399.3388027024484,91.66816982644039,203.2917273487825,2412.0650393832425,103.67771563592865,0.69347657033171,0.0,-0.7204791783257647,3.929013079667063,3.929013079667063
203.2917273487825,2412.0650393832425,103.67771563592865,200.37386979729837,2424.791276064037,115.68726144541691,0.69347657033171,0.0,-0.7204791783257647,3.929013079667063,3.929013079667063
200.37386979729837,2424.791276064037,115.68726144541691,203.8975966614096,2436.2356063296543,101.41658057845737,0.69347657033171,0.0,-0.7204791783257647,3.929013079667063,3.929013079667063
203.8975966614096,2436.2356063296543,101.41658057845737,207.42132352552082,2447.679936595272,87.14589971149786,0.69347657033171,0.0,-0.7204791783257647,3.929013079667063,3.929013079667063
206.81545421289368,2423.5093696488602,89.40703476896911,203.8975966614096,2436.2356063296543,101.41658057845737,0.69347657033171,0.0,-0.7204791783257647,3.929013079667063,3.929013079667063
203.8975966614096,2436.2356063296543,101.41658057845737,200.9797391099255,2448.961843010449,113.42612638794566,0.69347657033171,0.0,-0.7204791783257647,3.929013079667063,3.929013079667063
200.9797391099255,2448.961843010449,113.42612638794566,204.50346597403674,2460.406173276066,99.15544552098612,0.69347657033171,0.0,-0.7204791783257647,3.929013079667063,3.929013079667063
204.50346597403674,2460.406173276066,99.15544552098612,208.02719283814795,2471.8505035416842,84.88476465402658,0.69347657033171,0.0,-0.7204791783257647,3.929013079667063,3.929013079667063
207.42132352552082,2447.679936595272,87.14589971149786,204.50346597403674,2460.406173276066,99.15544552098612,0.69347657033171,0.0,-0.7204791783257647,3.929013079667063,3.929013079667063
204.50346597403674,2460.406173276066,99.15544552098612,201.58560842255264,2473.132409956861,111.16499133047438,0.69347657033171,0.0,-0.7204791783257647,3.929013079667063,3.929013079667063
201.58560842255264,2473.132409956861,111.16499133047438,205.10933528666388,2484.5767402224783,96.89431046351484,0.69347657033171,0.0,-0.7204791783257647,3.929013079667063,3.929013079667063
205.10933528666388,2484.5767402224783,96.89431046351484,208.63306215077506,2496.021070488096,82.62362959655533,0.69347657033171,0.0,-0.7204791783257647,3.929013079667063,3.929013079667063
208.02719283814795,2471.8505035416842,84.88476465402658,205.10933528666388,2484.5767402224783,96.89431046351484,0.69347657033171,0.0,-0.7204791783257647,3.929013079667063,3.929013079667063
205.10933528666388,2484.5767402224783,96.89431046351484,202.19147773517977,2497.302976903273,108.90385627300313,0.69347657033171,0.0,-0.7204791783257647,3.929013079667063,3.929013079667063
202.19147773517977,2497.302976903273,108.90385627300313,205.71520459929098,2508.74730716889,94.63317540604359,0.69347657033171,0.0,-0.7204791783257647,3.929013079667063,3.929013079667063
205.71520459929098,2508.74730716889,94.63317540604359,209.2389314634022,2520.191637434508,80.36249453908405,0.69347657033171,0.0,-0.7204791783257647,3.929013079667063,3.929013079667063
208.63306215077506,2496.021070488096,82.62362959655533,205.71520459929098,2508.74730716889,94.63317540604359,0.69347657033171,0.0,-0.7204791783257647,3.929013079667063,3.929013079667063
205.71520459929098,2508.74730716889,94.63317540604359,202.7973470478069,2521.4735438496846,106.64272121553185,0.69347657033171,0.0,-0.7204791783257647,3.929013079667063,3.929013079667063
202.7973470478069,2521.4735438496846,106.64272121553185,206.32107391191812,2532.917874115302,92.37204034857231,0.69347657033171,0.0,-0.7204791783257647,3.929013079667063,3.929013079667063
206.32107391191812,2532.917874115302,92.37204034857231,209.84480077602933,2544.3622043809196,78.10135948161277,0.69347657033171,0.0,-0.7204791783257647,3.929013079667063,3.929013079667063
209.2389314634022,2520.191637434508,80.36249453908405,206.32107391191812,2532.917874115302,92.37204034857231,0.69347657033171,0.0,-0.7204791783257647,3.929013079667063,3.929013079667063
206.32107391191812,2532.917874115302,92.37204034857231,203.40321636043404,2545.6441107960964,104.38158615806057,0.69347657033171,0.0,-0.7204791783257647,3.929013079667063,3.929013079667063
203.40321636043404,2545.6441107960964,104.38158615806057,206.92694322454525,2557.0884410617136,90.11090529110106,0.69347657033171,0.0,-0.7204791783257647,3.929013079667063,3.929013079667063
206.92694322454525,2557.0884410617136,90.11090529110106,210.45067008865644,2568.5327713273314,75.84022442414152,0.69347657033171,0.0,-0.7204791783257647,3.929013079667063,3.929013079667063
209.84480077602933,2544.3622043809196,78.10135948161277,206.92694322454525,2557.0884410617136,90.11090529110106,0.69347657033171,0.0,-0.7204791783257647,3.929013079667063,3.929013079667063
206.92694322454525,2557.0884410617136,90.11090529110106,204.00908567306112,2569.814677742508,102.12045110058932,0.69347657033171,0.0,-0.7204791783257647,3.929013079667063,3.929013079667063
204.00908567306112,2569.814677742508,102.12045110058932,207.53281253717236,2581.2590080081254,87.84977023362978,0.69347657033171,0.0,-0.7204791783257647,3.929013079667063,3.929013079667063
207.53281253717236,2581.2590080081254,87.84977023362978,211.05653940128357,2592.703338273743,73.57908936667025,0.69347657033171,0.0,-0.7204791783257647,3.929013079667063,3.929013079667063
210.45067008865644,2568.5327713273314,75.84022442414152,207.53281253717236,2581.2590080081254,87.84977023362978,0.69347657033171,0.0,-0.7204791783257647,3.929013079667063,3.929013079667063
207.53281253717236,2581.2590080081254,87.84977023362978,204.61495498568826,2593.98524468892,99.85931604311804,0.69347657033171,0.0,-0.7204791783257647,3.929013079667063,3.929013079667063
204.61495498568826,2593.98524468892,99.85931604311807,208.1386818497995,2605.429574954537,85.58863517615853,0.69347657033171,0.0,-0.7204791783257647,3.929013079667063,3.929013079667063
208.1386818497995,2605.429574954537,85.58863517615853,211.6624087139107,2616.8739052201554,71.317954309199,0.69347657033171,0.0,-0.7204791783257647,3.929013079667063,3.929013079667063
211.05653940128357,2592.703338273743,73.57908936667027,208.1386818497995,2605.429574954537,85.58863517615853,0.69347657033171,0.0,-0.7204791783257647,3.929013079667063,3.929013079667063
208.1386818497995,2605.429574954537,85.58863517615853,205.2208242983154,2618.155811635332,97.59818098564679,0.69347657033171,0.0,-0.7204791783257647,3.929013079667063,3.929013079667063
205.2208242983154,2618.155811635332,97.59818098564679,208.74455116242663,2629.6001419009494,83.32750011868725,0.69347657033171,0.0,-0.7204791783257647,3.929013079667063,3.929013079667063
208.74455116242663,2629.6001419009494,83.32750011868725,212.2682780265378,2641.044472166567,69.05681925172772,0.69347657033171,0.0,-0.7204791783257647,3.929013079667063,3.929013079667063
211.6624087139107,2616.8739052201554,71.317954309199,208.74455116242663,2629.6001419009494,83.32750011868725,0.69347657033171,0.0,-0.7204791783257647,3.929013079667063,3.929013079667063
208.74455116242663,2629.6001419009494,83.32750011868725,205.82669361094253,2642.326378581744,95.33704592817551,0.69347657033171,0.0,-0.7204791783257647,3.929013079667063,3.929013079667063
205.82669361094253,2642.326378581744,95.33704592817551,209.35042047505374,2653.770708847361,81.06636506121598,0.69347657033171,0.0,-0.7204791783257647,3.929013079667063,3.929013079667063
209.35042047505374,2653.770708847361,81.06636506121598,212.87414733916495,2665.215039112979,66.79568419425647,0.69347657033171,0.0,-0.7204791783257647,3.929013079667063,3.929013079667063
212.2682780265378,2641.044472166567,69.05681925172772,209.35042047505374,2653.770708847361,81.06636506121598,0.69347657033171,0.0,-0.7204791783257647,3.929013079667063,3.929013079667063
209.35042047505374,2653.770708847361,81.06636506121598,206.43256292356966,2666.4969455281557,93.07591087070426,0.69347657033171,0.0,-0.7204791783257647,3.929013079667063,3.929013079667063
206.43256292356966,2666.4969455281557,93.07591087070426,209.95628978768087,2677.941275793773,78.80523000374473,0.69347657033171,0.0,-0.7204791783257647,3.929013079667063,3.929013079667063
209.95628978768087,2677.941275793773,78.80523000374473,213.48001665179208,2689.3856060593907,64.53454913678519,0.69347657033171,0.0,-0.7204791783257647,3.929013079667063,3.929013079667063
212.87414733916495,2665.215039112979,66.79568419425647,209.95628978768087,2677.941275793773,78.80523000374473,0.69347657033171,0.0,-0.7204791783257647,3.929013079667063,3.929013079667063
209.95628978768087,2677.941275793773,78.80523000374473,207.0384322361968,2690.6675124745675,90.81477581323298,0.69347657033171,0.0,-0.7204791783257647,3.929013079667063,3.929013079667063
207.0384322361968,2690.6675124745675,90.81477581323298,210.562159100308,2702.111842740185,76.54409494627345,0.69347657033171,0.0,-0.7204791783257647,3.929013079667063,3.929013079667063
210.562159100308,2702.111842740185,76.54409494627345,214.0858859644192,2713.5561730058025,62.27341407931393,0.69347657033171,0.0,-0.7204791783257647,3.929013079667063,3.929013079667063
213.48001665179208,2689.3856060593907,64.53454913678519,210.562159100308,2702.111842740185,76.54409494627345,0.69347657033171,0.0,-0.7204791783257647,3.929013079667063,3.929013079667063
210.562159100308,2702.111842740185,76.54409494627345,207.64430154882388,2714.8380794209793,88.55364075576173,0.69347657033171,0.0,-0.7204791783257647,3.929013079667063,3.929013079667063
207.64430154882388,2714.8380794209793,88.5536407557617,211.16802841293512,2726.2824096865966,74.2829598888022,0.69347657033171,0.0,-0.7204791783257647,3.929013079667063,3.929013079667063
211.16802841293512,2726.2824096865966,74.2829598888022,214.69175527704633,2737.7267399522143,60.01227902184265,0.69347657033171,0.0,-0.7204791783257647,3.929013079667063,3.929013079667063
214.0858859644192,2713.5561730058025,62.273414079313916,211.16802841293512,2726.2824096865966,74.2829598888022,0.69347657033171,0.0,-0.7204791783257647,3.929013079667063,3.929013079667063
211.16802841293512,2726.2824096865966,74.2829598888022,208.250170861451,2739.008646367391,86.29250569829046,0.69347657033171,0.0,-0.7204791783257647,3.929013079667063,3.929013079667063
208.250170861451,2739.008646367391,86.29250569829046,211.77389772556225,2750.452976633009,72.02182483133092,0.69347657033171,0.0,-0.7204791783257647,3.929013079667063,3.929013079667063
211.77389772556225,2750.452976633009,72.02182483133092,215.29762458967346,2761.8973068986265,57.7511439643714,0.69347657033171,0.0,-0.7204791783257647,3.929013079667063,3.929013079667063
214.69175527704633,2737.7267399522143,60.01227902184265,211.77389772556225,2750.452976633009,72.02182483133092,0.69347657033171,0.0,-0.7204791783257647,3.929013079667063,3.929013079667063
211.77389772556225,2750.452976633009,72.02182483133092,208.85604017407815,2763.1792133138033,84.0313706408192,0.69347657033171,0.0,-0.7204791783257647,3.929013079667063,3.929013079667063
208.85604017407815,2763.1792133138033,84.03137064081918,212.37976703818936,2774.6235435794206,69.76068977385967,0.69347657033171,0.0,-0.7204791783257647,3.929013079667063,3.929013079667063
212.37976703818936,2774.6235435794206,69.76068977385967,215.90349390230057,2786.0678738450383,55.49000890690012,0.69347657033171,0.0,-0.7204791783257647,3.929013079667063,3.929013079667063
215.29762458967346,2761.8973068986265,57.75114396437139,212.37976703818936,2774.6235435794206,69.76068977385967,0.69347657033171,0.0,-0.7204791783257647,3.929013079667063,3.929013079667063
212.37976703818936,2774.6235435794206,69.76068977385967,209.46190948670528,2787.349780260215,81.77023558334793,0.69347657033171,0.0,-0.7204791783257647,3.929013079667063,3.929013079667063
209.46190948670528,2787.349780260215,81.77023558334793,212.9856363508165,2798.7941105258324,67.49955471638839,0.69347657033171,0.0,-0.7204791783257647,3.929013079667063,3.929013079667063
212.9856363508165,2798.7941105258324,67.49955471638839,216.5093632149277,2810.23844079145,53.22887384942886,0.69347657033171,0.0,-0.7204791783257647,3.929013079667063,3.929013079667063
215.90349390230057,2786.0678738450383,55.49000890690012,212.9856363508165,2798.7941105258324,67.49955471638839,0.69347657033171,0.0,-0.7204791783257647,3.929013079667063,3.929013079667063
212.9856363508165,2798.7941105258324,67.49955471638839,210.06777879933242,2811.520347206627,79.50910052587665,0.69347657033171,0.0,-0.7204791783257647,3.929013079667063,3.929013079667063
210.06777879933242,2811.520347206627,79.50910052587665,213.59150566344363,2822.964677472244,65.23841965891712,0.69347657033171,0.0,-0.7204791783257647,3.929013079667063,3.929013079667063
213.59150566344363,2822.964677472244,65.23841965891712,217.1152325275548,2834.409007737862,50.9677387919576,0.69347657033171,0.0,-0.7204791783257647,3.929013079667063,3.929013079667063
216.5093632149277,2810.23844079145,53.22887384942886,213.59150566344363,2822.964677472244,65.23841965891712,0.69347657033171,0.0,-0.7204791783257647,3.929013079667063,3.929013079667063
213.59150566344363,2822.964677472244,65.23841965891712,210.6736481119595,2835.6909141530386,77.2479654684054,0.69347657033171,0.0,-0.7204791783257647,3.929013079667063,3.929013079667063
210.67364811195955,2835.6909141530386,77.24796546840538,214.19737497607073,2847.135244418656,62.97728460144586,0.69347657033171,0.0,-0.7204791783257647,3.929013079667063,3.929013079667063
214.19737497607073,2847.135244418656,62.97728460144586,217.72110184018194,2858.5795746842737,48.70660373448633,0.69347657033171,0.0,-0.7204791783257647,3.929013079667063,3.929013079667063
217.11523252755484,2834.409007737862,50.967738791957586,214.19737497607073,2847.135244418656,62.97728460144586,0.69347657033171,0.0,-0.7204791783257647,3.929013079667063,3.929013079667063
214.19737497607073,2847.135244418656,62.97728460144586,211.27951742458663,2859.8614810994504,74.98683041093412,0.69347657033171,0.0,-0.7204791783257647,3.929013079667063,3.929013079667063
211.27951742458663,2859.8614810994504,74.98683041093412,214.80324428869787,2871.3058113650677,60.71614954397459,0.69347657033171,0.0,-0.7204791783257647,3.929013079667063,3.929013079667063
214.80324428869787,2871.3058113650677,60.71614954397459,218.32697115280908,2882.7501416306854,46.445468677015064,0.69347657033171,0.0,-0.7204791783257647,3.929013079667063,3.929013079667063
217.72110184018194,2858.5795746842737,48.70660373448633,214.80324428869787,2871.3058113650677,60.71614954397459,0.69347657033171,0.0,-0.7204791783257647,3.929013079667063,3.929013079667063
214.80324428869787,2871.3058113650677,60.71614954397459,211.88538673721376,2884.032048045862,72.72569535346287,0.69347657033171,0.0,-0.7204791783257647,3.929013079667063,3.929013079667063
211.88538673721376,2884.032048045862,72.72569535346287,215.409113601325,2895.4763783114795,58.45501448650333,0.69347657033171,0.0,-0.7204791783257647,3.929013079667063,3.929013079667063
215.409113601325,2895.4763783114795,58.45501448650333,218.93284046543621,2906.9207085770972,44.18433361954379,0.69347657033171,0.0,-0.7204791783257647,3.929013079667063,3.929013079667063
218.32697115280908,2882.7501416306854,46.445468677015064,215.409113601325,2895.4763783114795,58.45501448650333,0.69347657033171,0.0,-0.7204791783257647,3.929013079667063,3.929013079667063
215.409113601325,2895.4763783114795,58.45501448650333,212.4912560498409,2908.202614992274,70.46456029599159,0.69347657033171,0.0,-0.7204791783257647,3.929013079667063,3.929013079667063
212.4912560498409,2908.202614992274,70.46456029599159,216.0149829139521,2919.6469452578913,56.193879429032066,0.69347657033171,0.0,-0.7204791783257647,3.929013079667063,3.929013079667063
216.0149829139521,2919.6469452578913,56.193879429032066,219.53870977806332,2931.0912755235095,41.92319856207253,0.69347657033171,0.0,-0.7204791783257647,3.929013079667063,3.929013079667063
218.9328404654362,2906.9207085770972,44.1843336195438,216.0149829139521,2919.6469452578913,56.193879429032066,0.69347657033171,0.0,-0.7204791783257647,3.929013079667063,3.929013079667063
216.0149829139521,2919.6469452578913,56.193879429032066,213.09712536246803,2932.3731819386862,68.20342523852032,0.69347657033171,0.0,-0.7204791783257647,3.929013079667063,3.929013079667063
213.09712536246803,2932.3731819386862,68.20342523852032,216.62085222657925,2943.8175122043035,53.932744371560794,0.69347657033171,0.0,-0.7204791783257647,3.929013079667063,3.929013079667063
216.62085222657925,2943.8175122043035,53.932744371560794,220.14457909069046,2955.2618424699212,39.66206350460126,0.69347657033171,0.0,-0.7204791783257647,3.929013079667063,3.929013079667063
219.53870977806332,2931.0912755235095,41.92319856207253,216.62085222657925,2943.8175122043035,53.932744371560794,0.69347657033171,0.0,-0.7204791783257647,3.929013079667063,3.929013079667063
216.62085222657925,2943.8175122043035,53.932744371560794,213.70299467509517,2956.543748885098,65.94229018104906,0.69347657033171,0.0,-0.7204791783257647,3.929013079667063,3.929013079667063
213.70299467509517,2956.543748885098,65.94229018104906,217.22672153920638,2967.9880791507153,51.67160931408953,0.69347657033171,0.0,-0.7204791783257647,3.929013079667063,3.929013079667063
217.22672153920638,2967.9880791507153,51.67160931408953,220.75044840331756,2979.432409416333,37.40092844713,0.69347657033171,0.0,-0.7204791783257647,3.929013079667063,3.929013079667063
220.14457909069046,2955.2618424699212,39.66206350460127,217.22672153920638,2967.9880791507153,51.67160931408953,0.69347657033171,0.0,-0.7204791783257647,3.929013079667063,3.929013079667063
217.22672153920638,2967.9880791507153,51.67160931408953,214.30886398772225,2980.71431583151,63.681155123577796,0.69347657033171,0.0,-0.7204791783257647,3.929013079667063,3.929013079667063
214.30886398772225,2980.71431583151,63.681155123577796,217.8325908518335,2992.158646097127,49.41047425661826,0.69347657033171,0.0,-0.7204791783257647,3.929013079667063,3.929013079667063
217.8325908518335,2992.158646097127,49.41047425661826,221.3563177159447,3003.602976362745,35.13979338965873,0.69347657033171,0.0,-0.7204791783257647,3.929013079667063,3.929013079667063
220.75044840331756,2979.432409416333,37.40092844713,217.8325908518335,2992.158646097127,49.41047425661826,0.69347657033171,0.0,-0.7204791783257647,3.929013079667063,3.929013079667063
217.8325908518335,2992.158646097127,49.41047425661826,214.91473330034938,3004.8848827779216,61.420020066106524,0.69347657033171,0.0,-0.7204791783257647,3.929013079667063,3.929013079667063
214.91473330034938,3004.8848827779216,61.42002006610654,218.43846016446062,3016.329213043539,47.149339199147,0.69347657033171,0.0,-0.7204791783257647,3.929013079667063,3.929013079667063
218.43846016446062,3016.329213043539,47.149339199147,221.96218702857183,3027.773543309157,32.87865833218746,0.69347657033171,0.0,-0.7204791783257647,3.929013079667063,3.929013079667063
221.3563177159447,3003.602976362745,35.13979338965874,218.43846016446062,3016.329213043539,47.149339199147,0.69347657033171,0.0,-0.7204791783257647,3.929013079667063,3.929013079667063
218.43846016446062,3016.329213043539,47.149339199147,215.52060261297652,3029.055449724334,59.15888500863526,0.69347657033171,0.0,-0.7204791783257647,3.929013079667063,3.929013079667063
215.52060261297652,3029.0554497243334,59.15888500863527,219.04432947708776,3040.4997799899506,44.888204141675736,0.69347657033171,0.0,-0.7204791783257647,3.929013079667063,3.929013079667063
219.04432947708776,3040.4997799899506,44.888204141675736,222.56805634119897,3051.944110255569,30.6175232747162,0.69347657033171,0.0,-0.7204791783257647,3.929013079667063,3.929013079667063
221.96218702857183,3027.7735433091566,32.87865833218748,219.04432947708776,3040.4997799899506,44.888204141675736,0.69347657033171,0.0,-0.7204791783257647,3.929013079667063,3.929013079667063
219.04432947708776,3040.4997799899506,44.888204141675736,216.12647192560365,3053.2260166707456,56.897749951163995,0.69347657033171,0.0,-0.7204791783257647,3.929013079667063,3.929013079667063
216.12647192560365,3053.2260166707456,56.897749951163995,219.65019878971486,3064.670346936363,42.62706908420446,0.69347657033171,0.0,-0.7204791783257647,3.929013079667063,3.929013079667063
219.65019878971486,3064.670346936363,42.62706908420446,223.17392565382607,3076.1146772019806,28.356388217244934,0.69347657033171,0.0,-0.7204791783257647,3.929013079667063,3.929013079667063
222.56805634119897,3051.944110255569,30.6175232747162,219.65019878971486,3064.670346936363,42.62706908420446,0.69347657033171,0.0,-0.7204791783257647,3.929013079667063,3.929013079667063
219.65019878971486,3064.670346936363,42.62706908420446,216.7323412382308,3077.3965836171574,54.63661489369273,0.69347657033171,0.0,-0.7204791783257647,3.929013079667063,3.929013079667063
216.7323412382308,3077.3965836171574,54.63661489369273,220.256068102342,3088.8409138827747,40.36593402673321,0.69347657033171,0.0,-0.7204791783257647,3.929013079667063,3.929013079667063
220.256068102342,3088.8409138827747,40.36593402673321,223.7797949664532,3100.2852441483924,26.09525315977367,0.69347657033171,0.0,-0.7204791783257647,3.929013079667063,3.929013079667063
223.17392565382607,3076.1146772019806,28.356388217244934,220.256068102342,3088.8409138827747,40.36593402673321,0.69347657033171,0.0,-0.7204791783257647,3.929013079667063,3.929013079667063
220.256068102342,3088.8409138827747,40.36593402673321,217.33821055085792,3101.567150563569,52.375479836221466,0.69347657033171,0.0,-0.7204791783257647,3.929013079667063,3.929013079667063
217.33821055085792,3101.567150563569,52.375479836221466,220.86193741496913,3113.0114808291864,38.10479896926193,0.69347657033171,0.0,-0.7204791783257647,3.929013079667063,3.929013079667063
220.86193741496913,3113.0114808291864,38.10479896926193,224.38566427908032,3124.455811094804,23.83411810230239,0.69347657033171,0.0,-0.7204791783257647,3.929013079667063,3.929013079667063
223.7797949664532,3100.2852441483924,26.09525315977367,220.86193741496913,3113.0114808291864,38.10479896926193,0.69347657033171,0.0,-0.7204791783257647,3.929013079667063,3.929013079667063
220.86193741496913,3113.0114808291864,38.10479896926193,217.944079863485,3125.737717509981,50.11434477875019,0.69347657033171,0.0,-0.7204791783257647,3.929013079667063,3.929013079667063
217.944079863485,3125.737717509981,50.1143447787502,221.46780672759624,3137.182047775598,35.843663911790664,0.69347657033171,0.0,-0.7204791783257647,3.929013079667063,3.929013079667063
221.46780672759624,3137.182047775598,35.843663911790664,224.99153359170745,3148.626378041216,21.572983044831126,0.69347657033171,0.0,-0.7204791783257647,3.929013079667063,3.929013079667063
224.38566427908032,3124.455811094804,23.834118102302405,221.46780672759624,3137.182047775598,35.843663911790664,0.69347657033171,0.0,-0.7204791783257647,3.929013079667063,3.929013079667063
221.46780672759624,3137.182047775598,35.843663911790664,218.54994917611214,3149.9082844563927,47.85320972127892,0.69347657033171,0.0,-0.7204791783257647,3.929013079667063,3.929013079667063
218.54994917611214,3149.9082844563927,47.85320972127894,222.07367604022338,3161.35261472201,33.5825288543194,0.69347657033171,0.0,-0.7204791783257647,3.929013079667063,3.929013079667063
222.07367604022338,3161.35261472201,33.5825288543194,225.5974029043346,3172.7969449876277,19.311847987359876,0.69347657033171,0.0,-0.7204791783257647,3.929013079667063,3.929013079667063
224.99153359170745,3148.626378041216,21.57298304483114,222.07367604022338,3161.35261472201,33.5825288543194,0.69347657033171,0.0,-0.7204791783257647,3.929013079667063,3.929013079667063
222.07367604022338,3161.35261472201,33.5825288543194,219.15581848873927,3174.0788514028045,45.59207466380767,0.69347657033171,0.0,-0.7204791783257647,3.929013079667063,3.929013079667063
219.15581848873927,3174.0788514028045,45.59207466380767,222.6795453528505,3185.523181668422,31.321393796848135,0.69347657033171,0.0,-0.7204791783257647,3.929013079667063,3.929013079667063
222.6795453528505,3185.523181668422,31.321393796848135,226.2032722169617,3196.9675119340395,17.050712929888597,0.69347657033171,0.0,-0.7204791783257647,3.929013079667063,3.929013079667063
225.5974029043346,3172.7969449876277,19.311847987359876,222.6795453528505,3185.523181668422,31.321393796848135,0.69347657033171,0.0,-0.7204791783257647,3.929013079667063,3.929013079667063
222.6795453528505,3185.523181668422,31.321393796848135,219.7616878013664,3198.2494183492163,43.33093960633639,0.69347657033171,0.0,-0.7204791783257647,3.929013079667063,3.929013079667063
219.7616878013664,3198.2494183492163,43.33093960633641,223.28541466547762,3209.6937486148336,29.06025873937687,0.69347657033171,0.0,-0.7204791783257647,3.929013079667063,3.929013079667063
223.28541466547762,3209.6937486148336,29.06025873937687,226.80914152958883,3221.1380788804518,14.789577872417333,0.69347657033171,0.0,-0.7204791783257647,3.929013079667063,3.929013079667063
226.2032722169617,3196.9675119340395,17.05071292988861,223.28541466547762,3209.6937486148336,29.06025873937687,0.69347657033171,0.0,-0.7204791783257647,3.929013079667063,3.929013079667063
223.28541466547762,3209.6937486148336,29.06025873937687,220.36755711399354,3222.4199852956285,41.06980454886513,0.69347657033171,0.0,-0.7204791783257647,3.929013079667063,3.929013079667063
220.36755711399354,3222.4199852956285,41.06980454886513,223.89128397810475,3233.864315561246,26.799123681905606,0.69347657033171,0.0,-0.7204791783257647,3.929013079667063,3.929013079667063
223.89128397810475,3233.864315561246,26.799123681905606,227.41501084221596,3245.3086458268635,12.528442814946068,0.69347657033171,0.0,-0.7204791783257647,3.929013079667063,3.929013079667063
226.80914152958883,3221.1380788804518,14.789577872417333,223.89128397810475,3233.864315561246,26.799123681905606,0.69347657033171,0.0,-0.7204791783257647,3.929013079667063,3.929013079667063
223.89128397810475,3233.864315561246,26.799123681905606,220.97342642662068,3246.5905522420403,38.808669491393864,0.69347657033171,0.0,-0.7204791783257647,3.929013079667063,3.929013079667063
220.97342642662068,3246.5905522420403,38.80866949139388,224.4971532907319,3258.0348825076576,24.53798862443434,0.69347657033171,0.0,-0.7204791783257647,3.929013079667063,3.929013079667063
224.4971532907319,3258.0348825076576,24.53798862443434,228.02088015484307,3269.4792127732753,10.267307757474804,0.69347657033171,0.0,-0.7204791783257647,3.929013079667063,3.929013079667063
227.41501084221596,3245.3086458268635,12.528442814946082,224.4971532907319,3258.0348825076576,24.53798862443434,0.69347657033171,0.0,-0.7204791783257647,3.929013079667063,3.929013079667063
224.4971532907319,3258.0348825076576,24.53798862443434,221.57929573924775,3270.761119188452,36.5475344339226,0.69347657033171,0.0,-0.7204791783257647,3.929013079667063,3.929013079667063
221.57929573924775,3270.761119188452,36.547534433922614,225.103022603359,3282.2054494540694,22.276853566963077,0.69347657033171,0.0,-0.7204791783257647,3.929013079667063,3.929013079667063
225.103022603359,3282.2054494540694,22.276853566963077,228.6267494674702,3293.649779719687,8.006172700003539,0.69347657033171,0.0,-0.7204791783257647,3.929013079667063,3.929013079667063
228.02088015484307,3269.4792127732753,10.267307757474818,225.103022603359,3282.2054494540694,22.276853566963077,0.69347657033171,0.0,-0.7204791783257647,3.929013079667063,3.929013079667063
225.103022603359,3282.2054494540694,22.276853566963077,222.1851650518749,3294.931686134864,34.286399376451335,0.69347657033171,0.0,-0.7204791783257647,3.929013079667063,3.929013079667063
222.1851650518749,3294.931686134864,34.286399376451335,225.70889191598613,3306.376016400481,20.015718509491798,0.69347657033171,0.0,-0.7204791783257647,3.929013079667063,3.929013079667063
225.70889191598613,3306.376016400481,20.015718509491798,229.23261878009734,3317.8203466660993,5.7450376425322744,0.69347657033171,0.0,-0.7204791783257647,3.929013079667063,3.929013079667063
228.6267494674702,3293.649779719687,8.006172700003539,225.70889191598613,3306.376016400481,20.015718509491798,0.69347657033171,0.0,-0.7204791783257647,3.929013079667063,3.929013079667063
225.70889191598613,3306.376016400481,20.015718509491798,222.79103436450202,3319.102253081276,32.02526431898007,0.69347657033171,0.0,-0.7204791783257647,3.929013079667063,3.929013079667063
222.79103436450202,3319.1022530812756,32.02526431898007,226.31476122861324,3330.546583346893,17.754583452020547,0.69347657033171,0.0,-0.7204791783257647,3.929013079667063,3.929013079667063
226.31476122861324,3330.546583346893,17.754583452020547,229.83848809272445,3341.9909136125107,3.483902585061024,0.69347657033171,0.0,-0.7204791783257647,3.929013079667063,3.929013079667063
229.23261878009734,3317.820346666099,5.7450376425322744,226.31476122861324,3330.546583346893,17.754583452020547,0.69347657033171,0.0,-0.7204791783257647,3.929013079667063,3.929013079667063
226.31476122861324,3330.546583346893,17.754583452020547,223.39690367712916,3343.2728200276874,29.76412926150882,0.69347657033171,0.0,-0.7204791783257647,3.929013079667063,3.929013079667063
223.39690367712916,3343.2728200276874,29.76412926150882,226.92063054124037,3354.717150293305,15.493448394549283,0.69347657033171,0.0,-0.7204791783257647,3.929013079667063,3.929013079667063
226.92063054124037,3354.717150293305,15.493448394549283,230.44435740535158,3366.161480558923,1.2227675275897454,0.69347657033171,0.0,-0.7204791783257647,3.929013079667063,3.929013079667063
229.83848809272445,3341.9909136125107,3.483902585061024,226.92063054124037,3354.717150293305,15.493448394549283,0.69347657033171,0.0,-0.7204791783257647,3.929013079667063,3.929013079667063
226.92063054124037,3354.717150293305,15.493448394549283,224.0027729897563,3367.4433869740997,27.50299420403754,0.69347657033171,0.0,-0.7204791783257647,3.929013079667063,3.929013079667063
224.0027729897563,3367.4433869740997,27.50299420403754,227.5264998538675,3378.887717239717,13.232313337078004,0.69347657033171,0.0,-0.7204791783257647,3.929013079667063,3.929013079667063
227.5264998538675,3378.887717239717,13.232313337078004,231.0502267179787,3390.3320475053347,-1.038367529881505,0.69347657033171,0.0,-0.7204791783257647,3.929013079667063,3.929013079667063
230.44435740535158,3366.161480558923,1.2227675275897454,227.5264998538675,3378.887717239717,13.232313337078004,0.69347657033171,0.0,-0.7204791783257647,3.929013079667063,3.929013079667063
227.5264998538675,3378.887717239717,13.232313337078004,224.60864230238337,3391.6139539205114,25.24185914656629,0.69347657033171,0.0,-0.7204791783257647,3.929013079667063,3.929013079667063
224.60864230238337,3391.6139539205114,25.24185914656629,228.1323691664946,3403.0582841861287,10.971178279606754,0.69347657033171,0.0,-0.7204791783257647,3.929013079667063,3.929013079667063
228.1323691664946,3403.0582841861287,10.971178279606754,231.65609603060582,3414.5026144517465,-3.2995025873527837,0.69347657033171,0.0,-0.7204791783257647,3.929013079667063,3.929013079667063
231.0502267179787,3390.3320475053347,-1.038367529881505,228.1323691664946,3403.0582841861287,10.971178279606754,0.69347657033171,0.0,-0.7204791783257647,3.929013079667063,3.929013079667063
228.1323691664946,3403.0582841861287,10.971178279606754,225.2145116150105,3415.7845208669232,22.980724089095013,0.69347657033171,0.0,-0.7204791783257647,3.929013079667063,3.929013079667063
225.2145116150105,3415.7845208669232,22.980724089095013,228.73823847912175,3427.2288511325405,8.71004322213549,0.69347657033171,0.0,-0.7204791783257647,3.929013079667063,3.929013079667063
228.73823847912175,3427.2288511325405,8.71004322213549,232.26196534323296,3438.6731813981582,-5.560637644824048,0.69347657033171,0.0,-0.7204791783257647,3.929013079667063,3.929013079667063
231.65609603060582,3414.5026144517465,-3.2995025873527837,228.73823847912175,3427.2288511325405,8.71004322213549,0.69347657033171,0.0,-0.7204791783257647,3.929013079667063,3.929013079667063
228.73823847912175,3427.2288511325405,8.71004322213549,225.82038092763764,3439.955087813335,20.719589031623748,0.69347657033171,0.0,-0.7204791783257647,3.929013079667063,3.929013079667063
225.82038092763764,3439.955087813335,20.719589031623748,229.34410779174888,3451.3994180789523,6.448908164664211,0.69347657033171,0.0,-0.7204791783257647,3.929013079667063,3.929013079667063
229.34410779174888,3451.3994180789523,6.448908164664211,232.8678346558601,3462.84374834457,-7.821772702295327,0.69347657033171,0.0,-0.7204791783257647,3.929013079667063,3.929013079667063
232.26196534323296,3438.6731813981582,-5.560637644824048,229.34410779174888,3451.3994180789523,6.448908164664211,0.69347657033171,0.0,-0.7204791783257647,3.929013079667063,3.929013079667063
229.34410779174888,3451.3994180789523,6.448908164664211,226.42625024026478,3464.125654759747,18.45845397415247,0.69347657033171,0.0,-0.7204791783257647,3.929013079667063,3.929013079667063
187.9872385111394,2320.374426855538,108.53448275862068,195.9940743810467,2344.5449938019497,119.09219780347676,0.0,0.0,1.0,3.929013079667063,3.929013079667063
181.19214126648637,2344.5449938019497,93.45449759882207,189.19897713639364,2368.7155607483614,104.01221264367815,0.0,0.0,1.0,3.929013079667063,3.929013079667063
189.19897713639364,2368.7155607483614,104.01221264367815,197.20581300630093,2392.886127694773,114.56992768853424,0.0,0.0,1.0,3.929013079667063,3.929013079667063
195.9940743810467,2344.5449938019497,119.09219780347676,189.19897713639364,2368.7155607483614,104.01221264367815,0.0,0.0,1.0,3.929013079667063,3.929013079667063
189.19897713639364,2368.7155607483614,104.01221264367815,182.40387989174062,2392.886127694773,88.93222748387954,0.0,0.0,1.0,3.929013079667063,3.929013079667063
182.40387989174062,2392.886127694773,88.93222748387954,190.4107157616479,2417.0566946411855,99.48994252873563,0.0,0.0,1.0,3.929013079667063,3.929013079667063
190.4107157616479,2417.0566946411855,99.48994252873563,198.41755163155517,2441.2272615875972,110.0476575735917,0.0,0.0,1.0,3.929013079667063,3.929013079667063
197.20581300630093,2392.886127694773,114.56992768853424,190.4107157616479,2417.0566946411855,99.48994252873563,0.0,0.0,1.0,3.929013079667063,3.929013079667063
190.4107157616479,2417.0566946411855,99.48994252873563,183.61561851699486,2441.2272615875972,84.40995736893701,0.0,0.0,1.0,3.929013079667063,3.929013079667063
183.61561851699486,2441.2272615875972,84.40995736893701,191.62245438690215,2465.397828534009,94.96767241379308,0.0,0.0,1.0,3.929013079667063,3.929013079667063
191.62245438690215,2465.397828534009,94.96767241379308,199.62929025680944,2489.568395480421,105.52538745864918,0.0,0.0,1.0,3.929013079667063,3.929013079667063
198.41755163155517,2441.2272615875972,110.0476575735917,191.62245438690215,2465.397828534009,94.96767241379308,0.0,0.0,1.0,3.929013079667063,3.929013079667063
191.62245438690215,2465.397828534009,94.96767241379308,184.82735714224913,2489.568395480421,79.88768725399449,0.0,0.0,1.0,3.929013079667063,3.929013079667063
184.82735714224913,2489.568395480421,79.88768725399449,192.8341930121564,2513.7389624268326,90.44540229885055,0.0,0.0,1.0,3.929013079667063,3.929013079667063
192.8341930121564,2513.7389624268326,90.44540229885055,200.84102888206368,2537.9095293732444,101.00311734370663,0.0,0.0,1.0,3.929013079667063,3.929013079667063
199.62929025680944,2489.568395480421,105.52538745864918,192.8341930121564,2513.7389624268326,90.44540229885055,0.0,0.0,1.0,3.929013079667063,3.929013079667063
192.8341930121564,2513.7389624268326,90.44540229885055,186.03909576750337,2537.9095293732444,75.36541713905194,0.0,0.0,1.0,3.929013079667063,3.929013079667063
186.03909576750337,2537.9095293732444,75.36541713905194,194.04593163741066,2562.0800963196566,85.92313218390802,0.0,0.0,1.0,3.929013079667063,3.929013079667063
194.04593163741066,2562.0800963196566,85.92313218390802,202.05276750731792,2586.2506632660684,96.4808472287641,0.0,0.0,1.0,3.929013079667063,3.929013079667063
200.84102888206368,2537.9095293732444,101.00311734370663,194.04593163741066,2562.0800963196566,85.92313218390802,0.0,0.0,1.0,3.929013079667063,3.929013079667063
194.04593163741066,2562.0800963196566,85.92313218390802,187.2508343927576,2586.2506632660684,70.84314702410941,0.0,0.0,1.0,3.929013079667063,3.929013079667063
187.2508343927576,2586.2506632660684,70.84314702410941,195.2576702626649,2610.42123021248,81.4008620689655,0.0,0.0,1.0,3.929013079667063,3.929013079667063
195.2576702626649,2610.42123021248,81.4008620689655,203.26450613257217,2634.591797158892,91.95857711382158,0.0,0.0,1.0,3.929013079667063,3.929013079667063
202.05276750731792,2586.2506632660684,96.4808472287641,195.2576702626649,2610.42123021248,81.4008620689655,0.0,0.0,1.0,3.929013079667063,3.929013079667063
195.2576702626649,2610.42123021248,81.4008620689655,188.46257301801185,2634.591797158892,66.32087690916688,0.0,0.0,1.0,3.929013079667063,3.929013079667063
188.46257301801185,2634.591797158892,66.32087690916688,196.46940888791914,2658.7623641053037,76.87859195402297,0.0,0.0,1.0,3.929013079667063,3.929013079667063
196.46940888791914,2658.7623641053037,76.87859195402297,204.47624475782644,2682.9329310517155,87.43630699887903,0.0,0.0,1.0,3.929013079667063,3.929013079667063
203.26450613257217,2634.591797158892,91.95857711382158,196.46940888791914,2658.7623641053037,76.87859195402297,0.0,0.0,1.0,3.929013079667063,3.929013079667063
196.46940888791914,2658.7623641053037,76.87859195402297,189.67431164326612,2682.9329310517155,61.79860679422434,0.0,0.0,1.0,3.929013079667063,3.929013079667063
189.67431164326612,2682.9329310517155,61.798606794224355,197.68114751317339,2707.1034979981278,72.35632183908044,0.0,0.0,1.0,3.929013079667063,3.929013079667063
197.68114751317339,2707.1034979981278,72.35632183908044,205.68798338308068,2731.2740649445395,82.91403688393652,0.0,0.0,1.0,3.929013079667063,3.929013079667063
204.47624475782644,2682.9329310517155,87.43630699887905,197.68114751317339,2707.1034979981278,72.35632183908044,0.0,0.0,1.0,3.929013079667063,3.929013079667063
197.68114751317339,2707.1034979981278,72.35632183908044,190.88605026852036,2731.2740649445395,57.276336679281826,0.0,0.0,1.0,3.929013079667063,3.929013079667063
190.88605026852036,2731.2740649445395,57.276336679281826,198.89288613842766,2755.4446318909513,67.83405172413791,0.0,0.0,1.0,3.929013079667063,3.929013079667063
198.89288613842766,2755.4446318909513,67.83405172413791,206.89972200833492,2779.615198837363,78.39176676899397,0.0,0.0,1.0,3.929013079667063,3.929013079667063
205.68798338308068,2731.2740649445395,82.91403688393652,198.89288613842766,2755.4446318909513,67.83405172413791,0.0,0.0,1.0,3.929013079667063,3.929013079667063
198.89288613842766,2755.4446318909513,67.83405172413791,192.0977888937746,2779.615198837363,52.75406656433928,0.0,0.0,1.0,3.929013079667063,3.929013079667063
192.0977888937746,2779.615198837363,52.75406656433928,200.1046247636819,2803.785765783775,63.311781609195364,0.0,0.0,1.0,3.929013079667063,3.929013079667063
200.1046247636819,2803.785765783775,63.311781609195364,208.1114606335892,2827.9563327301867,73.86949665405145,0.0,0.0,1.0,3.929013079667063,3.929013079667063
206.89972200833492,2779.615198837363,78.39176676899397,200.1046247636819,2803.785765783775,63.311781609195364,0.0,0.0,1.0,3.929013079667063,3.929013079667063
200.1046247636819,2803.785765783775,63.311781609195364,193.30952751902888,2827.9563327301867,48.231796449396754,0.0,0.0,1.0,3.929013079667063,3.929013079667063
193.30952751902888,2827.9563327301867,48.231796449396754,201.31636338893614,2852.1268996765984,58.78951149425284,0.0,0.0,1.0,3.929013079667063,3.929013079667063
201.31636338893614,2852.1268996765984,58.78951149425284,209.32319925884343,2876.2974666230107,69.34722653910892,0.0,0.0,1.0,3.929013079667063,3.929013079667063
208.1114606335892,2827.9563327301867,73.86949665405145,201.31636338893614,2852.1268996765984,58.78951149425284,0.0,0.0,1.0,3.929013079667063,3.929013079667063
201.31636338893614,2852.1268996765984,58.78951149425284,194.52126614428312,2876.2974666230107,43.709526334454225,0.0,0.0,1.0,3.929013079667063,3.929013079667063
194.52126614428312,2876.29746662301,43.70952633445423,202.5281020141904,2900.4680335694225,54.267241379310306,0.0,0.0,1.0,3.929013079667063,3.929013079667063
202.5281020141904,2900.4680335694225,54.267241379310306,210.53493788409767,2924.6386005158342,64.82495642416639,0.0,0.0,1.0,3.929013079667063,3.929013079667063
209.32319925884343,2876.29746662301,69.34722653910893,202.5281020141904,2900.4680335694225,54.267241379310306,0.0,0.0,1.0,3.929013079667063,3.929013079667063
202.5281020141904,2900.4680335694225,54.267241379310306,195.73300476953736,2924.6386005158342,39.187256219511696,0.0,0.0,1.0,3.929013079667063,3.929013079667063
195.73300476953736,2924.6386005158342,39.18725621951169,203.73984063944465,2948.809167462246,49.74497126436777,0.0,0.0,1.0,3.929013079667063,3.929013079667063
203.73984063944465,2948.809167462246,49.74497126436777,211.74667650935194,2972.979734408658,60.30268630922386,0.0,0.0,1.0,3.929013079667063,3.929013079667063
210.53493788409767,2924.6386005158342,64.82495642416639,203.73984063944465,2948.809167462246,49.74497126436777,0.0,0.0,1.0,3.929013079667063,3.929013079667063
203.73984063944465,2948.809167462246,49.74497126436777,196.94474339479163,2972.979734408658,34.66498610456917,0.0,0.0,1.0,3.929013079667063,3.929013079667063
196.94474339479163,2972.9797344086583,34.66498610456915,204.9515792646989,2997.15030135507,45.22270114942524,0.0,0.0,1.0,3.929013079667063,3.929013079667063
204.9515792646989,2997.15030135507,45.22270114942524,212.95841513460618,3021.320868301482,55.78041619428133,0.0,0.0,1.0,3.929013079667063,3.929013079667063
211.74667650935194,2972.9797344086583,60.302686309223844,204.9515792646989,2997.15030135507,45.22270114942524,0.0,0.0,1.0,3.929013079667063,3.929013079667063
204.9515792646989,2997.15030135507,45.22270114942524,198.15648202004587,3021.320868301482,30.142715989626637,0.0,0.0,1.0,3.929013079667063,3.929013079667063
198.15648202004587,3021.320868301482,30.142715989626637,206.16331788995313,3045.4914352478936,40.70043103448272,0.0,0.0,1.0,3.929013079667063,3.929013079667063
206.16331788995313,3045.4914352478936,40.70043103448272,214.17015375986043,3069.6620021943054,51.2581460793388,0.0,0.0,1.0,3.929013079667063,3.929013079667063
212.95841513460618,3021.320868301482,55.78041619428133,206.16331788995313,3045.4914352478936,40.70043103448272,0.0,0.0,1.0,3.929013079667063,3.929013079667063
206.16331788995313,3045.4914352478936,40.70043103448272,199.3682206453001,3069.6620021943054,25.62044587468411,0.0,0.0,1.0,3.929013079667063,3.929013079667063
199.3682206453001,3069.6620021943054,25.620445874684094,207.3750565152074,3093.832569140717,36.178160919540176,0.0,0.0,1.0,3.929013079667063,3.929013079667063
207.3750565152074,3093.832569140717,36.178160919540176,215.38189238511467,3118.003136087129,46.73587596439627,0.0,0.0,1.0,3.929013079667063,3.929013079667063
214.17015375986043,3069.6620021943054,51.258146079338786,207.3750565152074,3093.832569140717,36.178160919540176,0.0,0.0,1.0,3.929013079667063,3.929013079667063
207.3750565152074,3093.832569140717,36.178160919540176,200.57995927055435,3118.003136087129,21.09817575974158,0.0,0.0,1.0,3.929013079667063,3.929013079667063
200.57995927055438,3118.003136087129,21.098175759741565,208.58679514046165,3142.1737030335407,31.655890804597647,0.0,0.0,1.0,3.929013079667063,3.929013079667063
208.58679514046165,3142.1737030335407,31.655890804597647,216.59363101036894,3166.3442699799525,42.21360584945373,0.0,0.0,1.0,3.929013079667063,3.929013079667063
215.3818923851147,3118.003136087129,46.73587596439626,208.58679514046165,3142.1737030335407,31.655890804597647,0.0,0.0,1.0,3.929013079667063,3.929013079667063
208.58679514046165,3142.1737030335407,31.655890804597647,201.79169789580862,3166.3442699799525,16.575905644799036,0.0,0.0,1.0,3.929013079667063,3.929013079667063
201.79169789580862,3166.344269979953,16.575905644799036,209.7985337657159,3190.5148369263648,27.133620689655118,0.0,0.0,1.0,3.929013079667063,3.929013079667063
209.7985337657159,3190.5148369263648,27.133620689655118,217.80536963562318,3214.6854038727765,37.6913357345112,0.0,0.0,1.0,3.929013079667063,3.929013079667063
216.59363101036894,3166.344269979953,42.21360584945373,209.7985337657159,3190.5148369263648,27.133620689655118,0.0,0.0,1.0,3.929013079667063,3.929013079667063
209.7985337657159,3190.5148369263648,27.133620689655118,203.00343652106287,3214.6854038727765,12.053635529856505,0.0,0.0,1.0,3.929013079667063,3.929013079667063
203.00343652106287,3214.6854038727765,12.053635529856491,211.01027239097016,3238.8559708191883,22.611350574712574,0.0,0.0,1.0,3.929013079667063,3.929013079667063
211.01027239097016,3238.8559708191883,22.611350574712574,219.01710826087742,3263.0265377656,33.16906561956867,0.0,0.0,1.0,3.929013079667063,3.929013079667063
217.80536963562318,3214.6854038727765,37.691335734511185,211.01027239097016,3238.8559708191883,22.611350574712574,0.0,0.0,1.0,3.929013079667063,3.929013079667063
211.01027239097016,3238.8559708191883,22.611350574712574,204.2151751463171,3263.0265377656,7.531365414913976,0.0,0.0,1.0,3.929013079667063,3.929013079667063
204.2151751463171,3263.0265377656,7.531365414913976,212.2220110162244,3287.197104712012,18.08908045977006,0.0,0.0,1.0,3.929013079667063,3.929013079667063
212.2220110162244,3287.197104712012,18.08908045977006,220.2288468861317,3311.3676716584237,28.64679550462614,0.0,0.0,1.0,3.929013079667063,3.929013079667063
219.01710826087742,3263.0265377656,33.16906561956867,212.2220110162244,3287.197104712012,18.08908045977006,0.0,0.0,1.0,3.929013079667063,3.929013079667063
212.2220110162244,3287.197104712012,18.08908045977006,205.42691377157138,3311.3676716584237,3.009095299971447,0.0,0.0,1.0,3.929013079667063,3.929013079667063
205.42691377157138,3311.367671658424,3.009095299971433,213.43374964147864,3335.538238604836,13.566810344827516,0.0,0.0,1.0,3.929013079667063,3.929013079667063
213.43374964147864,3335.538238604836,13.566810344827516,221.44058551138593,3359.7088055512477,24.124525389683612,0.0,0.0,1.0,3.929013079667063,3.929013079667063
220.2288468861317,3311.367671658424,28.646795504626127,213.43374964147864,3335.538238604836,13.566810344827516,0.0,0.0,1.0,3.929013079667063,3.929013079667063
213.43374964147864,3335.538238604836,13.566810344827516,206.63865239682562,3359.7088055512477,-1.513174814971082,0.0,0.0,1.0,3.929013079667063,3.929013079667063
206.63865239682562,3359.7088055512477,-1.5131748149710962,214.6454882667329,3383.8793724976595,9.044540229885001,0.0,0.0,1.0,3.929013079667063,3.929013079667063
214.6454882667329,3383.8793724976595,9.044540229885001,222.65232413664017,3408.0499394440712,19.60225527474107,0.0,0.0,1.0,3.929013079667063,3.929013079667063
221.44058551138593,3359.7088055512477,24.124525389683598,214.6454882667329,3383.8793724976595,9.044540229885001,0.0,0.0,1.0,3.929013079667063,3.929013079667063
214.6454882667329,3383.8793724976595,9.044540229885001,207.85039102207986,3408.0499394440712,-6.035444929913625,0.0,0.0,1.0,3.929013079667063,3.929013079667063
207.85039102207986,3408.0499394440712,-6.035444929913597,215.85722689198715,3432.220506390483,4.522270114942472,0.0,0.0,1.0,3.929013079667063,3.929013079667063
215.85722689198715,3432.220506390483,4.522270114942472,223.86406276189442,3456.391073336895,15.079985159798555,0.0,0.0,1.0,3.929013079667063,3.929013079667063
222.65232413664017,3408.0499394440712,19.602255274741097,215.85722689198715,3432.220506390483,4.522270114942472,0.0,0.0,1.0,3.929013079667063,3.929013079667063
215.85722689198715,3432.220506390483,4.522270114942472,209.0621296473341,3456.391073336895,-10.55771504485614,0.0,0.0,1.0,3.929013079667063,3.929013079667063
217.0689655172414,3480.5616402833066,-7.105427357601002e-14,223.86406276189442,3456.391073336895,15.079985159798555,0.0,0.0,1.0,3.929013079667063,3.929013079667063
182.40387989174062,2392.886127694773,88.93222748387954,180.22944877345162,2400.620709117625,84.10663223274398,0.0,0.0,1.0,3.929013079667063,3.929013079667063
197.20581300630093,2392.886127694773,114.56992768853424,199.7680004846713,2400.620709117625,117.94839650288819,0.0,0.0,1.0,3.929013079667063,3.929013079667063
183.61561851699486,2441.2272615875972,84.40995736893701,181.4411873987059,2448.961843010449,79.58436211780145,0.0,0.0,1.0,3.929013079667063,3.929013079667063
198.41755163155517,2441.2272615875972,110.0476575735917,200.9797391099255,2448.961843010449,113.42612638794566,0.0,0.0,1.0,3.929013079667063,3.929013079667063
184.82735714224913,2489.568395480421,79.88768725399449,182.6529260239601,2497.302976903273,75.06209200285892,0.0,0.0,1.0,3.929013079667063,3.929013079667063
199.62929025680944,2489.568395480421,105.52538745864918,202.19147773517977,2497.302976903273,108.90385627300313,0.0,0.0,1.0,3.929013079667063,3.929013079667063
186.03909576750337,2537.9095293732444,75.36541713905194,183.86466464921438,2545.6441107960964,70.53982188791639,0.0,0.0,1.0,3.929013079667063,3.929013079667063
200.84102888206368,2537.9095293732444,101.00311734370663,203.40321636043404,2545.6441107960964,104.3815861580606,0.0,0.0,1.0,3.929013079667063,3.929013079667063
187.2508343927576,2586.2506632660684,70.84314702410941,185.07640327446865,2593.98524468892,66.01755177297386,0.0,0.0,1.0,3.929013079667063,3.929013079667063
202.05276750731792,2586.2506632660684,96.4808472287641,204.61495498568826,2593.98524468892,99.85931604311807,0.0,0.0,1.0,3.929013079667063,3.929013079667063
188.46257301801185,2634.591797158892,66.32087690916688,186.28814189972286,2642.326378581744,61.495281658031324,0.0,0.0,1.0,3.929013079667063,3.929013079667063
203.26450613257217,2634.591797158892,91.95857711382158,205.82669361094253,2642.326378581744,95.33704592817551,0.0,0.0,1.0,3.929013079667063,3.929013079667063
189.67431164326612,2682.9329310517155,61.79860679422434,187.49988052497713,2690.6675124745675,56.97301154308878,0.0,0.0,1.0,3.929013079667063,3.929013079667063
204.47624475782644,2682.9329310517155,87.43630699887903,207.0384322361968,2690.6675124745675,90.81477581323298,0.0,0.0,1.0,3.929013079667063,3.929013079667063
190.88605026852036,2731.2740649445395,57.276336679281826,188.7116191502314,2739.008646367391,52.450741428146266,0.0,0.0,1.0,3.929013079667063,3.929013079667063
205.68798338308068,2731.2740649445395,82.91403688393652,208.250170861451,2739.008646367391,86.29250569829046,0.0,0.0,1.0,3.929013079667063,3.929013079667063
192.0977888937746,2779.615198837363,52.75406656433928,189.9233577754856,2787.349780260215,47.92847131320372,0.0,0.0,1.0,3.929013079667063,3.929013079667063
206.89972200833492,2779.615198837363,78.39176676899397,209.46190948670528,2787.349780260215,81.77023558334793,0.0,0.0,1.0,3.929013079667063,3.929013079667063
193.30952751902888,2827.9563327301867,48.231796449396754,191.13509640073988,2835.6909141530386,43.4062011982612,0.0,0.0,1.0,3.929013079667063,3.929013079667063
208.1114606335892,2827.9563327301867,73.86949665405145,210.6736481119595,2835.6909141530386,77.2479654684054,0.0,0.0,1.0,3.929013079667063,3.929013079667063
194.52126614428312,2876.2974666230107,43.709526334454225,192.34683502599415,2884.032048045862,38.883931083318664,0.0,0.0,1.0,3.929013079667063,3.929013079667063
209.32319925884343,2876.2974666230107,69.34722653910892,211.88538673721376,2884.032048045862,72.72569535346287,0.0,0.0,1.0,3.929013079667063,3.929013079667063
195.73300476953736,2924.6386005158342,39.187256219511696,193.55857365124837,2932.373181938686,34.36166096837614,0.0,0.0,1.0,3.929013079667063,3.929013079667063
210.53493788409767,2924.6386005158342,64.82495642416639,213.09712536246803,2932.373181938686,68.20342523852034,0.0,0.0,1.0,3.929013079667063,3.929013079667063
196.94474339479163,2972.979734408658,34.66498610456917,194.77031227650264,2980.71431583151,29.839390853433606,0.0,0.0,1.0,3.929013079667063,3.929013079667063
211.74667650935194,2972.979734408658,60.30268630922386,214.30886398772225,2980.71431583151,63.6811551235778,0.0,0.0,1.0,3.929013079667063,3.929013079667063
198.15648202004587,3021.320868301482,30.142715989626637,195.9820509017569,3029.0554497243334,25.317120738491077,0.0,0.0,1.0,3.929013079667063,3.929013079667063
212.95841513460618,3021.320868301482,55.78041619428133,215.52060261297652,3029.0554497243334,59.15888500863527,0.0,0.0,1.0,3.929013079667063,3.929013079667063
199.3682206453001,3069.6620021943054,25.62044587468411,197.19378952701112,3077.396583617157,20.794850623548548,0.0,0.0,1.0,3.929013079667063,3.929013079667063
214.17015375986043,3069.6620021943054,51.2581460793388,216.7323412382308,3077.396583617157,54.636614893692744,0.0,0.0,1.0,3.929013079667063,3.929013079667063
200.57995927055435,3118.003136087129,21.09817575974158,198.4055281522654,3125.737717509981,16.27258050860602,0.0,0.0,1.0,3.929013079667063,3.929013079667063
215.38189238511467,3118.003136087129,46.73587596439627,217.944079863485,3125.737717509981,50.114344778750215,0.0,0.0,1.0,3.929013079667063,3.929013079667063
201.79169789580862,3166.3442699799525,16.575905644799036,199.61726677751966,3174.0788514028045,11.750310393663476,0.0,0.0,1.0,3.929013079667063,3.929013079667063
216.59363101036894,3166.3442699799525,42.21360584945373,219.15581848873927,3174.0788514028045,45.59207466380767,0.0,0.0,1.0,3.929013079667063,3.929013079667063
203.00343652106287,3214.6854038727765,12.053635529856505,200.82900540277387,3222.419985295628,7.228040278720947,0.0,0.0,1.0,3.929013079667063,3.929013079667063
217.80536963562318,3214.6854038727765,37.6913357345112,220.36755711399354,3222.419985295628,41.06980454886514,0.0,0.0,1.0,3.929013079667063,3.929013079667063
204.2151751463171,3263.0265377656,7.531365414913976,202.04074402802814,3270.761119188452,2.7057701637784177,0.0,0.0,1.0,3.929013079667063,3.929013079667063
219.01710826087742,3263.0265377656,33.16906561956867,221.57929573924775,3270.761119188452,36.547534433922614,0.0,0.0,1.0,3.929013079667063,3.929013079667063
205.42691377157138,3311.3676716584237,3.009095299971447,203.2524826532824,3319.1022530812756,-1.8164999511641113,0.0,0.0,1.0,3.929013079667063,3.929013079667063
220.2288468861317,3311.3676716584237,28.64679550462614,222.79103436450202,3319.1022530812756,32.025264318980085,0.0,0.0,1.0,3.929013079667063,3.929013079667063
206.63865239682562,3359.7088055512477,-1.513174814971082,204.46422127853663,3367.443386974099,-6.338770066106626,0.0,0.0,1.0,3.929013079667063,3.929013079667063
221.44058551138593,3359.7088055512477,24.124525389683612,224.0027729897563,3367.443386974099,27.50299420403757,0.0,0.0,1.0,3.929013079667063,3.929013079667063
207.85039102207986,3408.0499394440712,-6.035444929913625,205.6759599037909,3415.7845208669232,-10.861040181049184,0.0,0.0,1.0,3.929013079667063,3.929013079667063
222.65232413664017,3408.0499394440712,19.60225527474107,225.2145116150105,3415.7845208669232,22.980724089095013,0.0,0.0,1.0,3.929013079667063,3.929013079667063
209.0621296473341,3456.391073336895,-10.55771504485614,206.8876985290451,3464.125654759747,-15.383310295991699,0.0,0.0,1.0,3.929013079667063,3.929013079667063
223.86406276189442,3456.391073336895,15.079985159798555,226.42625024026478,3464.125654759747,18.458453974152498,0.0,0.0,1.0,3.929013079667063,3.929013079667063
217.0689655172414,3480.5616402833066,-7.105427357601002e-14,209.0621296473341,3456.391073336895,-10.55771504485614,0.0,0.0,1.0,3.929013079667063,3.929013079667063
130.94901364119875,2320.374426855538,75.60344827586205,129.7959810294209,2344.5449938019497,61.85956627781617,0.0,0.0,1.0,3.929013079667063,3.929013079667063
148.13499760502387,2353.172020949085,77.12545132340881,138.204487793449,2364.811081560149,67.87000398681407,-0.6900981947236448,0.0,-0.7237157464358271,3.929013079667063,3.929013079667063
138.204487793449,2364.811081560149,67.87000398681407,128.27397798187414,2376.4501421712134,58.61455665021934,-0.6900981947236448,0.0,-0.7237157464358271,3.929013079667063,3.929013079667063
129.427010593652,2352.2795752248016,57.461524038441496,138.204487793449,2364.811081560149,67.87000398681407,-0.6900981947236448,0.0,-0.7237157464358271,3.929013079667063,3.929013079667063
138.204487793449,2364.811081560149,67.87000398681407,146.981964993246,2377.3425878954968,78.27848393518666,-0.6900981947236448,0.0,-0.7237157464358271,3.929013079667063,3.929013079667063
146.981964993246,2377.3425878954968,78.27848393518666,137.05145518167114,2388.9816485065608,69.02303659859193,-0.6900981947236448,0.0,-0.7237157464358271,3.929013079667063,3.929013079667063
137.05145518167114,2388.9816485065608,69.02303659859193,127.1209453700963,2400.620709117625,59.76758926199719,-0.6900981947236448,0.0,-0.7237157464358271,3.929013079667063,3.929013079667063
128.27397798187414,2376.4501421712134,58.61455665021934,137.05145518167114,2388.9816485065608,69.02303659859193,-0.6900981947236448,0.0,-0.7237157464358271,3.929013079667063,3.929013079667063
137.05145518167114,2388.9816485065608,69.02303659859193,145.82893238146815,2401.5131548419085,79.4315165469645,-0.6900981947236448,0.0,-0.7237157464358271,3.929013079667063,3.929013079667063
145.82893238146815,2401.5131548419085,79.4315165469645,135.8984225698933,2413.1522154529725,70.17606921036977,-0.6900981947236448,0.0,-0.7237157464358271,3.929013079667063,3.929013079667063
135.8984225698933,2413.1522154529725,70.17606921036977,125.96791275831845,2424.791276064037,60.92062187377503,-0.6900981947236448,0.0,-0.7237157464358271,3.929013079667063,3.929013079667063
127.1209453700963,2400.620709117625,59.76758926199719,135.8984225698933,2413.1522154529725,70.17606921036977,-0.6900981947236448,0.0,-0.7237157464358271,3.929013079667063,3.929013079667063
135.8984225698933,2413.1522154529725,70.17606921036977,144.67589976969032,2425.6837217883203,80.58454915874235,-0.6900981947236448,0.0,-0.7237157464358271,3.929013079667063,3.929013079667063
144.67589976969032,2425.6837217883203,80.58454915874235,134.74538995811545,2437.3227823993843,71.32910182214762,-0.6900981947236448,0.0,-0.7237157464358271,3.929013079667063,3.929013079667063
134.74538995811545,2437.3227823993843,71.32910182214762,124.8148801465406,2448.961843010449,62.07365448555288,-0.6900981947236448,0.0,-0.7237157464358271,3.929013079667063,3.929013079667063
125.96791275831845,2424.791276064037,60.92062187377503,134.74538995811545,2437.3227823993843,71.32910182214762,-0.6900981947236448,0.0,-0.7237157464358271,3.929013079667063,3.929013079667063
134.74538995811545,2437.3227823993843,71.32910182214762,143.52286715791246,2449.854288734732,81.7375817705202,-0.6900981947236448,0.0,-0.7237157464358271,3.929013079667063,3.929013079667063
143.52286715791246,2449.854288734732,81.7375817705202,133.5923573463376,2461.4933493457966,72.48213443392547,-0.6900981947236448,0.0,-0.7237157464358271,3.929013079667063,3.929013079667063
133.5923573463376,2461.4933493457966,72.48213443392547,123.66184753476276,2473.132409956861,63.22668709733074,-0.6900981947236448,0.0,-0.7237157464358271,3.929013079667063,3.929013079667063
124.8148801465406,2448.961843010449,62.07365448555288,133.5923573463376,2461.4933493457966,72.48213443392547,-0.6900981947236448,0.0,-0.7237157464358271,3.929013079667063,3.929013079667063
133.5923573463376,2461.4933493457966,72.48213443392547,142.36983454613463,2474.0248556811443,82.89061438229805,-0.6900981947236448,0.0,-0.7237157464358271,3.929013079667063,3.929013079667063
142.36983454613463,2474.0248556811443,82.89061438229805,132.43932473455976,2485.6639162922083,73.63516704570331,-0.6900981947236448,0.0,-0.7237157464358271,3.929013079667063,3.929013079667063
132.43932473455976,2485.6639162922083,73.63516704570331,122.50881492298491,2497.302976903273,64.37971970910858,-0.6900981947236448,0.0,-0.7237157464358271,3.929013079667063,3.929013079667063
123.66184753476276,2473.132409956861,63.22668709733074,132.43932473455976,2485.6639162922083,73.63516704570331,-0.6900981947236448,0.0,-0.7237157464358271,3.929013079667063,3.929013079667063
132.43932473455976,2485.6639162922083,73.63516704570331,141.21680193435677,2498.195422627556,84.0436469940759,-0.6900981947236448,0.0,-0.7237157464358271,3.929013079667063,3.929013079667063
141.21680193435677,2498.195422627556,84.0436469940759,131.2862921227819,2509.83448323862,74.78819965748116,-0.6900981947236448,0.0,-0.7237157464358271,3.929013079667063,3.929013079667063
131.2862921227819,2509.83448323862,74.78819965748116,121.35578231120707,2521.4735438496846,65.53275232088643,-0.6900981947236448,0.0,-0.7237157464358271,3.929013079667063,3.929013079667063
122.50881492298491,2497.302976903273,64.37971970910858,131.2862921227819,2509.83448323862,74.78819965748116,-0.6900981947236448,0.0,-0.7237157464358271,3.929013079667063,3.929013079667063
131.2862921227819,2509.83448323862,74.78819965748116,140.06376932257893,2522.365989573968,85.19667960585375,-0.6900981947236448,0.0,-0.7237157464358271,3.929013079667063,3.929013079667063
140.06376932257893,2522.365989573968,85.19667960585375,130.13325951100407,2534.005050185032,75.94123226925902,-0.6900981947236448,0.0,-0.7237157464358271,3.929013079667063,3.929013079667063
130.13325951100407,2534.005050185032,75.94123226925902,120.2027496994292,2545.6441107960964,66.68578493266428,-0.6900981947236448,0.0,-0.7237157464358271,3.929013079667063,3.929013079667063
121.35578231120707,2521.4735438496846,65.53275232088643,130.13325951100407,2534.005050185032,75.94123226925902,-0.6900981947236448,0.0,-0.7237157464358271,3.929013079667063,3.929013079667063
130.13325951100407,2534.005050185032,75.94123226925902,138.91073671080107,2546.5365565203797,86.34971221763159,-0.6900981947236448,0.0,-0.7237157464358271,3.929013079667063,3.929013079667063
138.91073671080107,2546.5365565203797,86.34971221763159,128.9802268992262,2558.1756171314437,77.09426488103686,-0.6900981947236448,0.0,-0.7237157464358271,3.929013079667063,3.929013079667063
128.9802268992262,2558.1756171314437,77.09426488103686,119.04971708765136,2569.814677742508,67.83881754444212,-0.6900981947236448,0.0,-0.7237157464358271,3.929013079667063,3.929013079667063
120.2027496994292,2545.6441107960964,66.68578493266428,128.9802268992262,2558.1756171314437,77.09426488103686,-0.6900981947236448,0.0,-0.7237157464358271,3.929013079667063,3.929013079667063
128.9802268992262,2558.1756171314437,77.09426488103686,137.75770409902321,2570.7071234667915,87.50274482940944,-0.6900981947236448,0.0,-0.7237157464358271,3.929013079667063,3.929013079667063
137.75770409902321,2570.7071234667915,87.50274482940944,127.82719428744838,2582.3461840778555,78.24729749281471,-0.6900981947236448,0.0,-0.7237157464358271,3.929013079667063,3.929013079667063
127.82719428744838,2582.3461840778555,78.24729749281471,117.89668447587351,2593.98524468892,68.99185015621997,-0.6900981947236448,0.0,-0.7237157464358271,3.929013079667063,3.929013079667063
119.04971708765136,2569.814677742508,67.83881754444212,127.82719428744838,2582.3461840778555,78.24729749281471,-0.6900981947236448,0.0,-0.7237157464358271,3.929013079667063,3.929013079667063
127.82719428744838,2582.3461840778555,78.24729749281471,136.60467148724538,2594.8776904132033,88.65577744118728,-0.6900981947236448,0.0,-0.7237157464358271,3.929013079667063,3.929013079667063
136.60467148724538,2594.8776904132033,88.65577744118728,126.67416167567053,2606.5167510242677,79.40033010459256,-0.6900981947236448,0.0,-0.7237157464358271,3.929013079667063,3.929013079667063
126.67416167567053,2606.5167510242677,79.40033010459256,116.74365186409567,2618.155811635332,70.14488276799781,-0.6900981947236448,0.0,-0.7237157464358271,3.929013079667063,3.929013079667063
117.89668447587351,2593.98524468892,68.99185015621997,126.67416167567053,2606.5167510242677,79.40033010459256,-0.6900981947236448,0.0,-0.7237157464358271,3.929013079667063,3.929013079667063
126.67416167567053,2606.5167510242677,79.40033010459256,135.45163887546752,2619.0482573596155,89.80881005296513,-0.6900981947236448,0.0,-0.7237157464358271,3.929013079667063,3.929013079667063
135.45163887546752,2619.0482573596155,89.80881005296513,125.52112906389269,2630.6873179706795,80.5533627163704,-0.6900981947236448,0.0,-0.7237157464358271,3.929013079667063,3.929013079667063
125.52112906389269,2630.6873179706795,80.5533627163704,115.59061925231782,2642.326378581744,71.29791537977567,-0.6900981947236448,0.0,-0.7237157464358271,3.929013079667063,3.929013079667063
116.74365186409567,2618.155811635332,70.14488276799781,125.52112906389269,2630.6873179706795,80.5533627163704,-0.6900981947236448,0.0,-0.7237157464358271,3.929013079667063,3.929013079667063
125.52112906389269,2630.6873179706795,80.5533627163704,134.2986062636897,2643.2188243060273,90.96184266474299,-0.6900981947236448,0.0,-0.7237157464358271,3.929013079667063,3.929013079667063
134.2986062636897,2643.2188243060273,90.96184266474299,124.36809645211484,2654.8578849170913,81.70639532814825,-0.6900981947236448,0.0,-0.7237157464358271,3.929013079667063,3.929013079667063
124.36809645211484,2654.8578849170913,81.70639532814825,114.43758664053998,2666.4969455281557,72.45094799155352,-0.6900981947236448,0.0,-0.7237157464358271,3.929013079667063,3.929013079667063
115.59061925231782,2642.326378581744,71.29791537977567,124.36809645211484,2654.8578849170913,81.70639532814825,-0.6900981947236448,0.0,-0.7237157464358271,3.929013079667063,3.929013079667063
124.36809645211484,2654.8578849170913,81.70639532814825,133.14557365191183,2667.389391252439,92.11487527652083,-0.6900981947236448,0.0,-0.7237157464358271,3.929013079667063,3.929013079667063
133.14557365191183,2667.389391252439,92.11487527652083,123.215063840337,2679.028451863503,82.85942793992609,-0.6900981947236448,0.0,-0.7237157464358271,3.929013079667063,3.929013079667063
123.215063840337,2679.028451863503,82.85942793992609,113.28455402876213,2690.6675124745675,73.60398060333137,-0.6900981947236448,0.0,-0.7237157464358271,3.929013079667063,3.929013079667063
114.43758664053998,2666.4969455281557,72.45094799155352,123.215063840337,2679.028451863503,82.85942793992609,-0.6900981947236448,0.0,-0.7237157464358271,3.929013079667063,3.929013079667063
123.215063840337,2679.028451863503,82.85942793992609,131.992541040134,2691.559958198851,93.26790788829868,-0.6900981947236448,0.0,-0.7237157464358271,3.929013079667063,3.929013079667063
131.992541040134,2691.559958198851,93.26790788829868,122.06203122855914,2703.199018809915,84.01246055170394,-0.6900981947236448,0.0,-0.7237157464358271,3.929013079667063,3.929013079667063
122.06203122855914,2703.199018809915,84.01246055170394,112.13152141698428,2714.8380794209793,74.75701321510921,-0.6900981947236448,0.0,-0.7237157464358271,3.929013079667063,3.929013079667063
113.28455402876213,2690.6675124745675,73.60398060333137,122.06203122855914,2703.199018809915,84.01246055170394,-0.6900981947236448,0.0,-0.7237157464358271,3.929013079667063,3.929013079667063
122.06203122855914,2703.199018809915,84.01246055170394,130.83950842835614,2715.7305251452626,94.42094050007653,-0.6900981947236448,0.0,-0.7237157464358271,3.929013079667063,3.929013079667063
130.83950842835614,2715.730525145263,94.42094050007653,120.90899861678129,2727.369585756327,85.1654931634818,-0.6900981947236448,0.0,-0.7237157464358271,3.929013079667063,3.929013079667063
120.90899861678129,2727.369585756327,85.1654931634818,110.97848880520644,2739.0086463673915,75.91004582688706,-0.6900981947236448,0.0,-0.7237157464358271,3.929013079667063,3.929013079667063
112.13152141698428,2714.8380794209797,74.75701321510921,120.90899861678129,2727.369585756327,85.1654931634818,-0.6900981947236448,0.0,-0.7237157464358271,3.929013079667063,3.929013079667063
120.90899861678129,2727.369585756327,85.1654931634818,129.6864758165783,2739.901092091675,95.57397311185437,-0.6900981947236448,0.0,-0.7237157464358271,3.929013079667063,3.929013079667063
129.6864758165783,2739.901092091675,95.57397311185437,119.75596600500344,2751.540152702739,86.31852577525964,-0.6900981947236448,0.0,-0.7237157464358271,3.929013079667063,3.929013079667063
119.75596600500344,2751.540152702739,86.31852577525964,109.8254561934286,2763.1792133138033,77.06307843866492,-0.6900981947236448,0.0,-0.7237157464358271,3.929013079667063,3.929013079667063
110.97848880520644,2739.0086463673915,75.91004582688706,119.75596600500344,2751.540152702739,86.31852577525964,-0.6900981947236448,0.0,-0.7237157464358271,3.929013079667063,3.929013079667063
119.75596600500344,2751.540152702739,86.31852577525964,128.53344320480045,2764.0716590380866,96.72700572363223,-0.6900981947236448,0.0,-0.7237157464358271,3.929013079667063,3.929013079667063
128.53344320480045,2764.0716590380866,96.72700572363223,118.6029333932256,2775.7107196491506,87.47155838703749,-0.6900981947236448,0.0,-0.7237157464358271,3.929013079667063,3.929013079667063
118.6029333932256,2775.7107196491506,87.47155838703749,108.67242358165075,2787.349780260215,78.21611105044275,-0.6900981947236448,0.0,-0.7237157464358271,3.929013079667063,3.929013079667063
109.8254561934286,2763.1792133138033,77.06307843866492,118.6029333932256,2775.7107196491506,87.47155838703749,-0.6900981947236448,0.0,-0.7237157464358271,3.929013079667063,3.929013079667063
118.6029333932256,2775.7107196491506,87.47155838703749,127.38041059302262,2788.2422259844984,97.88003833541006,-0.6900981947236448,0.0,-0.7237157464358271,3.929013079667063,3.929013079667063
127.38041059302262,2788.2422259844984,97.88003833541006,117.44990078144775,2799.8812865955624,88.62459099881534,-0.6900981947236448,0.0,-0.7237157464358271,3.929013079667063,3.929013079667063
117.44990078144775,2799.8812865955624,88.62459099881534,107.51939096987289,2811.520347206627,79.36914366222061,-0.6900981947236448,0.0,-0.7237157464358271,3.929013079667063,3.929013079667063
108.67242358165075,2787.349780260215,78.21611105044275,117.44990078144775,2799.8812865955624,88.62459099881534,-0.6900981947236448,0.0,-0.7237157464358271,3.929013079667063,3.929013079667063
117.44990078144775,2799.8812865955624,88.62459099881534,126.22737798124476,2812.41279293091,99.03307094718792,-0.6900981947236448,0.0,-0.7237157464358271,3.929013079667063,3.929013079667063
126.22737798124476,2812.41279293091,99.03307094718792,116.2968681696699,2824.051853541974,89.77762361059318,-0.6900981947236448,0.0,-0.7237157464358271,3.929013079667063,3.929013079667063
116.2968681696699,2824.051853541974,89.77762361059318,106.36635835809506,2835.6909141530386,80.52217627399845,-0.6900981947236448,0.0,-0.7237157464358271,3.929013079667063,3.929013079667063
107.51939096987289,2811.520347206627,79.36914366222061,116.2968681696699,2824.051853541974,89.77762361059318,-0.6900981947236448,0.0,-0.7237157464358271,3.929013079667063,3.929013079667063
116.2968681696699,2824.051853541974,89.77762361059318,125.07434536946693,2836.583359877322,100.18610355896577,-0.6900981947236448,0.0,-0.7237157464358271,3.929013079667063,3.929013079667063
125.07434536946691,2836.583359877322,100.18610355896577,115.14383555789206,2848.222420488386,90.93065622237103,-0.6900981947236448,0.0,-0.7237157464358271,3.929013079667063,3.929013079667063
115.14383555789206,2848.222420488386,90.93065622237103,105.2133257463172,2859.8614810994504,81.6752088857763,-0.6900981947236448,0.0,-0.7237157464358271,3.929013079667063,3.929013079667063
106.36635835809504,2835.6909141530386,80.52217627399845,115.14383555789206,2848.222420488386,90.93065622237103,-0.6900981947236448,0.0,-0.7237157464358271,3.929013079667063,3.929013079667063
115.14383555789206,2848.222420488386,90.93065622237103,123.92131275768907,2860.7539268237338,101.33913617074361,-0.6900981947236448,0.0,-0.7237157464358271,3.929013079667063,3.929013079667063
123.92131275768907,2860.7539268237338,101.33913617074361,113.99080294611421,2872.3929874347978,92.08368883414889,-0.6900981947236448,0.0,-0.7237157464358271,3.929013079667063,3.929013079667063
113.99080294611421,2872.3929874347978,92.08368883414889,104.06029313453935,2884.0320480458627,82.82824149755415,-0.6900981947236448,0.0,-0.7237157464358271,3.929013079667063,3.929013079667063
105.2133257463172,2859.8614810994504,81.6752088857763,113.99080294611421,2872.3929874347978,92.08368883414889,-0.6900981947236448,0.0,-0.7237157464358271,3.929013079667063,3.929013079667063
113.99080294611421,2872.3929874347978,92.08368883414889,122.76828014591122,2884.924493770146,102.49216878252146,-0.6900981947236448,0.0,-0.7237157464358271,3.929013079667063,3.929013079667063
122.76828014591122,2884.924493770146,102.49216878252146,112.83777033433637,2896.56355438121,93.23672144592673,-0.6900981947236448,0.0,-0.7237157464358271,3.929013079667063,3.929013079667063
112.83777033433637,2896.56355438121,93.23672144592673,102.9072605227615,2908.2026149922744,83.98127410933199,-0.6900981947236448,0.0,-0.7237157464358271,3.929013079667063,3.929013079667063
104.06029313453935,2884.0320480458627,82.82824149755415,112.83777033433637,2896.56355438121,93.23672144592673,-0.6900981947236448,0.0,-0.7237157464358271,3.929013079667063,3.929013079667063
112.83777033433637,2896.56355438121,93.23672144592673,121.61524753413337,2909.095060716558,103.6452013942993,-0.6900981947236448,0.0,-0.7237157464358271,3.929013079667063,3.929013079667063
121.61524753413337,2909.095060716558,103.6452013942993,111.68473772255851,2920.734121327622,94.38975405770458,-0.6900981947236448,0.0,-0.7237157464358271,3.929013079667063,3.929013079667063
111.68473772255851,2920.734121327622,94.38975405770458,101.75422791098366,2932.3731819386862,85.13430672110985,-0.6900981947236448,0.0,-0.7237157464358271,3.929013079667063,3.929013079667063
102.9072605227615,2908.2026149922744,83.98127410933199,111.68473772255851,2920.734121327622,94.38975405770458,-0.6900981947236448,0.0,-0.7237157464358271,3.929013079667063,3.929013079667063
111.68473772255851,2920.734121327622,94.38975405770458,120.46221492235553,2933.2656276629696,104.79823400607717,-0.6900981947236448,0.0,-0.7237157464358271,3.929013079667063,3.929013079667063
120.46221492235553,2933.2656276629696,104.79823400607717,110.53170511078068,2944.9046882740336,95.54278666948242,-0.6900981947236448,0.0,-0.7237157464358271,3.929013079667063,3.929013079667063
110.53170511078068,2944.9046882740336,95.54278666948242,100.60119529920581,2956.543748885098,86.28733933288768,-0.6900981947236448,0.0,-0.7237157464358271,3.929013079667063,3.929013079667063
101.75422791098366,2932.3731819386862,85.13430672110985,110.53170511078068,2944.9046882740336,95.54278666948242,-0.6900981947236448,0.0,-0.7237157464358271,3.929013079667063,3.929013079667063
110.53170511078068,2944.9046882740336,95.54278666948242,119.30918231057768,2957.4361946093813,105.951266617855,-0.6900981947236448,0.0,-0.7237157464358271,3.929013079667063,3.929013079667063
119.30918231057768,2957.4361946093813,105.95126661785501,109.37867249900282,2969.075255220446,96.69581928126027,-0.6900981947236448,0.0,-0.7237157464358271,3.929013079667063,3.929013079667063
109.37867249900282,2969.075255220446,96.69581928126027,99.44816268742797,2980.7143158315102,87.44037194466554,-0.6900981947236448,0.0,-0.7237157464358271,3.929013079667063,3.929013079667063
100.60119529920581,2956.543748885098,86.2873393328877,109.37867249900282,2969.075255220446,96.69581928126027,-0.6900981947236448,0.0,-0.7237157464358271,3.929013079667063,3.929013079667063
109.37867249900282,2969.075255220446,96.69581928126027,118.15614969879984,2981.6067615557936,107.10429922963286,-0.6900981947236448,0.0,-0.7237157464358271,3.929013079667063,3.929013079667063
118.15614969879984,2981.6067615557936,107.10429922963286,108.22563988722497,2993.2458221668576,97.84885189303813,-0.6900981947236448,0.0,-0.7237157464358271,3.929013079667063,3.929013079667063
108.22563988722497,2993.2458221668576,97.84885189303813,98.29513007565012,3004.884882777922,88.59340455644339,-0.6900981947236448,0.0,-0.7237157464358271,3.929013079667063,3.929013079667063
99.44816268742797,2980.7143158315102,87.44037194466554,108.22563988722497,2993.2458221668576,97.84885189303813,-0.6900981947236448,0.0,-0.7237157464358271,3.929013079667063,3.929013079667063
108.22563988722497,2993.2458221668576,97.84885189303813,117.00311708702199,3005.7773285022054,108.2573318414107,-0.6900981947236448,0.0,-0.7237157464358271,3.929013079667063,3.929013079667063
117.00311708702199,3005.7773285022054,108.2573318414107,107.07260727544713,3017.4163891132694,99.00188450481596,-0.6900981947236448,0.0,-0.7237157464358271,3.929013079667063,3.929013079667063
107.07260727544713,3017.4163891132694,99.00188450481596,97.14209746387226,3029.055449724334,89.74643716822123,-0.6900981947236448,0.0,-0.7237157464358271,3.929013079667063,3.929013079667063
98.29513007565012,3004.884882777922,88.59340455644339,107.07260727544713,3017.4163891132694,99.00188450481596,-0.6900981947236448,0.0,-0.7237157464358271,3.929013079667063,3.929013079667063
107.07260727544713,3017.4163891132694,99.00188450481596,115.85008447524413,3029.947895448617,109.41036445318855,-0.6900981947236448,0.0,-0.7237157464358271,3.929013079667063,3.929013079667063
115.85008447524413,3029.947895448617,109.41036445318855,105.91957466366928,3041.586956059681,100.15491711659382,-0.6900981947236448,0.0,-0.7237157464358271,3.929013079667063,3.929013079667063
105.91957466366928,3041.586956059681,100.15491711659382,95.98906485209443,3053.2260166707456,90.89946977999908,-0.6900981947236448,0.0,-0.7237157464358271,3.929013079667063,3.929013079667063
97.14209746387226,3029.055449724334,89.74643716822123,105.91957466366928,3041.586956059681,100.15491711659382,-0.6900981947236448,0.0,-0.7237157464358271,3.929013079667063,3.929013079667063
105.91957466366928,3041.586956059681,100.15491711659382,114.6970518634663,3054.118462395029,110.5633970649664,-0.6900981947236448,0.0,-0.7237157464358271,3.929013079667063,3.929013079667063
114.6970518634663,3054.118462395029,110.5633970649664,104.76654205189143,3065.757523006093,101.30794972837167,-0.6900981947236448,0.0,-0.7237157464358271,3.929013079667063,3.929013079667063
104.76654205189143,3065.757523006093,101.30794972837167,94.83603224031657,3077.3965836171574,92.05250239177693,-0.6900981947236448,0.0,-0.7237157464358271,3.929013079667063,3.929013079667063
95.98906485209443,3053.2260166707456,90.89946977999908,104.76654205189143,3065.757523006093,101.30794972837167,-0.6900981947236448,0.0,-0.7237157464358271,3.929013079667063,3.929013079667063
104.76654205189143,3065.757523006093,101.30794972837167,113.54401925168844,3078.2890293414407,111.71642967674424,-0.6900981947236448,0.0,-0.7237157464358271,3.929013079667063,3.929013079667063
113.54401925168844,3078.2890293414407,111.71642967674424,103.61350944011357,3089.9280899525047,102.46098234014951,-0.6900981947236448,0.0,-0.7237157464358271,3.929013079667063,3.929013079667063
103.61350944011357,3089.9280899525047,102.46098234014951,93.68299962853872,3101.567150563569,93.20553500355479,-0.6900981947236448,0.0,-0.7237157464358271,3.929013079667063,3.929013079667063
94.83603224031657,3077.3965836171574,92.05250239177693,103.61350944011357,3089.9280899525047,102.46098234014951,-0.6900981947236448,0.0,-0.7237157464358271,3.929013079667063,3.929013079667063
103.61350944011357,3089.9280899525047,102.46098234014951,112.3909866399106,3102.4595962878525,112.8694622885221,-0.6900981947236448,0.0,-0.7237157464358271,3.929013079667063,3.929013079667063
112.3909866399106,3102.4595962878525,112.8694622885221,102.46047682833574,3114.0986568989165,103.61401495192737,-0.6900981947236448,0.0,-0.7237157464358271,3.929013079667063,3.929013079667063
102.46047682833574,3114.0986568989165,103.61401495192737,92.52996701676088,3125.737717509981,94.35856761533263,-0.6900981947236448,0.0,-0.7237157464358271,3.929013079667063,3.929013079667063
93.68299962853872,3101.567150563569,93.20553500355479,102.46047682833574,3114.0986568989165,103.61401495192737,-0.6900981947236448,0.0,-0.7237157464358271,3.929013079667063,3.929013079667063
102.46047682833574,3114.0986568989165,103.61401495192737,111.23795402813275,3126.6301632342643,114.02249490029995,-0.6900981947236448,0.0,-0.7237157464358271,3.929013079667063,3.929013079667063
111.23795402813275,3126.6301632342643,114.02249490029995,101.30744421655788,3138.2692238453283,104.7670475637052,-0.6900981947236448,0.0,-0.7237157464358271,3.929013079667063,3.929013079667063
101.30744421655788,3138.2692238453283,104.7670475637052,91.37693440498303,3149.908284456393,95.51160022711048,-0.6900981947236448,0.0,-0.7237157464358271,3.929013079667063,3.929013079667063
92.52996701676088,3125.737717509981,94.35856761533263,101.30744421655788,3138.2692238453283,104.7670475637052,-0.6900981947236448,0.0,-0.7237157464358271,3.929013079667063,3.929013079667063
101.30744421655788,3138.2692238453283,104.7670475637052,110.0849214163549,3150.8007301806765,115.17552751207779,-0.6900981947236448,0.0,-0.7237157464358271,3.929013079667063,3.929013079667063
110.0849214163549,3150.8007301806765,115.17552751207779,100.15441160478005,3162.4397907917405,105.92008017548306,-0.6900981947236448,0.0,-0.7237157464358271,3.929013079667063,3.929013079667063
100.15441160478005,3162.4397907917405,105.92008017548306,90.22390179320519,3174.078851402805,96.66463283888832,-0.6900981947236448,0.0,-0.7237157464358271,3.929013079667063,3.929013079667063
91.37693440498303,3149.908284456393,95.51160022711048,100.15441160478005,3162.4397907917405,105.92008017548306,-0.6900981947236448,0.0,-0.7237157464358271,3.929013079667063,3.929013079667063
100.15441160478005,3162.4397907917405,105.92008017548306,108.93188880457706,3174.9712971270883,116.32856012385564,-0.6900981947236448,0.0,-0.7237157464358271,3.929013079667063,3.929013079667063
108.93188880457706,3174.9712971270883,116.32856012385564,99.00137899300219,3186.6103577381523,107.0731127872609,-0.6900981947236448,0.0,-0.7237157464358271,3.929013079667063,3.929013079667063
99.00137899300219,3186.6103577381523,107.0731127872609,89.07086918142734,3198.2494183492167,97.81766545066617,-0.6900981947236448,0.0,-0.7237157464358271,3.929013079667063,3.929013079667063
90.22390179320519,3174.078851402805,96.66463283888832,99.00137899300219,3186.6103577381523,107.0731127872609,-0.6900981947236448,0.0,-0.7237157464358271,3.929013079667063,3.929013079667063
99.00137899300219,3186.6103577381523,107.0731127872609,107.77885619279921,3199.1418640735,117.48159273563348,-0.6900981947236448,0.0,-0.7237157464358271,3.929013079667063,3.929013079667063
107.7788561927992,3199.1418640735,117.48159273563348,97.84834638122435,3210.780924684564,108.22614539903876,-0.6900981947236448,0.0,-0.7237157464358271,3.929013079667063,3.929013079667063
97.84834638122435,3210.780924684564,108.22614539903876,87.9178365696495,3222.4199852956285,98.97069806244403,-0.6900981947236448,0.0,-0.7237157464358271,3.929013079667063,3.929013079667063
89.07086918142733,3198.2494183492167,97.81766545066617,97.84834638122435,3210.780924684564,108.22614539903876,-0.6900981947236448,0.0,-0.7237157464358271,3.929013079667063,3.929013079667063
97.84834638122435,3210.780924684564,108.22614539903876,106.62582358102136,3223.312431019912,118.63462534741134,-0.6900981947236448,0.0,-0.7237157464358271,3.929013079667063,3.929013079667063
106.62582358102136,3223.312431019912,118.63462534741134,96.6953137694465,3234.9514916309763,109.3791780108166,-0.6900981947236448,0.0,-0.7237157464358271,3.929013079667063,3.929013079667063
96.6953137694465,3234.9514916309763,109.3791780108166,86.76480395787164,3246.5905522420408,100.12373067422186,-0.6900981947236448,0.0,-0.7237157464358271,3.929013079667063,3.929013079667063
87.9178365696495,3222.4199852956285,98.97069806244403,96.6953137694465,3234.9514916309763,109.3791780108166,-0.6900981947236448,0.0,-0.7237157464358271,3.929013079667063,3.929013079667063
96.6953137694465,3234.9514916309763,109.3791780108166,105.4727909692435,3247.482997966324,119.78765795918918,-0.6900981947236448,0.0,-0.7237157464358271,3.929013079667063,3.929013079667063
105.4727909692435,3247.482997966324,119.78765795918918,95.54228115766865,3259.122058577388,110.53221062259445,-0.6900981947236448,0.0,-0.7237157464358271,3.929013079667063,3.929013079667063
95.54228115766865,3259.122058577388,110.53221062259445,85.6117713460938,3270.7611191884525,101.27676328599972,-0.6900981947236448,0.0,-0.7237157464358271,3.929013079667063,3.929013079667063
86.76480395787164,3246.5905522420408,100.12373067422186,95.54228115766865,3259.122058577388,110.53221062259445,-0.6900981947236448,0.0,-0.7237157464358271,3.929013079667063,3.929013079667063
95.54228115766865,3259.122058577388,110.53221062259445,104.31975835746567,3271.653564912736,120.94069057096704,-0.6900981947236448,0.0,-0.7237157464358271,3.929013079667063,3.929013079667063
104.31975835746567,3271.653564912736,120.94069057096704,94.38924854589081,3283.2926255238,111.68524323437231,-0.6900981947236448,0.0,-0.7237157464358271,3.929013079667063,3.929013079667063
94.38924854589081,3283.2926255238,111.68524323437231,84.45873873431594,3294.9316861348643,102.42979589777757,-0.6900981947236448,0.0,-0.7237157464358271,3.929013079667063,3.929013079667063
85.6117713460938,3270.7611191884525,101.27676328599972,94.38924854589081,3283.2926255238,111.68524323437231,-0.6900981947236448,0.0,-0.7237157464358271,3.929013079667063,3.929013079667063
94.38924854589081,3283.2926255238,111.68524323437231,103.16672574568781,3295.8241318591477,122.09372318274488,-0.6900981947236448,0.0,-0.7237157464358271,3.929013079667063,3.929013079667063
103.16672574568781,3295.8241318591477,122.09372318274488,93.23621593411296,3307.4631924702117,112.83827584615014,-0.6900981947236448,0.0,-0.7237157464358271,3.929013079667063,3.929013079667063
93.23621593411296,3307.4631924702117,112.83827584615014,83.30570612253811,3319.102253081276,103.58282850955541,-0.6900981947236448,0.0,-0.7237157464358271,3.929013079667063,3.929013079667063
84.45873873431594,3294.9316861348643,102.42979589777757,93.23621593411296,3307.4631924702117,112.83827584615014,-0.6900981947236448,0.0,-0.7237157464358271,3.929013079667063,3.929013079667063
93.23621593411296,3307.4631924702117,112.83827584615014,102.01369313390998,3319.9946988055594,123.24675579452273,-0.6900981947236448,0.0,-0.7237157464358271,3.929013079667063,3.929013079667063
102.01369313390997,3319.9946988055594,123.24675579452273,92.08318332233512,3331.6337594166234,113.991308457928,-0.6900981947236448,0.0,-0.7237157464358271,3.929013079667063,3.929013079667063
92.08318332233512,3331.6337594166234,113.991308457928,82.15267351076025,3343.272820027688,104.73586112133327,-0.6900981947236448,0.0,-0.7237157464358271,3.929013079667063,3.929013079667063
83.3057061225381,3319.102253081276,103.58282850955541,92.08318332233512,3331.6337594166234,113.991308457928,-0.6900981947236448,0.0,-0.7237157464358271,3.929013079667063,3.929013079667063
92.08318332233512,3331.6337594166234,113.991308457928,100.86066052213212,3344.165265751971,124.39978840630059,-0.6900981947236448,0.0,-0.7237157464358271,3.929013079667063,3.929013079667063
100.86066052213212,3344.165265751971,124.39978840630059,90.93015071055726,3355.804326363035,115.14434106970585,-0.6900981947236448,0.0,-0.7237157464358271,3.929013079667063,3.929013079667063
90.93015071055726,3355.804326363035,115.14434106970585,80.9996408989824,3367.4433869740997,105.8888937331111,-0.6900981947236448,0.0,-0.7237157464358271,3.929013079667063,3.929013079667063
82.15267351076025,3343.272820027688,104.73586112133327,90.93015071055726,3355.804326363035,115.14434106970585,-0.6900981947236448,0.0,-0.7237157464358271,3.929013079667063,3.929013079667063
90.93015071055726,3355.804326363035,115.14434106970585,99.70762791035428,3368.335832698383,125.55282101807842,-0.6900981947236448,0.0,-0.7237157464358271,3.929013079667063,3.929013079667063
99.70762791035428,3368.335832698383,125.55282101807842,89.77711809877943,3379.974893309447,116.29737368148369,-0.6900981947236448,0.0,-0.7237157464358271,3.929013079667063,3.929013079667063
89.77711809877943,3379.974893309447,116.29737368148369,79.84660828720456,3391.6139539205114,107.04192634488896,-0.6900981947236448,0.0,-0.7237157464358271,3.929013079667063,3.929013079667063
80.9996408989824,3367.4433869740997,105.8888937331111,89.77711809877943,3379.974893309447,116.29737368148369,-0.6900981947236448,0.0,-0.7237157464358271,3.929013079667063,3.929013079667063
89.77711809877943,3379.974893309447,116.29737368148369,98.55459529857643,3392.506399644795,126.70585362985628,-0.6900981947236448,0.0,-0.7237157464358271,3.929013079667063,3.929013079667063
98.55459529857643,3392.506399644795,126.70585362985628,88.62408548700157,3404.145460255859,117.45040629326154,-0.6900981947236448,0.0,-0.7237157464358271,3.929013079667063,3.929013079667063
88.62408548700157,3404.145460255859,117.45040629326154,78.69357567542671,3415.7845208669232,108.1949589566668,-0.6900981947236448,0.0,-0.7237157464358271,3.929013079667063,3.929013079667063
79.84660828720456,3391.6139539205114,107.04192634488896,88.62408548700157,3404.145460255859,117.45040629326154,-0.6900981947236448,0.0,-0.7237157464358271,3.929013079667063,3.929013079667063
88.62408548700157,3404.145460255859,117.45040629326154,97.40156268679858,3416.6769665912066,127.85888624163411,-0.6900981947236448,0.0,-0.7237157464358271,3.929013079667063,3.929013079667063
97.40156268679858,3416.6769665912066,127.85888624163411,87.47105287522373,3428.3160272022706,118.60343890503938,-0.6900981947236448,0.0,-0.7237157464358271,3.929013079667063,3.929013079667063
87.47105287522373,3428.3160272022706,118.60343890503938,77.54054306364887,3439.9550878133355,109.34799156844466,-0.6900981947236448,0.0,-0.7237157464358271,3.929013079667063,3.929013079667063
78.69357567542671,3415.7845208669232,108.1949589566668,87.47105287522373,3428.3160272022706,118.60343890503938,-0.6900981947236448,0.0,-0.7237157464358271,3.929013079667063,3.929013079667063
87.47105287522373,3428.3160272022706,118.60343890503938,96.24853007502074,3440.847533537619,129.01191885341197,-0.6900981947236448,0.0,-0.7237157464358271,3.929013079667063,3.929013079667063
96.24853007502074,3440.847533537619,129.01191885341197,86.31802026344587,3452.486594148683,119.75647151681724,-0.6900981947236448,0.0,-0.7237157464358271,3.929013079667063,3.929013079667063
86.31802026344587,3452.486594148683,119.75647151681724,76.38751045187102,3464.1256547597472,110.50102418022249,-0.6900981947236448,0.0,-0.7237157464358271,3.929013079667063,3.929013079667063
77.54054306364887,3439.9550878133355,109.34799156844466,86.31802026344587,3452.486594148683,119.75647151681724,-0.6900981947236448,0.0,-0.7237157464358271,3.929013079667063,3.929013079667063
86.31802026344587,3452.486594148683,119.75647151681724,95.09549746324289,3465.0181004840306,130.1649514651898,-0.6900981947236448,0.0,-0.7237157464358271,3.929013079667063,3.929013079667063
129.427010593652,2352.2795752248016,96.78937860837613,138.204487793449,2364.811081560149,87.53393127178138,0.6900981947236448,0.0,-0.7237157464358271,3.929013079667063,3.929013079667063
138.204487793449,2364.811081560149,87.53393127178138,146.981964993246,2377.3425878954968,78.27848393518666,0.6900981947236448,0.0,-0.7237157464358271,3.929013079667063,3.929013079667063
148.13499760502387,2353.172020949085,77.12545132340881,138.204487793449,2364.811081560149,87.53393127178138,0.6900981947236448,0.0,-0.7237157464358271,3.929013079667063,3.929013079667063
138.204487793449,2364.811081560149,87.53393127178138,128.27397798187414,2376.4501421712134,97.94241122015397,0.6900981947236448,0.0,-0.7237157464358271,3.929013079667063,3.929013079667063
128.27397798187414,2376.4501421712134,97.94241122015397,137.05145518167114,2388.9816485065608,88.68696388355924,0.6900981947236448,0.0,-0.7237157464358271,3.929013079667063,3.929013079667063
137.05145518167114,2388.9816485065608,88.68696388355924,145.82893238146815,2401.5131548419085,79.4315165469645,0.6900981947236448,0.0,-0.7237157464358271,3.929013079667063,3.929013079667063
146.981964993246,2377.3425878954968,78.27848393518666,137.05145518167114,2388.9816485065608,88.68696388355924,0.6900981947236448,0.0,-0.7237157464358271,3.929013079667063,3.929013079667063
137.05145518167114,2388.9816485065608,88.68696388355924,127.1209453700963,2400.620709117625,99.09544383193182,0.6900981947236448,0.0,-0.7237157464358271,3.929013079667063,3.929013079667063
127.1209453700963,2400.620709117625,99.09544383193182,135.8984225698933,2413.1522154529725,89.83999649533709,0.6900981947236448,0.0,-0.7237157464358271,3.929013079667063,3.929013079667063
135.8984225698933,2413.1522154529725,89.83999649533709,144.67589976969032,2425.6837217883203,80.58454915874235,0.6900981947236448,0.0,-0.7237157464358271,3.929013079667063,3.929013079667063
145.82893238146815,2401.5131548419085,79.4315165469645,135.8984225698933,2413.1522154529725,89.83999649533709,0.6900981947236448,0.0,-0.7237157464358271,3.929013079667063,3.929013079667063
135.8984225698933,2413.1522154529725,89.83999649533709,125.96791275831845,2424.791276064037,100.24847644370966,0.6900981947236448,0.0,-0.7237157464358271,3.929013079667063,3.929013079667063
125.96791275831845,2424.791276064037,100.24847644370966,134.74538995811545,2437.3227823993843,90.99302910711494,0.6900981947236448,0.0,-0.7237157464358271,3.929013079667063,3.929013079667063
134.74538995811545,2437.3227823993843,90.99302910711494,143.52286715791246,2449.854288734732,81.7375817705202,0.6900981947236448,0.0,-0.7237157464358271,3.929013079667063,3.929013079667063
144.67589976969032,2425.6837217883203,80.58454915874235,134.74538995811545,2437.3227823993843,90.99302910711494,0.6900981947236448,0.0,-0.7237157464358271,3.929013079667063,3.929013079667063
134.74538995811545,2437.3227823993843,90.99302910711494,124.8148801465406,2448.961843010449,101.40150905548751,0.6900981947236448,0.0,-0.7237157464358271,3.929013079667063,3.929013079667063
124.8148801465406,2448.961843010449,101.40150905548751,133.5923573463376,2461.4933493457966,92.14606171889278,0.6900981947236448,0.0,-0.7237157464358271,3.929013079667063,3.929013079667063
133.5923573463376,2461.4933493457966,92.14606171889278,142.36983454613463,2474.0248556811443,82.89061438229805,0.6900981947236448,0.0,-0.7237157464358271,3.929013079667063,3.929013079667063
143.52286715791246,2449.854288734732,81.7375817705202,133.5923573463376,2461.4933493457966,92.14606171889278,0.6900981947236448,0.0,-0.7237157464358271,3.929013079667063,3.929013079667063
133.5923573463376,2461.4933493457966,92.14606171889278,123.66184753476276,2473.132409956861,102.55454166726537,0.6900981947236448,0.0,-0.7237157464358271,3.929013079667063,3.929013079667063
123.66184753476276,2473.132409956861,102.55454166726537,132.43932473455976,2485.6639162922083,93.29909433067063,0.6900981947236448,0.0,-0.7237157464358271,3.929013079667063,3.929013079667063
132.43932473455976,2485.6639162922083,93.29909433067063,141.21680193435677,2498.195422627556,84.0436469940759,0.6900981947236448,0.0,-0.7237157464358271,3.929013079667063,3.929013079667063
142.36983454613463,2474.0248556811443,82.89061438229805,132.43932473455976,2485.6639162922083,93.29909433067063,0.6900981947236448,0.0,-0.7237157464358271,3.929013079667063,3.929013079667063
132.43932473455976,2485.6639162922083,93.29909433067063,122.50881492298491,2497.302976903273,103.70757427904321,0.6900981947236448,0.0,-0.7237157464358271,3.929013079667063,3.929013079667063
122.50881492298491,2497.302976903273,103.70757427904321,131.2862921227819,2509.83448323862,94.45212694244847,0.6900981947236448,0.0,-0.7237157464358271,3.929013079667063,3.929013079667063
131.2862921227819,2509.83448323862,94.45212694244847,140.06376932257893,2522.365989573968,85.19667960585375,0.6900981947236448,0.0,-0.7237157464358271,3.929013079667063,3.929013079667063
141.21680193435677,2498.195422627556,84.0436469940759,131.2862921227819,2509.83448323862,94.45212694244847,0.6900981947236448,0.0,-0.7237157464358271,3.929013079667063,3.929013079667063
131.2862921227819,2509.83448323862,94.45212694244847,121.35578231120707,2521.4735438496846,104.86060689082106,0.6900981947236448,0.0,-0.7237157464358271,3.929013079667063,3.929013079667063
121.35578231120707,2521.4735438496846,104.86060689082106,130.13325951100407,2534.005050185032,95.60515955422633,0.6900981947236448,0.0,-0.7237157464358271,3.929013079667063,3.929013079667063
130.13325951100407,2534.005050185032,95.60515955422633,138.91073671080107,2546.5365565203797,86.34971221763159,0.6900981947236448,0.0,-0.7237157464358271,3.929013079667063,3.929013079667063
140.06376932257893,2522.365989573968,85.19667960585375,130.13325951100407,2534.005050185032,95.60515955422633,0.6900981947236448,0.0,-0.7237157464358271,3.929013079667063,3.929013079667063
130.13325951100407,2534.005050185032,95.60515955422633,120.2027496994292,2545.6441107960964,106.0136395025989,0.6900981947236448,0.0,-0.7237157464358271,3.929013079667063,3.929013079667063
120.2027496994292,2545.6441107960964,106.0136395025989,128.9802268992262,2558.1756171314437,96.75819216600418,0.6900981947236448,0.0,-0.7237157464358271,3.929013079667063,3.929013079667063
128.9802268992262,2558.1756171314437,96.75819216600418,137.75770409902321,2570.7071234667915,87.50274482940944,0.6900981947236448,0.0,-0.7237157464358271,3.929013079667063,3.929013079667063
138.91073671080107,2546.5365565203797,86.34971221763159,128.9802268992262,2558.1756171314437,96.75819216600418,0.6900981947236448,0.0,-0.7237157464358271,3.929013079667063,3.929013079667063
128.9802268992262,2558.1756171314437,96.75819216600418,119.04971708765136,2569.814677742508,107.16667211437675,0.6900981947236448,0.0,-0.7237157464358271,3.929013079667063,3.929013079667063
119.04971708765136,2569.814677742508,107.16667211437675,127.82719428744838,2582.3461840778555,97.91122477778202,0.6900981947236448,0.0,-0.7237157464358271,3.929013079667063,3.929013079667063
127.82719428744838,2582.3461840778555,97.91122477778202,136.60467148724538,2594.8776904132033,88.65577744118728,0.6900981947236448,0.0,-0.7237157464358271,3.929013079667063,3.929013079667063
137.75770409902321,2570.7071234667915,87.50274482940944,127.82719428744838,2582.3461840778555,97.91122477778202,0.6900981947236448,0.0,-0.7237157464358271,3.929013079667063,3.929013079667063
127.82719428744838,2582.3461840778555,97.91122477778202,117.89668447587351,2593.98524468892,108.3197047261546,0.6900981947236448,0.0,-0.7237157464358271,3.929013079667063,3.929013079667063
117.89668447587351,2593.98524468892,108.3197047261546,126.67416167567053,2606.5167510242677,99.06425738955987,0.6900981947236448,0.0,-0.7237157464358271,3.929013079667063,3.929013079667063
126.67416167567053,2606.5167510242677,99.06425738955987,135.45163887546752,2619.0482573596155,89.80881005296513,0.6900981947236448,0.0,-0.7237157464358271,3.929013079667063,3.929013079667063
136.60467148724538,2594.8776904132033,88.65577744118728,126.67416167567053,2606.5167510242677,99.06425738955987,0.6900981947236448,0.0,-0.7237157464358271,3.929013079667063,3.929013079667063
126.67416167567053,2606.5167510242677,99.06425738955987,116.74365186409567,2618.155811635332,109.47273733793244,0.6900981947236448,0.0,-0.7237157464358271,3.929013079667063,3.929013079667063
116.74365186409567,2618.155811635332,109.47273733793244,125.52112906389269,2630.6873179706795,100.21729000133772,0.6900981947236448,0.0,-0.7237157464358271,3.929013079667063,3.929013079667063
125.52112906389269,2630.6873179706795,100.21729000133772,134.2986062636897,2643.2188243060273,90.96184266474299,0.6900981947236448,0.0,-0.7237157464358271,3.929013079667063,3.929013079667063
135.45163887546752,2619.0482573596155,89.80881005296513,125.52112906389269,2630.6873179706795,100.21729000133772,0.6900981947236448,0.0,-0.7237157464358271,3.929013079667063,3.929013079667063
125.52112906389269,2630.6873179706795,100.21729000133772,115.59061925231782,2642.326378581744,110.6257699497103,0.6900981947236448,0.0,-0.7237157464358271,3.929013079667063,3.929013079667063
115.59061925231782,2642.326378581744,110.6257699497103,124.36809645211484,2654.8578849170913,101.37032261311556,0.6900981947236448,0.0,-0.7237157464358271,3.929013079667063,3.929013079667063
124.36809645211484,2654.8578849170913,101.37032261311556,133.14557365191183,2667.389391252439,92.11487527652083,0.6900981947236448,0.0,-0.7237157464358271,3.929013079667063,3.929013079667063
134.2986062636897,2643.2188243060273,90.96184266474299,124.36809645211484,2654.8578849170913,101.37032261311556,0.6900981947236448,0.0,-0.7237157464358271,3.929013079667063,3.929013079667063
124.36809645211484,2654.8578849170913,101.37032261311556,114.43758664053998,2666.4969455281557,111.77880256148815,0.6900981947236448,0.0,-0.7237157464358271,3.929013079667063,3.929013079667063
114.43758664053998,2666.4969455281557,111.77880256148815,123.215063840337,2679.028451863503,102.52335522489341,0.6900981947236448,0.0,-0.7237157464358271,3.929013079667063,3.929013079667063
123.215063840337,2679.028451863503,102.52335522489341,131.992541040134,2691.559958198851,93.26790788829868,0.6900981947236448,0.0,-0.7237157464358271,3.929013079667063,3.929013079667063
133.14557365191183,2667.389391252439,92.11487527652083,123.215063840337,2679.028451863503,102.52335522489341,0.6900981947236448,0.0,-0.7237157464358271,3.929013079667063,3.929013079667063
123.215063840337,2679.028451863503,102.52335522489341,113.28455402876213,2690.6675124745675,112.931835173266,0.6900981947236448,0.0,-0.7237157464358271,3.929013079667063,3.929013079667063
113.28455402876213,2690.6675124745675,112.931835173266,122.06203122855914,2703.199018809915,103.67638783667125,0.6900981947236448,0.0,-0.7237157464358271,3.929013079667063,3.929013079667063
122.06203122855914,2703.199018809915,103.67638783667125,130.83950842835614,2715.7305251452626,94.42094050007653,0.6900981947236448,0.0,-0.7237157464358271,3.929013079667063,3.929013079667063
131.992541040134,2691.559958198851,93.26790788829868,122.06203122855914,2703.199018809915,103.67638783667125,0.6900981947236448,0.0,-0.7237157464358271,3.929013079667063,3.929013079667063
122.06203122855914,2703.199018809915,103.67638783667125,112.13152141698428,2714.8380794209793,114.08486778504384,0.6900981947236448,0.0,-0.7237157464358271,3.929013079667063,3.929013079667063
112.13152141698428,2714.8380794209797,114.08486778504384,120.90899861678129,2727.369585756327,104.82942044844911,0.6900981947236448,0.0,-0.7237157464358271,3.929013079667063,3.929013079667063
120.90899861678129,2727.369585756327,104.82942044844911,129.6864758165783,2739.901092091675,95.57397311185437,0.6900981947236448,0.0,-0.7237157464358271,3.929013079667063,3.929013079667063
130.83950842835614,2715.730525145263,94.42094050007653,120.90899861678129,2727.369585756327,104.82942044844911,0.6900981947236448,0.0,-0.7237157464358271,3.929013079667063,3.929013079667063
120.90899861678129,2727.369585756327,104.82942044844911,110.97848880520644,2739.0086463673915,115.23790039682169,0.6900981947236448,0.0,-0.7237157464358271,3.929013079667063,3.929013079667063
110.97848880520644,2739.0086463673915,115.23790039682169,119.75596600500344,2751.540152702739,105.98245306022696,0.6900981947236448,0.0,-0.7237157464358271,3.929013079667063,3.929013079667063
119.75596600500344,2751.540152702739,105.98245306022696,128.53344320480045,2764.0716590380866,96.72700572363223,0.6900981947236448,0.0,-0.7237157464358271,3.929013079667063,3.929013079667063
129.6864758165783,2739.901092091675,95.57397311185437,119.75596600500344,2751.540152702739,105.98245306022696,0.6900981947236448,0.0,-0.7237157464358271,3.929013079667063,3.929013079667063
119.75596600500344,2751.540152702739,105.98245306022696,109.8254561934286,2763.1792133138033,116.39093300859955,0.6900981947236448,0.0,-0.7237157464358271,3.929013079667063,3.929013079667063
109.8254561934286,2763.1792133138033,116.39093300859955,118.6029333932256,2775.7107196491506,107.1354856720048,0.6900981947236448,0.0,-0.7237157464358271,3.929013079667063,3.929013079667063
118.6029333932256,2775.7107196491506,107.1354856720048,127.38041059302262,2788.2422259844984,97.88003833541006,0.6900981947236448,0.0,-0.7237157464358271,3.929013079667063,3.929013079667063
128.53344320480045,2764.0716590380866,96.72700572363223,118.6029333932256,2775.7107196491506,107.1354856720048,0.6900981947236448,0.0,-0.7237157464358271,3.929013079667063,3.929013079667063
118.6029333932256,2775.7107196491506,107.1354856720048,108.67242358165075,2787.349780260215,117.54396562037738,0.6900981947236448,0.0,-0.7237157464358271,3.929013079667063,3.929013079667063
108.67242358165075,2787.349780260215,117.54396562037738,117.44990078144775,2799.8812865955624,108.28851828378265,0.6900981947236448,0.0,-0.7237157464358271,3.929013079667063,3.929013079667063
117.44990078144775,2799.8812865955624,108.28851828378265,126.22737798124476,2812.41279293091,99.03307094718792,0.6900981947236448,0.0,-0.7237157464358271,3.929013079667063,3.929013079667063
127.38041059302262,2788.2422259844984,97.88003833541006,117.44990078144775,2799.8812865955624,108.28851828378265,0.6900981947236448,0.0,-0.7237157464358271,3.929013079667063,3.929013079667063
117.44990078144775,2799.8812865955624,108.28851828378265,107.51939096987289,2811.520347206627,118.69699823215524,0.6900981947236448,0.0,-0.7237157464358271,3.929013079667063,3.929013079667063
107.51939096987289,2811.520347206627,118.69699823215524,116.2968681696699,2824.051853541974,109.4415508955605,0.6900981947236448,0.0,-0.7237157464358271,3.929013079667063,3.929013079667063
116.2968681696699,2824.051853541974,109.4415508955605,125.07434536946693,2836.583359877322,100.18610355896577,0.6900981947236448,0.0,-0.7237157464358271,3.929013079667063,3.929013079667063
126.22737798124476,2812.41279293091,99.03307094718792,116.2968681696699,2824.051853541974,109.4415508955605,0.6900981947236448,0.0,-0.7237157464358271,3.929013079667063,3.929013079667063
116.2968681696699,2824.051853541974,109.4415508955605,106.36635835809506,2835.6909141530386,119.85003084393308,0.6900981947236448,0.0,-0.7237157464358271,3.929013079667063,3.929013079667063
106.36635835809504,2835.6909141530386,119.85003084393308,115.14383555789206,2848.222420488386,110.59458350733834,0.6900981947236448,0.0,-0.7237157464358271,3.929013079667063,3.929013079667063
115.14383555789206,2848.222420488386,110.59458350733834,123.92131275768907,2860.7539268237338,101.33913617074361,0.6900981947236448,0.0,-0.7237157464358271,3.929013079667063,3.929013079667063
125.07434536946691,2836.583359877322,100.18610355896577,115.14383555789206,2848.222420488386,110.59458350733834,0.6900981947236448,0.0,-0.7237157464358271,3.929013079667063,3.929013079667063
115.14383555789206,2848.222420488386,110.59458350733834,105.2133257463172,2859.8614810994504,121.00306345571093,0.6900981947236448,0.0,-0.7237157464358271,3.929013079667063,3.929013079667063
105.2133257463172,2859.8614810994504,121.00306345571093,113.99080294611421,2872.3929874347978,111.7476161191162,0.6900981947236448,0.0,-0.7237157464358271,3.929013079667063,3.929013079667063
113.99080294611421,2872.3929874347978,111.7476161191162,122.76828014591122,2884.924493770146,102.49216878252146,0.6900981947236448,0.0,-0.7237157464358271,3.929013079667063,3.929013079667063
123.92131275768907,2860.7539268237338,101.33913617074361,113.99080294611421,2872.3929874347978,111.7476161191162,0.6900981947236448,0.0,-0.7237157464358271,3.929013079667063,3.929013079667063
113.99080294611421,2872.3929874347978,111.7476161191162,104.06029313453935,2884.0320480458627,122.15609606748878,0.6900981947236448,0.0,-0.7237157464358271,3.929013079667063,3.929013079667063
104.06029313453935,2884.0320480458627,122.15609606748878,112.83777033433637,2896.56355438121,112.90064873089405,0.6900981947236448,0.0,-0.7237157464358271,3.929013079667063,3.929013079667063
112.83777033433637,2896.56355438121,112.90064873089405,121.61524753413337,2909.095060716558,103.6452013942993,0.6900981947236448,0.0,-0.7237157464358271,3.929013079667063,3.929013079667063
122.76828014591122,2884.924493770146,102.49216878252146,112.83777033433637,2896.56355438121,112.90064873089405,0.6900981947236448,0.0,-0.7237157464358271,3.929013079667063,3.929013079667063
112.83777033433637,2896.56355438121,112.90064873089405,102.9072605227615,2908.2026149922744,123.30912867926662,0.6900981947236448,0.0,-0.7237157464358271,3.929013079667063,3.929013079667063
102.9072605227615,2908.2026149922744,123.30912867926662,111.68473772255851,2920.734121327622,114.0536813426719,0.6900981947236448,0.0,-0.7237157464358271,3.929013079667063,3.929013079667063
111.68473772255851,2920.734121327622,114.0536813426719,120.46221492235553,2933.2656276629696,104.79823400607717,0.6900981947236448,0.0,-0.7237157464358271,3.929013079667063,3.929013079667063
121.61524753413337,2909.095060716558,103.6452013942993,111.68473772255851,2920.734121327622,114.0536813426719,0.6900981947236448,0.0,-0.7237157464358271,3.929013079667063,3.929013079667063
111.68473772255851,2920.734121327622,114.0536813426719,101.75422791098366,2932.3731819386862,124.46216129104448,0.6900981947236448,0.0,-0.7237157464358271,3.929013079667063,3.929013079667063
101.75422791098366,2932.3731819386862,124.46216129104448,110.53170511078068,2944.9046882740336,115.20671395444974,0.6900981947236448,0.0,-0.7237157464358271,3.929013079667063,3.929013079667063
110.53170511078068,2944.9046882740336,115.20671395444974,119.30918231057768,2957.4361946093813,105.951266617855,0.6900981947236448,0.0,-0.7237157464358271,3.929013079667063,3.929013079667063
120.46221492235553,2933.2656276629696,104.79823400607717,110.53170511078068,2944.9046882740336,115.20671395444974,0.6900981947236448,0.0,-0.7237157464358271,3.929013079667063,3.929013079667063
110.53170511078068,2944.9046882740336,115.20671395444974,100.60119529920581,2956.543748885098,125.61519390282231,0.6900981947236448,0.0,-0.7237157464358271,3.929013079667063,3.929013079667063
100.60119529920581,2956.543748885098,125.61519390282233,109.37867249900282,2969.075255220446,116.35974656622759,0.6900981947236448,0.0,-0.7237157464358271,3.929013079667063,3.929013079667063
109.37867249900282,2969.075255220446,116.35974656622759,118.15614969879984,2981.6067615557936,107.10429922963286,0.6900981947236448,0.0,-0.7237157464358271,3.929013079667063,3.929013079667063
119.30918231057768,2957.4361946093813,105.95126661785501,109.37867249900282,2969.075255220446,116.35974656622759,0.6900981947236448,0.0,-0.7237157464358271,3.929013079667063,3.929013079667063
109.37867249900282,2969.075255220446,116.35974656622759,99.44816268742797,2980.7143158315102,126.76822651460017,0.6900981947236448,0.0,-0.7237157464358271,3.929013079667063,3.929013079667063
99.44816268742797,2980.7143158315102,126.76822651460017,108.22563988722497,2993.2458221668576,117.51277917800545,0.6900981947236448,0.0,-0.7237157464358271,3.929013079667063,3.929013079667063
108.22563988722497,2993.2458221668576,117.51277917800545,117.00311708702199,3005.7773285022054,108.2573318414107,0.6900981947236448,0.0,-0.7237157464358271,3.929013079667063,3.929013079667063
118.15614969879984,2981.6067615557936,107.10429922963286,108.22563988722497,2993.2458221668576,117.51277917800545,0.6900981947236448,0.0,-0.7237157464358271,3.929013079667063,3.929013079667063
108.22563988722497,2993.2458221668576,117.51277917800545,98.29513007565012,3004.884882777922,127.92125912637802,0.6900981947236448,0.0,-0.7237157464358271,3.929013079667063,3.929013079667063
98.29513007565012,3004.884882777922,127.92125912637802,107.07260727544713,3017.4163891132694,118.66581178978328,0.6900981947236448,0.0,-0.7237157464358271,3.929013079667063,3.929013079667063
107.07260727544713,3017.4163891132694,118.66581178978328,115.85008447524413,3029.947895448617,109.41036445318855,0.6900981947236448,0.0,-0.7237157464358271,3.929013079667063,3.929013079667063
117.00311708702199,3005.7773285022054,108.2573318414107,107.07260727544713,3017.4163891132694,118.66581178978328,0.6900981947236448,0.0,-0.7237157464358271,3.929013079667063,3.929013079667063
107.07260727544713,3017.4163891132694,118.66581178978328,97.14209746387226,3029.055449724334,129.07429173815586,0.6900981947236448,0.0,-0.7237157464358271,3.929013079667063,3.929013079667063
97.14209746387226,3029.055449724334,129.07429173815586,105.91957466366928,3041.586956059681,119.81884440156114,0.6900981947236448,0.0,-0.7237157464358271,3.929013079667063,3.929013079667063
105.91957466366928,3041.586956059681,119.81884440156114,114.6970518634663,3054.118462395029,110.5633970649664,0.6900981947236448,0.0,-0.7237157464358271,3.929013079667063,3.929013079667063
115.85008447524413,3029.947895448617,109.41036445318855,105.91957466366928,3041.586956059681,119.81884440156114,0.6900981947236448,0.0,-0.7237157464358271,3.929013079667063,3.929013079667063
105.91957466366928,3041.586956059681,119.81884440156114,95.98906485209443,3053.2260166707456,130.22732434993372,0.6900981947236448,0.0,-0.7237157464358271,3.929013079667063,3.929013079667063
95.98906485209443,3053.2260166707456,130.22732434993372,104.76654205189143,3065.757523006093,120.97187701333898,0.6900981947236448,0.0,-0.7237157464358271,3.929013079667063,3.929013079667063
104.76654205189143,3065.757523006093,120.97187701333898,113.54401925168844,3078.2890293414407,111.71642967674424,0.6900981947236448,0.0,-0.7237157464358271,3.929013079667063,3.929013079667063
114.6970518634663,3054.118462395029,110.5633970649664,104.76654205189143,3065.757523006093,120.97187701333898,0.6900981947236448,0.0,-0.7237157464358271,3.929013079667063,3.929013079667063
104.76654205189143,3065.757523006093,120.97187701333898,94.83603224031657,3077.3965836171574,131.38035696171156,0.6900981947236448,0.0,-0.7237157464358271,3.929013079667063,3.929013079667063
94.83603224031657,3077.3965836171574,131.38035696171156,103.61350944011357,3089.9280899525047,122.12490962511683,0.6900981947236448,0.0,-0.7237157464358271,3.929013079667063,3.929013079667063
103.61350944011357,3089.9280899525047,122.12490962511683,112.3909866399106,3102.4595962878525,112.8694622885221,0.6900981947236448,0.0,-0.7237157464358271,3.929013079667063,3.929013079667063
113.54401925168844,3078.2890293414407,111.71642967674424,103.61350944011357,3089.9280899525047,122.12490962511683,0.6900981947236448,0.0,-0.7237157464358271,3.929013079667063,3.929013079667063
103.61350944011357,3089.9280899525047,122.12490962511683,93.68299962853872,3101.567150563569,132.53338957348942,0.6900981947236448,0.0,-0.7237157464358271,3.929013079667063,3.929013079667063
93.68299962853872,3101.567150563569,132.53338957348942,102.46047682833574,3114.0986568989165,123.27794223689469,0.6900981947236448,0.0,-0.7237157464358271,3.929013079667063,3.929013079667063
102.46047682833574,3114.0986568989165,123.27794223689469,111.23795402813275,3126.6301632342643,114.02249490029995,0.6900981947236448,0.0,-0.7237157464358271,3.929013079667063,3.929013079667063
112.3909866399106,3102.4595962878525,112.8694622885221,102.46047682833574,3114.0986568989165,123.27794223689469,0.6900981947236448,0.0,-0.7237157464358271,3.929013079667063,3.929013079667063
102.46047682833574,3114.0986568989165,123.27794223689469,92.52996701676088,3125.737717509981,133.68642218526725,0.6900981947236448,0.0,-0.7237157464358271,3.929013079667063,3.929013079667063
92.52996701676088,3125.737717509981,133.68642218526725,101.30744421655788,3138.2692238453283,124.43097484867252,0.6900981947236448,0.0,-0.7237157464358271,3.929013079667063,3.929013079667063
101.30744421655788,3138.2692238453283,124.43097484867252,110.0849214163549,3150.8007301806765,115.17552751207779,0.6900981947236448,0.0,-0.7237157464358271,3.929013079667063,3.929013079667063
111.23795402813275,3126.6301632342643,114.02249490029995,101.30744421655788,3138.2692238453283,124.43097484867252,0.6900981947236448,0.0,-0.7237157464358271,3.929013079667063,3.929013079667063
101.30744421655788,3138.2692238453283,124.43097484867252,91.37693440498303,3149.908284456393,134.8394547970451,0.6900981947236448,0.0,-0.7237157464358271,3.929013079667063,3.929013079667063
91.37693440498303,3149.908284456393,134.8394547970451,100.15441160478005,3162.4397907917405,125.58400746045038,0.6900981947236448,0.0,-0.7237157464358271,3.929013079667063,3.929013079667063
100.15441160478005,3162.4397907917405,125.58400746045038,108.93188880457706,3174.9712971270883,116.32856012385564,0.6900981947236448,0.0,-0.7237157464358271,3.929013079667063,3.929013079667063
110.0849214163549,3150.8007301806765,115.17552751207779,100.15441160478005,3162.4397907917405,125.58400746045038,0.6900981947236448,0.0,-0.7237157464358271,3.929013079667063,3.929013079667063
100.15441160478005,3162.4397907917405,125.58400746045038,90.22390179320519,3174.078851402805,135.99248740882297,0.6900981947236448,0.0,-0.7237157464358271,3.929013079667063,3.929013079667063
90.22390179320519,3174.078851402805,135.99248740882297,99.00137899300219,3186.6103577381523,126.73704007222821,0.6900981947236448,0.0,-0.7237157464358271,3.929013079667063,3.929013079667063
99.00137899300219,3186.6103577381523,126.73704007222821,107.77885619279921,3199.1418640735,117.48159273563348,0.6900981947236448,0.0,-0.7237157464358271,3.929013079667063,3.929013079667063
108.93188880457706,3174.9712971270883,116.32856012385564,99.00137899300219,3186.6103577381523,126.73704007222821,0.6900981947236448,0.0,-0.7237157464358271,3.929013079667063,3.929013079667063
99.00137899300219,3186.6103577381523,126.73704007222821,89.07086918142734,3198.2494183492167,137.1455200206008,0.6900981947236448,0.0,-0.7237157464358271,3.929013079667063,3.929013079667063
89.07086918142733,3198.2494183492167,137.1455200206008,97.84834638122435,3210.780924684564,127.89007268400607,0.6900981947236448,0.0,-0.7237157464358271,3.929013079667063,3.929013079667063
97.84834638122435,3210.780924684564,127.89007268400607,106.62582358102136,3223.312431019912,118.63462534741134,0.6900981947236448,0.0,-0.7237157464358271,3.929013079667063,3.929013079667063
107.7788561927992,3199.1418640735,117.48159273563348,97.84834638122435,3210.780924684564,127.89007268400607,0.6900981947236448,0.0,-0.7237157464358271,3.929013079667063,3.929013079667063
97.84834638122435,3210.780924684564,127.89007268400607,87.9178365696495,3222.4199852956285,138.29855263237866,0.6900981947236448,0.0,-0.7237157464358271,3.929013079667063,3.929013079667063
87.9178365696495,3222.4199852956285,138.29855263237866,96.6953137694465,3234.9514916309763,129.04310529578393,0.6900981947236448,0.0,-0.7237157464358271,3.929013079667063,3.929013079667063
96.6953137694465,3234.9514916309763,129.04310529578393,105.4727909692435,3247.482997966324,119.78765795918918,0.6900981947236448,0.0,-0.7237157464358271,3.929013079667063,3.929013079667063
106.62582358102136,3223.312431019912,118.63462534741134,96.6953137694465,3234.9514916309763,129.04310529578393,0.6900981947236448,0.0,-0.7237157464358271,3.929013079667063,3.929013079667063
96.6953137694465,3234.9514916309763,129.04310529578393,86.76480395787164,3246.5905522420408,139.4515852441565,0.6900981947236448,0.0,-0.7237157464358271,3.929013079667063,3.929013079667063
86.76480395787164,3246.5905522420408,139.4515852441565,95.54228115766865,3259.122058577388,130.19613790756176,0.6900981947236448,0.0,-0.7237157464358271,3.929013079667063,3.929013079667063
95.54228115766865,3259.122058577388,130.19613790756176,104.31975835746567,3271.653564912736,120.94069057096704,0.6900981947236448,0.0,-0.7237157464358271,3.929013079667063,3.929013079667063
105.4727909692435,3247.482997966324,119.78765795918918,95.54228115766865,3259.122058577388,130.19613790756176,0.6900981947236448,0.0,-0.7237157464358271,3.929013079667063,3.929013079667063
95.54228115766865,3259.122058577388,130.19613790756176,85.6117713460938,3270.7611191884525,140.60461785593435,0.6900981947236448,0.0,-0.7237157464358271,3.929013079667063,3.929013079667063
85.6117713460938,3270.7611191884525,140.60461785593435,94.38924854589081,3283.2926255238,131.34917051933962,0.6900981947236448,0.0,-0.7237157464358271,3.929013079667063,3.929013079667063
94.38924854589081,3283.2926255238,131.34917051933962,103.16672574568781,3295.8241318591477,122.09372318274488,0.6900981947236448,0.0,-0.7237157464358271,3.929013079667063,3.929013079667063
104.31975835746567,3271.653564912736,120.94069057096704,94.38924854589081,3283.2926255238,131.34917051933962,0.6900981947236448,0.0,-0.7237157464358271,3.929013079667063,3.929013079667063
94.38924854589081,3283.2926255238,131.34917051933962,84.45873873431594,3294.9316861348643,141.7576504677122,0.6900981947236448,0.0,-0.7237157464358271,3.929013079667063,3.929013079667063
84.45873873431594,3294.9316861348643,141.7576504677122,93.23621593411296,3307.4631924702117,132.50220313111745,0.6900981947236448,0.0,-0.7237157464358271,3.929013079667063,3.929013079667063
93.23621593411296,3307.4631924702117,132.50220313111745,102.01369313390998,3319.9946988055594,123.24675579452273,0.6900981947236448,0.0,-0.7237157464358271,3.929013079667063,3.929013079667063
103.16672574568781,3295.8241318591477,122.09372318274488,93.23621593411296,3307.4631924702117,132.50220313111745,0.6900981947236448,0.0,-0.7237157464358271,3.929013079667063,3.929013079667063
93.23621593411296,3307.4631924702117,132.50220313111745,83.30570612253811,3319.102253081276,142.91068307949004,0.6900981947236448,0.0,-0.7237157464358271,3.929013079667063,3.929013079667063
83.3057061225381,3319.102253081276,142.91068307949004,92.08318332233512,3331.6337594166234,133.65523574289531,0.6900981947236448,0.0,-0.7237157464358271,3.929013079667063,3.929013079667063
92.08318332233512,3331.6337594166234,133.65523574289531,100.86066052213212,3344.165265751971,124.39978840630059,0.6900981947236448,0.0,-0.7237157464358271,3.929013079667063,3.929013079667063
102.01369313390997,3319.9946988055594,123.24675579452273,92.08318332233512,3331.6337594166234,133.65523574289531,0.6900981947236448,0.0,-0.7237157464358271,3.929013079667063,3.929013079667063
92.08318332233512,3331.6337594166234,133.65523574289531,82.15267351076025,3343.272820027688,144.0637156912679,0.6900981947236448,0.0,-0.7237157464358271,3.929013079667063,3.929013079667063
82.15267351076025,3343.272820027688,144.0637156912679,90.93015071055726,3355.804326363035,134.80826835467317,0.6900981947236448,0.0,-0.7237157464358271,3.929013079667063,3.929013079667063
90.93015071055726,3355.804326363035,134.80826835467317,99.70762791035428,3368.335832698383,125.55282101807842,0.6900981947236448,0.0,-0.7237157464358271,3.929013079667063,3.929013079667063
100.86066052213212,3344.165265751971,124.39978840630059,90.93015071055726,3355.804326363035,134.80826835467317,0.6900981947236448,0.0,-0.7237157464358271,3.929013079667063,3.929013079667063
90.93015071055726,3355.804326363035,134.80826835467317,80.9996408989824,3367.4433869740997,145.21674830304573,0.6900981947236448,0.0,-0.7237157464358271,3.929013079667063,3.929013079667063
80.9996408989824,3367.4433869740997,145.21674830304573,89.77711809877943,3379.974893309447,135.961300966451,0.6900981947236448,0.0,-0.7237157464358271,3.929013079667063,3.929013079667063
89.77711809877943,3379.974893309447,135.961300966451,98.55459529857643,3392.506399644795,126.70585362985628,0.6900981947236448,0.0,-0.7237157464358271,3.929013079667063,3.929013079667063
99.70762791035428,3368.335832698383,125.55282101807842,89.77711809877943,3379.974893309447,135.961300966451,0.6900981947236448,0.0,-0.7237157464358271,3.929013079667063,3.929013079667063
89.77711809877943,3379.974893309447,135.961300966451,79.84660828720456,3391.6139539205114,146.3697809148236,0.6900981947236448,0.0,-0.7237157464358271,3.929013079667063,3.929013079667063
79.84660828720456,3391.6139539205114,146.3697809148236,88.62408548700157,3404.145460255859,137.11433357822887,0.6900981947236448,0.0,-0.7237157464358271,3.929013079667063,3.929013079667063
88.62408548700157,3404.145460255859,137.11433357822887,97.40156268679858,3416.6769665912066,127.85888624163411,0.6900981947236448,0.0,-0.7237157464358271,3.929013079667063,3.929013079667063
98.55459529857643,3392.506399644795,126.70585362985628,88.62408548700157,3404.145460255859,137.11433357822887,0.6900981947236448,0.0,-0.7237157464358271,3.929013079667063,3.929013079667063
88.62408548700157,3404.145460255859,137.11433357822887,78.69357567542671,3415.7845208669232,147.52281352660142,0.6900981947236448,0.0,-0.7237157464358271,3.929013079667063,3.929013079667063
78.69357567542671,3415.7845208669232,147.52281352660142,87.47105287522373,3428.3160272022706,138.2673661900067,0.6900981947236448,0.0,-0.7237157464358271,3.929013079667063,3.929013079667063
87.47105287522373,3428.3160272022706,138.2673661900067,96.24853007502074,3440.847533537619,129.01191885341197,0.6900981947236448,0.0,-0.7237157464358271,3.929013079667063,3.929013079667063
97.40156268679858,3416.6769665912066,127.85888624163411,87.47105287522373,3428.3160272022706,138.2673661900067,0.6900981947236448,0.0,-0.7237157464358271,3.929013079667063,3.929013079667063
87.47105287522373,3428.3160272022706,138.2673661900067,77.54054306364887,3439.9550878133355,148.67584613837928,0.6900981947236448,0.0,-0.7237157464358271,3.929013079667063,3.929013079667063
77.54054306364887,3439.9550878133355,148.67584613837928,86.31802026344587,3452.486594148683,139.42039880178456,0.6900981947236448,0.0,-0.7237157464358271,3.929013079667063,3.929013079667063
86.31802026344587,3452.486594148683,139.42039880178456,95.09549746324289,3465.0181004840306,130.1649514651898,0.6900981947236448,0.0,-0.7237157464358271,3.929013079667063,3.929013079667063
96.24853007502074,3440.847533537619,129.01191885341197,86.31802026344587,3452.486594148683,139.42039880178456,0.6900981947236448,0.0,-0.7237157464358271,3.929013079667063,3.929013079667063
86.31802026344587,3452.486594148683,139.42039880178456,76.38751045187102,3464.1256547597472,149.82887875015712,0.6900981947236448,0.0,-0.7237157464358271,3.929013079667063,3.929013079667063
130.94901364119875,2320.374426855538,75.60344827586205,129.7959810294209,2344.5449938019497,91.65339549746362,0.0,0.0,1.0,3.929013079667063,3.929013079667063
129.7959810294209,2344.5449938019497,61.85956627781617,128.64294841764305,2368.7155607483614,77.90951349941774,0.0,0.0,1.0,3.929013079667063,3.929013079667063
128.64294841764305,2368.7155607483614,77.90951349941774,127.48991580586521,2392.886127694773,93.95946072101931,0.0,0.0,1.0,3.929013079667063,3.929013079667063
129.7959810294209,2344.5449938019497,91.65339549746362,128.64294841764305,2368.7155607483614,77.90951349941774,0.0,0.0,1.0,3.929013079667063,3.929013079667063
128.64294841764305,2368.7155607483614,77.90951349941774,127.48991580586521,2392.886127694773,64.16563150137186,0.0,0.0,1.0,3.929013079667063,3.929013079667063
127.48991580586521,2392.886127694773,64.16563150137186,126.33688319408736,2417.0566946411855,80.21557872297345,0.0,0.0,1.0,3.929013079667063,3.929013079667063
126.33688319408736,2417.0566946411855,80.21557872297345,125.18385058230952,2441.2272615875972,96.26552594457502,0.0,0.0,1.0,3.929013079667063,3.929013079667063
127.48991580586521,2392.886127694773,93.95946072101931,126.33688319408736,2417.0566946411855,80.21557872297345,0.0,0.0,1.0,3.929013079667063,3.929013079667063
126.33688319408736,2417.0566946411855,80.21557872297345,125.18385058230952,2441.2272615875972,66.47169672492757,0.0,0.0,1.0,3.929013079667063,3.929013079667063
125.18385058230952,2441.2272615875972,66.47169672492757,124.03081797053167,2465.397828534009,82.52164394652914,0.0,0.0,1.0,3.929013079667063,3.929013079667063
124.03081797053167,2465.397828534009,82.52164394652914,122.87778535875381,2489.568395480421,98.57159116813071,0.0,0.0,1.0,3.929013079667063,3.929013079667063
125.18385058230952,2441.2272615875972,96.26552594457502,124.03081797053167,2465.397828534009,82.52164394652914,0.0,0.0,1.0,3.929013079667063,3.929013079667063
124.03081797053167,2465.397828534009,82.52164394652914,122.87778535875381,2489.568395480421,68.77776194848326,0.0,0.0,1.0,3.929013079667063,3.929013079667063
122.87778535875383,2489.568395480421,68.77776194848326,121.72475274697598,2513.7389624268326,84.82770917008483,0.0,0.0,1.0,3.929013079667063,3.929013079667063
121.72475274697598,2513.7389624268326,84.82770917008483,120.57172013519812,2537.9095293732444,100.8776563916864,0.0,0.0,1.0,3.929013079667063,3.929013079667063
122.87778535875383,2489.568395480421,98.57159116813071,121.72475274697598,2513.7389624268326,84.82770917008483,0.0,0.0,1.0,3.929013079667063,3.929013079667063
121.72475274697598,2513.7389624268326,84.82770917008483,120.57172013519812,2537.9095293732444,71.08382717203895,0.0,0.0,1.0,3.929013079667063,3.929013079667063
120.57172013519812,2537.9095293732444,71.08382717203895,119.41868752342027,2562.0800963196566,87.13377439364052,0.0,0.0,1.0,3.929013079667063,3.929013079667063
119.41868752342027,2562.0800963196566,87.13377439364052,118.26565491164243,2586.2506632660684,103.18372161524209,0.0,0.0,1.0,3.929013079667063,3.929013079667063
120.57172013519812,2537.9095293732444,100.8776563916864,119.41868752342027,2562.0800963196566,87.13377439364052,0.0,0.0,1.0,3.929013079667063,3.929013079667063
119.41868752342027,2562.0800963196566,87.13377439364052,118.26565491164243,2586.2506632660684,73.38989239559464,0.0,0.0,1.0,3.929013079667063,3.929013079667063
118.26565491164243,2586.2506632660684,73.38989239559464,117.11262229986458,2610.42123021248,89.43983961719621,0.0,0.0,1.0,3.929013079667063,3.929013079667063
117.11262229986458,2610.42123021248,89.43983961719621,115.95958968808674,2634.591797158892,105.4897868387978,0.0,0.0,1.0,3.929013079667063,3.929013079667063
118.26565491164243,2586.2506632660684,103.18372161524209,117.11262229986458,2610.42123021248,89.43983961719621,0.0,0.0,1.0,3.929013079667063,3.929013079667063
117.11262229986458,2610.42123021248,89.43983961719621,115.95958968808674,2634.591797158892,75.69595761915035,0.0,0.0,1.0,3.929013079667063,3.929013079667063
115.95958968808674,2634.591797158892,75.69595761915035,114.80655707630889,2658.7623641053037,91.7459048407519,0.0,0.0,1.0,3.929013079667063,3.929013079667063
114.80655707630889,2658.7623641053037,91.7459048407519,113.65352446453105,2682.9329310517155,107.79585206235349,0.0,0.0,1.0,3.929013079667063,3.929013079667063
115.95958968808674,2634.591797158892,105.4897868387978,114.80655707630889,2658.7623641053037,91.7459048407519,0.0,0.0,1.0,3.929013079667063,3.929013079667063
114.80655707630889,2658.7623641053037,91.7459048407519,113.65352446453105,2682.9329310517155,78.00202284270604,0.0,0.0,1.0,3.929013079667063,3.929013079667063
113.65352446453105,2682.9329310517155,78.00202284270604,112.5004918527532,2707.1034979981278,94.05197006430761,0.0,0.0,1.0,3.929013079667063,3.929013079667063
112.5004918527532,2707.1034979981278,94.05197006430761,111.34745924097535,2731.2740649445395,110.10191728590918,0.0,0.0,1.0,3.929013079667063,3.929013079667063
113.65352446453105,2682.9329310517155,107.79585206235349,112.5004918527532,2707.1034979981278,94.05197006430761,0.0,0.0,1.0,3.929013079667063,3.929013079667063
112.5004918527532,2707.1034979981278,94.05197006430761,111.34745924097535,2731.2740649445395,80.30808806626173,0.0,0.0,1.0,3.929013079667063,3.929013079667063
111.34745924097535,2731.2740649445395,80.30808806626173,110.19442662919751,2755.4446318909513,96.3580352878633,0.0,0.0,1.0,3.929013079667063,3.929013079667063
110.19442662919751,2755.4446318909513,96.3580352878633,109.04139401741966,2779.615198837363,112.40798250946487,0.0,0.0,1.0,3.929013079667063,3.929013079667063
111.34745924097535,2731.2740649445395,110.10191728590918,110.19442662919751,2755.4446318909513,96.3580352878633,0.0,0.0,1.0,3.929013079667063,3.929013079667063
110.19442662919751,2755.4446318909513,96.3580352878633,109.04139401741966,2779.615198837363,82.61415328981742,0.0,0.0,1.0,3.929013079667063,3.929013079667063
109.04139401741966,2779.615198837363,82.61415328981742,107.88836140564182,2803.785765783775,98.664100511419,0.0,0.0,1.0,3.929013079667063,3.929013079667063
107.88836140564182,2803.785765783775,98.664100511419,106.73532879386397,2827.9563327301867,114.71404773302056,0.0,0.0,1.0,3.929013079667063,3.929013079667063
109.04139401741966,2779.615198837363,112.40798250946487,107.88836140564182,2803.785765783775,98.664100511419,0.0,0.0,1.0,3.929013079667063,3.929013079667063
107.88836140564182,2803.785765783775,98.664100511419,106.73532879386397,2827.9563327301867,84.92021851337311,0.0,0.0,1.0,3.929013079667063,3.929013079667063
106.73532879386397,2827.9563327301867,84.92021851337311,105.58229618208611,2852.1268996765984,100.9701657349747,0.0,0.0,1.0,3.929013079667063,3.929013079667063
105.58229618208611,2852.1268996765984,100.9701657349747,104.42926357030828,2876.29746662301,117.02011295657627,0.0,0.0,1.0,3.929013079667063,3.929013079667063
106.73532879386397,2827.9563327301867,114.71404773302056,105.58229618208611,2852.1268996765984,100.9701657349747,0.0,0.0,1.0,3.929013079667063,3.929013079667063
105.58229618208611,2852.1268996765984,100.9701657349747,104.42926357030828,2876.29746662301,87.22628373692882,0.0,0.0,1.0,3.929013079667063,3.929013079667063
104.42926357030828,2876.29746662301,87.22628373692882,103.27623095853042,2900.4680335694225,103.27623095853039,0.0,0.0,1.0,3.929013079667063,3.929013079667063
103.27623095853042,2900.4680335694225,103.27623095853039,102.12319834675259,2924.6386005158342,119.32617818013196,0.0,0.0,1.0,3.929013079667063,3.929013079667063
104.42926357030828,2876.29746662301,117.02011295657627,103.27623095853042,2900.4680335694225,103.27623095853039,0.0,0.0,1.0,3.929013079667063,3.929013079667063
103.27623095853042,2900.4680335694225,103.27623095853039,102.12319834675259,2924.6386005158342,89.53234896048451,0.0,0.0,1.0,3.929013079667063,3.929013079667063
102.12319834675259,2924.6386005158342,89.53234896048451,100.97016573497473,2948.809167462246,105.58229618208608,0.0,0.0,1.0,3.929013079667063,3.929013079667063
100.97016573497473,2948.809167462246,105.58229618208608,99.8171331231969,2972.979734408658,121.63224340368765,0.0,0.0,1.0,3.929013079667063,3.929013079667063
102.12319834675259,2924.6386005158342,119.32617818013196,100.97016573497473,2948.809167462246,105.58229618208608,0.0,0.0,1.0,3.929013079667063,3.929013079667063
100.97016573497473,2948.809167462246,105.58229618208608,99.8171331231969,2972.979734408658,91.8384141840402,0.0,0.0,1.0,3.929013079667063,3.929013079667063
99.8171331231969,2972.979734408658,91.8384141840402,98.66410051141904,2997.1503013550696,107.88836140564177,0.0,0.0,1.0,3.929013079667063,3.929013079667063
98.66410051141904,2997.1503013550696,107.88836140564177,97.5110678996412,3021.320868301482,123.93830862724336,0.0,0.0,1.0,3.929013079667063,3.929013079667063
99.8171331231969,2972.979734408658,121.63224340368765,98.66410051141904,2997.1503013550696,107.88836140564177,0.0,0.0,1.0,3.929013079667063,3.929013079667063
98.66410051141904,2997.1503013550696,107.88836140564177,97.5110678996412,3021.320868301482,94.14447940759591,0.0,0.0,1.0,3.929013079667063,3.929013079667063
97.51106789964119,3021.320868301482,94.14447940759591,96.35803528786334,3045.4914352478936,110.19442662919748,0.0,0.0,1.0,3.929013079667063,3.929013079667063
96.35803528786334,3045.4914352478936,110.19442662919748,95.2050026760855,3069.6620021943054,126.24437385079905,0.0,0.0,1.0,3.929013079667063,3.929013079667063
97.51106789964119,3021.320868301482,123.93830862724336,96.35803528786334,3045.4914352478936,110.19442662919748,0.0,0.0,1.0,3.929013079667063,3.929013079667063
96.35803528786334,3045.4914352478936,110.19442662919748,95.2050026760855,3069.6620021943054,96.4505446311516,0.0,0.0,1.0,3.929013079667063,3.929013079667063
95.2050026760855,3069.6620021943054,96.4505446311516,94.05197006430765,3093.832569140717,112.50049185275317,0.0,0.0,1.0,3.929013079667063,3.929013079667063
94.05197006430765,3093.832569140717,112.50049185275317,92.89893745252981,3118.003136087129,128.55043907435473,0.0,0.0,1.0,3.929013079667063,3.929013079667063
95.2050026760855,3069.6620021943054,126.24437385079905,94.05197006430765,3093.832569140717,112.50049185275317,0.0,0.0,1.0,3.929013079667063,3.929013079667063
94.05197006430765,3093.832569140717,112.50049185275317,92.89893745252981,3118.003136087129,98.75660985470729,0.0,0.0,1.0,3.929013079667063,3.929013079667063
92.89893745252981,3118.003136087129,98.75660985470729,91.74590484075196,3142.1737030335407,114.80655707630886,0.0,0.0,1.0,3.929013079667063,3.929013079667063
91.74590484075196,3142.1737030335407,114.80655707630886,90.59287222897412,3166.3442699799525,130.85650429791042,0.0,0.0,1.0,3.929013079667063,3.929013079667063
92.89893745252981,3118.003136087129,128.55043907435473,91.74590484075196,3142.1737030335407,114.80655707630886,0.0,0.0,1.0,3.929013079667063,3.929013079667063
91.74590484075196,3142.1737030335407,114.80655707630886,90.59287222897412,3166.3442699799525,101.06267507826298,0.0,0.0,1.0,3.929013079667063,3.929013079667063
90.59287222897412,3166.3442699799525,101.06267507826298,89.43983961719627,3190.5148369263648,117.11262229986457,0.0,0.0,1.0,3.929013079667063,3.929013079667063
89.43983961719627,3190.5148369263648,117.11262229986457,88.28680700541842,3214.6854038727765,133.1625695214661,0.0,0.0,1.0,3.929013079667063,3.929013079667063
90.59287222897412,3166.3442699799525,130.85650429791042,89.43983961719627,3190.5148369263648,117.11262229986457,0.0,0.0,1.0,3.929013079667063,3.929013079667063
89.43983961719627,3190.5148369263648,117.11262229986457,88.28680700541842,3214.6854038727765,103.36874030181868,0.0,0.0,1.0,3.929013079667063,3.929013079667063
88.28680700541842,3214.6854038727765,103.36874030181868,87.13377439364058,3238.8559708191883,119.41868752342026,0.0,0.0,1.0,3.929013079667063,3.929013079667063
87.13377439364058,3238.8559708191883,119.41868752342026,85.98074178186272,3263.0265377656,135.4686347450218,0.0,0.0,1.0,3.929013079667063,3.929013079667063
88.28680700541842,3214.6854038727765,133.1625695214661,87.13377439364058,3238.8559708191883,119.41868752342026,0.0,0.0,1.0,3.929013079667063,3.929013079667063
87.13377439364058,3238.8559708191883,119.41868752342026,85.98074178186272,3263.0265377656,105.67480552537437,0.0,0.0,1.0,3.929013079667063,3.929013079667063
85.98074178186272,3263.0265377656,105.67480552537438,84.82770917008489,3287.1971047120123,121.72475274697595,0.0,0.0,1.0,3.929013079667063,3.929013079667063
84.82770917008489,3287.1971047120123,121.72475274697595,83.67467655830703,3311.367671658424,137.77469996857752,0.0,0.0,1.0,3.929013079667063,3.929013079667063
85.98074178186272,3263.0265377656,135.46863474502183,84.82770917008489,3287.1971047120123,121.72475274697595,0.0,0.0,1.0,3.929013079667063,3.929013079667063
84.82770917008489,3287.1971047120123,121.72475274697595,83.67467655830703,3311.367671658424,107.98087074893007,0.0,0.0,1.0,3.929013079667063,3.929013079667063
83.67467655830703,3311.367671658424,107.98087074893007,82.52164394652918,3335.538238604836,124.03081797053164,0.0,0.0,1.0,3.929013079667063,3.929013079667063
82.52164394652918,3335.538238604836,124.03081797053164,81.36861133475134,3359.7088055512477,140.0807651921332,0.0,0.0,1.0,3.929013079667063,3.929013079667063
83.67467655830703,3311.367671658424,137.77469996857752,82.52164394652918,3335.538238604836,124.03081797053164,0.0,0.0,1.0,3.929013079667063,3.929013079667063
82.52164394652918,3335.538238604836,124.03081797053164,81.36861133475134,3359.7088055512477,110.28693597248578,0.0,0.0,1.0,3.929013079667063,3.929013079667063
81.36861133475134,3359.7088055512477,110.28693597248578,80.21557872297349,3383.8793724976595,126.33688319408733,0.0,0.0,1.0,3.929013079667063,3.929013079667063
80.21557872297349,3383.8793724976595,126.33688319408733,79.06254611119564,3408.0499394440712,142.3868304156889,0.0,0.0,1.0,3.929013079667063,3.929013079667063
81.36861133475134,3359.7088055512477,140.0807651921332,80.21557872297349,3383.8793724976595,126.33688319408733,0.0,0.0,1.0,3.929013079667063,3.929013079667063
80.21557872297349,3383.8793724976595,126.33688319408733,79.06254611119564,3408.0499394440712,112.59300119604147,0.0,0.0,1.0,3.929013079667063,3.929013079667063
79.06254611119564,3408.0499394440712,112.59300119604147,77.9095134994178,3432.220506390483,128.64294841764303,0.0,0.0,1.0,3.929013079667063,3.929013079667063
77.9095134994178,3432.220506390483,128.64294841764303,76.75648088763995,3456.391073336895,144.6928956392446,0.0,0.0,1.0,3.929013079667063,3.929013079667063
79.06254611119564,3408.0499394440712,142.3868304156889,77.9095134994178,3432.220506390483,128.64294841764303,0.0,0.0,1.0,3.929013079667063,3.929013079667063
77.9095134994178,3432.220506390483,128.64294841764303,76.75648088763995,3456.391073336895,114.89906641959716,0.0,0.0,1.0,3.929013079667063,3.929013079667063
75.6034482758621,3480.5616402833066,130.94901364119875,76.75648088763995,3456.391073336895,144.6928956392446,0.0,0.0,1.0,3.929013079667063,3.929013079667063
127.48991580586521,2392.886127694773,64.16563150137186,127.1209453700963,2400.620709117625,59.76758926199719,0.0,0.0,1.0,3.929013079667063,3.929013079667063
127.48991580586521,2392.886127694773,93.95946072101931,127.1209453700963,2400.620709117625,99.09544383193182,0.0,0.0,1.0,3.929013079667063,3.929013079667063
125.18385058230952,2441.2272615875972,66.47169672492757,124.8148801465406,2448.961843010449,62.07365448555288,0.0,0.0,1.0,3.929013079667063,3.929013079667063
125.18385058230952,2441.2272615875972,96.26552594457502,124.8148801465406,2448.961843010449,101.40150905548751,0.0,0.0,1.0,3.929013079667063,3.929013079667063
122.87778535875381,2489.568395480421,68.77776194848326,122.50881492298491,2497.302976903273,64.37971970910858,0.0,0.0,1.0,3.929013079667063,3.929013079667063
122.87778535875381,2489.568395480421,98.57159116813071,122.50881492298491,2497.302976903273,103.70757427904321,0.0,0.0,1.0,3.929013079667063,3.929013079667063
120.57172013519812,2537.9095293732444,71.08382717203895,120.20274969942922,2545.6441107960964,66.68578493266428,0.0,0.0,1.0,3.929013079667063,3.929013079667063
120.57172013519812,2537.9095293732444,100.8776563916864,120.20274969942922,2545.6441107960964,106.0136395025989,0.0,0.0,1.0,3.929013079667063,3.929013079667063
118.26565491164243,2586.2506632660684,73.38989239559464,117.89668447587353,2593.98524468892,68.99185015621997,0.0,0.0,1.0,3.929013079667063,3.929013079667063
118.26565491164243,2586.2506632660684,103.18372161524209,117.89668447587353,2593.98524468892,108.3197047261546,0.0,0.0,1.0,3.929013079667063,3.929013079667063
115.95958968808674,2634.591797158892,75.69595761915035,115.59061925231784,2642.3263785817435,71.29791537977566,0.0,0.0,1.0,3.929013079667063,3.929013079667063
115.95958968808674,2634.591797158892,105.4897868387978,115.59061925231784,2642.3263785817435,110.62576994971029,0.0,0.0,1.0,3.929013079667063,3.929013079667063
113.65352446453105,2682.9329310517155,78.00202284270604,113.28455402876213,2690.6675124745675,73.60398060333137,0.0,0.0,1.0,3.929013079667063,3.929013079667063
113.65352446453105,2682.9329310517155,107.79585206235349,113.28455402876213,2690.6675124745675,112.931835173266,0.0,0.0,1.0,3.929013079667063,3.929013079667063
111.34745924097535,2731.2740649445395,80.30808806626173,110.97848880520644,2739.008646367391,75.91004582688706,0.0,0.0,1.0,3.929013079667063,3.929013079667063
111.34745924097535,2731.2740649445395,110.10191728590918,110.97848880520644,2739.008646367391,115.23790039682169,0.0,0.0,1.0,3.929013079667063,3.929013079667063
109.04139401741966,2779.615198837363,82.61415328981742,108.67242358165075,2787.349780260215,78.21611105044275,0.0,0.0,1.0,3.929013079667063,3.929013079667063
109.04139401741966,2779.615198837363,112.40798250946487,108.67242358165075,2787.349780260215,117.54396562037738,0.0,0.0,1.0,3.929013079667063,3.929013079667063
106.73532879386397,2827.9563327301867,84.92021851337311,106.36635835809506,2835.6909141530386,80.52217627399844,0.0,0.0,1.0,3.929013079667063,3.929013079667063
106.73532879386397,2827.9563327301867,114.71404773302056,106.36635835809506,2835.6909141530386,119.85003084393307,0.0,0.0,1.0,3.929013079667063,3.929013079667063
104.42926357030828,2876.29746662301,87.22628373692882,104.06029313453936,2884.032048045862,82.82824149755413,0.0,0.0,1.0,3.929013079667063,3.929013079667063
104.42926357030828,2876.29746662301,117.02011295657627,104.06029313453936,2884.032048045862,122.15609606748876,0.0,0.0,1.0,3.929013079667063,3.929013079667063
102.12319834675259,2924.6386005158342,89.53234896048451,101.75422791098367,2932.373181938686,85.13430672110984,0.0,0.0,1.0,3.929013079667063,3.929013079667063
102.12319834675259,2924.6386005158342,119.32617818013196,101.75422791098367,2932.373181938686,124.46216129104447,0.0,0.0,1.0,3.929013079667063,3.929013079667063
99.8171331231969,2972.979734408658,91.8384141840402,99.44816268742798,2980.71431583151,87.44037194466553,0.0,0.0,1.0,3.929013079667063,3.929013079667063
99.8171331231969,2972.979734408658,121.63224340368765,99.44816268742798,2980.71431583151,126.76822651460016,0.0,0.0,1.0,3.929013079667063,3.929013079667063
97.5110678996412,3021.320868301482,94.14447940759591,97.14209746387229,3029.0554497243334,89.74643716822122,0.0,0.0,1.0,3.929013079667063,3.929013079667063
97.5110678996412,3021.320868301482,123.93830862724336,97.14209746387229,3029.0554497243334,129.07429173815586,0.0,0.0,1.0,3.929013079667063,3.929013079667063
95.2050026760855,3069.6620021943054,96.4505446311516,94.8360322403166,3077.3965836171574,92.05250239177693,0.0,0.0,1.0,3.929013079667063,3.929013079667063
95.2050026760855,3069.6620021943054,126.24437385079905,94.8360322403166,3077.3965836171574,131.38035696171156,0.0,0.0,1.0,3.929013079667063,3.929013079667063
92.89893745252981,3118.003136087129,98.75660985470729,92.52996701676089,3125.737717509981,94.35856761533262,0.0,0.0,1.0,3.929013079667063,3.929013079667063
92.89893745252981,3118.003136087129,128.55043907435473,92.52996701676089,3125.737717509981,133.68642218526725,0.0,0.0,1.0,3.929013079667063,3.929013079667063
90.59287222897412,3166.3442699799525,101.06267507826298,90.2239017932052,3174.0788514028045,96.66463283888831,0.0,0.0,1.0,3.929013079667063,3.929013079667063
90.59287222897412,3166.3442699799525,130.85650429791042,90.2239017932052,3174.0788514028045,135.99248740882294,0.0,0.0,1.0,3.929013079667063,3.929013079667063
88.28680700541842,3214.6854038727765,103.36874030181868,87.91783656964951,3222.419985295628,98.970698062444,0.0,0.0,1.0,3.929013079667063,3.929013079667063
88.28680700541842,3214.6854038727765,133.1625695214661,87.91783656964951,3222.419985295628,138.29855263237863,0.0,0.0,1.0,3.929013079667063,3.929013079667063
85.98074178186272,3263.0265377656,105.67480552537437,85.61177134609382,3270.7611191884516,101.27676328599969,0.0,0.0,1.0,3.929013079667063,3.929013079667063
85.98074178186272,3263.0265377656,135.4686347450218,85.61177134609382,3270.7611191884516,140.60461785593432,0.0,0.0,1.0,3.929013079667063,3.929013079667063
83.67467655830703,3311.367671658424,107.98087074893007,83.30570612253811,3319.1022530812756,103.5828285095554,0.0,0.0,1.0,3.929013079667063,3.929013079667063
83.67467655830703,3311.367671658424,137.77469996857752,83.30570612253811,3319.1022530812756,142.91068307949,0.0,0.0,1.0,3.929013079667063,3.929013079667063
81.36861133475134,3359.7088055512477,110.28693597248578,80.99964089898242,3367.4433869740997,105.88889373311109,0.0,0.0,1.0,3.929013079667063,3.929013079667063
81.36861133475134,3359.7088055512477,140.0807651921332,80.99964089898242,3367.4433869740997,145.21674830304573,0.0,0.0,1.0,3.929013079667063,3.929013079667063
79.06254611119564,3408.0499394440712,112.59300119604147,78.69357567542673,3415.7845208669232,108.19495895666678,0.0,0.0,1.0,3.929013079667063,3.929013079667063
79.06254611119564,3408.0499394440712,142.3868304156889,78.69357567542673,3415.7845208669232,147.5228135266014,0.0,0.0,1.0,3.929013079667063,3.929013079667063
76.75648088763995,3456.391073336895,114.89906641959716,76.38751045187104,3464.125654759747,110.50102418022249,0.0,0.0,1.0,3.929013079667063,3.929013079667063
76.75648088763995,3456.391073336895,144.6928956392446,76.38751045187104,3464.125654759747,149.82887875015712,0.0,0.0,1.0,3.929013079667063,3.929013079667063
75.6034482758621,3480.5616402833066,130.94901364119875,76.75648088763995,3456.391073336895,114.89906641959716,0.0,0.0,1.0,3.929013079667063,3.929013079667063
92.06896551724144,3480.5616402833066,159.46812607616903,-92.06896551724134,3480.5616402833066,159.46812607616906,0.0,0.0,1.0,3.929013079667063,3.929013079667063
92.06896551724144,3480.5616402833066,159.46812607616903,108.53448275862077,3480.5616402833066,187.98723851113934,0.0,0.0,1.0,3.929013079667063,3.929013079667063
92.06896551724144,3480.5616402833066,159.46812607616903,75.60344827586212,3480.5616402833066,130.94901364119872,0.0,0.0,1.0,3.929013079667063,3.929013079667063
108.53448275862077,3480.5616402833066,187.98723851113934,-108.53448275862065,3480.5616402833066,187.9872385111394,0.0,0.0,1.0,3.929013079667063,3.929013079667063
75.60344827586212,3480.5616402833066,130.94901364119872,-75.60344827586204,3480.5616402833066,130.94901364119875,0.0,0.0,1.0,3.929013079667063,3.929013079667063
1.3291640690745843e-14,2320.374426855538,217.0689655172414,9.662101614751437,2344.5449938019497,203.6442461022869,0.0,0.0,1.0,3.929013079667063,3.929013079667063
19.19555854706721,2350.997668809625,225.62856256594927,17.10533386800519,2363.723905490419,212.18551457141183,-0.69347657033171,0.0,-0.7204791783257647,3.929013079667063,3.929013079667063
17.10533386800519,2363.723905490419,212.18551457141183,15.01510918894316,2376.4501421712134,198.74246657687436,-0.69347657033171,0.0,-0.7204791783257647,3.929013079667063,3.929013079667063
12.753974131471892,2352.2795752248016,199.34833588950147,17.10533386800519,2363.723905490419,212.18551457141183,-0.69347657033171,0.0,-0.7204791783257647,3.929013079667063,3.929013079667063
17.10533386800519,2363.723905490419,212.18551457141183,21.45669360453848,2375.1682357560367,225.02269325332216,-0.69347657033171,0.0,-0.7204791783257647,3.929013079667063,3.929013079667063
21.45669360453848,2375.1682357560367,225.02269325332216,19.366468925476454,2387.8944724368307,211.5796452587847,-0.69347657033171,0.0,-0.7204791783257647,3.929013079667063,3.929013079667063
19.366468925476454,2387.8944724368307,211.5796452587847,17.276244246414425,2400.620709117625,198.13659726424723,-0.69347657033171,0.0,-0.7204791783257647,3.929013079667063,3.929013079667063
15.01510918894316,2376.4501421712134,198.74246657687436,19.366468925476454,2387.8944724368307,211.5796452587847,-0.69347657033171,0.0,-0.7204791783257647,3.929013079667063,3.929013079667063
19.366468925476454,2387.8944724368307,211.5796452587847,23.717828662009744,2399.3388027024484,224.41682394069502,-0.69347657033171,0.0,-0.7204791783257647,3.929013079667063,3.929013079667063
23.717828662009744,2399.3388027024484,224.41682394069502,21.62760398294772,2412.0650393832425,210.97377594615756,-0.69347657033171,0.0,-0.7204791783257647,3.929013079667063,3.929013079667063
21.62760398294772,2412.0650393832425,210.97377594615756,19.537379303885693,2424.791276064037,197.5307279516201,-0.69347657033171,0.0,-0.7204791783257647,3.929013079667063,3.929013079667063
17.276244246414425,2400.620709117625,198.13659726424723,21.62760398294772,2412.0650393832425,210.97377594615756,-0.69347657033171,0.0,-0.7204791783257647,3.929013079667063,3.929013079667063
21.62760398294772,2412.0650393832425,210.97377594615756,25.97896371948101,2423.5093696488602,223.8109546280679,-0.69347657033171,0.0,-0.7204791783257647,3.929013079667063,3.929013079667063
25.97896371948101,2423.5093696488602,223.8109546280679,23.888739040418987,2436.2356063296543,210.36790663353045,-0.69347657033171,0.0,-0.7204791783257647,3.929013079667063,3.929013079667063
23.888739040418987,2436.2356063296543,210.36790663353045,21.798514361356958,2448.961843010449,196.924858638993,-0.69347657033171,0.0,-0.7204791783257647,3.929013079667063,3.929013079667063
19.537379303885693,2424.791276064037,197.5307279516201,23.888739040418987,2436.2356063296543,210.36790663353045,-0.69347657033171,0.0,-0.7204791783257647,3.929013079667063,3.929013079667063
23.888739040418987,2436.2356063296543,210.36790663353045,28.24009877695228,2447.679936595272,223.20508531544078,-0.69347657033171,0.0,-0.7204791783257647,3.929013079667063,3.929013079667063
28.24009877695228,2447.679936595272,223.20508531544078,26.14987409789025,2460.406173276066,209.76203732090332,-0.69347657033171,0.0,-0.7204791783257647,3.929013079667063,3.929013079667063
26.14987409789025,2460.406173276066,209.76203732090332,24.059649418828226,2473.132409956861,196.31898932636585,-0.69347657033171,0.0,-0.7204791783257647,3.929013079667063,3.929013079667063
21.798514361356958,2448.961843010449,196.924858638993,26.14987409789025,2460.406173276066,209.76203732090332,-0.69347657033171,0.0,-0.7204791783257647,3.929013079667063,3.929013079667063
26.14987409789025,2460.406173276066,209.76203732090332,30.501233834423545,2471.8505035416842,222.59921600281365,-0.69347657033171,0.0,-0.7204791783257647,3.929013079667063,3.929013079667063
30.501233834423545,2471.8505035416842,222.59921600281365,28.41100915536152,2484.5767402224783,209.15616800827618,-0.69347657033171,0.0,-0.7204791783257647,3.929013079667063,3.929013079667063
28.41100915536152,2484.5767402224783,209.15616800827618,26.320784476299494,2497.302976903273,195.71312001373872,-0.69347657033171,0.0,-0.7204791783257647,3.929013079667063,3.929013079667063
24.059649418828222,2473.132409956861,196.31898932636585,28.41100915536152,2484.5767402224783,209.15616800827618,-0.69347657033171,0.0,-0.7204791783257647,3.929013079667063,3.929013079667063
28.41100915536152,2484.5767402224783,209.15616800827618,32.76236889189481,2496.021070488096,221.9933466901865,-0.69347657033171,0.0,-0.7204791783257647,3.929013079667063,3.929013079667063
32.76236889189481,2496.021070488096,221.9933466901865,30.672144212832787,2508.74730716889,208.55029869564905,-0.69347657033171,0.0,-0.7204791783257647,3.929013079667063,3.929013079667063
30.672144212832787,2508.74730716889,208.55029869564905,28.58191953377076,2521.4735438496846,195.1072507011116,-0.69347657033171,0.0,-0.7204791783257647,3.929013079667063,3.929013079667063
26.320784476299494,2497.302976903273,195.71312001373872,30.672144212832787,2508.74730716889,208.55029869564905,-0.69347657033171,0.0,-0.7204791783257647,3.929013079667063,3.929013079667063
30.672144212832787,2508.74730716889,208.55029869564905,35.023503949366074,2520.191637434508,221.3874773775594,-0.69347657033171,0.0,-0.7204791783257647,3.929013079667063,3.929013079667063
35.023503949366074,2520.191637434508,221.3874773775594,32.933279270304055,2532.917874115302,207.94442938302194,-0.69347657033171,0.0,-0.7204791783257647,3.929013079667063,3.929013079667063
32.933279270304055,2532.917874115302,207.94442938302194,30.843054591242026,2545.6441107960964,194.50138138848448,-0.69347657033171,0.0,-0.7204791783257647,3.929013079667063,3.929013079667063
28.58191953377076,2521.4735438496846,195.1072507011116,32.933279270304055,2532.917874115302,207.94442938302194,-0.69347657033171,0.0,-0.7204791783257647,3.929013079667063,3.929013079667063
32.933279270304055,2532.917874115302,207.94442938302194,37.284639006837345,2544.3622043809196,220.78160806493227,-0.69347657033171,0.0,-0.7204791783257647,3.929013079667063,3.929013079667063
37.284639006837345,2544.3622043809196,220.78160806493227,35.19441432777532,2557.0884410617136,207.3385600703948,-0.69347657033171,0.0,-0.7204791783257647,3.929013079667063,3.929013079667063
35.19441432777532,2557.0884410617136,207.3385600703948,33.104189648713295,2569.814677742508,193.89551207585734,-0.69347657033171,0.0,-0.7204791783257647,3.929013079667063,3.929013079667063
30.843054591242026,2545.6441107960964,194.50138138848448,35.19441432777532,2557.0884410617136,207.3385600703948,-0.69347657033171,0.0,-0.7204791783257647,3.929013079667063,3.929013079667063
35.19441432777532,2557.0884410617136,207.3385600703948,39.54577406430862,2568.5327713273314,220.17573875230514,-0.69347657033171,0.0,-0.7204791783257647,3.929013079667063,3.929013079667063
39.54577406430862,2568.5327713273314,220.17573875230514,37.455549385246584,2581.2590080081254,206.73269075776767,-0.69347657033171,0.0,-0.7204791783257647,3.929013079667063,3.929013079667063
37.455549385246584,2581.2590080081254,206.73269075776767,35.365324706184566,2593.98524468892,193.2896427632302,-0.69347657033171,0.0,-0.7204791783257647,3.929013079667063,3.929013079667063
33.104189648713295,2569.814677742508,193.89551207585734,37.455549385246584,2581.2590080081254,206.73269075776767,-0.69347657033171,0.0,-0.7204791783257647,3.929013079667063,3.929013079667063
37.455549385246584,2581.2590080081254,206.73269075776767,41.80690912177988,2592.703338273743,219.569869439678,-0.69347657033171,0.0,-0.7204791783257647,3.929013079667063,3.929013079667063
41.806909121779874,2592.703338273743,219.56986943967803,39.71668444271785,2605.429574954537,206.12682144514056,-0.69347657033171,0.0,-0.7204791783257647,3.929013079667063,3.929013079667063
39.71668444271785,2605.429574954537,206.12682144514056,37.62645976365583,2618.155811635332,192.6837734506031,-0.69347657033171,0.0,-0.7204791783257647,3.929013079667063,3.929013079667063
35.36532470618455,2593.98524468892,193.28964276323023,39.71668444271785,2605.429574954537,206.12682144514056,-0.69347657033171,0.0,-0.7204791783257647,3.929013079667063,3.929013079667063
39.71668444271785,2605.429574954537,206.12682144514056,44.068044179251146,2616.8739052201554,218.9640001270509,-0.69347657033171,0.0,-0.7204791783257647,3.929013079667063,3.929013079667063
44.068044179251146,2616.8739052201554,218.9640001270509,41.97781950018913,2629.6001419009494,205.52095213251343,-0.69347657033171,0.0,-0.7204791783257647,3.929013079667063,3.929013079667063
41.97781950018913,2629.6001419009494,205.52095213251343,39.88759482112709,2642.326378581744,192.07790413797596,-0.69347657033171,0.0,-0.7204791783257647,3.929013079667063,3.929013079667063
37.62645976365583,2618.155811635332,192.6837734506031,41.97781950018913,2629.6001419009494,205.52095213251343,-0.69347657033171,0.0,-0.7204791783257647,3.929013079667063,3.929013079667063
41.97781950018913,2629.6001419009494,205.52095213251343,46.32917923672241,2641.044472166567,218.35813081442376,-0.69347657033171,0.0,-0.7204791783257647,3.929013079667063,3.929013079667063
46.32917923672242,2641.044472166567,218.35813081442376,44.238954557660385,2653.770708847361,204.9150828198863,-0.69347657033171,0.0,-0.7204791783257647,3.929013079667063,3.929013079667063
44.238954557660385,2653.770708847361,204.9150828198863,42.14872987859836,2666.4969455281557,191.47203482534883,-0.69347657033171,0.0,-0.7204791783257647,3.929013079667063,3.929013079667063
39.887594821127095,2642.326378581744,192.07790413797596,44.238954557660385,2653.770708847361,204.9150828198863,-0.69347657033171,0.0,-0.7204791783257647,3.929013079667063,3.929013079667063
44.238954557660385,2653.770708847361,204.9150828198863,48.59031429419368,2665.215039112979,217.75226150179662,-0.69347657033171,0.0,-0.7204791783257647,3.929013079667063,3.929013079667063
48.59031429419368,2665.215039112979,217.75226150179662,46.50008961513166,2677.941275793773,204.30921350725916,-0.69347657033171,0.0,-0.7204791783257647,3.929013079667063,3.929013079667063
46.50008961513166,2677.941275793773,204.30921350725916,44.409864936069624,2690.6675124745675,190.86616551272172,-0.69347657033171,0.0,-0.7204791783257647,3.929013079667063,3.929013079667063
42.14872987859836,2666.4969455281557,191.47203482534883,46.50008961513166,2677.941275793773,204.30921350725916,-0.69347657033171,0.0,-0.7204791783257647,3.929013079667063,3.929013079667063
46.50008961513166,2677.941275793773,204.30921350725916,50.85144935166494,2689.3856060593907,217.14639218916952,-0.69347657033171,0.0,-0.7204791783257647,3.929013079667063,3.929013079667063
50.85144935166494,2689.3856060593907,217.14639218916952,48.76122467260292,2702.111842740185,203.70334419463205,-0.69347657033171,0.0,-0.7204791783257647,3.929013079667063,3.929013079667063
48.76122467260292,2702.111842740185,203.70334419463205,46.67099999354089,2714.8380794209793,190.2602962000946,-0.69347657033171,0.0,-0.7204791783257647,3.929013079667063,3.929013079667063
44.409864936069624,2690.6675124745675,190.86616551272172,48.76122467260292,2702.111842740185,203.70334419463205,-0.69347657033171,0.0,-0.7204791783257647,3.929013079667063,3.929013079667063
48.76122467260292,2702.111842740185,203.70334419463205,53.112584409136204,2713.5561730058025,216.54052287654238,-0.69347657033171,0.0,-0.7204791783257647,3.929013079667063,3.929013079667063
53.11258440913621,2713.5561730058025,216.54052287654238,51.022359730074186,2726.2824096865966,203.09747488200492,-0.69347657033171,0.0,-0.7204791783257647,3.929013079667063,3.929013079667063
51.022359730074186,2726.2824096865966,203.09747488200492,48.93213505101215,2739.008646367391,189.65442688746745,-0.69347657033171,0.0,-0.7204791783257647,3.929013079667063,3.929013079667063
46.67099999354089,2714.8380794209793,190.2602962000946,51.022359730074186,2726.2824096865966,203.09747488200492,-0.69347657033171,0.0,-0.7204791783257647,3.929013079667063,3.929013079667063
51.022359730074186,2726.2824096865966,203.09747488200492,55.373719466607476,2737.7267399522143,215.93465356391525,-0.69347657033171,0.0,-0.7204791783257647,3.929013079667063,3.929013079667063
55.373719466607476,2737.7267399522143,215.93465356391525,53.28349478754546,2750.452976633009,202.49160556937778,-0.69347657033171,0.0,-0.7204791783257647,3.929013079667063,3.929013079667063
53.28349478754546,2750.452976633009,202.49160556937778,51.19327010848342,2763.1792133138033,189.04855757484034,-0.69347657033171,0.0,-0.7204791783257647,3.929013079667063,3.929013079667063
48.93213505101215,2739.008646367391,189.65442688746745,53.28349478754546,2750.452976633009,202.49160556937778,-0.69347657033171,0.0,-0.7204791783257647,3.929013079667063,3.929013079667063
53.28349478754546,2750.452976633009,202.49160556937778,57.63485452407874,2761.8973068986265,215.32878425128814,-0.69347657033171,0.0,-0.7204791783257647,3.929013079667063,3.929013079667063
57.63485452407875,2761.8973068986265,215.32878425128814,55.544629845016715,2774.6235435794206,201.88573625675068,-0.69347657033171,0.0,-0.7204791783257647,3.929013079667063,3.929013079667063
55.544629845016715,2774.6235435794206,201.88573625675068,53.4544051659547,2787.349780260215,188.4426882622132,-0.69347657033171,0.0,-0.7204791783257647,3.929013079667063,3.929013079667063
51.19327010848343,2763.1792133138033,189.04855757484034,55.544629845016715,2774.6235435794206,201.88573625675068,-0.69347657033171,0.0,-0.7204791783257647,3.929013079667063,3.929013079667063
55.544629845016715,2774.6235435794206,201.88573625675068,59.89598958155001,2786.0678738450383,214.722914938661,-0.69347657033171,0.0,-0.7204791783257647,3.929013079667063,3.929013079667063
59.89598958155001,2786.0678738450383,214.722914938661,57.805764902487994,2798.7941105258324,201.27986694412354,-0.69347657033171,0.0,-0.7204791783257647,3.929013079667063,3.929013079667063
57.805764902487994,2798.7941105258324,201.27986694412354,55.71554022342596,2811.520347206627,187.83681894958607,-0.69347657033171,0.0,-0.7204791783257647,3.929013079667063,3.929013079667063
53.4544051659547,2787.349780260215,188.4426882622132,57.805764902487994,2798.7941105258324,201.27986694412354,-0.69347657033171,0.0,-0.7204791783257647,3.929013079667063,3.929013079667063
57.805764902487994,2798.7941105258324,201.27986694412354,62.157124639021276,2810.23844079145,214.11704562603387,-0.69347657033171,0.0,-0.7204791783257647,3.929013079667063,3.929013079667063
62.157124639021276,2810.23844079145,214.11704562603387,60.06689995995925,2822.964677472244,200.6739976314964,-0.69347657033171,0.0,-0.7204791783257647,3.929013079667063,3.929013079667063
60.06689995995925,2822.964677472244,200.6739976314964,57.97667528089721,2835.6909141530386,187.23094963695897,-0.69347657033171,0.0,-0.7204791783257647,3.929013079667063,3.929013079667063
55.71554022342596,2811.520347206627,187.83681894958607,60.06689995995925,2822.964677472244,200.6739976314964,-0.69347657033171,0.0,-0.7204791783257647,3.929013079667063,3.929013079667063
60.06689995995925,2822.964677472244,200.6739976314964,64.41825969649253,2834.409007737862,213.51117631340676,-0.69347657033171,0.0,-0.7204791783257647,3.929013079667063,3.929013079667063
64.41825969649256,2834.409007737862,213.51117631340676,62.328035017430516,2847.135244418656,200.0681283188693,-0.69347657033171,0.0,-0.7204791783257647,3.929013079667063,3.929013079667063
62.328035017430516,2847.135244418656,200.0681283188693,60.23781033836849,2859.8614810994504,186.62508032433183,-0.69347657033171,0.0,-0.7204791783257647,3.929013079667063,3.929013079667063
57.976675280897226,2835.6909141530386,187.23094963695897,62.328035017430516,2847.135244418656,200.0681283188693,-0.69347657033171,0.0,-0.7204791783257647,3.929013079667063,3.929013079667063
62.328035017430516,2847.135244418656,200.0681283188693,66.6793947539638,2858.5795746842737,212.90530700077963,-0.69347657033171,0.0,-0.7204791783257647,3.929013079667063,3.929013079667063
66.6793947539638,2858.5795746842737,212.90530700077963,64.58917007490179,2871.3058113650677,199.46225900624216,-0.69347657033171,0.0,-0.7204791783257647,3.929013079667063,3.929013079667063
64.58917007490179,2871.3058113650677,199.46225900624216,62.498945395839755,2884.032048045862,186.0192110117047,-0.69347657033171,0.0,-0.7204791783257647,3.929013079667063,3.929013079667063
60.23781033836849,2859.8614810994504,186.62508032433183,64.58917007490179,2871.3058113650677,199.46225900624216,-0.69347657033171,0.0,-0.7204791783257647,3.929013079667063,3.929013079667063
64.58917007490179,2871.3058113650677,199.46225900624216,68.94052981143507,2882.7501416306854,212.2994376881525,-0.69347657033171,0.0,-0.7204791783257647,3.929013079667063,3.929013079667063
68.94052981143507,2882.7501416306854,212.2994376881525,66.85030513237305,2895.4763783114795,198.85638969361503,-0.69347657033171,0.0,-0.7204791783257647,3.929013079667063,3.929013079667063
66.85030513237305,2895.4763783114795,198.85638969361503,64.76008045331102,2908.202614992274,185.41334169907756,-0.69347657033171,0.0,-0.7204791783257647,3.929013079667063,3.929013079667063
62.498945395839755,2884.032048045862,186.0192110117047,66.85030513237305,2895.4763783114795,198.85638969361503,-0.69347657033171,0.0,-0.7204791783257647,3.929013079667063,3.929013079667063
66.85030513237305,2895.4763783114795,198.85638969361503,71.20166486890633,2906.9207085770972,211.69356837552536,-0.69347657033171,0.0,-0.7204791783257647,3.929013079667063,3.929013079667063
71.20166486890633,2906.9207085770972,211.69356837552536,69.1114401898443,2919.6469452578913,198.25052038098792,-0.69347657033171,0.0,-0.7204791783257647,3.929013079667063,3.929013079667063
69.1114401898443,2919.6469452578913,198.25052038098792,67.02121551078228,2932.3731819386862,184.80747238645046,-0.69347657033171,0.0,-0.7204791783257647,3.929013079667063,3.929013079667063
64.76008045331102,2908.202614992274,185.41334169907756,69.1114401898443,2919.6469452578913,198.25052038098792,-0.69347657033171,0.0,-0.7204791783257647,3.929013079667063,3.929013079667063
69.1114401898443,2919.6469452578913,198.25052038098792,73.46279992637761,2931.0912755235095,211.08769906289825,-0.69347657033171,0.0,-0.7204791783257647,3.929013079667063,3.929013079667063
73.46279992637761,2931.0912755235095,211.08769906289825,71.37257524731558,2943.8175122043035,197.6446510683608,-0.69347657033171,0.0,-0.7204791783257647,3.929013079667063,3.929013079667063
71.37257524731558,2943.8175122043035,197.6446510683608,69.28235056825356,2956.543748885098,184.20160307382332,-0.69347657033171,0.0,-0.7204791783257647,3.929013079667063,3.929013079667063
67.02121551078228,2932.3731819386862,184.80747238645046,71.37257524731558,2943.8175122043035,197.6446510683608,-0.69347657033171,0.0,-0.7204791783257647,3.929013079667063,3.929013079667063
71.37257524731558,2943.8175122043035,197.6446510683608,75.72393498384888,2955.2618424699212,210.48182975027112,-0.69347657033171,0.0,-0.7204791783257647,3.929013079667063,3.929013079667063
75.72393498384886,2955.2618424699212,210.48182975027112,73.63371030478685,2967.9880791507153,197.03878175573365,-0.69347657033171,0.0,-0.7204791783257647,3.929013079667063,3.929013079667063
73.63371030478685,2967.9880791507153,197.03878175573365,71.54348562572483,2980.71431583151,183.5957337611962,-0.69347657033171,0.0,-0.7204791783257647,3.929013079667063,3.929013079667063
69.28235056825355,2956.543748885098,184.20160307382332,73.63371030478685,2967.9880791507153,197.03878175573365,-0.69347657033171,0.0,-0.7204791783257647,3.929013079667063,3.929013079667063
73.63371030478685,2967.9880791507153,197.03878175573365,77.98507004132014,2979.432409416333,209.87596043764398,-0.69347657033171,0.0,-0.7204791783257647,3.929013079667063,3.929013079667063
77.98507004132014,2979.432409416333,209.87596043764398,75.89484536225811,2992.158646097127,196.43291244310652,-0.69347657033171,0.0,-0.7204791783257647,3.929013079667063,3.929013079667063
75.89484536225811,2992.158646097127,196.43291244310652,73.80462068319609,3004.8848827779216,182.98986444856908,-0.69347657033171,0.0,-0.7204791783257647,3.929013079667063,3.929013079667063
71.54348562572483,2980.71431583151,183.5957337611962,75.89484536225811,2992.158646097127,196.43291244310652,-0.69347657033171,0.0,-0.7204791783257647,3.929013079667063,3.929013079667063
75.89484536225811,2992.158646097127,196.43291244310652,80.24620509879142,3003.602976362745,209.27009112501688,-0.69347657033171,0.0,-0.7204791783257647,3.929013079667063,3.929013079667063
80.24620509879139,3003.602976362745,209.27009112501688,78.15598041972939,3016.329213043539,195.8270431304794,-0.69347657033171,0.0,-0.7204791783257647,3.929013079667063,3.929013079667063
78.15598041972939,3016.329213043539,195.8270431304794,76.06575574066736,3029.055449724334,182.38399513594194,-0.69347657033171,0.0,-0.7204791783257647,3.929013079667063,3.929013079667063
73.80462068319608,3004.8848827779216,182.98986444856908,78.15598041972939,3016.329213043539,195.8270431304794,-0.69347657033171,0.0,-0.7204791783257647,3.929013079667063,3.929013079667063
78.15598041972939,3016.329213043539,195.8270431304794,82.50734015626267,3027.773543309157,208.66422181238974,-0.69347657033171,0.0,-0.7204791783257647,3.929013079667063,3.929013079667063
82.50734015626267,3027.7735433091566,208.66422181238974,80.41711547720064,3040.4997799899506,195.22117381785228,-0.69347657033171,0.0,-0.7204791783257647,3.929013079667063,3.929013079667063
80.41711547720064,3040.4997799899506,195.22117381785228,78.32689079813862,3053.2260166707456,181.7781258233148,-0.69347657033171,0.0,-0.7204791783257647,3.929013079667063,3.929013079667063
76.06575574066734,3029.0554497243334,182.38399513594194,80.41711547720064,3040.4997799899506,195.22117381785228,-0.69347657033171,0.0,-0.7204791783257647,3.929013079667063,3.929013079667063
80.41711547720064,3040.4997799899506,195.22117381785228,84.76847521373395,3051.944110255569,208.0583524997626,-0.69347657033171,0.0,-0.7204791783257647,3.929013079667063,3.929013079667063
84.76847521373395,3051.944110255569,208.0583524997626,82.67825053467192,3064.670346936363,194.61530450522514,-0.69347657033171,0.0,-0.7204791783257647,3.929013079667063,3.929013079667063
82.67825053467192,3064.670346936363,194.61530450522514,80.58802585560989,3077.3965836171574,181.17225651068767,-0.69347657033171,0.0,-0.7204791783257647,3.929013079667063,3.929013079667063
78.32689079813862,3053.2260166707456,181.7781258233148,82.67825053467192,3064.670346936363,194.61530450522514,-0.69347657033171,0.0,-0.7204791783257647,3.929013079667063,3.929013079667063
82.67825053467192,3064.670346936363,194.61530450522514,87.0296102712052,3076.1146772019806,207.45248318713547,-0.69347657033171,0.0,-0.7204791783257647,3.929013079667063,3.929013079667063
87.0296102712052,3076.1146772019806,207.4524831871355,84.93938559214317,3088.8409138827747,194.00943519259803,-0.69347657033171,0.0,-0.7204791783257647,3.929013079667063,3.929013079667063
84.93938559214317,3088.8409138827747,194.00943519259803,82.84916091308115,3101.567150563569,180.56638719806057,-0.69347657033171,0.0,-0.7204791783257647,3.929013079667063,3.929013079667063
80.58802585560987,3077.3965836171574,181.1722565106877,84.93938559214317,3088.8409138827747,194.00943519259803,-0.69347657033171,0.0,-0.7204791783257647,3.929013079667063,3.929013079667063
84.93938559214317,3088.8409138827747,194.00943519259803,89.29074532867648,3100.2852441483924,206.84661387450836,-0.69347657033171,0.0,-0.7204791783257647,3.929013079667063,3.929013079667063
89.29074532867648,3100.2852441483924,206.84661387450836,87.20052064961445,3113.0114808291864,193.4035658799709,-0.69347657033171,0.0,-0.7204791783257647,3.929013079667063,3.929013079667063
87.20052064961445,3113.0114808291864,193.4035658799709,85.11029597055241,3125.737717509981,179.96051788543343,-0.69347657033171,0.0,-0.7204791783257647,3.929013079667063,3.929013079667063
82.84916091308115,3101.567150563569,180.56638719806057,87.20052064961445,3113.0114808291864,193.4035658799709,-0.69347657033171,0.0,-0.7204791783257647,3.929013079667063,3.929013079667063
87.20052064961445,3113.0114808291864,193.4035658799709,91.55188038614773,3124.455811094804,206.24074456188123,-0.69347657033171,0.0,-0.7204791783257647,3.929013079667063,3.929013079667063
91.55188038614773,3124.455811094804,206.24074456188123,89.46165570708573,3137.182047775598,192.79769656734376,-0.69347657033171,0.0,-0.7204791783257647,3.929013079667063,3.929013079667063
89.46165570708573,3137.182047775598,192.79769656734376,87.37143102802368,3149.9082844563927,179.35464857280633,-0.69347657033171,0.0,-0.7204791783257647,3.929013079667063,3.929013079667063
85.11029597055241,3125.737717509981,179.96051788543343,89.46165570708573,3137.182047775598,192.79769656734376,-0.69347657033171,0.0,-0.7204791783257647,3.929013079667063,3.929013079667063
89.46165570708573,3137.182047775598,192.79769656734376,93.81301544361901,3148.626378041216,205.63487524925412,-0.69347657033171,0.0,-0.7204791783257647,3.929013079667063,3.929013079667063
93.81301544361901,3148.626378041216,205.63487524925412,91.72279076455698,3161.35261472201,192.19182725471666,-0.69347657033171,0.0,-0.7204791783257647,3.929013079667063,3.929013079667063
91.72279076455698,3161.35261472201,192.19182725471666,89.63256608549494,3174.0788514028045,178.7487792601792,-0.69347657033171,0.0,-0.7204791783257647,3.929013079667063,3.929013079667063
87.37143102802368,3149.9082844563927,179.35464857280633,91.72279076455698,3161.35261472201,192.19182725471666,-0.69347657033171,0.0,-0.7204791783257647,3.929013079667063,3.929013079667063
91.72279076455698,3161.35261472201,192.19182725471666,96.07415050109026,3172.7969449876277,205.029005936627,-0.69347657033171,0.0,-0.7204791783257647,3.929013079667063,3.929013079667063
96.07415050109026,3172.7969449876277,205.029005936627,93.98392582202825,3185.523181668422,191.58595794208952,-0.69347657033171,0.0,-0.7204791783257647,3.929013079667063,3.929013079667063
93.98392582202825,3185.523181668422,191.58595794208952,91.89370114296622,3198.2494183492163,178.14290994755206,-0.69347657033171,0.0,-0.7204791783257647,3.929013079667063,3.929013079667063
89.63256608549494,3174.0788514028045,178.7487792601792,93.98392582202825,3185.523181668422,191.58595794208952,-0.69347657033171,0.0,-0.7204791783257647,3.929013079667063,3.929013079667063
93.98392582202825,3185.523181668422,191.58595794208952,98.33528555856154,3196.9675119340395,204.42313662399985,-0.69347657033171,0.0,-0.7204791783257647,3.929013079667063,3.929013079667063
98.33528555856154,3196.9675119340395,204.42313662399985,96.2450608794995,3209.6937486148336,190.9800886294624,-0.69347657033171,0.0,-0.7204791783257647,3.929013079667063,3.929013079667063
96.2450608794995,3209.6937486148336,190.9800886294624,94.15483620043749,3222.4199852956285,177.53704063492492,-0.69347657033171,0.0,-0.7204791783257647,3.929013079667063,3.929013079667063
91.89370114296621,3198.2494183492163,178.14290994755206,96.2450608794995,3209.6937486148336,190.9800886294624,-0.69347657033171,0.0,-0.7204791783257647,3.929013079667063,3.929013079667063
96.2450608794995,3209.6937486148336,190.9800886294624,100.59642061603282,3221.1380788804518,203.81726731137272,-0.69347657033171,0.0,-0.7204791783257647,3.929013079667063,3.929013079667063
100.59642061603282,3221.1380788804518,203.81726731137272,98.50619593697078,3233.864315561246,190.37421931683528,-0.69347657033171,0.0,-0.7204791783257647,3.929013079667063,3.929013079667063
98.50619593697078,3233.864315561246,190.37421931683528,96.41597125790875,3246.5905522420403,176.9311713222978,-0.69347657033171,0.0,-0.7204791783257647,3.929013079667063,3.929013079667063
94.15483620043749,3222.4199852956285,177.53704063492492,98.50619593697078,3233.864315561246,190.37421931683528,-0.69347657033171,0.0,-0.7204791783257647,3.929013079667063,3.929013079667063
98.50619593697078,3233.864315561246,190.37421931683528,102.85755567350407,3245.3086458268635,203.2113979987456,-0.69347657033171,0.0,-0.7204791783257647,3.929013079667063,3.929013079667063
102.85755567350407,3245.3086458268635,203.2113979987456,100.76733099444203,3258.0348825076576,189.76835000420814,-0.69347657033171,0.0,-0.7204791783257647,3.929013079667063,3.929013079667063
100.76733099444203,3258.0348825076576,189.76835000420814,98.67710631538002,3270.761119188452,176.32530200967068,-0.69347657033171,0.0,-0.7204791783257647,3.929013079667063,3.929013079667063
96.41597125790874,3246.5905522420403,176.9311713222978,100.76733099444203,3258.0348825076576,189.76835000420814,-0.69347657033171,0.0,-0.7204791783257647,3.929013079667063,3.929013079667063
100.76733099444203,3258.0348825076576,189.76835000420814,105.11869073097535,3269.4792127732753,202.60552868611848,-0.69347657033171,0.0,-0.7204791783257647,3.929013079667063,3.929013079667063
105.11869073097532,3269.4792127732753,202.60552868611848,103.02846605191331,3282.2054494540694,189.162480691581,-0.69347657033171,0.0,-0.7204791783257647,3.929013079667063,3.929013079667063
103.02846605191331,3282.2054494540694,189.162480691581,100.93824137285128,3294.931686134864,175.71943269704354,-0.69347657033171,0.0,-0.7204791783257647,3.929013079667063,3.929013079667063
98.67710631538,3270.761119188452,176.32530200967068,103.02846605191331,3282.2054494540694,189.162480691581,-0.69347657033171,0.0,-0.7204791783257647,3.929013079667063,3.929013079667063
103.02846605191331,3282.2054494540694,189.162480691581,107.3798257884466,3293.649779719687,201.99965937349134,-0.69347657033171,0.0,-0.7204791783257647,3.929013079667063,3.929013079667063
107.3798257884466,3293.649779719687,201.99965937349134,105.28960110938459,3306.376016400481,188.55661137895387,-0.69347657033171,0.0,-0.7204791783257647,3.929013079667063,3.929013079667063
105.28960110938459,3306.376016400481,188.55661137895387,103.19937643032254,3319.102253081276,175.11356338441644,-0.69347657033171,0.0,-0.7204791783257647,3.929013079667063,3.929013079667063
100.93824137285128,3294.931686134864,175.71943269704354,105.28960110938459,3306.376016400481,188.55661137895387,-0.69347657033171,0.0,-0.7204791783257647,3.929013079667063,3.929013079667063
105.28960110938459,3306.376016400481,188.55661137895387,109.64096084591787,3317.8203466660993,201.39379006086423,-0.69347657033171,0.0,-0.7204791783257647,3.929013079667063,3.929013079667063
109.64096084591787,3317.820346666099,201.39379006086423,107.55073616685584,3330.546583346893,187.95074206632677,-0.69347657033171,0.0,-0.7204791783257647,3.929013079667063,3.929013079667063
107.55073616685584,3330.546583346893,187.95074206632677,105.4605114877938,3343.2728200276874,174.5076940717893,-0.69347657033171,0.0,-0.7204791783257647,3.929013079667063,3.929013079667063
103.19937643032254,3319.1022530812756,175.11356338441644,107.55073616685584,3330.546583346893,187.95074206632677,-0.69347657033171,0.0,-0.7204791783257647,3.929013079667063,3.929013079667063
107.55073616685584,3330.546583346893,187.95074206632677,111.90209590338912,3341.9909136125107,200.7879207482371,-0.69347657033171,0.0,-0.7204791783257647,3.929013079667063,3.929013079667063
111.90209590338912,3341.9909136125107,200.7879207482371,109.81187122432709,3354.717150293305,187.34487275369963,-0.69347657033171,0.0,-0.7204791783257647,3.929013079667063,3.929013079667063
109.81187122432709,3354.717150293305,187.34487275369963,107.72164654526507,3367.4433869740997,173.90182475916217,-0.69347657033171,0.0,-0.7204791783257647,3.929013079667063,3.929013079667063
105.4605114877938,3343.2728200276874,174.5076940717893,109.81187122432709,3354.717150293305,187.34487275369963,-0.69347657033171,0.0,-0.7204791783257647,3.929013079667063,3.929013079667063
109.81187122432709,3354.717150293305,187.34487275369963,114.1632309608604,3366.161480558923,200.18205143560996,-0.69347657033171,0.0,-0.7204791783257647,3.929013079667063,3.929013079667063
114.1632309608604,3366.161480558923,200.18205143560996,112.07300628179837,3378.887717239717,186.7390034410725,-0.69347657033171,0.0,-0.7204791783257647,3.929013079667063,3.929013079667063
112.07300628179837,3378.887717239717,186.7390034410725,109.98278160273632,3391.6139539205114,173.29595544653506,-0.69347657033171,0.0,-0.7204791783257647,3.929013079667063,3.929013079667063
107.72164654526507,3367.4433869740997,173.90182475916217,112.07300628179837,3378.887717239717,186.7390034410725,-0.69347657033171,0.0,-0.7204791783257647,3.929013079667063,3.929013079667063
112.07300628179837,3378.887717239717,186.7390034410725,116.42436601833165,3390.3320475053347,199.57618212298286,-0.69347657033171,0.0,-0.7204791783257647,3.929013079667063,3.929013079667063
116.42436601833165,3390.3320475053347,199.57618212298286,114.33414133926962,3403.0582841861287,186.1331341284454,-0.69347657033171,0.0,-0.7204791783257647,3.929013079667063,3.929013079667063
114.33414133926962,3403.0582841861287,186.1331341284454,112.2439166602076,3415.7845208669232,172.69008613390793,-0.69347657033171,0.0,-0.7204791783257647,3.929013079667063,3.929013079667063
109.98278160273632,3391.6139539205114,173.29595544653506,114.33414133926962,3403.0582841861287,186.1331341284454,-0.69347657033171,0.0,-0.7204791783257647,3.929013079667063,3.929013079667063
114.33414133926962,3403.0582841861287,186.1331341284454,118.68550107580293,3414.5026144517465,198.97031281035572,-0.69347657033171,0.0,-0.7204791783257647,3.929013079667063,3.929013079667063
118.68550107580293,3414.5026144517465,198.97031281035572,116.5952763967409,3427.2288511325405,185.52726481581826,-0.69347657033171,0.0,-0.7204791783257647,3.929013079667063,3.929013079667063
116.5952763967409,3427.2288511325405,185.52726481581826,114.50505171767887,3439.955087813335,172.0842168212808,-0.69347657033171,0.0,-0.7204791783257647,3.929013079667063,3.929013079667063
112.2439166602076,3415.7845208669232,172.69008613390793,116.5952763967409,3427.2288511325405,185.52726481581826,-0.69347657033171,0.0,-0.7204791783257647,3.929013079667063,3.929013079667063
116.5952763967409,3427.2288511325405,185.52726481581826,120.94663613327418,3438.6731813981582,198.3644434977286,-0.69347657033171,0.0,-0.7204791783257647,3.929013079667063,3.929013079667063
120.94663613327418,3438.6731813981582,198.3644434977286,118.85641145421218,3451.3994180789523,184.92139550319112,-0.69347657033171,0.0,-0.7204791783257647,3.929013079667063,3.929013079667063
118.85641145421218,3451.3994180789523,184.92139550319112,116.76618677515015,3464.125654759747,171.47834750865368,-0.69347657033171,0.0,-0.7204791783257647,3.929013079667063,3.929013079667063
114.50505171767887,3439.955087813335,172.0842168212808,118.85641145421218,3451.3994180789523,184.92139550319112,-0.69347657033171,0.0,-0.7204791783257647,3.929013079667063,3.929013079667063
118.85641145421218,3451.3994180789523,184.92139550319112,123.20777119074546,3462.84374834457,197.75857418510148,-0.69347657033171,0.0,-0.7204791783257647,3.929013079667063,3.929013079667063
-6.784577579747725,2352.2795752248016,233.19010015964568,7.336058012395376,2363.723905490419,229.10639670648393,0.69347657033171,0.0,-0.7204791783257647,3.929013079667063,3.929013079667063
7.336058012395376,2363.723905490419,229.10639670648393,21.45669360453848,2375.1682357560367,225.02269325332216,0.69347657033171,0.0,-0.7204791783257647,3.929013079667063,3.929013079667063
19.19555854706721,2350.997668809625,225.62856256594927,7.336058012395376,2363.723905490419,229.10639670648393,0.69347657033171,0.0,-0.7204791783257647,3.929013079667063,3.929013079667063
7.336058012395376,2363.723905490419,229.10639670648393,-4.523442522276459,2376.4501421712134,232.58423084701857,0.69347657033171,0.0,-0.7204791783257647,3.929013079667063,3.929013079667063
-4.523442522276459,2376.4501421712134,232.58423084701857,9.597193069866641,2387.8944724368307,228.5005273938568,0.69347657033171,0.0,-0.7204791783257647,3.929013079667063,3.929013079667063
9.597193069866641,2387.8944724368307,228.5005273938568,23.717828662009744,2399.3388027024484,224.41682394069502,0.69347657033171,0.0,-0.7204791783257647,3.929013079667063,3.929013079667063
21.45669360453848,2375.1682357560367,225.02269325332216,9.597193069866641,2387.8944724368307,228.5005273938568,0.69347657033171,0.0,-0.7204791783257647,3.929013079667063,3.929013079667063
9.597193069866641,2387.8944724368307,228.5005273938568,-2.2623074648051924,2400.620709117625,231.97836153439144,0.69347657033171,0.0,-0.7204791783257647,3.929013079667063,3.929013079667063
-2.2623074648051924,2400.620709117625,231.97836153439144,11.858328127337906,2412.0650393832425,227.89465808122966,0.69347657033171,0.0,-0.7204791783257647,3.929013079667063,3.929013079667063
11.858328127337906,2412.0650393832425,227.89465808122966,25.97896371948101,2423.5093696488602,223.8109546280679,0.69347657033171,0.0,-0.7204791783257647,3.929013079667063,3.929013079667063
23.717828662009744,2399.3388027024484,224.41682394069502,11.858328127337906,2412.0650393832425,227.89465808122966,0.69347657033171,0.0,-0.7204791783257647,3.929013079667063,3.929013079667063
11.858328127337906,2412.0650393832425,227.89465808122966,-0.0011724073339269836,2424.791276064037,231.3724922217643,0.69347657033171,0.0,-0.7204791783257647,3.929013079667063,3.929013079667063
-0.0011724073339269836,2424.791276064037,231.3724922217643,14.119463184809174,2436.2356063296543,227.28878876860256,0.69347657033171,0.0,-0.7204791783257647,3.929013079667063,3.929013079667063
14.119463184809174,2436.2356063296543,227.28878876860256,28.24009877695228,2447.679936595272,223.20508531544078,0.69347657033171,0.0,-0.7204791783257647,3.929013079667063,3.929013079667063
25.97896371948101,2423.5093696488602,223.8109546280679,14.119463184809174,2436.2356063296543,227.28878876860256,0.69347657033171,0.0,-0.7204791783257647,3.929013079667063,3.929013079667063
14.119463184809174,2436.2356063296543,227.28878876860256,2.259962650137341,2448.961843010449,230.7666229091372,0.69347657033171,0.0,-0.7204791783257647,3.929013079667063,3.929013079667063
2.259962650137341,2448.961843010449,230.7666229091372,16.38059824228044,2460.406173276066,226.68291945597542,0.69347657033171,0.0,-0.7204791783257647,3.929013079667063,3.929013079667063
16.38059824228044,2460.406173276066,226.68291945597542,30.501233834423545,2471.8505035416842,222.59921600281365,0.69347657033171,0.0,-0.7204791783257647,3.929013079667063,3.929013079667063
28.24009877695228,2447.679936595272,223.20508531544078,16.38059824228044,2460.406173276066,226.68291945597542,0.69347657033171,0.0,-0.7204791783257647,3.929013079667063,3.929013079667063
16.38059824228044,2460.406173276066,226.68291945597542,4.521097707608607,2473.132409956861,230.16075359651006,0.69347657033171,0.0,-0.7204791783257647,3.929013079667063,3.929013079667063
4.521097707608606,2473.132409956861,230.16075359651006,18.641733299751706,2484.5767402224783,226.0770501433483,0.69347657033171,0.0,-0.7204791783257647,3.929013079667063,3.929013079667063
18.641733299751706,2484.5767402224783,226.0770501433483,32.76236889189481,2496.021070488096,221.9933466901865,0.69347657033171,0.0,-0.7204791783257647,3.929013079667063,3.929013079667063
30.501233834423545,2471.8505035416842,222.59921600281365,18.641733299751706,2484.5767402224783,226.0770501433483,0.69347657033171,0.0,-0.7204791783257647,3.929013079667063,3.929013079667063
18.641733299751706,2484.5767402224783,226.0770501433483,6.7822327650798755,2497.302976903273,229.55488428388293,0.69347657033171,0.0,-0.7204791783257647,3.929013079667063,3.929013079667063
6.7822327650798755,2497.302976903273,229.55488428388293,20.902868357222975,2508.74730716889,225.47118083072115,0.69347657033171,0.0,-0.7204791783257647,3.929013079667063,3.929013079667063
20.902868357222975,2508.74730716889,225.47118083072115,35.023503949366074,2520.191637434508,221.3874773775594,0.69347657033171,0.0,-0.7204791783257647,3.929013079667063,3.929013079667063
32.76236889189481,2496.021070488096,221.9933466901865,20.902868357222975,2508.74730716889,225.47118083072115,0.69347657033171,0.0,-0.7204791783257647,3.929013079667063,3.929013079667063
20.902868357222975,2508.74730716889,225.47118083072115,9.04336782255114,2521.4735438496846,228.94901497125582,0.69347657033171,0.0,-0.7204791783257647,3.929013079667063,3.929013079667063
9.04336782255114,2521.4735438496846,228.94901497125582,23.16400341469424,2532.917874115302,224.86531151809405,0.69347657033171,0.0,-0.7204791783257647,3.929013079667063,3.929013079667063
23.16400341469424,2532.917874115302,224.86531151809405,37.284639006837345,2544.3622043809196,220.78160806493227,0.69347657033171,0.0,-0.7204791783257647,3.929013079667063,3.929013079667063
35.023503949366074,2520.191637434508,221.3874773775594,23.16400341469424,2532.917874115302,224.86531151809405,0.69347657033171,0.0,-0.7204791783257647,3.929013079667063,3.929013079667063
23.16400341469424,2532.917874115302,224.86531151809405,11.304502880022408,2545.6441107960964,228.34314565862869,0.69347657033171,0.0,-0.7204791783257647,3.929013079667063,3.929013079667063
11.304502880022408,2545.6441107960964,228.34314565862869,25.425138472165507,2557.0884410617136,224.2594422054669,0.69347657033171,0.0,-0.7204791783257647,3.929013079667063,3.929013079667063
25.425138472165507,2557.0884410617136,224.2594422054669,39.54577406430862,2568.5327713273314,220.17573875230514,0.69347657033171,0.0,-0.7204791783257647,3.929013079667063,3.929013079667063
37.284639006837345,2544.3622043809196,220.78160806493227,25.425138472165507,2557.0884410617136,224.2594422054669,0.69347657033171,0.0,-0.7204791783257647,3.929013079667063,3.929013079667063
25.425138472165507,2557.0884410617136,224.2594422054669,13.565637937493676,2569.814677742508,227.73727634600155,0.69347657033171,0.0,-0.7204791783257647,3.929013079667063,3.929013079667063
13.565637937493676,2569.814677742508,227.73727634600155,27.686273529636775,2581.2590080081254,223.65357289283978,0.69347657033171,0.0,-0.7204791783257647,3.929013079667063,3.929013079667063
27.686273529636775,2581.2590080081254,223.65357289283978,41.80690912177988,2592.703338273743,219.569869439678,0.69347657033171,0.0,-0.7204791783257647,3.929013079667063,3.929013079667063
39.54577406430862,2568.5327713273314,220.17573875230514,27.686273529636775,2581.2590080081254,223.65357289283978,0.69347657033171,0.0,-0.7204791783257647,3.929013079667063,3.929013079667063
27.686273529636775,2581.2590080081254,223.65357289283978,15.826772994964948,2593.98524468892,227.13140703337442,0.69347657033171,0.0,-0.7204791783257647,3.929013079667063,3.929013079667063
15.826772994964937,2593.98524468892,227.13140703337444,29.94740858710804,2605.429574954537,223.04770358021267,0.69347657033171,0.0,-0.7204791783257647,3.929013079667063,3.929013079667063
29.94740858710804,2605.429574954537,223.04770358021267,44.068044179251146,2616.8739052201554,218.9640001270509,0.69347657033171,0.0,-0.7204791783257647,3.929013079667063,3.929013079667063
41.806909121779874,2592.703338273743,219.56986943967803,29.94740858710804,2605.429574954537,223.04770358021267,0.69347657033171,0.0,-0.7204791783257647,3.929013079667063,3.929013079667063
29.94740858710804,2605.429574954537,223.04770358021267,18.08790805243621,2618.155811635332,226.5255377207473,0.69347657033171,0.0,-0.7204791783257647,3.929013079667063,3.929013079667063
18.08790805243621,2618.155811635332,226.5255377207473,32.208543644579315,2629.6001419009494,222.44183426758553,0.69347657033171,0.0,-0.7204791783257647,3.929013079667063,3.929013079667063
32.208543644579315,2629.6001419009494,222.44183426758553,46.32917923672241,2641.044472166567,218.35813081442376,0.69347657033171,0.0,-0.7204791783257647,3.929013079667063,3.929013079667063
44.068044179251146,2616.8739052201554,218.9640001270509,32.208543644579315,2629.6001419009494,222.44183426758553,0.69347657033171,0.0,-0.7204791783257647,3.929013079667063,3.929013079667063
32.208543644579315,2629.6001419009494,222.44183426758553,20.34904310990747,2642.326378581744,225.91966840812017,0.69347657033171,0.0,-0.7204791783257647,3.929013079667063,3.929013079667063
20.34904310990748,2642.326378581744,225.91966840812017,34.46967870205057,2653.770708847361,221.8359649549584,0.69347657033171,0.0,-0.7204791783257647,3.929013079667063,3.929013079667063
34.46967870205057,2653.770708847361,221.8359649549584,48.59031429419368,2665.215039112979,217.75226150179662,0.69347657033171,0.0,-0.7204791783257647,3.929013079667063,3.929013079667063
46.32917923672242,2641.044472166567,218.35813081442376,34.46967870205057,2653.770708847361,221.8359649549584,0.69347657033171,0.0,-0.7204791783257647,3.929013079667063,3.929013079667063
34.46967870205057,2653.770708847361,221.8359649549584,22.610178167378745,2666.4969455281557,225.31379909549304,0.69347657033171,0.0,-0.7204791783257647,3.929013079667063,3.929013079667063
22.610178167378745,2666.4969455281557,225.31379909549304,36.730813759521844,2677.941275793773,221.23009564233126,0.69347657033171,0.0,-0.7204791783257647,3.929013079667063,3.929013079667063
36.730813759521844,2677.941275793773,221.23009564233126,50.85144935166494,2689.3856060593907,217.14639218916952,0.69347657033171,0.0,-0.7204791783257647,3.929013079667063,3.929013079667063
48.59031429419368,2665.215039112979,217.75226150179662,36.730813759521844,2677.941275793773,221.23009564233126,0.69347657033171,0.0,-0.7204791783257647,3.929013079667063,3.929013079667063
36.730813759521844,2677.941275793773,221.23009564233126,24.871313224850002,2690.6675124745675,224.70792978286593,0.69347657033171,0.0,-0.7204791783257647,3.929013079667063,3.929013079667063
24.871313224850002,2690.6675124745675,224.70792978286593,38.99194881699311,2702.111842740185,220.62422632970416,0.69347657033171,0.0,-0.7204791783257647,3.929013079667063,3.929013079667063
38.99194881699311,2702.111842740185,220.62422632970416,53.112584409136204,2713.5561730058025,216.54052287654238,0.69347657033171,0.0,-0.7204791783257647,3.929013079667063,3.929013079667063
50.85144935166494,2689.3856060593907,217.14639218916952,38.99194881699311,2702.111842740185,220.62422632970416,0.69347657033171,0.0,-0.7204791783257647,3.929013079667063,3.929013079667063
38.99194881699311,2702.111842740185,220.62422632970416,27.132448282321267,2714.8380794209793,224.1020604702388,0.69347657033171,0.0,-0.7204791783257647,3.929013079667063,3.929013079667063
27.132448282321274,2714.8380794209793,224.1020604702388,41.25308387446437,2726.2824096865966,220.01835701707702,0.69347657033171,0.0,-0.7204791783257647,3.929013079667063,3.929013079667063
41.25308387446437,2726.2824096865966,220.01835701707702,55.373719466607476,2737.7267399522143,215.93465356391525,0.69347657033171,0.0,-0.7204791783257647,3.929013079667063,3.929013079667063
53.11258440913621,2713.5561730058025,216.54052287654238,41.25308387446437,2726.2824096865966,220.01835701707702,0.69347657033171,0.0,-0.7204791783257647,3.929013079667063,3.929013079667063
41.25308387446437,2726.2824096865966,220.01835701707702,29.39358333979254,2739.008646367391,223.49619115761166,0.69347657033171,0.0,-0.7204791783257647,3.929013079667063,3.929013079667063
29.39358333979254,2739.008646367391,223.49619115761166,43.514218931935645,2750.452976633009,219.4124877044499,0.69347657033171,0.0,-0.7204791783257647,3.929013079667063,3.929013079667063
43.514218931935645,2750.452976633009,219.4124877044499,57.63485452407874,2761.8973068986265,215.32878425128814,0.69347657033171,0.0,-0.7204791783257647,3.929013079667063,3.929013079667063
55.373719466607476,2737.7267399522143,215.93465356391525,43.514218931935645,2750.452976633009,219.4124877044499,0.69347657033171,0.0,-0.7204791783257647,3.929013079667063,3.929013079667063
43.514218931935645,2750.452976633009,219.4124877044499,31.654718397263803,2763.1792133138033,222.89032184498456,0.69347657033171,0.0,-0.7204791783257647,3.929013079667063,3.929013079667063
31.65471839726381,2763.1792133138033,222.89032184498456,45.7753539894069,2774.6235435794206,218.80661839182278,0.69347657033171,0.0,-0.7204791783257647,3.929013079667063,3.929013079667063
45.7753539894069,2774.6235435794206,218.80661839182278,59.89598958155001,2786.0678738450383,214.722914938661,0.69347657033171,0.0,-0.7204791783257647,3.929013079667063,3.929013079667063
57.63485452407875,2761.8973068986265,215.32878425128814,45.7753539894069,2774.6235435794206,218.80661839182278,0.69347657033171,0.0,-0.7204791783257647,3.929013079667063,3.929013079667063
45.7753539894069,2774.6235435794206,218.80661839182278,33.91585345473507,2787.349780260215,222.28445253235742,0.69347657033171,0.0,-0.7204791783257647,3.929013079667063,3.929013079667063
33.91585345473507,2787.349780260215,222.28445253235742,48.03648904687818,2798.7941105258324,218.20074907919565,0.69347657033171,0.0,-0.7204791783257647,3.929013079667063,3.929013079667063
48.03648904687818,2798.7941105258324,218.20074907919565,62.157124639021276,2810.23844079145,214.11704562603387,0.69347657033171,0.0,-0.7204791783257647,3.929013079667063,3.929013079667063
59.89598958155001,2786.0678738450383,214.722914938661,48.03648904687818,2798.7941105258324,218.20074907919565,0.69347657033171,0.0,-0.7204791783257647,3.929013079667063,3.929013079667063
48.03648904687818,2798.7941105258324,218.20074907919565,36.176988512206336,2811.520347206627,221.67858321973029,0.69347657033171,0.0,-0.7204791783257647,3.929013079667063,3.929013079667063
36.176988512206336,2811.520347206627,221.67858321973029,50.29762410434944,2822.964677472244,217.5948797665685,0.69347657033171,0.0,-0.7204791783257647,3.929013079667063,3.929013079667063
50.29762410434944,2822.964677472244,217.5948797665685,64.41825969649253,2834.409007737862,213.51117631340676,0.69347657033171,0.0,-0.7204791783257647,3.929013079667063,3.929013079667063
62.157124639021276,2810.23844079145,214.11704562603387,50.29762410434944,2822.964677472244,217.5948797665685,0.69347657033171,0.0,-0.7204791783257647,3.929013079667063,3.929013079667063
50.29762410434944,2822.964677472244,217.5948797665685,38.4381235696776,2835.6909141530386,221.07271390710318,0.69347657033171,0.0,-0.7204791783257647,3.929013079667063,3.929013079667063
38.438123569677614,2835.6909141530386,221.07271390710318,52.5587591618207,2847.135244418656,216.9890104539414,0.69347657033171,0.0,-0.7204791783257647,3.929013079667063,3.929013079667063
52.5587591618207,2847.135244418656,216.9890104539414,66.6793947539638,2858.5795746842737,212.90530700077963,0.69347657033171,0.0,-0.7204791783257647,3.929013079667063,3.929013079667063
64.41825969649256,2834.409007737862,213.51117631340676,52.5587591618207,2847.135244418656,216.9890104539414,0.69347657033171,0.0,-0.7204791783257647,3.929013079667063,3.929013079667063
52.5587591618207,2847.135244418656,216.9890104539414,40.699258627148865,2859.8614810994504,220.46684459447604,0.69347657033171,0.0,-0.7204791783257647,3.929013079667063,3.929013079667063
40.699258627148865,2859.8614810994504,220.46684459447604,54.819894219291974,2871.3058113650677,216.38314114131427,0.69347657033171,0.0,-0.7204791783257647,3.929013079667063,3.929013079667063
54.819894219291974,2871.3058113650677,216.38314114131427,68.94052981143507,2882.7501416306854,212.2994376881525,0.69347657033171,0.0,-0.7204791783257647,3.929013079667063,3.929013079667063
66.6793947539638,2858.5795746842737,212.90530700077963,54.819894219291974,2871.3058113650677,216.38314114131427,0.69347657033171,0.0,-0.7204791783257647,3.929013079667063,3.929013079667063
54.819894219291974,2871.3058113650677,216.38314114131427,42.96039368462013,2884.032048045862,219.8609752818489,0.69347657033171,0.0,-0.7204791783257647,3.929013079667063,3.929013079667063
42.96039368462013,2884.032048045862,219.8609752818489,57.08102927676324,2895.4763783114795,215.77727182868713,0.69347657033171,0.0,-0.7204791783257647,3.929013079667063,3.929013079667063
57.08102927676324,2895.4763783114795,215.77727182868713,71.20166486890633,2906.9207085770972,211.69356837552536,0.69347657033171,0.0,-0.7204791783257647,3.929013079667063,3.929013079667063
68.94052981143507,2882.7501416306854,212.2994376881525,57.08102927676324,2895.4763783114795,215.77727182868713,0.69347657033171,0.0,-0.7204791783257647,3.929013079667063,3.929013079667063
57.08102927676324,2895.4763783114795,215.77727182868713,45.22152874209141,2908.202614992274,219.25510596922177,0.69347657033171,0.0,-0.7204791783257647,3.929013079667063,3.929013079667063
45.221528742091394,2908.202614992274,219.25510596922177,59.342164334234496,2919.6469452578913,215.17140251606003,0.69347657033171,0.0,-0.7204791783257647,3.929013079667063,3.929013079667063
59.342164334234496,2919.6469452578913,215.17140251606003,73.46279992637761,2931.0912755235095,211.08769906289825,0.69347657033171,0.0,-0.7204791783257647,3.929013079667063,3.929013079667063
71.20166486890633,2906.9207085770972,211.69356837552536,59.342164334234496,2919.6469452578913,215.17140251606003,0.69347657033171,0.0,-0.7204791783257647,3.929013079667063,3.929013079667063
59.342164334234496,2919.6469452578913,215.17140251606003,47.48266379956267,2932.3731819386862,218.64923665659467,0.69347657033171,0.0,-0.7204791783257647,3.929013079667063,3.929013079667063
47.48266379956267,2932.3731819386862,218.64923665659467,61.60329939170577,2943.8175122043035,214.5655332034329,0.69347657033171,0.0,-0.7204791783257647,3.929013079667063,3.929013079667063
61.60329939170577,2943.8175122043035,214.5655332034329,75.72393498384888,2955.2618424699212,210.48182975027112,0.69347657033171,0.0,-0.7204791783257647,3.929013079667063,3.929013079667063
73.46279992637761,2931.0912755235095,211.08769906289825,61.60329939170577,2943.8175122043035,214.5655332034329,0.69347657033171,0.0,-0.7204791783257647,3.929013079667063,3.929013079667063
61.60329939170577,2943.8175122043035,214.5655332034329,49.74379885703394,2956.543748885098,218.04336734396753,0.69347657033171,0.0,-0.7204791783257647,3.929013079667063,3.929013079667063
49.74379885703392,2956.543748885098,218.04336734396753,63.86443444917703,2967.9880791507153,213.95966389080576,0.69347657033171,0.0,-0.7204791783257647,3.929013079667063,3.929013079667063
63.86443444917703,2967.9880791507153,213.95966389080576,77.98507004132014,2979.432409416333,209.87596043764398,0.69347657033171,0.0,-0.7204791783257647,3.929013079667063,3.929013079667063
75.72393498384886,2955.2618424699212,210.48182975027112,63.86443444917703,2967.9880791507153,213.95966389080576,0.69347657033171,0.0,-0.7204791783257647,3.929013079667063,3.929013079667063
63.86443444917703,2967.9880791507153,213.95966389080576,52.0049339145052,2980.71431583151,217.4374980313404,0.69347657033171,0.0,-0.7204791783257647,3.929013079667063,3.929013079667063
52.0049339145052,2980.71431583151,217.4374980313404,66.1255695066483,2992.158646097127,213.35379457817862,0.69347657033171,0.0,-0.7204791783257647,3.929013079667063,3.929013079667063
66.1255695066483,2992.158646097127,213.35379457817862,80.24620509879142,3003.602976362745,209.27009112501688,0.69347657033171,0.0,-0.7204791783257647,3.929013079667063,3.929013079667063
77.98507004132014,2979.432409416333,209.87596043764398,66.1255695066483,2992.158646097127,213.35379457817862,0.69347657033171,0.0,-0.7204791783257647,3.929013079667063,3.929013079667063
66.1255695066483,2992.158646097127,213.35379457817862,54.26606897197648,3004.8848827779216,216.8316287187133,0.69347657033171,0.0,-0.7204791783257647,3.929013079667063,3.929013079667063
54.266068971976466,3004.8848827779216,216.8316287187133,68.38670456411957,3016.329213043539,212.74792526555152,0.69347657033171,0.0,-0.7204791783257647,3.929013079667063,3.929013079667063
68.38670456411957,3016.329213043539,212.74792526555152,82.50734015626267,3027.773543309157,208.66422181238974,0.69347657033171,0.0,-0.7204791783257647,3.929013079667063,3.929013079667063
80.24620509879139,3003.602976362745,209.27009112501688,68.38670456411957,3016.329213043539,212.74792526555152,0.69347657033171,0.0,-0.7204791783257647,3.929013079667063,3.929013079667063
68.38670456411957,3016.329213043539,212.74792526555152,56.527204029447745,3029.055449724334,216.22575940608615,0.69347657033171,0.0,-0.7204791783257647,3.929013079667063,3.929013079667063
56.52720402944773,3029.0554497243334,216.22575940608615,70.64783962159083,3040.4997799899506,212.14205595292438,0.69347657033171,0.0,-0.7204791783257647,3.929013079667063,3.929013079667063
70.64783962159083,3040.4997799899506,212.14205595292438,84.76847521373395,3051.944110255569,208.0583524997626,0.69347657033171,0.0,-0.7204791783257647,3.929013079667063,3.929013079667063
82.50734015626267,3027.7735433091566,208.66422181238974,70.64783962159083,3040.4997799899506,212.14205595292438,0.69347657033171,0.0,-0.7204791783257647,3.929013079667063,3.929013079667063
70.64783962159083,3040.4997799899506,212.14205595292438,58.78833908691901,3053.2260166707456,215.61989009345902,0.69347657033171,0.0,-0.7204791783257647,3.929013079667063,3.929013079667063
58.78833908691901,3053.2260166707456,215.61989009345902,72.9089746790621,3064.670346936363,211.53618664029725,0.69347657033171,0.0,-0.7204791783257647,3.929013079667063,3.929013079667063
72.9089746790621,3064.670346936363,211.53618664029725,87.0296102712052,3076.1146772019806,207.45248318713547,0.69347657033171,0.0,-0.7204791783257647,3.929013079667063,3.929013079667063
84.76847521373395,3051.944110255569,208.0583524997626,72.9089746790621,3064.670346936363,211.53618664029725,0.69347657033171,0.0,-0.7204791783257647,3.929013079667063,3.929013079667063
72.9089746790621,3064.670346936363,211.53618664029725,61.049474144390274,3077.3965836171574,215.01402078083188,0.69347657033171,0.0,-0.7204791783257647,3.929013079667063,3.929013079667063
61.04947414439026,3077.3965836171574,215.0140207808319,75.17010973653336,3088.8409138827747,210.93031732767014,0.69347657033171,0.0,-0.7204791783257647,3.929013079667063,3.929013079667063
75.17010973653336,3088.8409138827747,210.93031732767014,89.29074532867648,3100.2852441483924,206.84661387450836,0.69347657033171,0.0,-0.7204791783257647,3.929013079667063,3.929013079667063
87.0296102712052,3076.1146772019806,207.4524831871355,75.17010973653336,3088.8409138827747,210.93031732767014,0.69347657033171,0.0,-0.7204791783257647,3.929013079667063,3.929013079667063
75.17010973653336,3088.8409138827747,210.93031732767014,63.31060920186154,3101.567150563569,214.40815146820478,0.69347657033171,0.0,-0.7204791783257647,3.929013079667063,3.929013079667063
63.31060920186154,3101.567150563569,214.40815146820478,77.43124479400464,3113.0114808291864,210.324448015043,0.69347657033171,0.0,-0.7204791783257647,3.929013079667063,3.929013079667063
77.43124479400464,3113.0114808291864,210.324448015043,91.55188038614773,3124.455811094804,206.24074456188123,0.69347657033171,0.0,-0.7204791783257647,3.929013079667063,3.929013079667063
89.29074532867648,3100.2852441483924,206.84661387450836,77.43124479400464,3113.0114808291864,210.324448015043,0.69347657033171,0.0,-0.7204791783257647,3.929013079667063,3.929013079667063
77.43124479400464,3113.0114808291864,210.324448015043,65.5717442593328,3125.737717509981,213.80228215557764,0.69347657033171,0.0,-0.7204791783257647,3.929013079667063,3.929013079667063
65.5717442593328,3125.737717509981,213.80228215557764,79.6923798514759,3137.182047775598,209.71857870241587,0.69347657033171,0.0,-0.7204791783257647,3.929013079667063,3.929013079667063
79.6923798514759,3137.182047775598,209.71857870241587,93.81301544361901,3148.626378041216,205.63487524925412,0.69347657033171,0.0,-0.7204791783257647,3.929013079667063,3.929013079667063
91.55188038614773,3124.455811094804,206.24074456188123,79.6923798514759,3137.182047775598,209.71857870241587,0.69347657033171,0.0,-0.7204791783257647,3.929013079667063,3.929013079667063
79.6923798514759,3137.182047775598,209.71857870241587,67.83287931680407,3149.9082844563927,213.19641284295054,0.69347657033171,0.0,-0.7204791783257647,3.929013079667063,3.929013079667063
67.83287931680407,3149.9082844563927,213.19641284295054,81.95351490894716,3161.35261472201,209.11270938978876,0.69347657033171,0.0,-0.7204791783257647,3.929013079667063,3.929013079667063
81.95351490894716,3161.35261472201,209.11270938978876,96.07415050109026,3172.7969449876277,205.029005936627,0.69347657033171,0.0,-0.7204791783257647,3.929013079667063,3.929013079667063
93.81301544361901,3148.626378041216,205.63487524925412,81.95351490894716,3161.35261472201,209.11270938978876,0.69347657033171,0.0,-0.7204791783257647,3.929013079667063,3.929013079667063
81.95351490894716,3161.35261472201,209.11270938978876,70.09401437427533,3174.0788514028045,212.5905435303234,0.69347657033171,0.0,-0.7204791783257647,3.929013079667063,3.929013079667063
70.09401437427533,3174.0788514028045,212.5905435303234,84.21464996641843,3185.523181668422,208.50684007716163,0.69347657033171,0.0,-0.7204791783257647,3.929013079667063,3.929013079667063
84.21464996641843,3185.523181668422,208.50684007716163,98.33528555856154,3196.9675119340395,204.42313662399985,0.69347657033171,0.0,-0.7204791783257647,3.929013079667063,3.929013079667063
96.07415050109026,3172.7969449876277,205.029005936627,84.21464996641843,3185.523181668422,208.50684007716163,0.69347657033171,0.0,-0.7204791783257647,3.929013079667063,3.929013079667063
84.21464996641843,3185.523181668422,208.50684007716163,72.35514943174661,3198.2494183492163,211.98467421769627,0.69347657033171,0.0,-0.7204791783257647,3.929013079667063,3.929013079667063
72.3551494317466,3198.2494183492163,211.98467421769627,86.4757850238897,3209.6937486148336,207.9009707645345,0.69347657033171,0.0,-0.7204791783257647,3.929013079667063,3.929013079667063
86.4757850238897,3209.6937486148336,207.9009707645345,100.59642061603282,3221.1380788804518,203.81726731137272,0.69347657033171,0.0,-0.7204791783257647,3.929013079667063,3.929013079667063
98.33528555856154,3196.9675119340395,204.42313662399985,86.4757850238897,3209.6937486148336,207.9009707645345,0.69347657033171,0.0,-0.7204791783257647,3.929013079667063,3.929013079667063
86.4757850238897,3209.6937486148336,207.9009707645345,74.61628448921788,3222.4199852956285,211.37880490506913,0.69347657033171,0.0,-0.7204791783257647,3.929013079667063,3.929013079667063
74.61628448921788,3222.4199852956285,211.37880490506913,88.73692008136096,3233.864315561246,207.29510145190739,0.69347657033171,0.0,-0.7204791783257647,3.929013079667063,3.929013079667063
88.73692008136096,3233.864315561246,207.29510145190739,102.85755567350407,3245.3086458268635,203.2113979987456,0.69347657033171,0.0,-0.7204791783257647,3.929013079667063,3.929013079667063
100.59642061603282,3221.1380788804518,203.81726731137272,88.73692008136096,3233.864315561246,207.29510145190739,0.69347657033171,0.0,-0.7204791783257647,3.929013079667063,3.929013079667063
88.73692008136096,3233.864315561246,207.29510145190739,76.87741954668914,3246.5905522420403,210.77293559244202,0.69347657033171,0.0,-0.7204791783257647,3.929013079667063,3.929013079667063
76.87741954668913,3246.5905522420403,210.77293559244202,90.99805513883223,3258.0348825076576,206.68923213928025,0.69347657033171,0.0,-0.7204791783257647,3.929013079667063,3.929013079667063
90.99805513883223,3258.0348825076576,206.68923213928025,105.11869073097535,3269.4792127732753,202.60552868611848,0.69347657033171,0.0,-0.7204791783257647,3.929013079667063,3.929013079667063
102.85755567350407,3245.3086458268635,203.2113979987456,90.99805513883223,3258.0348825076576,206.68923213928025,0.69347657033171,0.0,-0.7204791783257647,3.929013079667063,3.929013079667063
90.99805513883223,3258.0348825076576,206.68923213928025,79.1385546041604,3270.761119188452,210.1670662798149,0.69347657033171,0.0,-0.7204791783257647,3.929013079667063,3.929013079667063
79.13855460416039,3270.761119188452,210.1670662798149,93.25919019630349,3282.2054494540694,206.08336282665312,0.69347657033171,0.0,-0.7204791783257647,3.929013079667063,3.929013079667063
93.25919019630349,3282.2054494540694,206.08336282665312,107.3798257884466,3293.649779719687,201.99965937349134,0.69347657033171,0.0,-0.7204791783257647,3.929013079667063,3.929013079667063
105.11869073097532,3269.4792127732753,202.60552868611848,93.25919019630349,3282.2054494540694,206.08336282665312,0.69347657033171,0.0,-0.7204791783257647,3.929013079667063,3.929013079667063
93.25919019630349,3282.2054494540694,206.08336282665312,81.39968966163167,3294.931686134864,209.56119696718775,0.69347657033171,0.0,-0.7204791783257647,3.929013079667063,3.929013079667063
81.39968966163167,3294.931686134864,209.56119696718775,95.52032525377477,3306.376016400481,205.47749351402598,0.69347657033171,0.0,-0.7204791783257647,3.929013079667063,3.929013079667063
95.52032525377477,3306.376016400481,205.47749351402598,109.64096084591787,3317.8203466660993,201.39379006086423,0.69347657033171,0.0,-0.7204791783257647,3.929013079667063,3.929013079667063
107.3798257884466,3293.649779719687,201.99965937349134,95.52032525377477,3306.376016400481,205.47749351402598,0.69347657033171,0.0,-0.7204791783257647,3.929013079667063,3.929013079667063
95.52032525377477,3306.376016400481,205.47749351402598,83.66082471910293,3319.102253081276,208.95532765456065,0.69347657033171,0.0,-0.7204791783257647,3.929013079667063,3.929013079667063
83.66082471910293,3319.1022530812756,208.95532765456065,97.78146031124602,3330.546583346893,204.87162420139887,0.69347657033171,0.0,-0.7204791783257647,3.929013079667063,3.929013079667063
97.78146031124602,3330.546583346893,204.87162420139887,111.90209590338912,3341.9909136125107,200.7879207482371,0.69347657033171,0.0,-0.7204791783257647,3.929013079667063,3.929013079667063
109.64096084591787,3317.820346666099,201.39379006086423,97.78146031124602,3330.546583346893,204.87162420139887,0.69347657033171,0.0,-0.7204791783257647,3.929013079667063,3.929013079667063
97.78146031124602,3330.546583346893,204.87162420139887,85.92195977657418,3343.2728200276874,208.3494583419335,0.69347657033171,0.0,-0.7204791783257647,3.929013079667063,3.929013079667063
85.92195977657418,3343.2728200276874,208.3494583419335,100.04259536871729,3354.717150293305,204.26575488877174,0.69347657033171,0.0,-0.7204791783257647,3.929013079667063,3.929013079667063
100.04259536871729,3354.717150293305,204.26575488877174,114.1632309608604,3366.161480558923,200.18205143560996,0.69347657033171,0.0,-0.7204791783257647,3.929013079667063,3.929013079667063
111.90209590338912,3341.9909136125107,200.7879207482371,100.04259536871729,3354.717150293305,204.26575488877174,0.69347657033171,0.0,-0.7204791783257647,3.929013079667063,3.929013079667063
100.04259536871729,3354.717150293305,204.26575488877174,88.18309483404546,3367.4433869740997,207.74358902930638,0.69347657033171,0.0,-0.7204791783257647,3.929013079667063,3.929013079667063
88.18309483404546,3367.4433869740997,207.74358902930638,102.30373042618857,3378.887717239717,203.6598855761446,0.69347657033171,0.0,-0.7204791783257647,3.929013079667063,3.929013079667063
102.30373042618857,3378.887717239717,203.6598855761446,116.42436601833165,3390.3320475053347,199.57618212298286,0.69347657033171,0.0,-0.7204791783257647,3.929013079667063,3.929013079667063
114.1632309608604,3366.161480558923,200.18205143560996,102.30373042618857,3378.887717239717,203.6598855761446,0.69347657033171,0.0,-0.7204791783257647,3.929013079667063,3.929013079667063
102.30373042618857,3378.887717239717,203.6598855761446,90.44422989151671,3391.6139539205114,207.13771971667927,0.69347657033171,0.0,-0.7204791783257647,3.929013079667063,3.929013079667063
90.44422989151671,3391.6139539205114,207.13771971667927,104.56486548365982,3403.0582841861287,203.0540162635175,0.69347657033171,0.0,-0.7204791783257647,3.929013079667063,3.929013079667063
104.56486548365982,3403.0582841861287,203.0540162635175,118.68550107580293,3414.5026144517465,198.97031281035572,0.69347657033171,0.0,-0.7204791783257647,3.929013079667063,3.929013079667063
116.42436601833165,3390.3320475053347,199.57618212298286,104.56486548365982,3403.0582841861287,203.0540162635175,0.69347657033171,0.0,-0.7204791783257647,3.929013079667063,3.929013079667063
104.56486548365982,3403.0582841861287,203.0540162635175,92.70536494898799,3415.7845208669232,206.53185040405214,0.69347657033171,0.0,-0.7204791783257647,3.929013079667063,3.929013079667063
92.70536494898799,3415.7845208669232,206.53185040405214,106.82600054113108,3427.2288511325405,202.44814695089036,0.69347657033171,0.0,-0.7204791783257647,3.929013079667063,3.929013079667063
106.82600054113108,3427.2288511325405,202.44814695089036,120.94663613327418,3438.6731813981582,198.3644434977286,0.69347657033171,0.0,-0.7204791783257647,3.929013079667063,3.929013079667063
118.68550107580293,3414.5026144517465,198.97031281035572,106.82600054113108,3427.2288511325405,202.44814695089036,0.69347657033171,0.0,-0.7204791783257647,3.929013079667063,3.929013079667063
106.82600054113108,3427.2288511325405,202.44814695089036,94.96650000645926,3439.955087813335,205.925981091425,0.69347657033171,0.0,-0.7204791783257647,3.929013079667063,3.929013079667063
94.96650000645926,3439.955087813335,205.925981091425,109.08713559860236,3451.3994180789523,201.84227763826323,0.69347657033171,0.0,-0.7204791783257647,3.929013079667063,3.929013079667063
109.08713559860236,3451.3994180789523,201.84227763826323,123.20777119074546,3462.84374834457,197.75857418510148,0.69347657033171,0.0,-0.7204791783257647,3.929013079667063,3.929013079667063
120.94663613327418,3438.6731813981582,198.3644434977286,109.08713559860236,3451.3994180789523,201.84227763826323,0.69347657033171,0.0,-0.7204791783257647,3.929013079667063,3.929013079667063
109.08713559860236,3451.3994180789523,201.84227763826323,97.22763506393053,3464.125654759747,205.3201117787979,0.69347657033171,0.0,-0.7204791783257647,3.929013079667063,3.929013079667063
1.3291640690745843e-14,2320.374426855538,217.0689655172414,-5.13983149980888,2344.5449938019497,229.28194630694162,0.0,0.0,1.0,3.929013079667063,3.929013079667063
9.662101614751437,2344.5449938019497,203.6442461022869,4.522270114942545,2368.7155607483614,215.85722689198715,0.0,0.0,1.0,3.929013079667063,3.929013079667063
4.522270114942545,2368.7155607483614,215.85722689198715,-0.617561384866347,2392.886127694773,228.07020768168738,0.0,0.0,1.0,3.929013079667063,3.929013079667063
-5.13983149980888,2344.5449938019497,229.28194630694162,4.522270114942545,2368.7155607483614,215.85722689198715,0.0,0.0,1.0,3.929013079667063,3.929013079667063
4.522270114942545,2368.7155607483614,215.85722689198715,14.18437172969397,2392.886127694773,202.43250747703266,0.0,0.0,1.0,3.929013079667063,3.929013079667063
14.18437172969397,2392.886127694773,202.43250747703266,9.044540229885076,2417.0566946411855,214.64548826673288,0.0,0.0,1.0,3.929013079667063,3.929013079667063
9.044540229885076,2417.0566946411855,214.64548826673288,3.904708730076184,2441.2272615875972,226.85846905643314,0.0,0.0,1.0,3.929013079667063,3.929013079667063
-0.617561384866347,2392.886127694773,228.07020768168738,9.044540229885076,2417.0566946411855,214.64548826673288,0.0,0.0,1.0,3.929013079667063,3.929013079667063
9.044540229885076,2417.0566946411855,214.64548826673288,18.7066418446365,2441.2272615875972,201.22076885177842,0.0,0.0,1.0,3.929013079667063,3.929013079667063
18.7066418446365,2441.2272615875972,201.22076885177842,13.566810344827609,2465.397828534009,213.43374964147864,0.0,0.0,1.0,3.929013079667063,3.929013079667063
13.566810344827609,2465.397828534009,213.43374964147864,8.426978845018715,2489.568395480421,225.64673043117887,0.0,0.0,1.0,3.929013079667063,3.929013079667063
3.904708730076184,2441.2272615875972,226.85846905643314,13.566810344827609,2465.397828534009,213.43374964147864,0.0,0.0,1.0,3.929013079667063,3.929013079667063
13.566810344827609,2465.397828534009,213.43374964147864,23.22891195957903,2489.568395480421,200.00903022652415,0.0,0.0,1.0,3.929013079667063,3.929013079667063
23.22891195957903,2489.568395480421,200.00903022652415,18.08908045977014,2513.7389624268326,212.22201101622437,0.0,0.0,1.0,3.929013079667063,3.929013079667063
18.08908045977014,2513.7389624268326,212.22201101622437,12.949248959961247,2537.9095293732444,224.43499180592462,0.0,0.0,1.0,3.929013079667063,3.929013079667063
8.426978845018715,2489.568395480421,225.64673043117887,18.08908045977014,2513.7389624268326,212.22201101622437,0.0,0.0,1.0,3.929013079667063,3.929013079667063
18.08908045977014,2513.7389624268326,212.22201101622437,27.751182074521566,2537.9095293732444,198.7972916012699,0.0,0.0,1.0,3.929013079667063,3.929013079667063
27.751182074521566,2537.9095293732444,198.7972916012699,22.611350574712674,2562.0800963196566,211.01027239097013,0.0,0.0,1.0,3.929013079667063,3.929013079667063
22.611350574712674,2562.0800963196566,211.01027239097013,17.47151907490378,2586.2506632660684,223.22325318067035,0.0,0.0,1.0,3.929013079667063,3.929013079667063
12.949248959961247,2537.9095293732444,224.43499180592462,22.611350574712674,2562.0800963196566,211.01027239097013,0.0,0.0,1.0,3.929013079667063,3.929013079667063
22.611350574712674,2562.0800963196566,211.01027239097013,32.273452189464095,2586.2506632660684,197.58555297601563,0.0,0.0,1.0,3.929013079667063,3.929013079667063
32.273452189464095,2586.2506632660684,197.58555297601563,27.133620689655206,2610.42123021248,209.7985337657159,0.0,0.0,1.0,3.929013079667063,3.929013079667063
27.133620689655206,2610.42123021248,209.7985337657159,21.993789189846318,2634.591797158892,222.0115145554161,0.0,0.0,1.0,3.929013079667063,3.929013079667063
17.47151907490378,2586.2506632660684,223.22325318067035,27.133620689655206,2610.42123021248,209.7985337657159,0.0,0.0,1.0,3.929013079667063,3.929013079667063
27.133620689655206,2610.42123021248,209.7985337657159,36.79572230440663,2634.591797158892,196.3738143507614,0.0,0.0,1.0,3.929013079667063,3.929013079667063
36.79572230440663,2634.591797158892,196.3738143507614,31.655890804597735,2658.7623641053037,208.58679514046162,0.0,0.0,1.0,3.929013079667063,3.929013079667063
31.655890804597735,2658.7623641053037,208.58679514046162,26.516059304788854,2682.9329310517155,220.79977593016187,0.0,0.0,1.0,3.929013079667063,3.929013079667063
21.993789189846318,2634.591797158892,222.0115145554161,31.655890804597735,2658.7623641053037,208.58679514046162,0.0,0.0,1.0,3.929013079667063,3.929013079667063
31.655890804597735,2658.7623641053037,208.58679514046162,41.31799241934917,2682.9329310517155,195.16207572550715,0.0,0.0,1.0,3.929013079667063,3.929013079667063
41.31799241934915,2682.9329310517155,195.16207572550715,36.17816091954027,2707.1034979981278,207.37505651520738,0.0,0.0,1.0,3.929013079667063,3.929013079667063
36.17816091954027,2707.1034979981278,207.37505651520738,31.038329419731376,2731.2740649445395,219.5880373049076,0.0,0.0,1.0,3.929013079667063,3.929013079667063
26.51605930478884,2682.9329310517155,220.79977593016187,36.17816091954027,2707.1034979981278,207.37505651520738,0.0,0.0,1.0,3.929013079667063,3.929013079667063
36.17816091954027,2707.1034979981278,207.37505651520738,45.84026253429169,2731.2740649445395,193.95033710025288,0.0,0.0,1.0,3.929013079667063,3.929013079667063
45.84026253429169,2731.2740649445395,193.95033710025288,40.700431034482804,2755.4446318909513,206.16331788995313,0.0,0.0,1.0,3.929013079667063,3.929013079667063
40.700431034482804,2755.4446318909513,206.16331788995313,35.56059953467391,2779.615198837363,218.37629867965336,0.0,0.0,1.0,3.929013079667063,3.929013079667063
31.038329419731376,2731.2740649445395,219.5880373049076,40.700431034482804,2755.4446318909513,206.16331788995313,0.0,0.0,1.0,3.929013079667063,3.929013079667063
40.700431034482804,2755.4446318909513,206.16331788995313,50.362532649234225,2779.615198837363,192.73859847499864,0.0,0.0,1.0,3.929013079667063,3.929013079667063
50.362532649234225,2779.615198837363,192.73859847499864,45.22270114942534,2803.785765783775,204.95157926469886,0.0,0.0,1.0,3.929013079667063,3.929013079667063
45.22270114942534,2803.785765783775,204.95157926469886,40.08286964961645,2827.9563327301867,217.1645600543991,0.0,0.0,1.0,3.929013079667063,3.929013079667063
35.56059953467391,2779.615198837363,218.37629867965336,45.22270114942534,2803.785765783775,204.95157926469886,0.0,0.0,1.0,3.929013079667063,3.929013079667063
45.22270114942534,2803.785765783775,204.95157926469886,54.88480276417676,2827.9563327301867,191.52685984974437,0.0,0.0,1.0,3.929013079667063,3.929013079667063
54.88480276417676,2827.9563327301867,191.52685984974437,49.74497126436786,2852.1268996765984,203.73984063944462,0.0,0.0,1.0,3.929013079667063,3.929013079667063
49.74497126436786,2852.1268996765984,203.73984063944462,44.60513976455898,2876.2974666230107,215.95282142914485,0.0,0.0,1.0,3.929013079667063,3.929013079667063
40.08286964961645,2827.9563327301867,217.1645600543991,49.74497126436786,2852.1268996765984,203.73984063944462,0.0,0.0,1.0,3.929013079667063,3.929013079667063
49.74497126436786,2852.1268996765984,203.73984063944462,59.40707287911929,2876.2974666230107,190.31512122449013,0.0,0.0,1.0,3.929013079667063,3.929013079667063
59.40707287911928,2876.29746662301,190.31512122449013,54.2672413793104,2900.4680335694225,202.52810201419035,0.0,0.0,1.0,3.929013079667063,3.929013079667063
54.2672413793104,2900.4680335694225,202.52810201419035,49.127409879501506,2924.6386005158342,214.7410828038906,0.0,0.0,1.0,3.929013079667063,3.929013079667063
44.60513976455897,2876.29746662301,215.95282142914485,54.2672413793104,2900.4680335694225,202.52810201419035,0.0,0.0,1.0,3.929013079667063,3.929013079667063
54.2672413793104,2900.4680335694225,202.52810201419035,63.92934299406182,2924.6386005158342,189.10338259923589,0.0,0.0,1.0,3.929013079667063,3.929013079667063
63.92934299406183,2924.6386005158342,189.10338259923589,58.789511494252935,2948.809167462246,201.3163633889361,0.0,0.0,1.0,3.929013079667063,3.929013079667063
58.789511494252935,2948.809167462246,201.3163633889361,53.649679994444035,2972.979734408658,213.52934417863634,0.0,0.0,1.0,3.929013079667063,3.929013079667063
49.12740987950151,2924.6386005158342,214.7410828038906,58.789511494252935,2948.809167462246,201.3163633889361,0.0,0.0,1.0,3.929013079667063,3.929013079667063
58.789511494252935,2948.809167462246,201.3163633889361,68.45161310900436,2972.979734408658,187.89164397398162,0.0,0.0,1.0,3.929013079667063,3.929013079667063
68.45161310900437,2972.9797344086583,187.89164397398162,63.31178160919547,2997.15030135507,200.10462476368187,0.0,0.0,1.0,3.929013079667063,3.929013079667063
63.31178160919547,2997.15030135507,200.10462476368187,58.17195010938657,3021.320868301482,212.3176055533821,0.0,0.0,1.0,3.929013079667063,3.929013079667063
53.64967999444405,2972.9797344086583,213.52934417863634,63.31178160919547,2997.15030135507,200.10462476368187,0.0,0.0,1.0,3.929013079667063,3.929013079667063
63.31178160919547,2997.15030135507,200.10462476368187,72.97388322394688,3021.320868301482,186.67990534872737,0.0,0.0,1.0,3.929013079667063,3.929013079667063
72.97388322394688,3021.320868301482,186.67990534872737,67.83405172413799,3045.4914352478936,198.8928861384276,0.0,0.0,1.0,3.929013079667063,3.929013079667063
67.83405172413799,3045.4914352478936,198.8928861384276,62.6942202243291,3069.6620021943054,211.10586692812785,0.0,0.0,1.0,3.929013079667063,3.929013079667063
58.17195010938657,3021.320868301482,212.3176055533821,67.83405172413799,3045.4914352478936,198.8928861384276,0.0,0.0,1.0,3.929013079667063,3.929013079667063
67.83405172413799,3045.4914352478936,198.8928861384276,77.49615333888941,3069.6620021943054,185.46816672347313,0.0,0.0,1.0,3.929013079667063,3.929013079667063
77.49615333888943,3069.6620021943054,185.46816672347313,72.35632183908052,3093.832569140717,197.68114751317336,0.0,0.0,1.0,3.929013079667063,3.929013079667063
72.35632183908052,3093.832569140717,197.68114751317336,67.21649033927163,3118.003136087129,209.89412830287358,0.0,0.0,1.0,3.929013079667063,3.929013079667063
62.694220224329115,3069.6620021943054,211.10586692812785,72.35632183908052,3093.832569140717,197.68114751317336,0.0,0.0,1.0,3.929013079667063,3.929013079667063
72.35632183908052,3093.832569140717,197.68114751317336,82.01842345383194,3118.003136087129,184.25642809821886,0.0,0.0,1.0,3.929013079667063,3.929013079667063
82.01842345383196,3118.003136087129,184.25642809821886,76.87859195402307,3142.1737030335407,196.4694088879191,0.0,0.0,1.0,3.929013079667063,3.929013079667063
76.87859195402307,3142.1737030335407,196.4694088879191,71.73876045421417,3166.3442699799525,208.68238967761934,0.0,0.0,1.0,3.929013079667063,3.929013079667063
67.21649033927164,3118.003136087129,209.89412830287358,76.87859195402307,3142.1737030335407,196.4694088879191,0.0,0.0,1.0,3.929013079667063,3.929013079667063
76.87859195402307,3142.1737030335407,196.4694088879191,86.54069356877449,3166.3442699799525,183.04468947296462,0.0,0.0,1.0,3.929013079667063,3.929013079667063
86.54069356877449,3166.344269979953,183.04468947296462,81.4008620689656,3190.5148369263648,195.25767026266485,0.0,0.0,1.0,3.929013079667063,3.929013079667063
81.4008620689656,3190.5148369263648,195.25767026266485,76.2610305691567,3214.6854038727765,207.47065105236507,0.0,0.0,1.0,3.929013079667063,3.929013079667063
71.73876045421417,3166.344269979953,208.68238967761934,81.4008620689656,3190.5148369263648,195.25767026266485,0.0,0.0,1.0,3.929013079667063,3.929013079667063
81.4008620689656,3190.5148369263648,195.25767026266485,91.06296368371702,3214.6854038727765,181.83295084771035,0.0,0.0,1.0,3.929013079667063,3.929013079667063
91.06296368371703,3214.6854038727765,181.83295084771035,85.92313218390814,3238.8559708191883,194.0459316374106,0.0,0.0,1.0,3.929013079667063,3.929013079667063
85.92313218390814,3238.8559708191883,194.0459316374106,80.78330068409923,3263.0265377656,206.25891242711083,0.0,0.0,1.0,3.929013079667063,3.929013079667063
76.26103056915672,3214.6854038727765,207.47065105236507,85.92313218390814,3238.8559708191883,194.0459316374106,0.0,0.0,1.0,3.929013079667063,3.929013079667063
85.92313218390814,3238.8559708191883,194.0459316374106,95.58523379865954,3263.0265377656,180.6212122224561,0.0,0.0,1.0,3.929013079667063,3.929013079667063
95.58523379865954,3263.0265377656,180.6212122224561,90.44540229885065,3287.197104712012,192.83419301215633,0.0,0.0,1.0,3.929013079667063,3.929013079667063
90.44540229885065,3287.197104712012,192.83419301215633,85.30557079904176,3311.3676716584237,205.0471738018566,0.0,0.0,1.0,3.929013079667063,3.929013079667063
80.78330068409923,3263.0265377656,206.25891242711083,90.44540229885065,3287.197104712012,192.83419301215633,0.0,0.0,1.0,3.929013079667063,3.929013079667063
90.44540229885065,3287.197104712012,192.83419301215633,100.10750391360207,3311.3676716584237,179.40947359720187,0.0,0.0,1.0,3.929013079667063,3.929013079667063
100.10750391360209,3311.367671658424,179.40947359720187,94.9676724137932,3335.538238604836,191.6224543869021,0.0,0.0,1.0,3.929013079667063,3.929013079667063
94.9676724137932,3335.538238604836,191.6224543869021,89.82784091398429,3359.7088055512477,203.83543517660232,0.0,0.0,1.0,3.929013079667063,3.929013079667063
85.30557079904177,3311.367671658424,205.0471738018566,94.9676724137932,3335.538238604836,191.6224543869021,0.0,0.0,1.0,3.929013079667063,3.929013079667063
94.9676724137932,3335.538238604836,191.6224543869021,104.6297740285446,3359.7088055512477,178.1977349719476,0.0,0.0,1.0,3.929013079667063,3.929013079667063
104.62977402854462,3359.7088055512477,178.1977349719476,99.48994252873571,3383.8793724976595,190.41071576164785,0.0,0.0,1.0,3.929013079667063,3.929013079667063
99.48994252873571,3383.8793724976595,190.41071576164785,94.35011102892683,3408.0499394440712,202.62369655134808,0.0,0.0,1.0,3.929013079667063,3.929013079667063
89.8278409139843,3359.7088055512477,203.83543517660232,99.48994252873571,3383.8793724976595,190.41071576164785,0.0,0.0,1.0,3.929013079667063,3.929013079667063
99.48994252873571,3383.8793724976595,190.41071576164785,109.15204414348715,3408.0499394440712,176.98599634669336,0.0,0.0,1.0,3.929013079667063,3.929013079667063
109.15204414348712,3408.0499394440712,176.98599634669336,104.01221264367824,3432.220506390483,189.19897713639358,0.0,0.0,1.0,3.929013079667063,3.929013079667063
104.01221264367824,3432.220506390483,189.19897713639358,98.87238114386935,3456.391073336895,201.4119579260938,0.0,0.0,1.0,3.929013079667063,3.929013079667063
94.3501110289268,3408.0499394440712,202.62369655134808,104.01221264367824,3432.220506390483,189.19897713639358,0.0,0.0,1.0,3.929013079667063,3.929013079667063
104.01221264367824,3432.220506390483,189.19897713639358,113.67431425842966,3456.391073336895,175.77425772143908,0.0,0.0,1.0,3.929013079667063,3.929013079667063
108.53448275862078,3480.5616402833066,187.98723851113934,98.87238114386935,3456.391073336895,201.4119579260938,0.0,0.0,1.0,3.929013079667063,3.929013079667063
14.18437172969397,2392.886127694773,202.43250747703266,17.276244246414425,2400.620709117625,198.13659726424723,0.0,0.0,1.0,3.929013079667063,3.929013079667063
-0.617561384866347,2392.886127694773,228.07020768168738,-2.2623074648051924,2400.620709117625,231.97836153439144,0.0,0.0,1.0,3.929013079667063,3.929013079667063
18.7066418446365,2441.2272615875972,201.22076885177842,21.798514361356958,2448.961843010449,196.924858638993,0.0,0.0,1.0,3.929013079667063,3.929013079667063
3.904708730076184,2441.2272615875972,226.85846905643314,2.259962650137341,2448.961843010449,230.7666229091372,0.0,0.0,1.0,3.929013079667063,3.929013079667063
23.22891195957903,2489.568395480421,200.00903022652415,26.320784476299494,2497.302976903273,195.71312001373872,0.0,0.0,1.0,3.929013079667063,3.929013079667063
8.426978845018715,2489.568395480421,225.64673043117887,6.7822327650798755,2497.302976903273,229.55488428388293,0.0,0.0,1.0,3.929013079667063,3.929013079667063
27.751182074521566,2537.9095293732444,198.7972916012699,30.843054591242023,2545.6441107960964,194.50138138848448,0.0,0.0,1.0,3.929013079667063,3.929013079667063
12.949248959961247,2537.9095293732444,224.43499180592462,11.304502880022405,2545.6441107960964,228.34314565862869,0.0,0.0,1.0,3.929013079667063,3.929013079667063
32.273452189464095,2586.2506632660684,197.58555297601563,35.36532470618455,2593.98524468892,193.28964276323023,0.0,0.0,1.0,3.929013079667063,3.929013079667063
17.47151907490378,2586.2506632660684,223.22325318067035,15.826772994964937,2593.98524468892,227.13140703337444,0.0,0.0,1.0,3.929013079667063,3.929013079667063
36.79572230440663,2634.591797158892,196.3738143507614,39.88759482112709,2642.326378581744,192.07790413797596,0.0,0.0,1.0,3.929013079667063,3.929013079667063
21.993789189846318,2634.591797158892,222.0115145554161,20.34904310990747,2642.326378581744,225.91966840812017,0.0,0.0,1.0,3.929013079667063,3.929013079667063
41.31799241934917,2682.9329310517155,195.16207572550715,44.409864936069624,2690.6675124745675,190.86616551272172,0.0,0.0,1.0,3.929013079667063,3.929013079667063
26.516059304788854,2682.9329310517155,220.79977593016187,24.871313224850002,2690.6675124745675,224.70792978286593,0.0,0.0,1.0,3.929013079667063,3.929013079667063
45.84026253429169,2731.2740649445395,193.95033710025288,48.93213505101215,2739.008646367391,189.65442688746745,0.0,0.0,1.0,3.929013079667063,3.929013079667063
31.038329419731376,2731.2740649445395,219.5880373049076,29.39358333979253,2739.008646367391,223.49619115761166,0.0,0.0,1.0,3.929013079667063,3.929013079667063
50.362532649234225,2779.615198837363,192.73859847499864,53.45440516595468,2787.349780260215,188.4426882622132,0.0,0.0,1.0,3.929013079667063,3.929013079667063
35.56059953467391,2779.615198837363,218.37629867965336,33.91585345473506,2787.349780260215,222.28445253235742,0.0,0.0,1.0,3.929013079667063,3.929013079667063
54.88480276417676,2827.9563327301867,191.52685984974437,57.97667528089721,2835.6909141530386,187.23094963695897,0.0,0.0,1.0,3.929013079667063,3.929013079667063
40.08286964961645,2827.9563327301867,217.1645600543991,38.4381235696776,2835.6909141530386,221.07271390710318,0.0,0.0,1.0,3.929013079667063,3.929013079667063
59.40707287911929,2876.2974666230107,190.31512122449013,62.498945395839755,2884.032048045862,186.0192110117047,0.0,0.0,1.0,3.929013079667063,3.929013079667063
44.60513976455898,2876.2974666230107,215.95282142914485,42.96039368462013,2884.032048045862,219.8609752818489,0.0,0.0,1.0,3.929013079667063,3.929013079667063
63.92934299406182,2924.6386005158342,189.10338259923589,67.02121551078227,2932.373181938686,184.80747238645046,0.0,0.0,1.0,3.929013079667063,3.929013079667063
49.127409879501506,2924.6386005158342,214.7410828038906,47.48266379956266,2932.373181938686,218.64923665659467,0.0,0.0,1.0,3.929013079667063,3.929013079667063
68.45161310900436,2972.979734408658,187.89164397398162,71.54348562572481,2980.71431583151,183.59573376119621,0.0,0.0,1.0,3.929013079667063,3.929013079667063
53.649679994444035,2972.979734408658,213.52934417863634,52.00493391450519,2980.71431583151,217.43749803134043,0.0,0.0,1.0,3.929013079667063,3.929013079667063
72.97388322394688,3021.320868301482,186.67990534872737,76.06575574066734,3029.0554497243334,182.38399513594194,0.0,0.0,1.0,3.929013079667063,3.929013079667063
58.17195010938657,3021.320868301482,212.3176055533821,56.52720402944773,3029.0554497243334,216.22575940608615,0.0,0.0,1.0,3.929013079667063,3.929013079667063
77.49615333888941,3069.6620021943054,185.46816672347313,80.58802585560987,3077.396583617157,181.1722565106877,0.0,0.0,1.0,3.929013079667063,3.929013079667063
62.6942202243291,3069.6620021943054,211.10586692812785,61.04947414439026,3077.396583617157,215.0140207808319,0.0,0.0,1.0,3.929013079667063,3.929013079667063
82.01842345383194,3118.003136087129,184.25642809821886,85.1102959705524,3125.737717509981,179.96051788543343,0.0,0.0,1.0,3.929013079667063,3.929013079667063
67.21649033927163,3118.003136087129,209.89412830287358,65.57174425933279,3125.737717509981,213.80228215557764,0.0,0.0,1.0,3.929013079667063,3.929013079667063
86.54069356877449,3166.3442699799525,183.04468947296462,89.63256608549493,3174.0788514028045,178.7487792601792,0.0,0.0,1.0,3.929013079667063,3.929013079667063
71.73876045421417,3166.3442699799525,208.68238967761934,70.09401437427532,3174.0788514028045,212.5905435303234,0.0,0.0,1.0,3.929013079667063,3.929013079667063
91.06296368371702,3214.6854038727765,181.83295084771035,94.15483620043747,3222.419985295628,177.53704063492492,0.0,0.0,1.0,3.929013079667063,3.929013079667063
76.2610305691567,3214.6854038727765,207.47065105236507,74.61628448921786,3222.419985295628,211.37880490506913,0.0,0.0,1.0,3.929013079667063,3.929013079667063
95.58523379865954,3263.0265377656,180.6212122224561,98.67710631538,3270.761119188452,176.32530200967068,0.0,0.0,1.0,3.929013079667063,3.929013079667063
80.78330068409923,3263.0265377656,206.25891242711083,79.13855460416039,3270.761119188452,210.1670662798149,0.0,0.0,1.0,3.929013079667063,3.929013079667063
100.10750391360207,3311.3676716584237,179.40947359720187,103.19937643032253,3319.1022530812756,175.11356338441644,0.0,0.0,1.0,3.929013079667063,3.929013079667063
85.30557079904176,3311.3676716584237,205.0471738018566,83.66082471910292,3319.1022530812756,208.95532765456065,0.0,0.0,1.0,3.929013079667063,3.929013079667063
104.6297740285446,3359.7088055512477,178.1977349719476,107.72164654526505,3367.443386974099,173.90182475916217,0.0,0.0,1.0,3.929013079667063,3.929013079667063
89.82784091398429,3359.7088055512477,203.83543517660232,88.18309483404543,3367.443386974099,207.74358902930638,0.0,0.0,1.0,3.929013079667063,3.929013079667063
109.15204414348715,3408.0499394440712,176.98599634669336,112.2439166602076,3415.7845208669232,172.69008613390793,0.0,0.0,1.0,3.929013079667063,3.929013079667063
94.35011102892683,3408.0499394440712,202.62369655134808,92.70536494898799,3415.7845208669232,206.53185040405214,0.0,0.0,1.0,3.929013079667063,3.929013079667063
113.67431425842966,3456.391073336895,175.77425772143908,116.76618677515012,3464.125654759747,171.47834750865368,0.0,0.0,1.0,3.929013079667063,3.929013079667063
98.87238114386935,3456.391073336895,201.4119579260938,97.2276350639305,3464.125654759747,205.3201117787979,0.0,0.0,1.0,3.929013079667063,3.929013079667063
108.53448275862078,3480.5616402833066,187.98723851113934,113.67431425842966,3456.391073336895,175.77425772143908,0.0,0.0,1.0,3.929013079667063,3.929013079667063
9.258752093553696e-15,2320.374426855538,151.20689655172413,11.32603465103444,2344.5449938019497,143.33640001950965,0.0,0.0,1.0,3.929013079667063,3.929013079667063
7.27489867809974,2353.172020949085,166.851396777202,10.325096289192372,2364.811081560149,153.62359933955022,-0.6900981947236448,0.0,-0.7237157464358271,3.929013079667063,3.929013079667063
10.325096289192372,2364.811081560149,153.62359933955022,13.375293900285003,2376.4501421712134,140.3958019018984,-0.6900981947236448,0.0,-0.7237157464358271,3.929013079667063,3.929013079667063
14.950365739365463,2352.2795752248016,140.817841129201,10.325096289192372,2364.811081560149,153.62359933955022,-0.6900981947236448,0.0,-0.7237157464358271,3.929013079667063,3.929013079667063
10.325096289192372,2364.811081560149,153.62359933955022,5.6998268390192806,2377.3425878954968,166.4293575498994,-0.6900981947236448,0.0,-0.7237157464358271,3.929013079667063,3.929013079667063
5.6998268390192806,2377.3425878954968,166.4293575498994,8.750024450111912,2388.9816485065608,153.20156011224762,-0.6900981947236448,0.0,-0.7237157464358271,3.929013079667063,3.929013079667063
8.750024450111912,2388.9816485065608,153.20156011224762,11.800222061204542,2400.620709117625,139.9737626745958,-0.6900981947236448,0.0,-0.7237157464358271,3.929013079667063,3.929013079667063
13.375293900285003,2376.4501421712134,140.3958019018984,8.750024450111912,2388.9816485065608,153.20156011224762,-0.6900981947236448,0.0,-0.7237157464358271,3.929013079667063,3.929013079667063
8.750024450111912,2388.9816485065608,153.20156011224762,4.124754999938819,2401.5131548419085,166.0073183225968,-0.6900981947236448,0.0,-0.7237157464358271,3.929013079667063,3.929013079667063
4.124754999938819,2401.5131548419085,166.0073183225968,7.174952611031451,2413.1522154529725,152.77952088494501,-0.6900981947236448,0.0,-0.7237157464358271,3.929013079667063,3.929013079667063
7.174952611031451,2413.1522154529725,152.77952088494501,10.22515022212408,2424.791276064037,139.5517234472932,-0.6900981947236448,0.0,-0.7237157464358271,3.929013079667063,3.929013079667063
11.800222061204542,2400.620709117625,139.9737626745958,7.174952611031451,2413.1522154529725,152.77952088494501,-0.6900981947236448,0.0,-0.7237157464358271,3.929013079667063,3.929013079667063
7.174952611031451,2413.1522154529725,152.77952088494501,2.5496831608583577,2425.6837217883203,165.5852790952942,-0.6900981947236448,0.0,-0.7237157464358271,3.929013079667063,3.929013079667063
2.5496831608583594,2425.6837217883203,165.5852790952942,5.599880771950991,2437.3227823993843,152.35748165764238,-0.6900981947236448,0.0,-0.7237157464358271,3.929013079667063,3.929013079667063
5.599880771950991,2437.3227823993843,152.35748165764238,8.650078383043622,2448.961843010449,139.12968421999057,-0.6900981947236448,0.0,-0.7237157464358271,3.929013079667063,3.929013079667063
10.225150222124082,2424.791276064037,139.5517234472932,5.599880771950991,2437.3227823993843,152.35748165764238,-0.6900981947236448,0.0,-0.7237157464358271,3.929013079667063,3.929013079667063
5.599880771950991,2437.3227823993843,152.35748165764238,0.9746113217778998,2449.854288734732,165.16323986799156,-0.6900981947236448,0.0,-0.7237157464358271,3.929013079667063,3.929013079667063
0.9746113217778998,2449.854288734732,165.16323986799156,4.024808932870529,2461.4933493457966,151.93544243033978,-0.6900981947236448,0.0,-0.7237157464358271,3.929013079667063,3.929013079667063
4.024808932870529,2461.4933493457966,151.93544243033978,7.075006543963161,2473.132409956861,138.70764499268796,-0.6900981947236448,0.0,-0.7237157464358271,3.929013079667063,3.929013079667063
8.650078383043622,2448.961843010449,139.12968421999057,4.024808932870529,2461.4933493457966,151.93544243033978,-0.6900981947236448,0.0,-0.7237157464358271,3.929013079667063,3.929013079667063
4.024808932870529,2461.4933493457966,151.93544243033978,-0.6004605173025617,2474.0248556811443,164.74120064068896,-0.6900981947236448,0.0,-0.7237157464358271,3.929013079667063,3.929013079667063
-0.6004605173025617,2474.0248556811443,164.74120064068896,2.4497370937900698,2485.6639162922083,151.51340320303717,-0.6900981947236448,0.0,-0.7237157464358271,3.929013079667063,3.929013079667063
2.4497370937900698,2485.6639162922083,151.51340320303717,5.499934704882699,2497.302976903273,138.28560576538536,-0.6900981947236448,0.0,-0.7237157464358271,3.929013079667063,3.929013079667063
7.075006543963161,2473.132409956861,138.70764499268796,2.4497370937900698,2485.6639162922083,151.51340320303717,-0.6900981947236448,0.0,-0.7237157464358271,3.929013079667063,3.929013079667063
2.4497370937900698,2485.6639162922083,151.51340320303717,-2.175532356383023,2498.195422627556,164.31916141338635,-0.6900981947236448,0.0,-0.7237157464358271,3.929013079667063,3.929013079667063
-2.175532356383023,2498.195422627556,164.31916141338635,0.8746652547096101,2509.83448323862,151.09136397573457,-0.6900981947236448,0.0,-0.7237157464358271,3.929013079667063,3.929013079667063
0.8746652547096101,2509.83448323862,151.09136397573457,3.9248628658022415,2521.4735438496846,137.86356653808275,-0.6900981947236448,0.0,-0.7237157464358271,3.929013079667063,3.929013079667063
5.499934704882699,2497.302976903273,138.28560576538536,0.8746652547096101,2509.83448323862,151.09136397573457,-0.6900981947236448,0.0,-0.7237157464358271,3.929013079667063,3.929013079667063
0.8746652547096101,2509.83448323862,151.09136397573457,-3.750604195463481,2522.365989573968,163.89712218608375,-0.6900981947236448,0.0,-0.7237157464358271,3.929013079667063,3.929013079667063
-3.750604195463483,2522.365989573968,163.89712218608372,-0.7004065843708513,2534.005050185032,150.66932474843193,-0.6900981947236448,0.0,-0.7237157464358271,3.929013079667063,3.929013079667063
-0.7004065843708513,2534.005050185032,150.66932474843193,2.34979102672178,2545.6441107960964,137.44152731078012,-0.6900981947236448,0.0,-0.7237157464358271,3.929013079667063,3.929013079667063
3.9248628658022398,2521.4735438496846,137.86356653808272,-0.7004065843708513,2534.005050185032,150.66932474843193,-0.6900981947236448,0.0,-0.7237157464358271,3.929013079667063,3.929013079667063
-0.7004065843708513,2534.005050185032,150.66932474843193,-5.3256760345439424,2546.5365565203797,163.47508295878112,-0.6900981947236448,0.0,-0.7237157464358271,3.929013079667063,3.929013079667063
-5.325676034543944,2546.5365565203797,163.47508295878112,-2.275478423451311,2558.1756171314437,150.24728552112933,-0.6900981947236448,0.0,-0.7237157464358271,3.929013079667063,3.929013079667063
-2.275478423451311,2558.1756171314437,150.24728552112933,0.7747191876413204,2569.814677742508,137.0194880834775,-0.6900981947236448,0.0,-0.7237157464358271,3.929013079667063,3.929013079667063
2.3497910267217783,2545.6441107960964,137.44152731078012,-2.275478423451311,2558.1756171314437,150.24728552112933,-0.6900981947236448,0.0,-0.7237157464358271,3.929013079667063,3.929013079667063
-2.275478423451311,2558.1756171314437,150.24728552112933,-6.900747873624402,2570.7071234667915,163.0530437314785,-0.6900981947236448,0.0,-0.7237157464358271,3.929013079667063,3.929013079667063
-6.900747873624402,2570.7071234667915,163.0530437314785,-3.850550262531769,2582.3461840778555,149.82524629382672,-0.6900981947236448,0.0,-0.7237157464358271,3.929013079667063,3.929013079667063
-3.850550262531769,2582.3461840778555,149.82524629382672,-0.800352651439141,2593.98524468892,136.5974488561749,-0.6900981947236448,0.0,-0.7237157464358271,3.929013079667063,3.929013079667063
0.7747191876413204,2569.814677742508,137.0194880834775,-3.850550262531769,2582.3461840778555,149.82524629382672,-0.6900981947236448,0.0,-0.7237157464358271,3.929013079667063,3.929013079667063
-3.850550262531769,2582.3461840778555,149.82524629382672,-8.475819712704864,2594.8776904132033,162.6310045041759,-0.6900981947236448,0.0,-0.7237157464358271,3.929013079667063,3.929013079667063
-8.475819712704864,2594.8776904132033,162.6310045041759,-5.42562210161223,2606.5167510242677,149.40320706652412,-0.6900981947236448,0.0,-0.7237157464358271,3.929013079667063,3.929013079667063
-5.42562210161223,2606.5167510242677,149.40320706652412,-2.375424490519599,2618.155811635332,136.17540962887227,-0.6900981947236448,0.0,-0.7237157464358271,3.929013079667063,3.929013079667063
-0.800352651439141,2593.98524468892,136.5974488561749,-5.42562210161223,2606.5167510242677,149.40320706652412,-0.6900981947236448,0.0,-0.7237157464358271,3.929013079667063,3.929013079667063
-5.42562210161223,2606.5167510242677,149.40320706652412,-10.050891551785321,2619.0482573596155,162.20896527687327,-0.6900981947236448,0.0,-0.7237157464358271,3.929013079667063,3.929013079667063
-10.050891551785321,2619.0482573596155,162.20896527687327,-7.000693940692688,2630.6873179706795,148.98116783922148,-0.6900981947236448,0.0,-0.7237157464358271,3.929013079667063,3.929013079667063
-7.000693940692688,2630.6873179706795,148.98116783922148,-3.950496329600057,2642.326378581744,135.75337040156967,-0.6900981947236448,0.0,-0.7237157464358271,3.929013079667063,3.929013079667063
-2.375424490519599,2618.155811635332,136.17540962887227,-7.000693940692688,2630.6873179706795,148.98116783922148,-0.6900981947236448,0.0,-0.7237157464358271,3.929013079667063,3.929013079667063
-7.000693940692688,2630.6873179706795,148.98116783922148,-11.62596339086578,2643.2188243060273,161.78692604957067,-0.6900981947236448,0.0,-0.7237157464358271,3.929013079667063,3.929013079667063
-11.62596339086578,2643.2188243060273,161.78692604957067,-8.575765779773146,2654.8578849170913,148.55912861191888,-0.6900981947236448,0.0,-0.7237157464358271,3.929013079667063,3.929013079667063
-8.575765779773146,2654.8578849170913,148.55912861191888,-5.525568168680515,2666.4969455281557,135.33133117426706,-0.6900981947236448,0.0,-0.7237157464358271,3.929013079667063,3.929013079667063
-3.950496329600057,2642.326378581744,135.75337040156967,-8.575765779773146,2654.8578849170913,148.55912861191888,-0.6900981947236448,0.0,-0.7237157464358271,3.929013079667063,3.929013079667063
-8.575765779773146,2654.8578849170913,148.55912861191888,-13.201035229946237,2667.389391252439,161.36488682226806,-0.6900981947236448,0.0,-0.7237157464358271,3.929013079667063,3.929013079667063
-13.201035229946237,2667.389391252439,161.36488682226806,-10.150837618853608,2679.028451863503,148.13708938461627,-0.6900981947236448,0.0,-0.7237157464358271,3.929013079667063,3.929013079667063
-10.150837618853608,2679.028451863503,148.13708938461627,-7.100640007760976,2690.6675124745675,134.90929194696446,-0.6900981947236448,0.0,-0.7237157464358271,3.929013079667063,3.929013079667063
-5.525568168680515,2666.4969455281557,135.33133117426706,-10.150837618853608,2679.028451863503,148.13708938461627,-0.6900981947236448,0.0,-0.7237157464358271,3.929013079667063,3.929013079667063
-10.150837618853608,2679.028451863503,148.13708938461627,-14.776107069026699,2691.559958198851,160.94284759496546,-0.6900981947236448,0.0,-0.7237157464358271,3.929013079667063,3.929013079667063
-14.776107069026699,2691.559958198851,160.94284759496546,-11.725909457934065,2703.199018809915,147.71505015731367,-0.6900981947236448,0.0,-0.7237157464358271,3.929013079667063,3.929013079667063
-11.725909457934065,2703.199018809915,147.71505015731367,-8.675711846841434,2714.8380794209793,134.48725271966183,-0.6900981947236448,0.0,-0.7237157464358271,3.929013079667063,3.929013079667063
-7.100640007760976,2690.6675124745675,134.90929194696446,-11.725909457934065,2703.199018809915,147.71505015731367,-0.6900981947236448,0.0,-0.7237157464358271,3.929013079667063,3.929013079667063
-11.725909457934065,2703.199018809915,147.71505015731367,-16.35117890810716,2715.7305251452626,160.52080836766282,-0.6900981947236448,0.0,-0.7237157464358271,3.929013079667063,3.929013079667063
-16.351178908107165,2715.730525145263,160.52080836766282,-13.30098129701453,2727.369585756327,147.29301093001104,-0.6900981947236448,0.0,-0.7237157464358271,3.929013079667063,3.929013079667063
-13.30098129701453,2727.369585756327,147.29301093001104,-10.250783685921899,2739.0086463673915,134.06521349235922,-0.6900981947236448,0.0,-0.7237157464358271,3.929013079667063,3.929013079667063
-8.675711846841441,2714.8380794209797,134.48725271966183,-13.30098129701453,2727.369585756327,147.29301093001104,-0.6900981947236448,0.0,-0.7237157464358271,3.929013079667063,3.929013079667063
-13.30098129701453,2727.369585756327,147.29301093001104,-17.926250747187623,2739.901092091675,160.09876914036022,-0.6900981947236448,0.0,-0.7237157464358271,3.929013079667063,3.929013079667063
-17.926250747187623,2739.901092091675,160.09876914036022,-14.876053136094992,2751.540152702739,146.87097170270843,-0.6900981947236448,0.0,-0.7237157464358271,3.929013079667063,3.929013079667063
-14.876053136094992,2751.540152702739,146.87097170270843,-11.82585552500236,2763.1792133138033,133.64317426505662,-0.6900981947236448,0.0,-0.7237157464358271,3.929013079667063,3.929013079667063
-10.250783685921899,2739.0086463673915,134.06521349235922,-14.876053136094992,2751.540152702739,146.87097170270843,-0.6900981947236448,0.0,-0.7237157464358271,3.929013079667063,3.929013079667063
-14.876053136094992,2751.540152702739,146.87097170270843,-19.50132258626808,2764.0716590380866,159.6767299130576,-0.6900981947236448,0.0,-0.7237157464358271,3.929013079667063,3.929013079667063
-19.50132258626808,2764.0716590380866,159.6767299130576,-16.45112497517545,2775.7107196491506,146.44893247540583,-0.6900981947236448,0.0,-0.7237157464358271,3.929013079667063,3.929013079667063
-16.45112497517545,2775.7107196491506,146.44893247540583,-13.400927364082818,2787.349780260215,133.221135037754,-0.6900981947236448,0.0,-0.7237157464358271,3.929013079667063,3.929013079667063
-11.82585552500236,2763.1792133138033,133.64317426505662,-16.45112497517545,2775.7107196491506,146.44893247540583,-0.6900981947236448,0.0,-0.7237157464358271,3.929013079667063,3.929013079667063
-16.45112497517545,2775.7107196491506,146.44893247540583,-21.07639442534854,2788.2422259844984,159.254690685755,-0.6900981947236448,0.0,-0.7237157464358271,3.929013079667063,3.929013079667063
-21.07639442534854,2788.2422259844984,159.254690685755,-18.026196814255908,2799.8812865955624,146.02689324810322,-0.6900981947236448,0.0,-0.7237157464358271,3.929013079667063,3.929013079667063
-18.026196814255908,2799.8812865955624,146.02689324810322,-14.97599920316328,2811.520347206627,132.79909581045138,-0.6900981947236448,0.0,-0.7237157464358271,3.929013079667063,3.929013079667063
-13.400927364082818,2787.349780260215,133.221135037754,-18.026196814255908,2799.8812865955624,146.02689324810322,-0.6900981947236448,0.0,-0.7237157464358271,3.929013079667063,3.929013079667063
-18.026196814255908,2799.8812865955624,146.02689324810322,-22.651466264429004,2812.41279293091,158.83265145845237,-0.6900981947236448,0.0,-0.7237157464358271,3.929013079667063,3.929013079667063
-22.651466264429004,2812.41279293091,158.83265145845237,-19.601268653336373,2824.051853541974,145.6048540208006,-0.6900981947236448,0.0,-0.7237157464358271,3.929013079667063,3.929013079667063
-19.601268653336373,2824.051853541974,145.6048540208006,-16.551071042243738,2835.6909141530386,132.37705658314877,-0.6900981947236448,0.0,-0.7237157464358271,3.929013079667063,3.929013079667063
-14.97599920316328,2811.520347206627,132.79909581045138,-19.601268653336373,2824.051853541974,145.6048540208006,-0.6900981947236448,0.0,-0.7237157464358271,3.929013079667063,3.929013079667063
-19.601268653336373,2824.051853541974,145.6048540208006,-24.226538103509462,2836.583359877322,158.41061223114977,-0.6900981947236448,0.0,-0.7237157464358271,3.929013079667063,3.929013079667063
-24.22653810350947,2836.583359877322,158.41061223114977,-21.176340492416838,2848.222420488386,145.18281479349798,-0.6900981947236448,0.0,-0.7237157464358271,3.929013079667063,3.929013079667063
-21.176340492416838,2848.222420488386,145.18281479349798,-18.12614288132421,2859.8614810994504,131.95501735584617,-0.6900981947236448,0.0,-0.7237157464358271,3.929013079667063,3.929013079667063
-16.551071042243745,2835.6909141530386,132.37705658314877,-21.176340492416838,2848.222420488386,145.18281479349798,-0.6900981947236448,0.0,-0.7237157464358271,3.929013079667063,3.929013079667063
-21.176340492416838,2848.222420488386,145.18281479349798,-25.801609942589934,2860.7539268237338,157.98857300384716,-0.6900981947236448,0.0,-0.7237157464358271,3.929013079667063,3.929013079667063
-25.801609942589934,2860.7539268237338,157.98857300384716,-22.751412331497296,2872.3929874347978,144.76077556619538,-0.6900981947236448,0.0,-0.7237157464358271,3.929013079667063,3.929013079667063
-22.751412331497296,2872.3929874347978,144.76077556619538,-19.701214720404668,2884.0320480458627,131.53297812854356,-0.6900981947236448,0.0,-0.7237157464358271,3.929013079667063,3.929013079667063
-18.12614288132421,2859.8614810994504,131.95501735584617,-22.751412331497296,2872.3929874347978,144.76077556619538,-0.6900981947236448,0.0,-0.7237157464358271,3.929013079667063,3.929013079667063
-22.751412331497296,2872.3929874347978,144.76077556619538,-27.376681781670392,2884.924493770146,157.56653377654456,-0.6900981947236448,0.0,-0.7237157464358271,3.929013079667063,3.929013079667063
-27.376681781670392,2884.924493770146,157.56653377654456,-24.326484170577753,2896.56355438121,144.33873633889277,-0.6900981947236448,0.0,-0.7237157464358271,3.929013079667063,3.929013079667063
-24.326484170577753,2896.56355438121,144.33873633889277,-21.276286559485126,2908.2026149922744,131.11093890124093,-0.6900981947236448,0.0,-0.7237157464358271,3.929013079667063,3.929013079667063
-19.701214720404668,2884.0320480458627,131.53297812854356,-24.326484170577753,2896.56355438121,144.33873633889277,-0.6900981947236448,0.0,-0.7237157464358271,3.929013079667063,3.929013079667063
-24.326484170577753,2896.56355438121,144.33873633889277,-28.95175362075085,2909.095060716558,157.14449454924193,-0.6900981947236448,0.0,-0.7237157464358271,3.929013079667063,3.929013079667063
-28.95175362075085,2909.095060716558,157.14449454924193,-25.90155600965821,2920.734121327622,143.91669711159014,-0.6900981947236448,0.0,-0.7237157464358271,3.929013079667063,3.929013079667063
-25.90155600965821,2920.734121327622,143.91669711159014,-22.851358398565583,2932.3731819386862,130.68889967393832,-0.6900981947236448,0.0,-0.7237157464358271,3.929013079667063,3.929013079667063
-21.276286559485126,2908.2026149922744,131.11093890124093,-25.90155600965821,2920.734121327622,143.91669711159014,-0.6900981947236448,0.0,-0.7237157464358271,3.929013079667063,3.929013079667063
-25.90155600965821,2920.734121327622,143.91669711159014,-30.526825459831308,2933.2656276629696,156.72245532193932,-0.6900981947236448,0.0,-0.7237157464358271,3.929013079667063,3.929013079667063
-30.526825459831308,2933.2656276629696,156.72245532193932,-27.476627848738676,2944.9046882740336,143.49465788428753,-0.6900981947236448,0.0,-0.7237157464358271,3.929013079667063,3.929013079667063
-27.476627848738676,2944.9046882740336,143.49465788428753,-24.42643023764604,2956.543748885098,130.26686044663572,-0.6900981947236448,0.0,-0.7237157464358271,3.929013079667063,3.929013079667063
-22.851358398565583,2932.3731819386862,130.68889967393832,-27.476627848738676,2944.9046882740336,143.49465788428753,-0.6900981947236448,0.0,-0.7237157464358271,3.929013079667063,3.929013079667063
-27.476627848738676,2944.9046882740336,143.49465788428753,-32.101897298911766,2957.4361946093813,156.30041609463672,-0.6900981947236448,0.0,-0.7237157464358271,3.929013079667063,3.929013079667063
-32.10189729891177,2957.4361946093813,156.30041609463672,-29.05169968781914,2969.075255220446,143.07261865698493,-0.6900981947236448,0.0,-0.7237157464358271,3.929013079667063,3.929013079667063
-29.05169968781914,2969.075255220446,143.07261865698493,-26.001502076726506,2980.7143158315102,129.8448212193331,-0.6900981947236448,0.0,-0.7237157464358271,3.929013079667063,3.929013079667063
-24.42643023764605,2956.543748885098,130.26686044663572,-29.05169968781914,2969.075255220446,143.07261865698493,-0.6900981947236448,0.0,-0.7237157464358271,3.929013079667063,3.929013079667063
-29.05169968781914,2969.075255220446,143.07261865698493,-33.67696913799223,2981.6067615557936,155.8783768673341,-0.6900981947236448,0.0,-0.7237157464358271,3.929013079667063,3.929013079667063
-33.67696913799223,2981.6067615557936,155.8783768673341,-30.6267715268996,2993.2458221668576,142.6505794296823,-0.6900981947236448,0.0,-0.7237157464358271,3.929013079667063,3.929013079667063
-30.6267715268996,2993.2458221668576,142.6505794296823,-27.576573915806964,3004.884882777922,129.42278199203048,-0.6900981947236448,0.0,-0.7237157464358271,3.929013079667063,3.929013079667063
-26.001502076726506,2980.7143158315102,129.8448212193331,-30.6267715268996,2993.2458221668576,142.6505794296823,-0.6900981947236448,0.0,-0.7237157464358271,3.929013079667063,3.929013079667063
-30.6267715268996,2993.2458221668576,142.6505794296823,-35.25204097707269,3005.7773285022054,155.45633764003148,-0.6900981947236448,0.0,-0.7237157464358271,3.929013079667063,3.929013079667063
-35.25204097707269,3005.7773285022054,155.45633764003148,-32.201843365980054,3017.4163891132694,142.2285402023797,-0.6900981947236448,0.0,-0.7237157464358271,3.929013079667063,3.929013079667063
-32.201843365980054,3017.4163891132694,142.2285402023797,-29.15164575488743,3029.055449724334,129.00074276472787,-0.6900981947236448,0.0,-0.7237157464358271,3.929013079667063,3.929013079667063
-27.576573915806964,3004.884882777922,129.42278199203048,-32.201843365980054,3017.4163891132694,142.2285402023797,-0.6900981947236448,0.0,-0.7237157464358271,3.929013079667063,3.929013079667063
-32.201843365980054,3017.4163891132694,142.2285402023797,-36.827112816153154,3029.947895448617,155.03429841272887,-0.6900981947236448,0.0,-0.7237157464358271,3.929013079667063,3.929013079667063
-36.827112816153154,3029.947895448617,155.03429841272887,-33.77691520506052,3041.586956059681,141.80650097507709,-0.6900981947236448,0.0,-0.7237157464358271,3.929013079667063,3.929013079667063
-33.77691520506052,3041.586956059681,141.80650097507709,-30.726717593967887,3053.2260166707456,128.57870353742527,-0.6900981947236448,0.0,-0.7237157464358271,3.929013079667063,3.929013079667063
-29.15164575488743,3029.055449724334,129.00074276472787,-33.77691520506052,3041.586956059681,141.80650097507709,-0.6900981947236448,0.0,-0.7237157464358271,3.929013079667063,3.929013079667063
-33.77691520506052,3041.586956059681,141.80650097507709,-38.40218465523361,3054.118462395029,154.61225918542627,-0.6900981947236448,0.0,-0.7237157464358271,3.929013079667063,3.929013079667063
-38.40218465523361,3054.118462395029,154.61225918542627,-35.35198704414097,3065.757523006093,141.38446174777448,-0.6900981947236448,0.0,-0.7237157464358271,3.929013079667063,3.929013079667063
-35.35198704414097,3065.757523006093,141.38446174777448,-32.30178943304834,3077.3965836171574,128.15666431012266,-0.6900981947236448,0.0,-0.7237157464358271,3.929013079667063,3.929013079667063
-30.726717593967887,3053.2260166707456,128.57870353742527,-35.35198704414097,3065.757523006093,141.38446174777448,-0.6900981947236448,0.0,-0.7237157464358271,3.929013079667063,3.929013079667063
-35.35198704414097,3065.757523006093,141.38446174777448,-39.97725649431407,3078.2890293414407,154.19021995812366,-0.6900981947236448,0.0,-0.7237157464358271,3.929013079667063,3.929013079667063
-39.97725649431408,3078.2890293414407,154.19021995812363,-36.92705888322145,3089.9280899525047,140.96242252047185,-0.6900981947236448,0.0,-0.7237157464358271,3.929013079667063,3.929013079667063
-36.92705888322145,3089.9280899525047,140.96242252047185,-33.87686127212881,3101.567150563569,127.73462508282003,-0.6900981947236448,0.0,-0.7237157464358271,3.929013079667063,3.929013079667063
-32.301789433048356,3077.3965836171574,128.15666431012264,-36.92705888322145,3089.9280899525047,140.96242252047185,-0.6900981947236448,0.0,-0.7237157464358271,3.929013079667063,3.929013079667063
-36.92705888322145,3089.9280899525047,140.96242252047185,-41.552328333394534,3102.4595962878525,153.76818073082103,-0.6900981947236448,0.0,-0.7237157464358271,3.929013079667063,3.929013079667063
-41.552328333394534,3102.4595962878525,153.76818073082103,-38.5021307223019,3114.0986568989165,140.54038329316924,-0.6900981947236448,0.0,-0.7237157464358271,3.929013079667063,3.929013079667063
-38.5021307223019,3114.0986568989165,140.54038329316924,-35.45193311120927,3125.737717509981,127.31258585551743,-0.6900981947236448,0.0,-0.7237157464358271,3.929013079667063,3.929013079667063
-33.87686127212881,3101.567150563569,127.73462508282003,-38.5021307223019,3114.0986568989165,140.54038329316924,-0.6900981947236448,0.0,-0.7237157464358271,3.929013079667063,3.929013079667063
-38.5021307223019,3114.0986568989165,140.54038329316924,-43.12740017247499,3126.6301632342643,153.34614150351842,-0.6900981947236448,0.0,-0.7237157464358271,3.929013079667063,3.929013079667063
-43.12740017247499,3126.6301632342643,153.34614150351842,-40.077202561382364,3138.2692238453283,140.11834406586664,-0.6900981947236448,0.0,-0.7237157464358271,3.929013079667063,3.929013079667063
-40.077202561382364,3138.2692238453283,140.11834406586664,-37.02700495028972,3149.908284456393,126.89054662821482,-0.6900981947236448,0.0,-0.7237157464358271,3.929013079667063,3.929013079667063
-35.45193311120927,3125.737717509981,127.31258585551743,-40.077202561382364,3138.2692238453283,140.11834406586664,-0.6900981947236448,0.0,-0.7237157464358271,3.929013079667063,3.929013079667063
-40.077202561382364,3138.2692238453283,140.11834406586664,-44.70247201155545,3150.8007301806765,152.92410227621582,-0.6900981947236448,0.0,-0.7237157464358271,3.929013079667063,3.929013079667063
-44.70247201155545,3150.8007301806765,152.92410227621582,-41.652274400462815,3162.4397907917405,139.69630483856403,-0.6900981947236448,0.0,-0.7237157464358271,3.929013079667063,3.929013079667063
-41.652274400462815,3162.4397907917405,139.69630483856403,-38.60207678937019,3174.078851402805,126.46850740091222,-0.6900981947236448,0.0,-0.7237157464358271,3.929013079667063,3.929013079667063
-37.02700495028972,3149.908284456393,126.89054662821482,-41.652274400462815,3162.4397907917405,139.69630483856403,-0.6900981947236448,0.0,-0.7237157464358271,3.929013079667063,3.929013079667063
-41.652274400462815,3162.4397907917405,139.69630483856403,-46.277543850635915,3174.9712971270883,152.50206304891321,-0.6900981947236448,0.0,-0.7237157464358271,3.929013079667063,3.929013079667063
-46.277543850635915,3174.9712971270883,152.50206304891321,-43.22734623954328,3186.6103577381523,139.2742656112614,-0.6900981947236448,0.0,-0.7237157464358271,3.929013079667063,3.929013079667063
-43.22734623954328,3186.6103577381523,139.2742656112614,-40.17714862845065,3198.2494183492167,126.04646817360958,-0.6900981947236448,0.0,-0.7237157464358271,3.929013079667063,3.929013079667063
-38.60207678937019,3174.078851402805,126.46850740091222,-43.22734623954328,3186.6103577381523,139.2742656112614,-0.6900981947236448,0.0,-0.7237157464358271,3.929013079667063,3.929013079667063
-43.22734623954328,3186.6103577381523,139.2742656112614,-47.85261568971637,3199.1418640735,152.08002382161058,-0.6900981947236448,0.0,-0.7237157464358271,3.929013079667063,3.929013079667063
-47.85261568971638,3199.1418640735,152.08002382161058,-44.802418078623745,3210.780924684564,138.8522263839588,-0.6900981947236448,0.0,-0.7237157464358271,3.929013079667063,3.929013079667063
-44.802418078623745,3210.780924684564,138.8522263839588,-41.75222046753112,3222.4199852956285,125.62442894630698,-0.6900981947236448,0.0,-0.7237157464358271,3.929013079667063,3.929013079667063
-40.17714862845065,3198.2494183492167,126.04646817360958,-44.802418078623745,3210.780924684564,138.8522263839588,-0.6900981947236448,0.0,-0.7237157464358271,3.929013079667063,3.929013079667063
-44.802418078623745,3210.780924684564,138.8522263839588,-49.42768752879684,3223.312431019912,151.65798459430798,-0.6900981947236448,0.0,-0.7237157464358271,3.929013079667063,3.929013079667063
-49.42768752879684,3223.312431019912,151.65798459430798,-46.377489917704196,3234.9514916309763,138.4301871566562,-0.6900981947236448,0.0,-0.7237157464358271,3.929013079667063,3.929013079667063
-46.377489917704196,3234.9514916309763,138.4301871566562,-43.32729230661157,3246.5905522420408,125.20238971900437,-0.6900981947236448,0.0,-0.7237157464358271,3.929013079667063,3.929013079667063
-41.75222046753112,3222.4199852956285,125.62442894630698,-46.377489917704196,3234.9514916309763,138.4301871566562,-0.6900981947236448,0.0,-0.7237157464358271,3.929013079667063,3.929013079667063
-46.377489917704196,3234.9514916309763,138.4301871566562,-51.002759367877296,3247.482997966324,151.23594536700537,-0.6900981947236448,0.0,-0.7237157464358271,3.929013079667063,3.929013079667063
-51.002759367877296,3247.482997966324,151.23594536700537,-47.95256175678466,3259.122058577388,138.00814792935358,-0.6900981947236448,0.0,-0.7237157464358271,3.929013079667063,3.929013079667063
-47.95256175678466,3259.122058577388,138.00814792935358,-44.90236414569203,3270.7611191884525,124.78035049170174,-0.6900981947236448,0.0,-0.7237157464358271,3.929013079667063,3.929013079667063
-43.32729230661157,3246.5905522420408,125.20238971900437,-47.95256175678466,3259.122058577388,138.00814792935358,-0.6900981947236448,0.0,-0.7237157464358271,3.929013079667063,3.929013079667063
-47.95256175678466,3259.122058577388,138.00814792935358,-52.577831206957754,3271.653564912736,150.81390613970274,-0.6900981947236448,0.0,-0.7237157464358271,3.929013079667063,3.929013079667063
-52.577831206957754,3271.653564912736,150.81390613970274,-49.527633595865126,3283.2926255238,137.58610870205095,-0.6900981947236448,0.0,-0.7237157464358271,3.929013079667063,3.929013079667063
-49.527633595865126,3283.2926255238,137.58610870205095,-46.477435984772484,3294.9316861348643,124.35831126439913,-0.6900981947236448,0.0,-0.7237157464358271,3.929013079667063,3.929013079667063
-44.90236414569203,3270.7611191884525,124.78035049170174,-49.527633595865126,3283.2926255238,137.58610870205095,-0.6900981947236448,0.0,-0.7237157464358271,3.929013079667063,3.929013079667063
-49.527633595865126,3283.2926255238,137.58610870205095,-54.15290304603821,3295.8241318591477,150.39186691240013,-0.6900981947236448,0.0,-0.7237157464358271,3.929013079667063,3.929013079667063
-54.15290304603821,3295.8241318591477,150.39186691240013,-51.10270543494558,3307.4631924702117,137.16406947474835,-0.6900981947236448,0.0,-0.7237157464358271,3.929013079667063,3.929013079667063
-51.10270543494558,3307.4631924702117,137.16406947474835,-48.05250782385295,3319.102253081276,123.93627203709653,-0.6900981947236448,0.0,-0.7237157464358271,3.929013079667063,3.929013079667063
-46.477435984772484,3294.9316861348643,124.35831126439913,-51.10270543494558,3307.4631924702117,137.16406947474835,-0.6900981947236448,0.0,-0.7237157464358271,3.929013079667063,3.929013079667063
-51.10270543494558,3307.4631924702117,137.16406947474835,-55.72797488511867,3319.9946988055594,149.96982768509753,-0.6900981947236448,0.0,-0.7237157464358271,3.929013079667063,3.929013079667063
-55.72797488511867,3319.9946988055594,149.96982768509753,-52.67777727402604,3331.6337594166234,136.74203024744574,-0.6900981947236448,0.0,-0.7237157464358271,3.929013079667063,3.929013079667063
-52.67777727402604,3331.6337594166234,136.74203024744574,-49.627579662933414,3343.272820027688,123.51423280979392,-0.6900981947236448,0.0,-0.7237157464358271,3.929013079667063,3.929013079667063
-48.05250782385295,3319.102253081276,123.93627203709653,-52.67777727402604,3331.6337594166234,136.74203024744574,-0.6900981947236448,0.0,-0.7237157464358271,3.929013079667063,3.929013079667063
-52.67777727402604,3331.6337594166234,136.74203024744574,-57.303046724199135,3344.165265751971,149.54778845779492,-0.6900981947236448,0.0,-0.7237157464358271,3.929013079667063,3.929013079667063
-57.303046724199135,3344.165265751971,149.54778845779492,-54.25284911310651,3355.804326363035,136.3199910201431,-0.6900981947236448,0.0,-0.7237157464358271,3.929013079667063,3.929013079667063
-54.25284911310651,3355.804326363035,136.3199910201431,-51.202651502013865,3367.4433869740997,123.09219358249132,-0.6900981947236448,0.0,-0.7237157464358271,3.929013079667063,3.929013079667063
-49.627579662933414,3343.272820027688,123.51423280979392,-54.25284911310651,3355.804326363035,136.3199910201431,-0.6900981947236448,0.0,-0.7237157464358271,3.929013079667063,3.929013079667063
-54.25284911310651,3355.804326363035,136.3199910201431,-58.878118563279585,3368.335832698383,149.12574923049232,-0.6900981947236448,0.0,-0.7237157464358271,3.929013079667063,3.929013079667063
-58.878118563279585,3368.335832698383,149.12574923049232,-55.82792095218696,3379.974893309447,135.8979517928405,-0.6900981947236448,0.0,-0.7237157464358271,3.929013079667063,3.929013079667063
-55.82792095218696,3379.974893309447,135.8979517928405,-52.77772334109433,3391.6139539205114,122.67015435518869,-0.6900981947236448,0.0,-0.7237157464358271,3.929013079667063,3.929013079667063
-51.202651502013865,3367.4433869740997,123.09219358249132,-55.82792095218696,3379.974893309447,135.8979517928405,-0.6900981947236448,0.0,-0.7237157464358271,3.929013079667063,3.929013079667063
-55.82792095218696,3379.974893309447,135.8979517928405,-60.45319040236005,3392.506399644795,148.70371000318968,-0.6900981947236448,0.0,-0.7237157464358271,3.929013079667063,3.929013079667063
-60.45319040236005,3392.506399644795,148.70371000318968,-57.40299279126742,3404.145460255859,135.4759125655379,-0.6900981947236448,0.0,-0.7237157464358271,3.929013079667063,3.929013079667063
-57.40299279126742,3404.145460255859,135.4759125655379,-54.352795180174795,3415.7845208669232,122.24811512788608,-0.6900981947236448,0.0,-0.7237157464358271,3.929013079667063,3.929013079667063
-52.77772334109433,3391.6139539205114,122.67015435518869,-57.40299279126742,3404.145460255859,135.4759125655379,-0.6900981947236448,0.0,-0.7237157464358271,3.929013079667063,3.929013079667063
-57.40299279126742,3404.145460255859,135.4759125655379,-62.028262241440515,3416.6769665912066,148.28167077588708,-0.6900981947236448,0.0,-0.7237157464358271,3.929013079667063,3.929013079667063
-62.028262241440515,3416.6769665912066,148.28167077588708,-58.97806463034787,3428.3160272022706,135.0538733382353,-0.6900981947236448,0.0,-0.7237157464358271,3.929013079667063,3.929013079667063
-58.97806463034787,3428.3160272022706,135.0538733382353,-55.927867019255245,3439.9550878133355,121.82607590058348,-0.6900981947236448,0.0,-0.7237157464358271,3.929013079667063,3.929013079667063
-54.352795180174795,3415.7845208669232,122.24811512788608,-58.97806463034787,3428.3160272022706,135.0538733382353,-0.6900981947236448,0.0,-0.7237157464358271,3.929013079667063,3.929013079667063
-58.97806463034787,3428.3160272022706,135.0538733382353,-63.603334080520966,3440.847533537619,147.85963154858447,-0.6900981947236448,0.0,-0.7237157464358271,3.929013079667063,3.929013079667063
-63.603334080520966,3440.847533537619,147.85963154858447,-60.55313646942834,3452.486594148683,134.6318341109327,-0.6900981947236448,0.0,-0.7237157464358271,3.929013079667063,3.929013079667063
-60.55313646942834,3452.486594148683,134.6318341109327,-57.50293885833571,3464.1256547597472,121.40403667328084,-0.6900981947236448,0.0,-0.7237157464358271,3.929013079667063,3.929013079667063
-55.927867019255245,3439.9550878133355,121.82607590058348,-60.55313646942834,3452.486594148683,134.6318341109327,-0.6900981947236448,0.0,-0.7237157464358271,3.929013079667063,3.929013079667063
-60.55313646942834,3452.486594148683,134.6318341109327,-65.17840591960143,3465.0181004840306,147.43759232128184,-0.6900981947236448,0.0,-0.7237157464358271,3.929013079667063,3.929013079667063
-19.108555394537856,2352.2795752248016,160.48176841416833,-6.704364277759291,2364.811081560149,163.45556298203388,0.6900981947236448,0.0,-0.7237157464358271,3.929013079667063,3.929013079667063
-6.704364277759291,2364.811081560149,163.45556298203388,5.6998268390192735,2377.3425878954968,166.4293575498994,0.6900981947236448,0.0,-0.7237157464358271,3.929013079667063,3.929013079667063
7.274898678099733,2353.172020949085,166.851396777202,-6.704364277759291,2364.811081560149,163.45556298203388,0.6900981947236448,0.0,-0.7237157464358271,3.929013079667063,3.929013079667063
-6.704364277759291,2364.811081560149,163.45556298203388,-20.683627233618317,2376.4501421712134,160.05972918686572,0.6900981947236448,0.0,-0.7237157464358271,3.929013079667063,3.929013079667063
-20.683627233618317,2376.4501421712134,160.05972918686572,-8.279436116839753,2388.9816485065608,163.03352375473128,0.6900981947236448,0.0,-0.7237157464358271,3.929013079667063,3.929013079667063
-8.279436116839753,2388.9816485065608,163.03352375473128,4.124754999938812,2401.5131548419085,166.0073183225968,0.6900981947236448,0.0,-0.7237157464358271,3.929013079667063,3.929013079667063
5.6998268390192735,2377.3425878954968,166.4293575498994,-8.279436116839753,2388.9816485065608,163.03352375473128,0.6900981947236448,0.0,-0.7237157464358271,3.929013079667063,3.929013079667063
-8.279436116839753,2388.9816485065608,163.03352375473128,-22.258699072698775,2400.620709117625,159.63768995956312,0.6900981947236448,0.0,-0.7237157464358271,3.929013079667063,3.929013079667063
-22.258699072698775,2400.620709117625,159.63768995956312,-9.854507955920212,2413.1522154529725,162.61148452742867,0.6900981947236448,0.0,-0.7237157464358271,3.929013079667063,3.929013079667063
-9.854507955920212,2413.1522154529725,162.61148452742867,2.5496831608583506,2425.6837217883203,165.5852790952942,0.6900981947236448,0.0,-0.7237157464358271,3.929013079667063,3.929013079667063
4.124754999938812,2401.5131548419085,166.0073183225968,-9.854507955920212,2413.1522154529725,162.61148452742867,0.6900981947236448,0.0,-0.7237157464358271,3.929013079667063,3.929013079667063
-9.854507955920212,2413.1522154529725,162.61148452742867,-23.83377091177924,2424.791276064037,159.2156507322605,0.6900981947236448,0.0,-0.7237157464358271,3.929013079667063,3.929013079667063
-23.833770911779236,2424.791276064037,159.2156507322605,-11.429579795000674,2437.3227823993843,162.18944530012604,0.6900981947236448,0.0,-0.7237157464358271,3.929013079667063,3.929013079667063
-11.429579795000674,2437.3227823993843,162.18944530012604,0.9746113217778927,2449.854288734732,165.1632398679916,0.6900981947236448,0.0,-0.7237157464358271,3.929013079667063,3.929013079667063
2.5496831608583523,2425.6837217883203,165.5852790952942,-11.429579795000674,2437.3227823993843,162.18944530012604,0.6900981947236448,0.0,-0.7237157464358271,3.929013079667063,3.929013079667063
-11.429579795000674,2437.3227823993843,162.18944530012604,-25.408842750859698,2448.961843010449,158.79361150495788,0.6900981947236448,0.0,-0.7237157464358271,3.929013079667063,3.929013079667063
-25.408842750859698,2448.961843010449,158.79361150495788,-13.004651634081135,2461.4933493457966,161.76740607282343,0.6900981947236448,0.0,-0.7237157464358271,3.929013079667063,3.929013079667063
-13.004651634081135,2461.4933493457966,161.76740607282343,-0.6004605173025688,2474.0248556811443,164.741200640689,0.6900981947236448,0.0,-0.7237157464358271,3.929013079667063,3.929013079667063
0.9746113217778927,2449.854288734732,165.1632398679916,-13.004651634081135,2461.4933493457966,161.76740607282343,0.6900981947236448,0.0,-0.7237157464358271,3.929013079667063,3.929013079667063
-13.004651634081135,2461.4933493457966,161.76740607282343,-26.983914589940156,2473.132409956861,158.37157227765528,0.6900981947236448,0.0,-0.7237157464358271,3.929013079667063,3.929013079667063
-26.983914589940156,2473.132409956861,158.37157227765528,-14.579723473161593,2485.6639162922083,161.34536684552083,0.6900981947236448,0.0,-0.7237157464358271,3.929013079667063,3.929013079667063
-14.579723473161593,2485.6639162922083,161.34536684552083,-2.17553235638303,2498.195422627556,164.31916141338638,0.6900981947236448,0.0,-0.7237157464358271,3.929013079667063,3.929013079667063
-0.6004605173025688,2474.0248556811443,164.741200640689,-14.579723473161593,2485.6639162922083,161.34536684552083,0.6900981947236448,0.0,-0.7237157464358271,3.929013079667063,3.929013079667063
-14.579723473161593,2485.6639162922083,161.34536684552083,-28.55898642902062,2497.302976903273,157.94953305035267,0.6900981947236448,0.0,-0.7237157464358271,3.929013079667063,3.929013079667063
-28.55898642902062,2497.302976903273,157.94953305035267,-16.154795312242054,2509.83448323862,160.92332761821822,0.6900981947236448,0.0,-0.7237157464358271,3.929013079667063,3.929013079667063
-16.154795312242054,2509.83448323862,160.92332761821822,-3.750604195463488,2522.365989573968,163.89712218608378,0.6900981947236448,0.0,-0.7237157464358271,3.929013079667063,3.929013079667063
-2.17553235638303,2498.195422627556,164.31916141338638,-16.154795312242054,2509.83448323862,160.92332761821822,0.6900981947236448,0.0,-0.7237157464358271,3.929013079667063,3.929013079667063
-16.154795312242054,2509.83448323862,160.92332761821822,-30.13405826810108,2521.4735438496846,157.52749382305007,0.6900981947236448,0.0,-0.7237157464358271,3.929013079667063,3.929013079667063
-30.13405826810108,2521.4735438496846,157.52749382305004,-17.729867151322516,2534.005050185032,160.5012883909156,0.6900981947236448,0.0,-0.7237157464358271,3.929013079667063,3.929013079667063
-17.729867151322516,2534.005050185032,160.5012883909156,-5.3256760345439496,2546.5365565203797,163.47508295878112,0.6900981947236448,0.0,-0.7237157464358271,3.929013079667063,3.929013079667063
-3.75060419546349,2522.365989573968,163.89712218608372,-17.729867151322516,2534.005050185032,160.5012883909156,0.6900981947236448,0.0,-0.7237157464358271,3.929013079667063,3.929013079667063
-17.729867151322516,2534.005050185032,160.5012883909156,-31.709130107181537,2545.6441107960964,157.10545459574743,0.6900981947236448,0.0,-0.7237157464358271,3.929013079667063,3.929013079667063
-31.70913010718154,2545.6441107960964,157.10545459574743,-19.304938990402974,2558.1756171314437,160.07924916361299,0.6900981947236448,0.0,-0.7237157464358271,3.929013079667063,3.929013079667063
-19.304938990402974,2558.1756171314437,160.07924916361299,-6.900747873624409,2570.7071234667915,163.0530437314785,0.6900981947236448,0.0,-0.7237157464358271,3.929013079667063,3.929013079667063
-5.325676034543951,2546.5365565203797,163.47508295878112,-19.304938990402974,2558.1756171314437,160.07924916361299,0.6900981947236448,0.0,-0.7237157464358271,3.929013079667063,3.929013079667063
-19.304938990402974,2558.1756171314437,160.07924916361299,-33.284201946262,2569.814677742508,156.68341536844483,0.6900981947236448,0.0,-0.7237157464358271,3.929013079667063,3.929013079667063
-33.284201946262,2569.814677742508,156.68341536844483,-20.88001082948343,2582.3461840778555,159.65720993631038,0.6900981947236448,0.0,-0.7237157464358271,3.929013079667063,3.929013079667063
-20.88001082948343,2582.3461840778555,159.65720993631038,-8.47581971270487,2594.8776904132033,162.6310045041759,0.6900981947236448,0.0,-0.7237157464358271,3.929013079667063,3.929013079667063
-6.900747873624409,2570.7071234667915,163.0530437314785,-20.88001082948343,2582.3461840778555,159.65720993631038,0.6900981947236448,0.0,-0.7237157464358271,3.929013079667063,3.929013079667063
-20.88001082948343,2582.3461840778555,159.65720993631038,-34.85927378534246,2593.98524468892,156.26137614114222,0.6900981947236448,0.0,-0.7237157464358271,3.929013079667063,3.929013079667063
-34.85927378534246,2593.98524468892,156.26137614114222,-22.455082668563893,2606.5167510242677,159.23517070900778,0.6900981947236448,0.0,-0.7237157464358271,3.929013079667063,3.929013079667063
-22.455082668563893,2606.5167510242677,159.23517070900778,-10.050891551785329,2619.0482573596155,162.2089652768733,0.6900981947236448,0.0,-0.7237157464358271,3.929013079667063,3.929013079667063
-8.47581971270487,2594.8776904132033,162.6310045041759,-22.455082668563893,2606.5167510242677,159.23517070900778,0.6900981947236448,0.0,-0.7237157464358271,3.929013079667063,3.929013079667063
-22.455082668563893,2606.5167510242677,159.23517070900778,-36.43434562442292,2618.155811635332,155.8393369138396,0.6900981947236448,0.0,-0.7237157464358271,3.929013079667063,3.929013079667063
-36.43434562442292,2618.155811635332,155.8393369138396,-24.03015450764435,2630.6873179706795,158.81313148170514,0.6900981947236448,0.0,-0.7237157464358271,3.929013079667063,3.929013079667063
-24.03015450764435,2630.6873179706795,158.81313148170514,-11.625963390865786,2643.2188243060273,161.7869260495707,0.6900981947236448,0.0,-0.7237157464358271,3.929013079667063,3.929013079667063
-10.050891551785329,2619.0482573596155,162.2089652768733,-24.03015450764435,2630.6873179706795,158.81313148170514,0.6900981947236448,0.0,-0.7237157464358271,3.929013079667063,3.929013079667063
-24.03015450764435,2630.6873179706795,158.81313148170514,-38.009417463503375,2642.326378581744,155.41729768653698,0.6900981947236448,0.0,-0.7237157464358271,3.929013079667063,3.929013079667063
-38.009417463503375,2642.326378581744,155.41729768653698,-25.60522634672481,2654.8578849170913,158.39109225440254,0.6900981947236448,0.0,-0.7237157464358271,3.929013079667063,3.929013079667063
-25.60522634672481,2654.8578849170913,158.39109225440254,-13.201035229946244,2667.389391252439,161.3648868222681,0.6900981947236448,0.0,-0.7237157464358271,3.929013079667063,3.929013079667063
-11.625963390865786,2643.2188243060273,161.7869260495707,-25.60522634672481,2654.8578849170913,158.39109225440254,0.6900981947236448,0.0,-0.7237157464358271,3.929013079667063,3.929013079667063
-25.60522634672481,2654.8578849170913,158.39109225440254,-39.58448930258383,2666.4969455281557,154.99525845923438,0.6900981947236448,0.0,-0.7237157464358271,3.929013079667063,3.929013079667063
-39.58448930258383,2666.4969455281557,154.99525845923438,-27.18029818580527,2679.028451863503,157.96905302709993,0.6900981947236448,0.0,-0.7237157464358271,3.929013079667063,3.929013079667063
-27.18029818580527,2679.028451863503,157.96905302709993,-14.776107069026706,2691.559958198851,160.94284759496549,0.6900981947236448,0.0,-0.7237157464358271,3.929013079667063,3.929013079667063
-13.201035229946244,2667.389391252439,161.3648868222681,-27.18029818580527,2679.028451863503,157.96905302709993,0.6900981947236448,0.0,-0.7237157464358271,3.929013079667063,3.929013079667063
-27.18029818580527,2679.028451863503,157.96905302709993,-41.1595611416643,2690.6675124745675,154.57321923193177,0.6900981947236448,0.0,-0.7237157464358271,3.929013079667063,3.929013079667063
-41.1595611416643,2690.6675124745675,154.57321923193177,-28.75537002488573,2703.199018809915,157.54701379979733,0.6900981947236448,0.0,-0.7237157464358271,3.929013079667063,3.929013079667063
-28.75537002488573,2703.199018809915,157.54701379979733,-16.351178908107165,2715.7305251452626,160.52080836766282,0.6900981947236448,0.0,-0.7237157464358271,3.929013079667063,3.929013079667063
-14.776107069026706,2691.559958198851,160.94284759496549,-28.75537002488573,2703.199018809915,157.54701379979733,0.6900981947236448,0.0,-0.7237157464358271,3.929013079667063,3.929013079667063
-28.75537002488573,2703.199018809915,157.54701379979733,-42.73463298074475,2714.8380794209793,154.15118000462914,0.6900981947236448,0.0,-0.7237157464358271,3.929013079667063,3.929013079667063
-42.73463298074476,2714.8380794209797,154.15118000462914,-30.330441863966193,2727.369585756327,157.1249745724947,0.6900981947236448,0.0,-0.7237157464358271,3.929013079667063,3.929013079667063
-30.330441863966193,2727.369585756327,157.1249745724947,-17.92625074718763,2739.901092091675,160.09876914036022,0.6900981947236448,0.0,-0.7237157464358271,3.929013079667063,3.929013079667063
-16.351178908107173,2715.730525145263,160.52080836766282,-30.330441863966193,2727.369585756327,157.1249745724947,0.6900981947236448,0.0,-0.7237157464358271,3.929013079667063,3.929013079667063
-30.330441863966193,2727.369585756327,157.1249745724947,-44.309704819825214,2739.0086463673915,153.72914077732653,0.6900981947236448,0.0,-0.7237157464358271,3.929013079667063,3.929013079667063
-44.309704819825214,2739.0086463673915,153.72914077732653,-31.905513703046655,2751.540152702739,156.7029353451921,0.6900981947236448,0.0,-0.7237157464358271,3.929013079667063,3.929013079667063
-31.905513703046655,2751.540152702739,156.7029353451921,-19.50132258626809,2764.0716590380866,159.6767299130576,0.6900981947236448,0.0,-0.7237157464358271,3.929013079667063,3.929013079667063
-17.92625074718763,2739.901092091675,160.09876914036022,-31.905513703046655,2751.540152702739,156.7029353451921,0.6900981947236448,0.0,-0.7237157464358271,3.929013079667063,3.929013079667063
-31.905513703046655,2751.540152702739,156.7029353451921,-45.88477665890568,2763.1792133138033,153.30710155002393,0.6900981947236448,0.0,-0.7237157464358271,3.929013079667063,3.929013079667063
-45.88477665890568,2763.1792133138033,153.30710155002393,-33.480585542127116,2775.7107196491506,156.28089611788948,0.6900981947236448,0.0,-0.7237157464358271,3.929013079667063,3.929013079667063
-33.480585542127116,2775.7107196491506,156.28089611788948,-21.076394425348546,2788.2422259844984,159.254690685755,0.6900981947236448,0.0,-0.7237157464358271,3.929013079667063,3.929013079667063
-19.50132258626809,2764.0716590380866,159.6767299130576,-33.480585542127116,2775.7107196491506,156.28089611788948,0.6900981947236448,0.0,-0.7237157464358271,3.929013079667063,3.929013079667063
-33.480585542127116,2775.7107196491506,156.28089611788948,-47.45984849798614,2787.349780260215,152.88506232272132,0.6900981947236448,0.0,-0.7237157464358271,3.929013079667063,3.929013079667063
-47.45984849798614,2787.349780260215,152.88506232272132,-35.055657381207574,2799.8812865955624,155.85885689058688,0.6900981947236448,0.0,-0.7237157464358271,3.929013079667063,3.929013079667063
-35.055657381207574,2799.8812865955624,155.85885689058688,-22.65146626442901,2812.41279293091,158.8326514584524,0.6900981947236448,0.0,-0.7237157464358271,3.929013079667063,3.929013079667063
-21.076394425348546,2788.2422259844984,159.254690685755,-35.055657381207574,2799.8812865955624,155.85885689058688,0.6900981947236448,0.0,-0.7237157464358271,3.929013079667063,3.929013079667063
-35.055657381207574,2799.8812865955624,155.85885689058688,-49.034920337066595,2811.520347206627,152.4630230954187,0.6900981947236448,0.0,-0.7237157464358271,3.929013079667063,3.929013079667063
-49.034920337066595,2811.520347206627,152.4630230954187,-36.63072922028804,2824.051853541974,155.43681766328424,0.6900981947236448,0.0,-0.7237157464358271,3.929013079667063,3.929013079667063
-36.63072922028804,2824.051853541974,155.43681766328424,-24.22653810350947,2836.583359877322,158.4106122311498,0.6900981947236448,0.0,-0.7237157464358271,3.929013079667063,3.929013079667063
-22.65146626442901,2812.41279293091,158.8326514584524,-36.63072922028804,2824.051853541974,155.43681766328424,0.6900981947236448,0.0,-0.7237157464358271,3.929013079667063,3.929013079667063
-36.63072922028804,2824.051853541974,155.43681766328424,-50.60999217614706,2835.6909141530386,152.0409838681161,0.6900981947236448,0.0,-0.7237157464358271,3.929013079667063,3.929013079667063
-50.60999217614706,2835.6909141530386,152.0409838681161,-38.205801059368504,2848.222420488386,155.01477843598164,0.6900981947236448,0.0,-0.7237157464358271,3.929013079667063,3.929013079667063
-38.205801059368504,2848.222420488386,155.01477843598164,-25.80160994258994,2860.7539268237338,157.9885730038472,0.6900981947236448,0.0,-0.7237157464358271,3.929013079667063,3.929013079667063
-24.226538103509476,2836.583359877322,158.4106122311498,-38.205801059368504,2848.222420488386,155.01477843598164,0.6900981947236448,0.0,-0.7237157464358271,3.929013079667063,3.929013079667063
-38.205801059368504,2848.222420488386,155.01477843598164,-52.185064015227525,2859.8614810994504,151.61894464081348,0.6900981947236448,0.0,-0.7237157464358271,3.929013079667063,3.929013079667063
-52.185064015227525,2859.8614810994504,151.61894464081348,-39.78087289844896,2872.3929874347978,154.59273920867903,0.6900981947236448,0.0,-0.7237157464358271,3.929013079667063,3.929013079667063
-39.78087289844896,2872.3929874347978,154.59273920867903,-27.3766817816704,2884.924493770146,157.5665337765446,0.6900981947236448,0.0,-0.7237157464358271,3.929013079667063,3.929013079667063
-25.80160994258994,2860.7539268237338,157.9885730038472,-39.78087289844896,2872.3929874347978,154.59273920867903,0.6900981947236448,0.0,-0.7237157464358271,3.929013079667063,3.929013079667063
-39.78087289844896,2872.3929874347978,154.59273920867903,-53.76013585430799,2884.0320480458627,151.19690541351088,0.6900981947236448,0.0,-0.7237157464358271,3.929013079667063,3.929013079667063
-53.76013585430799,2884.0320480458627,151.19690541351088,-41.35594473752942,2896.56355438121,154.17069998137643,0.6900981947236448,0.0,-0.7237157464358271,3.929013079667063,3.929013079667063
-41.35594473752942,2896.56355438121,154.17069998137643,-28.951753620750857,2909.095060716558,157.14449454924193,0.6900981947236448,0.0,-0.7237157464358271,3.929013079667063,3.929013079667063
-27.3766817816704,2884.924493770146,157.5665337765446,-41.35594473752942,2896.56355438121,154.17069998137643,0.6900981947236448,0.0,-0.7237157464358271,3.929013079667063,3.929013079667063
-41.35594473752942,2896.56355438121,154.17069998137643,-55.33520769338844,2908.2026149922744,150.77486618620824,0.6900981947236448,0.0,-0.7237157464358271,3.929013079667063,3.929013079667063
-55.33520769338844,2908.2026149922744,150.77486618620824,-42.93101657660988,2920.734121327622,153.7486607540738,0.6900981947236448,0.0,-0.7237157464358271,3.929013079667063,3.929013079667063
-42.93101657660988,2920.734121327622,153.7486607540738,-30.526825459831315,2933.2656276629696,156.72245532193932,0.6900981947236448,0.0,-0.7237157464358271,3.929013079667063,3.929013079667063
-28.951753620750857,2909.095060716558,157.14449454924193,-42.93101657660988,2920.734121327622,153.7486607540738,0.6900981947236448,0.0,-0.7237157464358271,3.929013079667063,3.929013079667063
-42.93101657660988,2920.734121327622,153.7486607540738,-56.910279532468905,2932.3731819386862,150.35282695890564,0.6900981947236448,0.0,-0.7237157464358271,3.929013079667063,3.929013079667063
-56.910279532468905,2932.3731819386862,150.35282695890564,-44.50608841569034,2944.9046882740336,153.3266215267712,0.6900981947236448,0.0,-0.7237157464358271,3.929013079667063,3.929013079667063
-44.50608841569034,2944.9046882740336,153.3266215267712,-32.10189729891177,2957.4361946093813,156.30041609463672,0.6900981947236448,0.0,-0.7237157464358271,3.929013079667063,3.929013079667063
-30.526825459831315,2933.2656276629696,156.72245532193932,-44.50608841569034,2944.9046882740336,153.3266215267712,0.6900981947236448,0.0,-0.7237157464358271,3.929013079667063,3.929013079667063
-44.50608841569034,2944.9046882740336,153.3266215267712,-58.485351371549356,2956.543748885098,149.93078773160303,0.6900981947236448,0.0,-0.7237157464358271,3.929013079667063,3.929013079667063
-58.48535137154937,2956.543748885098,149.93078773160303,-46.08116025477081,2969.075255220446,152.9045822994686,0.6900981947236448,0.0,-0.7237157464358271,3.929013079667063,3.929013079667063
-46.08116025477081,2969.075255220446,152.9045822994686,-33.67696913799224,2981.6067615557936,155.8783768673341,0.6900981947236448,0.0,-0.7237157464358271,3.929013079667063,3.929013079667063
-32.10189729891178,2957.4361946093813,156.30041609463672,-46.08116025477081,2969.075255220446,152.9045822994686,0.6900981947236448,0.0,-0.7237157464358271,3.929013079667063,3.929013079667063
-46.08116025477081,2969.075255220446,152.9045822994686,-60.06042321062982,2980.7143158315102,149.50874850430043,0.6900981947236448,0.0,-0.7237157464358271,3.929013079667063,3.929013079667063
-60.06042321062982,2980.7143158315102,149.50874850430043,-47.656232093851266,2993.2458221668576,152.48254307216595,0.6900981947236448,0.0,-0.7237157464358271,3.929013079667063,3.929013079667063
-47.656232093851266,2993.2458221668576,152.48254307216595,-35.252040977072696,3005.7773285022054,155.4563376400315,0.6900981947236448,0.0,-0.7237157464358271,3.929013079667063,3.929013079667063
-33.67696913799224,2981.6067615557936,155.8783768673341,-47.656232093851266,2993.2458221668576,152.48254307216595,0.6900981947236448,0.0,-0.7237157464358271,3.929013079667063,3.929013079667063
-47.656232093851266,2993.2458221668576,152.48254307216595,-61.635495049710286,3004.884882777922,149.0867092769978,0.6900981947236448,0.0,-0.7237157464358271,3.929013079667063,3.929013079667063
-61.635495049710286,3004.884882777922,149.0867092769978,-49.23130393293172,3017.4163891132694,152.06050384486335,0.6900981947236448,0.0,-0.7237157464358271,3.929013079667063,3.929013079667063
-49.23130393293172,3017.4163891132694,152.06050384486335,-36.82711281615316,3029.947895448617,155.0342984127289,0.6900981947236448,0.0,-0.7237157464358271,3.929013079667063,3.929013079667063
-35.252040977072696,3005.7773285022054,155.4563376400315,-49.23130393293172,3017.4163891132694,152.06050384486335,0.6900981947236448,0.0,-0.7237157464358271,3.929013079667063,3.929013079667063
-49.23130393293172,3017.4163891132694,152.06050384486335,-63.21056688879075,3029.055449724334,148.6646700496952,0.6900981947236448,0.0,-0.7237157464358271,3.929013079667063,3.929013079667063
-63.21056688879075,3029.055449724334,148.6646700496952,-50.80637577201218,3041.586956059681,151.63846461756074,0.6900981947236448,0.0,-0.7237157464358271,3.929013079667063,3.929013079667063
-50.80637577201218,3041.586956059681,151.63846461756074,-38.40218465523362,3054.118462395029,154.6122591854263,0.6900981947236448,0.0,-0.7237157464358271,3.929013079667063,3.929013079667063
-36.82711281615316,3029.947895448617,155.0342984127289,-50.80637577201218,3041.586956059681,151.63846461756074,0.6900981947236448,0.0,-0.7237157464358271,3.929013079667063,3.929013079667063
-50.80637577201218,3041.586956059681,151.63846461756074,-64.7856387278712,3053.2260166707456,148.24263082239258,0.6900981947236448,0.0,-0.7237157464358271,3.929013079667063,3.929013079667063
-64.7856387278712,3053.2260166707456,148.24263082239258,-52.38144761109264,3065.757523006093,151.21642539025814,0.6900981947236448,0.0,-0.7237157464358271,3.929013079667063,3.929013079667063
-52.38144761109264,3065.757523006093,151.21642539025814,-39.97725649431408,3078.2890293414407,154.1902199581237,0.6900981947236448,0.0,-0.7237157464358271,3.929013079667063,3.929013079667063
-38.40218465523362,3054.118462395029,154.6122591854263,-52.38144761109264,3065.757523006093,151.21642539025814,0.6900981947236448,0.0,-0.7237157464358271,3.929013079667063,3.929013079667063
-52.38144761109264,3065.757523006093,151.21642539025814,-66.36071056695167,3077.3965836171574,147.82059159508998,0.6900981947236448,0.0,-0.7237157464358271,3.929013079667063,3.929013079667063
-66.36071056695167,3077.3965836171574,147.82059159508995,-53.95651945017311,3089.9280899525047,150.7943861629555,0.6900981947236448,0.0,-0.7237157464358271,3.929013079667063,3.929013079667063
-53.95651945017311,3089.9280899525047,150.7943861629555,-41.55232833339454,3102.4595962878525,153.76818073082103,0.6900981947236448,0.0,-0.7237157464358271,3.929013079667063,3.929013079667063
-39.977256494314084,3078.2890293414407,154.19021995812363,-53.95651945017311,3089.9280899525047,150.7943861629555,0.6900981947236448,0.0,-0.7237157464358271,3.929013079667063,3.929013079667063
-53.95651945017311,3089.9280899525047,150.7943861629555,-67.93578240603213,3101.567150563569,147.39855236778735,0.6900981947236448,0.0,-0.7237157464358271,3.929013079667063,3.929013079667063
-67.93578240603213,3101.567150563569,147.39855236778735,-55.53159128925357,3114.0986568989165,150.3723469356529,0.6900981947236448,0.0,-0.7237157464358271,3.929013079667063,3.929013079667063
-55.53159128925357,3114.0986568989165,150.3723469356529,-43.127400172475,3126.6301632342643,153.34614150351842,0.6900981947236448,0.0,-0.7237157464358271,3.929013079667063,3.929013079667063
-41.55232833339454,3102.4595962878525,153.76818073082103,-55.53159128925357,3114.0986568989165,150.3723469356529,0.6900981947236448,0.0,-0.7237157464358271,3.929013079667063,3.929013079667063
-55.53159128925357,3114.0986568989165,150.3723469356529,-69.51085424511258,3125.737717509981,146.97651314048474,0.6900981947236448,0.0,-0.7237157464358271,3.929013079667063,3.929013079667063
-69.51085424511258,3125.737717509981,146.97651314048474,-57.10666312833403,3138.2692238453283,149.9503077083503,0.6900981947236448,0.0,-0.7237157464358271,3.929013079667063,3.929013079667063
-57.10666312833403,3138.2692238453283,149.9503077083503,-44.70247201155546,3150.8007301806765,152.92410227621582,0.6900981947236448,0.0,-0.7237157464358271,3.929013079667063,3.929013079667063
-43.127400172475,3126.6301632342643,153.34614150351842,-57.10666312833403,3138.2692238453283,149.9503077083503,0.6900981947236448,0.0,-0.7237157464358271,3.929013079667063,3.929013079667063
-57.10666312833403,3138.2692238453283,149.9503077083503,-71.08592608419305,3149.908284456393,146.55447391318214,0.6900981947236448,0.0,-0.7237157464358271,3.929013079667063,3.929013079667063
-71.08592608419305,3149.908284456393,146.55447391318214,-58.681734967414485,3162.4397907917405,149.5282684810477,0.6900981947236448,0.0,-0.7237157464358271,3.929013079667063,3.929013079667063
-58.681734967414485,3162.4397907917405,149.5282684810477,-46.27754385063592,3174.9712971270883,152.50206304891321,0.6900981947236448,0.0,-0.7237157464358271,3.929013079667063,3.929013079667063
-44.70247201155546,3150.8007301806765,152.92410227621582,-58.681734967414485,3162.4397907917405,149.5282684810477,0.6900981947236448,0.0,-0.7237157464358271,3.929013079667063,3.929013079667063
-58.681734967414485,3162.4397907917405,149.5282684810477,-72.66099792327351,3174.078851402805,146.13243468587953,0.6900981947236448,0.0,-0.7237157464358271,3.929013079667063,3.929013079667063
-72.66099792327351,3174.078851402805,146.13243468587953,-60.25680680649494,3186.6103577381523,149.10622925374506,0.6900981947236448,0.0,-0.7237157464358271,3.929013079667063,3.929013079667063
-60.25680680649494,3186.6103577381523,149.10622925374506,-47.85261568971638,3199.1418640735,152.0800238216106,0.6900981947236448,0.0,-0.7237157464358271,3.929013079667063,3.929013079667063
-46.27754385063592,3174.9712971270883,152.50206304891321,-60.25680680649494,3186.6103577381523,149.10622925374506,0.6900981947236448,0.0,-0.7237157464358271,3.929013079667063,3.929013079667063
-60.25680680649494,3186.6103577381523,149.10622925374506,-74.23606976235396,3198.2494183492167,145.7103954585769,0.6900981947236448,0.0,-0.7237157464358271,3.929013079667063,3.929013079667063
-74.23606976235398,3198.2494183492167,145.7103954585769,-61.83187864557541,3210.780924684564,148.68419002644245,0.6900981947236448,0.0,-0.7237157464358271,3.929013079667063,3.929013079667063
-61.83187864557541,3210.780924684564,148.68419002644245,-49.427687528796845,3223.312431019912,151.657984594308,0.6900981947236448,0.0,-0.7237157464358271,3.929013079667063,3.929013079667063
-47.85261568971639,3199.1418640735,152.0800238216106,-61.83187864557541,3210.780924684564,148.68419002644245,0.6900981947236448,0.0,-0.7237157464358271,3.929013079667063,3.929013079667063
-61.83187864557541,3210.780924684564,148.68419002644245,-75.81114160143443,3222.4199852956285,145.2883562312743,0.6900981947236448,0.0,-0.7237157464358271,3.929013079667063,3.929013079667063
-75.81114160143443,3222.4199852956285,145.2883562312743,-63.406950484655866,3234.9514916309763,148.26215079913985,0.6900981947236448,0.0,-0.7237157464358271,3.929013079667063,3.929013079667063
-63.406950484655866,3234.9514916309763,148.26215079913985,-51.0027593678773,3247.482997966324,151.2359453670054,0.6900981947236448,0.0,-0.7237157464358271,3.929013079667063,3.929013079667063
-49.427687528796845,3223.312431019912,151.657984594308,-63.406950484655866,3234.9514916309763,148.26215079913985,0.6900981947236448,0.0,-0.7237157464358271,3.929013079667063,3.929013079667063
-63.406950484655866,3234.9514916309763,148.26215079913985,-77.3862134405149,3246.5905522420408,144.8663170039717,0.6900981947236448,0.0,-0.7237157464358271,3.929013079667063,3.929013079667063
-77.3862134405149,3246.5905522420408,144.8663170039717,-64.98202232373633,3259.122058577388,147.84011157183724,0.6900981947236448,0.0,-0.7237157464358271,3.929013079667063,3.929013079667063
-64.98202232373633,3259.122058577388,147.84011157183724,-52.57783120695776,3271.653564912736,150.81390613970274,0.6900981947236448,0.0,-0.7237157464358271,3.929013079667063,3.929013079667063
-51.0027593678773,3247.482997966324,151.2359453670054,-64.98202232373633,3259.122058577388,147.84011157183724,0.6900981947236448,0.0,-0.7237157464358271,3.929013079667063,3.929013079667063
-64.98202232373633,3259.122058577388,147.84011157183724,-78.96128527959534,3270.7611191884525,144.44427777666905,0.6900981947236448,0.0,-0.7237157464358271,3.929013079667063,3.929013079667063
-78.96128527959534,3270.7611191884525,144.44427777666905,-66.55709416281678,3283.2926255238,147.4180723445346,0.6900981947236448,0.0,-0.7237157464358271,3.929013079667063,3.929013079667063
-66.55709416281678,3283.2926255238,147.4180723445346,-54.15290304603822,3295.8241318591477,150.39186691240013,0.6900981947236448,0.0,-0.7237157464358271,3.929013079667063,3.929013079667063
-52.57783120695776,3271.653564912736,150.81390613970274,-66.55709416281678,3283.2926255238,147.4180723445346,0.6900981947236448,0.0,-0.7237157464358271,3.929013079667063,3.929013079667063
-66.55709416281678,3283.2926255238,147.4180723445346,-80.53635711867581,3294.9316861348643,144.02223854936645,0.6900981947236448,0.0,-0.7237157464358271,3.929013079667063,3.929013079667063
-80.53635711867581,3294.9316861348643,144.02223854936645,-68.13216600189723,3307.4631924702117,146.996033117232,0.6900981947236448,0.0,-0.7237157464358271,3.929013079667063,3.929013079667063
-68.13216600189723,3307.4631924702117,146.996033117232,-55.72797488511868,3319.9946988055594,149.96982768509753,0.6900981947236448,0.0,-0.7237157464358271,3.929013079667063,3.929013079667063
-54.15290304603822,3295.8241318591477,150.39186691240013,-68.13216600189723,3307.4631924702117,146.996033117232,0.6900981947236448,0.0,-0.7237157464358271,3.929013079667063,3.929013079667063
-68.13216600189723,3307.4631924702117,146.996033117232,-82.11142895775626,3319.102253081276,143.60019932206384,0.6900981947236448,0.0,-0.7237157464358271,3.929013079667063,3.929013079667063
-82.11142895775626,3319.102253081276,143.60019932206384,-69.7072378409777,3331.6337594166234,146.5739938899294,0.6900981947236448,0.0,-0.7237157464358271,3.929013079667063,3.929013079667063
-69.7072378409777,3331.6337594166234,146.5739938899294,-57.30304672419914,3344.165265751971,149.54778845779492,0.6900981947236448,0.0,-0.7237157464358271,3.929013079667063,3.929013079667063
-55.72797488511868,3319.9946988055594,149.96982768509753,-69.7072378409777,3331.6337594166234,146.5739938899294,0.6900981947236448,0.0,-0.7237157464358271,3.929013079667063,3.929013079667063
-69.7072378409777,3331.6337594166234,146.5739938899294,-83.68650079683673,3343.272820027688,143.17816009476124,0.6900981947236448,0.0,-0.7237157464358271,3.929013079667063,3.929013079667063
-83.68650079683673,3343.272820027688,143.17816009476124,-71.28230968005816,3355.804326363035,146.15195466262676,0.6900981947236448,0.0,-0.7237157464358271,3.929013079667063,3.929013079667063
-71.28230968005816,3355.804326363035,146.15195466262676,-58.87811856327959,3368.335832698383,149.12574923049232,0.6900981947236448,0.0,-0.7237157464358271,3.929013079667063,3.929013079667063
-57.30304672419914,3344.165265751971,149.54778845779492,-71.28230968005816,3355.804326363035,146.15195466262676,0.6900981947236448,0.0,-0.7237157464358271,3.929013079667063,3.929013079667063
-71.28230968005816,3355.804326363035,146.15195466262676,-85.26157263591718,3367.4433869740997,142.75612086745863,0.6900981947236448,0.0,-0.7237157464358271,3.929013079667063,3.929013079667063
-85.26157263591718,3367.4433869740997,142.75612086745863,-72.85738151913861,3379.974893309447,145.72991543532416,0.6900981947236448,0.0,-0.7237157464358271,3.929013079667063,3.929013079667063
-72.85738151913861,3379.974893309447,145.72991543532416,-60.45319040236006,3392.506399644795,148.7037100031897,0.6900981947236448,0.0,-0.7237157464358271,3.929013079667063,3.929013079667063
-58.87811856327959,3368.335832698383,149.12574923049232,-72.85738151913861,3379.974893309447,145.72991543532416,0.6900981947236448,0.0,-0.7237157464358271,3.929013079667063,3.929013079667063
-72.85738151913861,3379.974893309447,145.72991543532416,-86.83664447499764,3391.6139539205114,142.334081640156,0.6900981947236448,0.0,-0.7237157464358271,3.929013079667063,3.929013079667063
-86.83664447499764,3391.6139539205114,142.334081640156,-74.43245335821908,3404.145460255859,145.30787620802155,0.6900981947236448,0.0,-0.7237157464358271,3.929013079667063,3.929013079667063
-74.43245335821908,3404.145460255859,145.30787620802155,-62.02826224144052,3416.6769665912066,148.2816707758871,0.6900981947236448,0.0,-0.7237157464358271,3.929013079667063,3.929013079667063
-60.45319040236006,3392.506399644795,148.7037100031897,-74.43245335821908,3404.145460255859,145.30787620802155,0.6900981947236448,0.0,-0.7237157464358271,3.929013079667063,3.929013079667063
-74.43245335821908,3404.145460255859,145.30787620802155,-88.4117163140781,3415.7845208669232,141.9120424128534,0.6900981947236448,0.0,-0.7237157464358271,3.929013079667063,3.929013079667063
-88.4117163140781,3415.7845208669232,141.9120424128534,-76.00752519729953,3428.3160272022706,144.88583698071895,0.6900981947236448,0.0,-0.7237157464358271,3.929013079667063,3.929013079667063
-76.00752519729953,3428.3160272022706,144.88583698071895,-63.60333408052097,3440.847533537619,147.8596315485845,0.6900981947236448,0.0,-0.7237157464358271,3.929013079667063,3.929013079667063
-62.02826224144052,3416.6769665912066,148.2816707758871,-76.00752519729953,3428.3160272022706,144.88583698071895,0.6900981947236448,0.0,-0.7237157464358271,3.929013079667063,3.929013079667063
-76.00752519729953,3428.3160272022706,144.88583698071895,-89.98678815315856,3439.9550878133355,141.4900031855508,0.6900981947236448,0.0,-0.7237157464358271,3.929013079667063,3.929013079667063
-89.98678815315856,3439.9550878133355,141.4900031855508,-77.58259703638,3452.486594148683,144.46379775341634,0.6900981947236448,0.0,-0.7237157464358271,3.929013079667063,3.929013079667063
-77.58259703638,3452.486594148683,144.46379775341634,-65.17840591960143,3465.0181004840306,147.43759232128184,0.6900981947236448,0.0,-0.7237157464358271,3.929013079667063,3.929013079667063
-63.60333408052097,3440.847533537619,147.8596315485845,-77.58259703638,3452.486594148683,144.46379775341634,0.6900981947236448,0.0,-0.7237157464358271,3.929013079667063,3.929013079667063
-77.58259703638,3452.486594148683,144.46379775341634,-91.56185999223902,3464.1256547597472,141.06796395824816,0.6900981947236448,0.0,-0.7237157464358271,3.929013079667063,3.929013079667063
9.258752093553696e-15,2320.374426855538,151.20689655172413,-14.476178329195342,2344.5449938019497,158.2333146293334,0.0,0.0,1.0,3.929013079667063,3.929013079667063
11.32603465103444,2344.5449938019497,143.33640001950965,-3.15014367816091,2368.7155607483614,150.3628180971189,0.0,0.0,1.0,3.929013079667063,3.929013079667063
-3.15014367816091,2368.7155607483614,150.3628180971189,-17.62632200735626,2392.886127694773,157.38923617472815,0.0,0.0,1.0,3.929013079667063,3.929013079667063
-14.476178329195342,2344.5449938019497,158.2333146293334,-3.15014367816091,2368.7155607483614,150.3628180971189,0.0,0.0,1.0,3.929013079667063,3.929013079667063
-3.15014367816091,2368.7155607483614,150.3628180971189,8.175890972873521,2392.886127694773,142.49232156490442,0.0,0.0,1.0,3.929013079667063,3.929013079667063
8.175890972873521,2392.886127694773,142.49232156490442,-6.30028735632183,2417.0566946411855,149.51873964251368,0.0,0.0,1.0,3.929013079667063,3.929013079667063
-6.30028735632183,2417.0566946411855,149.51873964251368,-20.77646568551718,2441.2272615875972,156.54515772012294,0.0,0.0,1.0,3.929013079667063,3.929013079667063
-17.62632200735626,2392.886127694773,157.38923617472815,-6.30028735632183,2417.0566946411855,149.51873964251368,0.0,0.0,1.0,3.929013079667063,3.929013079667063
-6.30028735632183,2417.0566946411855,149.51873964251368,5.025747294712602,2441.2272615875972,141.6482431102992,0.0,0.0,1.0,3.929013079667063,3.929013079667063
5.025747294712602,2441.2272615875972,141.6482431102992,-9.45043103448275,2465.397828534009,148.67466118790844,0.0,0.0,1.0,3.929013079667063,3.929013079667063
-9.45043103448275,2465.397828534009,148.67466118790844,-23.9266093636781,2489.568395480421,155.7010792655177,0.0,0.0,1.0,3.929013079667063,3.929013079667063
-20.77646568551718,2441.2272615875972,156.54515772012294,-9.45043103448275,2465.397828534009,148.67466118790844,0.0,0.0,1.0,3.929013079667063,3.929013079667063
-9.45043103448275,2465.397828534009,148.67466118790844,1.8756036165516825,2489.568395480421,140.80416465569397,0.0,0.0,1.0,3.929013079667063,3.929013079667063
1.8756036165516843,2489.568395480421,140.80416465569397,-12.600574712643668,2513.7389624268326,147.83058273330323,0.0,0.0,1.0,3.929013079667063,3.929013079667063
-12.600574712643668,2513.7389624268326,147.83058273330323,-27.07675304183902,2537.9095293732444,154.8570008109125,0.0,0.0,1.0,3.929013079667063,3.929013079667063
-23.926609363678097,2489.568395480421,155.7010792655177,-12.600574712643668,2513.7389624268326,147.83058273330323,0.0,0.0,1.0,3.929013079667063,3.929013079667063
-12.600574712643668,2513.7389624268326,147.83058273330323,-1.274540061609235,2537.9095293732444,139.96008620108876,0.0,0.0,1.0,3.929013079667063,3.929013079667063
-1.2745400616092386,2537.9095293732444,139.96008620108876,-15.750718390804588,2562.0800963196566,146.986504278698,0.0,0.0,1.0,3.929013079667063,3.929013079667063
-15.750718390804588,2562.0800963196566,146.986504278698,-30.226896719999935,2586.2506632660684,154.01292235630726,0.0,0.0,1.0,3.929013079667063,3.929013079667063
-27.07675304183902,2537.9095293732444,154.8570008109125,-15.750718390804588,2562.0800963196566,146.986504278698,0.0,0.0,1.0,3.929013079667063,3.929013079667063
-15.750718390804588,2562.0800963196566,146.986504278698,-4.424683739770153,2586.2506632660684,139.11600774648352,0.0,0.0,1.0,3.929013079667063,3.929013079667063
-4.424683739770153,2586.2506632660684,139.11600774648352,-18.900862068965505,2610.42123021248,146.14242582409278,0.0,0.0,1.0,3.929013079667063,3.929013079667063
-18.900862068965505,2610.42123021248,146.14242582409278,-33.37704039816086,2634.591797158892,153.16884390170205,0.0,0.0,1.0,3.929013079667063,3.929013079667063
-30.226896719999935,2586.2506632660684,154.01292235630726,-18.900862068965505,2610.42123021248,146.14242582409278,0.0,0.0,1.0,3.929013079667063,3.929013079667063
-18.900862068965505,2610.42123021248,146.14242582409278,-7.574827417931072,2634.591797158892,138.2719292918783,0.0,0.0,1.0,3.929013079667063,3.929013079667063
-7.574827417931072,2634.591797158892,138.2719292918783,-22.05100574712642,2658.7623641053037,145.29834736948754,0.0,0.0,1.0,3.929013079667063,3.929013079667063
-22.05100574712642,2658.7623641053037,145.29834736948754,-36.527184076321774,2682.9329310517155,152.3247654470968,0.0,0.0,1.0,3.929013079667063,3.929013079667063
-33.37704039816086,2634.591797158892,153.16884390170205,-22.05100574712642,2658.7623641053037,145.29834736948754,0.0,0.0,1.0,3.929013079667063,3.929013079667063
-22.05100574712642,2658.7623641053037,145.29834736948754,-10.724971096091991,2682.9329310517155,137.42785083727307,0.0,0.0,1.0,3.929013079667063,3.929013079667063
-10.724971096091995,2682.9329310517155,137.42785083727307,-25.201149425287344,2707.1034979981278,144.45426891488233,0.0,0.0,1.0,3.929013079667063,3.929013079667063
-25.201149425287344,2707.1034979981278,144.45426891488233,-39.67732775448269,2731.2740649445395,151.4806869924916,0.0,0.0,1.0,3.929013079667063,3.929013079667063
-36.527184076321774,2682.9329310517155,152.3247654470968,-25.201149425287344,2707.1034979981278,144.45426891488233,0.0,0.0,1.0,3.929013079667063,3.929013079667063
-25.201149425287344,2707.1034979981278,144.45426891488233,-13.87511477425291,2731.2740649445395,136.58377238266786,0.0,0.0,1.0,3.929013079667063,3.929013079667063
-13.87511477425291,2731.2740649445395,136.58377238266786,-28.35129310344826,2755.4446318909513,143.6101904602771,0.0,0.0,1.0,3.929013079667063,3.929013079667063
-28.35129310344826,2755.4446318909513,143.6101904602771,-42.82747143264361,2779.615198837363,150.63660853788636,0.0,0.0,1.0,3.929013079667063,3.929013079667063
-39.67732775448269,2731.2740649445395,151.4806869924916,-28.35129310344826,2755.4446318909513,143.6101904602771,0.0,0.0,1.0,3.929013079667063,3.929013079667063
-28.35129310344826,2755.4446318909513,143.6101904602771,-17.02525845241383,2779.615198837363,135.73969392806262,0.0,0.0,1.0,3.929013079667063,3.929013079667063
-17.02525845241383,2779.615198837363,135.73969392806262,-31.50143678160918,2803.785765783775,142.76611200567189,0.0,0.0,1.0,3.929013079667063,3.929013079667063
-31.50143678160918,2803.785765783775,142.76611200567189,-45.977615110804535,2827.9563327301867,149.79253008328115,0.0,0.0,1.0,3.929013079667063,3.929013079667063
-42.82747143264361,2779.615198837363,150.63660853788636,-31.50143678160918,2803.785765783775,142.76611200567189,0.0,0.0,1.0,3.929013079667063,3.929013079667063
-31.50143678160918,2803.785765783775,142.76611200567189,-20.175402130574753,2827.9563327301867,134.8956154734574,0.0,0.0,1.0,3.929013079667063,3.929013079667063
-20.175402130574753,2827.9563327301867,134.8956154734574,-34.6515804597701,2852.1268996765984,141.92203355106665,0.0,0.0,1.0,3.929013079667063,3.929013079667063
-34.6515804597701,2852.1268996765984,141.92203355106665,-49.12775878896545,2876.29746662301,148.9484516286759,0.0,0.0,1.0,3.929013079667063,3.929013079667063
-45.977615110804535,2827.9563327301867,149.79253008328115,-34.6515804597701,2852.1268996765984,141.92203355106665,0.0,0.0,1.0,3.929013079667063,3.929013079667063
-34.6515804597701,2852.1268996765984,141.92203355106665,-23.32554580873567,2876.29746662301,134.05153701885217,0.0,0.0,1.0,3.929013079667063,3.929013079667063
-23.32554580873567,2876.29746662301,134.05153701885217,-37.801724137931025,2900.4680335694225,141.07795509646144,0.0,0.0,1.0,3.929013079667063,3.929013079667063
-37.801724137931025,2900.4680335694225,141.07795509646144,-52.277902467126374,2924.6386005158342,148.1043731740707,0.0,0.0,1.0,3.929013079667063,3.929013079667063
-49.12775878896545,2876.29746662301,148.9484516286759,-37.801724137931025,2900.4680335694225,141.07795509646144,0.0,0.0,1.0,3.929013079667063,3.929013079667063
-37.801724137931025,2900.4680335694225,141.07795509646144,-26.47568948689659,2924.6386005158342,133.20745856424696,0.0,0.0,1.0,3.929013079667063,3.929013079667063
-26.47568948689659,2924.6386005158342,133.20745856424696,-40.95186781609194,2948.809167462246,140.23387664185623,0.0,0.0,1.0,3.929013079667063,3.929013079667063
-40.95186781609194,2948.809167462246,140.23387664185623,-55.42804614528729,2972.979734408658,147.26029471946546,0.0,0.0,1.0,3.929013079667063,3.929013079667063
-52.277902467126374,2924.6386005158342,148.1043731740707,-40.95186781609194,2948.809167462246,140.23387664185623,0.0,0.0,1.0,3.929013079667063,3.929013079667063
-40.95186781609194,2948.809167462246,140.23387664185623,-29.625833165057507,2972.979734408658,132.36338010964172,0.0,0.0,1.0,3.929013079667063,3.929013079667063
-29.625833165057507,2972.979734408658,132.36338010964172,-44.10201149425286,2997.1503013550696,139.389798187251,0.0,0.0,1.0,3.929013079667063,3.929013079667063
-44.10201149425286,2997.1503013550696,139.389798187251,-58.578189823448206,3021.320868301482,146.41621626486025,0.0,0.0,1.0,3.929013079667063,3.929013079667063
-55.42804614528729,2972.979734408658,147.26029471946546,-44.10201149425286,2997.1503013550696,139.389798187251,0.0,0.0,1.0,3.929013079667063,3.929013079667063
-44.10201149425286,2997.1503013550696,139.389798187251,-32.77597684321842,3021.320868301482,131.51930165503651,0.0,0.0,1.0,3.929013079667063,3.929013079667063
-32.77597684321843,3021.320868301482,131.51930165503651,-47.25215517241379,3045.4914352478936,138.54571973264575,0.0,0.0,1.0,3.929013079667063,3.929013079667063
-47.25215517241379,3045.4914352478936,138.54571973264575,-61.728333501609136,3069.6620021943054,145.57213781025501,0.0,0.0,1.0,3.929013079667063,3.929013079667063
-58.57818982344821,3021.320868301482,146.41621626486025,-47.25215517241379,3045.4914352478936,138.54571973264575,0.0,0.0,1.0,3.929013079667063,3.929013079667063
-47.25215517241379,3045.4914352478936,138.54571973264575,-35.92612052137935,3069.6620021943054,130.67522320043128,0.0,0.0,1.0,3.929013079667063,3.929013079667063
-35.92612052137935,3069.6620021943054,130.67522320043128,-50.4022988505747,3093.832569140717,137.70164127804054,0.0,0.0,1.0,3.929013079667063,3.929013079667063
-50.4022988505747,3093.832569140717,137.70164127804054,-64.87847717977004,3118.003136087129,144.7280593556498,0.0,0.0,1.0,3.929013079667063,3.929013079667063
-61.728333501609136,3069.6620021943054,145.57213781025501,-50.4022988505747,3093.832569140717,137.70164127804054,0.0,0.0,1.0,3.929013079667063,3.929013079667063
-50.4022988505747,3093.832569140717,137.70164127804054,-39.07626419954027,3118.003136087129,129.83114474582607,0.0,0.0,1.0,3.929013079667063,3.929013079667063
-39.07626419954027,3118.003136087129,129.83114474582607,-53.55244252873562,3142.1737030335407,136.8575628234353,0.0,0.0,1.0,3.929013079667063,3.929013079667063
-53.55244252873562,3142.1737030335407,136.8575628234353,-68.02862085793097,3166.3442699799525,143.88398090104457,0.0,0.0,1.0,3.929013079667063,3.929013079667063
-64.87847717977004,3118.003136087129,144.7280593556498,-53.55244252873562,3142.1737030335407,136.8575628234353,0.0,0.0,1.0,3.929013079667063,3.929013079667063
-53.55244252873562,3142.1737030335407,136.8575628234353,-42.226407877701185,3166.3442699799525,128.98706629122083,0.0,0.0,1.0,3.929013079667063,3.929013079667063
-42.226407877701185,3166.3442699799525,128.98706629122083,-56.702586206896534,3190.5148369263648,136.0134843688301,0.0,0.0,1.0,3.929013079667063,3.929013079667063
-56.702586206896534,3190.5148369263648,136.0134843688301,-71.17876453609189,3214.6854038727765,143.03990244643936,0.0,0.0,1.0,3.929013079667063,3.929013079667063
-68.02862085793097,3166.3442699799525,143.88398090104457,-56.702586206896534,3190.5148369263648,136.0134843688301,0.0,0.0,1.0,3.929013079667063,3.929013079667063
-56.702586206896534,3190.5148369263648,136.0134843688301,-45.37655155586211,3214.6854038727765,128.14298783661562,0.0,0.0,1.0,3.929013079667063,3.929013079667063
-45.37655155586211,3214.6854038727765,128.14298783661562,-59.85272988505746,3238.8559708191883,135.16940591422485,0.0,0.0,1.0,3.929013079667063,3.929013079667063
-59.85272988505746,3238.8559708191883,135.16940591422485,-74.3289082142528,3263.0265377656,142.19582399183412,0.0,0.0,1.0,3.929013079667063,3.929013079667063
-71.17876453609189,3214.6854038727765,143.03990244643936,-59.85272988505746,3238.8559708191883,135.16940591422485,0.0,0.0,1.0,3.929013079667063,3.929013079667063
-59.85272988505746,3238.8559708191883,135.16940591422485,-48.52669523402302,3263.0265377656,127.2989093820104,0.0,0.0,1.0,3.929013079667063,3.929013079667063
-48.52669523402303,3263.0265377656,127.2989093820104,-63.00287356321838,3287.1971047120123,134.32532745961964,0.0,0.0,1.0,3.929013079667063,3.929013079667063
-63.00287356321838,3287.1971047120123,134.32532745961964,-77.47905189241374,3311.367671658424,141.3517455372289,0.0,0.0,1.0,3.929013079667063,3.929013079667063
-74.3289082142528,3263.0265377656,142.19582399183412,-63.00287356321838,3287.1971047120123,134.32532745961964,0.0,0.0,1.0,3.929013079667063,3.929013079667063
-63.00287356321838,3287.1971047120123,134.32532745961964,-51.676838912183946,3311.367671658424,126.45483092740518,0.0,0.0,1.0,3.929013079667063,3.929013079667063
-51.676838912183946,3311.367671658424,126.45483092740518,-66.15301724137929,3335.538238604836,133.4812490050144,0.0,0.0,1.0,3.929013079667063,3.929013079667063
-66.15301724137929,3335.538238604836,133.4812490050144,-80.62919557057464,3359.7088055512477,140.50766708262367,0.0,0.0,1.0,3.929013079667063,3.929013079667063
-77.47905189241374,3311.367671658424,141.3517455372289,-66.15301724137929,3335.538238604836,133.4812490050144,0.0,0.0,1.0,3.929013079667063,3.929013079667063
-66.15301724137929,3335.538238604836,133.4812490050144,-54.82698259034486,3359.7088055512477,125.61075247279994,0.0,0.0,1.0,3.929013079667063,3.929013079667063
-54.82698259034486,3359.7088055512477,125.61075247279994,-69.3031609195402,3383.8793724976595,132.6371705504092,0.0,0.0,1.0,3.929013079667063,3.929013079667063
-69.3031609195402,3383.8793724976595,132.6371705504092,-83.77933924873557,3408.0499394440712,139.66358862801846,0.0,0.0,1.0,3.929013079667063,3.929013079667063
-80.62919557057464,3359.7088055512477,140.50766708262367,-69.3031609195402,3383.8793724976595,132.6371705504092,0.0,0.0,1.0,3.929013079667063,3.929013079667063
-69.3031609195402,3383.8793724976595,132.6371705504092,-57.97712626850578,3408.0499394440712,124.76667401819473,0.0,0.0,1.0,3.929013079667063,3.929013079667063
-57.97712626850578,3408.0499394440712,124.76667401819473,-72.45330459770112,3432.220506390483,131.79309209580396,0.0,0.0,1.0,3.929013079667063,3.929013079667063
-72.45330459770112,3432.220506390483,131.79309209580396,-86.92948292689647,3456.391073336895,138.81951017341322,0.0,0.0,1.0,3.929013079667063,3.929013079667063
-83.77933924873557,3408.0499394440712,139.66358862801846,-72.45330459770112,3432.220506390483,131.79309209580396,0.0,0.0,1.0,3.929013079667063,3.929013079667063
-72.45330459770112,3432.220506390483,131.79309209580396,-61.127269946666694,3456.391073336895,123.9225955635895,0.0,0.0,1.0,3.929013079667063,3.929013079667063
-75.60344827586205,3480.5616402833066,130.94901364119875,-86.92948292689647,3456.391073336895,138.81951017341322,0.0,0.0,1.0,3.929013079667063,3.929013079667063
8.175890972873521,2392.886127694773,142.49232156490442,11.800222061204542,2400.620709117625,139.9737626745958,0.0,0.0,1.0,3.929013079667063,3.929013079667063
-17.62632200735626,2392.886127694773,157.38923617472815,-22.258699072698775,2400.620709117625,159.63768995956312,0.0,0.0,1.0,3.929013079667063,3.929013079667063
5.025747294712602,2441.2272615875972,141.6482431102992,8.650078383043622,2448.961843010449,139.12968421999057,0.0,0.0,1.0,3.929013079667063,3.929013079667063
-20.77646568551718,2441.2272615875972,156.54515772012294,-25.408842750859698,2448.961843010449,158.79361150495788,0.0,0.0,1.0,3.929013079667063,3.929013079667063
1.8756036165516825,2489.568395480421,140.80416465569397,5.499934704882703,2497.302976903273,138.28560576538536,0.0,0.0,1.0,3.929013079667063,3.929013079667063
-23.9266093636781,2489.568395480421,155.7010792655177,-28.558986429020614,2497.302976903273,157.94953305035267,0.0,0.0,1.0,3.929013079667063,3.929013079667063
-1.274540061609235,2537.9095293732444,139.96008620108876,2.3497910267217836,2545.6441107960964,137.44152731078012,0.0,0.0,1.0,3.929013079667063,3.929013079667063
-27.07675304183902,2537.9095293732444,154.8570008109125,-31.709130107181537,2545.6441107960964,157.10545459574743,0.0,0.0,1.0,3.929013079667063,3.929013079667063
-4.424683739770153,2586.2506632660684,139.11600774648352,-0.8003526514391339,2593.98524468892,136.5974488561749,0.0,0.0,1.0,3.929013079667063,3.929013079667063
-30.226896719999935,2586.2506632660684,154.01292235630726,-34.85927378534245,2593.98524468892,156.26137614114222,0.0,0.0,1.0,3.929013079667063,3.929013079667063
-7.574827417931072,2634.591797158892,138.2719292918783,-3.9504963296000497,2642.3263785817435,135.75337040156967,0.0,0.0,1.0,3.929013079667063,3.929013079667063
-33.37704039816086,2634.591797158892,153.16884390170205,-38.00941746350337,2642.3263785817435,155.41729768653698,0.0,0.0,1.0,3.929013079667063,3.929013079667063
-10.724971096091991,2682.9329310517155,137.42785083727307,-7.100640007760969,2690.6675124745675,134.90929194696446,0.0,0.0,1.0,3.929013079667063,3.929013079667063
-36.527184076321774,2682.9329310517155,152.3247654470968,-41.159561141664284,2690.6675124745675,154.57321923193177,0.0,0.0,1.0,3.929013079667063,3.929013079667063
-13.87511477425291,2731.2740649445395,136.58377238266786,-10.250783685921892,2739.008646367391,134.06521349235922,0.0,0.0,1.0,3.929013079667063,3.929013079667063
-39.67732775448269,2731.2740649445395,151.4806869924916,-44.309704819825214,2739.008646367391,153.72914077732653,0.0,0.0,1.0,3.929013079667063,3.929013079667063
-17.02525845241383,2779.615198837363,135.73969392806262,-13.400927364082811,2787.349780260215,133.221135037754,0.0,0.0,1.0,3.929013079667063,3.929013079667063
-42.82747143264361,2779.615198837363,150.63660853788636,-47.45984849798613,2787.349780260215,152.88506232272132,0.0,0.0,1.0,3.929013079667063,3.929013079667063
-20.175402130574753,2827.9563327301867,134.8956154734574,-16.55107104224373,2835.6909141530386,132.37705658314877,0.0,0.0,1.0,3.929013079667063,3.929013079667063
-45.977615110804535,2827.9563327301867,149.79253008328115,-50.609992176147045,2835.6909141530386,152.0409838681161,0.0,0.0,1.0,3.929013079667063,3.929013079667063
-23.32554580873567,2876.29746662301,134.05153701885217,-19.701214720404653,2884.032048045862,131.53297812854356,0.0,0.0,1.0,3.929013079667063,3.929013079667063
-49.12775878896545,2876.29746662301,148.9484516286759,-53.760135854307975,2884.032048045862,151.19690541351088,0.0,0.0,1.0,3.929013079667063,3.929013079667063
-26.47568948689659,2924.6386005158342,133.20745856424696,-22.85135839856557,2932.373181938686,130.68889967393832,0.0,0.0,1.0,3.929013079667063,3.929013079667063
-52.277902467126374,2924.6386005158342,148.1043731740707,-56.91027953246889,2932.373181938686,150.35282695890564,0.0,0.0,1.0,3.929013079667063,3.929013079667063
-29.625833165057507,2972.979734408658,132.36338010964172,-26.001502076726485,2980.71431583151,129.8448212193331,0.0,0.0,1.0,3.929013079667063,3.929013079667063
-55.42804614528729,2972.979734408658,147.26029471946546,-60.06042321062981,2980.71431583151,149.50874850430043,0.0,0.0,1.0,3.929013079667063,3.929013079667063
-32.77597684321842,3021.320868301482,131.51930165503651,-29.1516457548874,3029.0554497243334,129.00074276472787,0.0,0.0,1.0,3.929013079667063,3.929013079667063
-58.578189823448206,3021.320868301482,146.41621626486025,-63.21056688879072,3029.0554497243334,148.6646700496952,0.0,0.0,1.0,3.929013079667063,3.929013079667063
-35.92612052137935,3069.6620021943054,130.67522320043128,-32.30178943304833,3077.3965836171574,128.15666431012266,0.0,0.0,1.0,3.929013079667063,3.929013079667063
-61.728333501609136,3069.6620021943054,145.57213781025501,-66.36071056695165,3077.3965836171574,147.82059159508998,0.0,0.0,1.0,3.929013079667063,3.929013079667063
-39.07626419954027,3118.003136087129,129.83114474582607,-35.45193311120924,3125.737717509981,127.31258585551743,0.0,0.0,1.0,3.929013079667063,3.929013079667063
-64.87847717977004,3118.003136087129,144.7280593556498,-69.51085424511257,3125.737717509981,146.97651314048474,0.0,0.0,1.0,3.929013079667063,3.929013079667063
-42.226407877701185,3166.3442699799525,128.98706629122083,-38.60207678937016,3174.0788514028045,126.46850740091222,0.0,0.0,1.0,3.929013079667063,3.929013079667063
-68.02862085793097,3166.3442699799525,143.88398090104457,-72.66099792327348,3174.0788514028045,146.13243468587953,0.0,0.0,1.0,3.929013079667063,3.929013079667063
-45.37655155586211,3214.6854038727765,128.14298783661562,-41.75222046753109,3222.419985295628,125.62442894630698,0.0,0.0,1.0,3.929013079667063,3.929013079667063
-71.17876453609189,3214.6854038727765,143.03990244643936,-75.8111416014344,3222.419985295628,145.2883562312743,0.0,0.0,1.0,3.929013079667063,3.929013079667063
-48.52669523402302,3263.0265377656,127.2989093820104,-44.902364145692005,3270.7611191884516,124.78035049170177,0.0,0.0,1.0,3.929013079667063,3.929013079667063
-74.3289082142528,3263.0265377656,142.19582399183412,-78.96128527959532,3270.7611191884516,144.44427777666908,0.0,0.0,1.0,3.929013079667063,3.929013079667063
-51.676838912183946,3311.367671658424,126.45483092740518,-48.05250782385292,3319.1022530812756,123.93627203709653,0.0,0.0,1.0,3.929013079667063,3.929013079667063
-77.47905189241374,3311.367671658424,141.3517455372289,-82.11142895775623,3319.1022530812756,143.60019932206384,0.0,0.0,1.0,3.929013079667063,3.929013079667063
-54.82698259034486,3359.7088055512477,125.61075247279994,-51.202651502013836,3367.4433869740997,123.09219358249132,0.0,0.0,1.0,3.929013079667063,3.929013079667063
-80.62919557057464,3359.7088055512477,140.50766708262367,-85.26157263591715,3367.4433869740997,142.75612086745863,0.0,0.0,1.0,3.929013079667063,3.929013079667063
-57.97712626850578,3408.0499394440712,124.76667401819473,-54.35279518017475,3415.7845208669232,122.24811512788608,0.0,0.0,1.0,3.929013079667063,3.929013079667063
-83.77933924873557,3408.0499394440712,139.66358862801846,-88.41171631407806,3415.7845208669232,141.9120424128534,0.0,0.0,1.0,3.929013079667063,3.929013079667063
-61.127269946666694,3456.391073336895,123.9225955635895,-57.50293885833568,3464.125654759747,121.40403667328087,0.0,0.0,1.0,3.929013079667063,3.929013079667063
-86.92948292689647,3456.391073336895,138.81951017341322,-91.561859992239,3464.125654759747,141.06796395824819,0.0,0.0,1.0,3.929013079667063,3.929013079667063
-75.60344827586205,3480.5616402833066,130.94901364119875,-61.127269946666694,3456.391073336895,123.9225955635895,0.0,0.0,1.0,3.929013079667063,3.929013079667063
-92.06896551724134,3480.5616402833066,159.46812607616906,-184.13793103448276,3480.5616402833066,1.0432406108082831e-13,0.0,0.0,1.0,3.929013079667063,3.929013079667063
-92.06896551724134,3480.5616402833066,159.46812607616906,-108.53448275862065,3480.5616402833066,187.9872385111394,0.0,0.0,1.0,3.929013079667063,3.929013079667063
-92.06896551724134,3480.5616402833066,159.46812607616906,-75.60344827586204,3480.5616402833066,130.94901364119875,0.0,0.0,1.0,3.929013079667063,3.929013079667063
-108.53448275862065,3480.5616402833066,187.9872385111394,-217.0689655172414,3480.5616402833066,1.2298126676101392e-13,0.0,0.0,1.0,3.929013079667063,3.929013079667063
-75.60344827586204,3480.5616402833066,130.94901364119875,-151.20689655172413,3480.5616402833066,8.566685540064272e-14,0.0,0.0,1.0,3.929013079667063,3.929013079667063
-187.9872385111394,2320.374426855538,108.53448275862068,-171.53003965173494,2344.5449938019497,110.18974850346483,0.0,0.0,1.0,3.929013079667063,3.929013079667063
-185.80228772794513,2350.997668809625,129.43812262456635,-175.20537899991325,2363.723905490419,120.90641095561271,-0.69347657033171,0.0,-0.7204791783257647,3.929013079667063,3.929013079667063
-175.20537899991325,2363.723905490419,120.90641095561271,-164.60847027188137,2376.4501421712134,112.3746992866591,-0.69347657033171,0.0,-0.7204791783257647,3.929013079667063,3.929013079667063
-166.26373601672552,2352.2795752248016,110.71943354181495,-175.20537899991325,2363.723905490419,120.90641095561271,-0.69347657033171,0.0,-0.7204791783257647,3.929013079667063,3.929013079667063
-175.20537899991325,2363.723905490419,120.90641095561271,-184.14702198310098,2375.1682357560367,131.0933883694105,-0.69347657033171,0.0,-0.7204791783257647,3.929013079667063,3.929013079667063
-184.14702198310098,2375.1682357560367,131.0933883694105,-173.5501132550691,2387.8944724368307,122.56167670045684,-0.69347657033171,0.0,-0.7204791783257647,3.929013079667063,3.929013079667063
-173.5501132550691,2387.8944724368307,122.56167670045684,-162.95320452703723,2400.620709117625,114.02996503150322,-0.69347657033171,0.0,-0.7204791783257647,3.929013079667063,3.929013079667063
-164.60847027188137,2376.4501421712134,112.3746992866591,-173.5501132550691,2387.8944724368307,122.56167670045684,-0.69347657033171,0.0,-0.7204791783257647,3.929013079667063,3.929013079667063
-173.5501132550691,2387.8944724368307,122.56167670045684,-182.49175623825684,2399.3388027024484,132.7486541142546,-0.69347657033171,0.0,-0.7204791783257647,3.929013079667063,3.929013079667063
-182.49175623825684,2399.3388027024484,132.7486541142546,-171.89484751022496,2412.0650393832425,124.21694244530099,-0.69347657033171,0.0,-0.7204791783257647,3.929013079667063,3.929013079667063
-171.89484751022496,2412.0650393832425,124.21694244530099,-161.29793878219309,2424.791276064037,115.68523077634737,-0.69347657033171,0.0,-0.7204791783257647,3.929013079667063,3.929013079667063
-162.95320452703723,2400.620709117625,114.02996503150322,-171.89484751022496,2412.0650393832425,124.21694244530099,-0.69347657033171,0.0,-0.7204791783257647,3.929013079667063,3.929013079667063
-171.89484751022496,2412.0650393832425,124.21694244530099,-180.8364904934127,2423.5093696488602,134.40391985909875,-0.69347657033171,0.0,-0.7204791783257647,3.929013079667063,3.929013079667063
-180.8364904934127,2423.5093696488602,134.40391985909875,-170.23958176538082,2436.2356063296543,125.87220819014513,-0.69347657033171,0.0,-0.7204791783257647,3.929013079667063,3.929013079667063
-170.23958176538082,2436.2356063296543,125.87220819014513,-159.64267303734894,2448.961843010449,117.34049652119151,-0.69347657033171,0.0,-0.7204791783257647,3.929013079667063,3.929013079667063
-161.29793878219309,2424.791276064037,115.68523077634737,-170.23958176538082,2436.2356063296543,125.87220819014513,-0.69347657033171,0.0,-0.7204791783257647,3.929013079667063,3.929013079667063
-170.23958176538082,2436.2356063296543,125.87220819014513,-179.18122474856855,2447.679936595272,136.0591856039429,-0.69347657033171,0.0,-0.7204791783257647,3.929013079667063,3.929013079667063
-179.18122474856855,2447.679936595272,136.0591856039429,-168.58431602053668,2460.406173276066,127.52747393498927,-0.69347657033171,0.0,-0.7204791783257647,3.929013079667063,3.929013079667063
-168.58431602053668,2460.406173276066,127.52747393498927,-157.98740729250483,2473.132409956861,118.99576226603565,-0.69347657033171,0.0,-0.7204791783257647,3.929013079667063,3.929013079667063
-159.64267303734894,2448.961843010449,117.34049652119151,-168.58431602053668,2460.406173276066,127.52747393498927,-0.69347657033171,0.0,-0.7204791783257647,3.929013079667063,3.929013079667063
-168.58431602053668,2460.406173276066,127.52747393498927,-177.52595900372444,2471.8505035416842,137.71445134878704,-0.69347657033171,0.0,-0.7204791783257647,3.929013079667063,3.929013079667063
-177.52595900372444,2471.8505035416842,137.71445134878704,-166.92905027569256,2484.5767402224783,129.18273967983342,-0.69347657033171,0.0,-0.7204791783257647,3.929013079667063,3.929013079667063
-166.92905027569256,2484.5767402224783,129.18273967983342,-156.33214154766068,2497.302976903273,120.65102801087978,-0.69347657033171,0.0,-0.7204791783257647,3.929013079667063,3.929013079667063
-157.98740729250483,2473.132409956861,118.99576226603565,-166.92905027569256,2484.5767402224783,129.18273967983342,-0.69347657033171,0.0,-0.7204791783257647,3.929013079667063,3.929013079667063
-166.92905027569256,2484.5767402224783,129.18273967983342,-175.8706932588803,2496.021070488096,139.36971709363115,-0.69347657033171,0.0,-0.7204791783257647,3.929013079667063,3.929013079667063
-175.8706932588803,2496.021070488096,139.36971709363115,-165.27378453084842,2508.74730716889,130.83800542467753,-0.69347657033171,0.0,-0.7204791783257647,3.929013079667063,3.929013079667063
-165.27378453084842,2508.74730716889,130.83800542467753,-154.67687580281654,2521.4735438496846,122.30629375572393,-0.69347657033171,0.0,-0.7204791783257647,3.929013079667063,3.929013079667063
-156.33214154766068,2497.302976903273,120.65102801087978,-165.27378453084842,2508.74730716889,130.83800542467753,-0.69347657033171,0.0,-0.7204791783257647,3.929013079667063,3.929013079667063
-165.27378453084842,2508.74730716889,130.83800542467753,-174.21542751403615,2520.191637434508,141.0249828384753,-0.69347657033171,0.0,-0.7204791783257647,3.929013079667063,3.929013079667063
-174.21542751403615,2520.191637434508,141.0249828384753,-163.61851878600427,2532.917874115302,132.49327116952168,-0.69347657033171,0.0,-0.7204791783257647,3.929013079667063,3.929013079667063
-163.61851878600427,2532.917874115302,132.49327116952168,-153.0216100579724,2545.6441107960964,123.96155950056807,-0.69347657033171,0.0,-0.7204791783257647,3.929013079667063,3.929013079667063
-154.67687580281654,2521.4735438496846,122.30629375572393,-163.61851878600427,2532.917874115302,132.49327116952168,-0.69347657033171,0.0,-0.7204791783257647,3.929013079667063,3.929013079667063
-163.61851878600427,2532.917874115302,132.49327116952168,-172.560161769192,2544.3622043809196,142.68024858331944,-0.69347657033171,0.0,-0.7204791783257647,3.929013079667063,3.929013079667063
-172.560161769192,2544.3622043809196,142.68024858331944,-161.96325304116013,2557.0884410617136,134.14853691436582,-0.69347657033171,0.0,-0.7204791783257647,3.929013079667063,3.929013079667063
-161.96325304116013,2557.0884410617136,134.14853691436582,-151.36634431312825,2569.814677742508,125.61682524541222,-0.69347657033171,0.0,-0.7204791783257647,3.929013079667063,3.929013079667063
-153.0216100579724,2545.6441107960964,123.96155950056807,-161.96325304116013,2557.0884410617136,134.14853691436582,-0.69347657033171,0.0,-0.7204791783257647,3.929013079667063,3.929013079667063
-161.96325304116013,2557.0884410617136,134.14853691436582,-170.90489602434786,2568.5327713273314,144.33551432816358,-0.69347657033171,0.0,-0.7204791783257647,3.929013079667063,3.929013079667063
-170.90489602434786,2568.5327713273314,144.33551432816358,-160.30798729631599,2581.2590080081254,135.80380265920996,-0.69347657033171,0.0,-0.7204791783257647,3.929013079667063,3.929013079667063
-160.30798729631599,2581.2590080081254,135.80380265920996,-149.7110785682841,2593.98524468892,127.27209099025636,-0.69347657033171,0.0,-0.7204791783257647,3.929013079667063,3.929013079667063
-151.36634431312825,2569.814677742508,125.61682524541222,-160.30798729631599,2581.2590080081254,135.80380265920996,-0.69347657033171,0.0,-0.7204791783257647,3.929013079667063,3.929013079667063
-160.30798729631599,2581.2590080081254,135.80380265920996,-169.24963027950372,2592.703338273743,145.99078007300773,-0.69347657033171,0.0,-0.7204791783257647,3.929013079667063,3.929013079667063
-169.24963027950372,2592.703338273743,145.99078007300773,-158.65272155147184,2605.429574954537,137.4590684040541,-0.69347657033171,0.0,-0.7204791783257647,3.929013079667063,3.929013079667063
-158.65272155147184,2605.429574954537,137.4590684040541,-148.05581282343996,2618.155811635332,128.9273567351005,-0.69347657033171,0.0,-0.7204791783257647,3.929013079667063,3.929013079667063
-149.7110785682841,2593.98524468892,127.27209099025634,-158.65272155147184,2605.429574954537,137.4590684040541,-0.69347657033171,0.0,-0.7204791783257647,3.929013079667063,3.929013079667063
-158.65272155147184,2605.429574954537,137.4590684040541,-167.59436453465958,2616.8739052201554,147.64604581785187,-0.69347657033171,0.0,-0.7204791783257647,3.929013079667063,3.929013079667063
-167.59436453465958,2616.8739052201554,147.64604581785187,-156.9974558066277,2629.6001419009494,139.11433414889825,-0.69347657033171,0.0,-0.7204791783257647,3.929013079667063,3.929013079667063
-156.9974558066277,2629.6001419009494,139.11433414889825,-146.40054707859582,2642.326378581744,130.58262247994463,-0.69347657033171,0.0,-0.7204791783257647,3.929013079667063,3.929013079667063
-148.05581282343996,2618.155811635332,128.9273567351005,-156.9974558066277,2629.6001419009494,139.11433414889825,-0.69347657033171,0.0,-0.7204791783257647,3.929013079667063,3.929013079667063
-156.9974558066277,2629.6001419009494,139.11433414889825,-165.93909878981543,2641.044472166567,149.30131156269601,-0.69347657033171,0.0,-0.7204791783257647,3.929013079667063,3.929013079667063
-165.93909878981543,2641.044472166567,149.30131156269601,-155.34219006178355,2653.770708847361,140.7695998937424,-0.69347657033171,0.0,-0.7204791783257647,3.929013079667063,3.929013079667063
-155.34219006178355,2653.770708847361,140.7695998937424,-144.74528133375168,2666.4969455281557,132.23788822478878,-0.69347657033171,0.0,-0.7204791783257647,3.929013079667063,3.929013079667063
-146.40054707859582,2642.326378581744,130.58262247994463,-155.34219006178355,2653.770708847361,140.7695998937424,-0.69347657033171,0.0,-0.7204791783257647,3.929013079667063,3.929013079667063
-155.34219006178355,2653.770708847361,140.7695998937424,-164.2838330449713,2665.215039112979,150.95657730754016,-0.69347657033171,0.0,-0.7204791783257647,3.929013079667063,3.929013079667063
-164.2838330449713,2665.215039112979,150.95657730754016,-153.6869243169394,2677.941275793773,142.42486563858654,-0.69347657033171,0.0,-0.7204791783257647,3.929013079667063,3.929013079667063
-153.6869243169394,2677.941275793773,142.42486563858654,-143.09001558890753,2690.6675124745675,133.89315396963292,-0.69347657033171,0.0,-0.7204791783257647,3.929013079667063,3.929013079667063
-144.74528133375168,2666.4969455281557,132.23788822478878,-153.6869243169394,2677.941275793773,142.42486563858654,-0.69347657033171,0.0,-0.7204791783257647,3.929013079667063,3.929013079667063
-153.6869243169394,2677.941275793773,142.42486563858654,-162.62856730012714,2689.3856060593907,152.6118430523843,-0.69347657033171,0.0,-0.7204791783257647,3.929013079667063,3.929013079667063
-162.62856730012714,2689.3856060593907,152.6118430523843,-152.03165857209527,2702.111842740185,144.08013138343068,-0.69347657033171,0.0,-0.7204791783257647,3.929013079667063,3.929013079667063
-152.03165857209527,2702.111842740185,144.08013138343068,-141.4347498440634,2714.8380794209793,135.54841971447706,-0.69347657033171,0.0,-0.7204791783257647,3.929013079667063,3.929013079667063
-143.09001558890753,2690.6675124745675,133.89315396963292,-152.03165857209527,2702.111842740185,144.08013138343068,-0.69347657033171,0.0,-0.7204791783257647,3.929013079667063,3.929013079667063
-152.03165857209527,2702.111842740185,144.08013138343068,-160.973301555283,2713.5561730058025,154.26710879722845,-0.69347657033171,0.0,-0.7204791783257647,3.929013079667063,3.929013079667063
-160.973301555283,2713.5561730058025,154.26710879722845,-150.37639282725115,2726.2824096865966,145.73539712827483,-0.69347657033171,0.0,-0.7204791783257647,3.929013079667063,3.929013079667063
-150.37639282725115,2726.2824096865966,145.73539712827483,-139.77948409921925,2739.008646367391,137.2036854593212,-0.69347657033171,0.0,-0.7204791783257647,3.929013079667063,3.929013079667063
-141.4347498440634,2714.8380794209793,135.54841971447706,-150.37639282725115,2726.2824096865966,145.73539712827483,-0.69347657033171,0.0,-0.7204791783257647,3.929013079667063,3.929013079667063
-150.37639282725115,2726.2824096865966,145.73539712827483,-159.31803581043886,2737.7267399522143,155.9223745420726,-0.69347657033171,0.0,-0.7204791783257647,3.929013079667063,3.929013079667063
-159.31803581043886,2737.7267399522143,155.9223745420726,-148.721127082407,2750.452976633009,147.39066287311897,-0.69347657033171,0.0,-0.7204791783257647,3.929013079667063,3.929013079667063
-148.721127082407,2750.452976633009,147.39066287311897,-138.12421835437513,2763.1792133138033,138.85895120416532,-0.69347657033171,0.0,-0.7204791783257647,3.929013079667063,3.929013079667063
-139.77948409921925,2739.008646367391,137.2036854593212,-148.721127082407,2750.452976633009,147.39066287311897,-0.69347657033171,0.0,-0.7204791783257647,3.929013079667063,3.929013079667063
-148.721127082407,2750.452976633009,147.39066287311897,-157.66277006559474,2761.8973068986265,157.5776402869167,-0.69347657033171,0.0,-0.7204791783257647,3.929013079667063,3.929013079667063
-157.6627700655947,2761.8973068986265,157.57764028691673,-147.06586133756286,2774.6235435794206,149.04592861796309,-0.69347657033171,0.0,-0.7204791783257647,3.929013079667063,3.929013079667063
-147.06586133756286,2774.6235435794206,149.04592861796309,-136.468952609531,2787.349780260215,140.51421694900947,-0.69347657033171,0.0,-0.7204791783257647,3.929013079667063,3.929013079667063
-138.1242183543751,2763.1792133138033,138.85895120416535,-147.06586133756286,2774.6235435794206,149.04592861796309,-0.69347657033171,0.0,-0.7204791783257647,3.929013079667063,3.929013079667063
-147.06586133756286,2774.6235435794206,149.04592861796309,-156.0075043207506,2786.0678738450383,159.23290603176085,-0.69347657033171,0.0,-0.7204791783257647,3.929013079667063,3.929013079667063
-156.0075043207506,2786.0678738450383,159.23290603176085,-145.41059559271872,2798.7941105258324,150.70119436280723,-0.69347657033171,0.0,-0.7204791783257647,3.929013079667063,3.929013079667063
-145.41059559271872,2798.7941105258324,150.70119436280723,-134.81368686468684,2811.520347206627,142.1694826938536,-0.69347657033171,0.0,-0.7204791783257647,3.929013079667063,3.929013079667063
-136.468952609531,2787.349780260215,140.51421694900947,-145.41059559271872,2798.7941105258324,150.70119436280723,-0.69347657033171,0.0,-0.7204791783257647,3.929013079667063,3.929013079667063
-145.41059559271872,2798.7941105258324,150.70119436280723,-154.35223857590645,2810.23844079145,160.888171776605,-0.69347657033171,0.0,-0.7204791783257647,3.929013079667063,3.929013079667063
-154.35223857590645,2810.23844079145,160.888171776605,-143.75532984787458,2822.964677472244,152.35646010765137,-0.69347657033171,0.0,-0.7204791783257647,3.929013079667063,3.929013079667063
-143.75532984787458,2822.964677472244,152.35646010765137,-133.1584211198427,2835.6909141530386,143.82474843869775,-0.69347657033171,0.0,-0.7204791783257647,3.929013079667063,3.929013079667063
-134.81368686468684,2811.520347206627,142.1694826938536,-143.75532984787458,2822.964677472244,152.35646010765137,-0.69347657033171,0.0,-0.7204791783257647,3.929013079667063,3.929013079667063
-143.75532984787458,2822.964677472244,152.35646010765137,-152.6969728310623,2834.409007737862,162.54343752144914,-0.69347657033171,0.0,-0.7204791783257647,3.929013079667063,3.929013079667063
-152.6969728310623,2834.409007737862,162.54343752144914,-142.10006410303043,2847.135244418656,154.01172585249552,-0.69347657033171,0.0,-0.7204791783257647,3.929013079667063,3.929013079667063
-142.10006410303043,2847.135244418656,154.01172585249552,-131.50315537499856,2859.8614810994504,145.4800141835419,-0.69347657033171,0.0,-0.7204791783257647,3.929013079667063,3.929013079667063
-133.1584211198427,2835.6909141530386,143.82474843869775,-142.10006410303043,2847.135244418656,154.01172585249552,-0.69347657033171,0.0,-0.7204791783257647,3.929013079667063,3.929013079667063
-142.10006410303043,2847.135244418656,154.01172585249552,-151.04170708621817,2858.5795746842737,164.19870326629328,-0.69347657033171,0.0,-0.7204791783257647,3.929013079667063,3.929013079667063
-151.04170708621817,2858.5795746842737,164.19870326629328,-140.4447983581863,2871.3058113650677,155.66699159733966,-0.69347657033171,0.0,-0.7204791783257647,3.929013079667063,3.929013079667063
-140.4447983581863,2871.3058113650677,155.66699159733966,-129.8478896301544,2884.032048045862,147.13527992838604,-0.69347657033171,0.0,-0.7204791783257647,3.929013079667063,3.929013079667063
-131.50315537499856,2859.8614810994504,145.4800141835419,-140.4447983581863,2871.3058113650677,155.66699159733966,-0.69347657033171,0.0,-0.7204791783257647,3.929013079667063,3.929013079667063
-140.4447983581863,2871.3058113650677,155.66699159733966,-149.38644134137402,2882.7501416306854,165.85396901113742,-0.69347657033171,0.0,-0.7204791783257647,3.929013079667063,3.929013079667063
-149.38644134137402,2882.7501416306854,165.85396901113742,-138.78953261334215,2895.4763783114795,157.3222573421838,-0.69347657033171,0.0,-0.7204791783257647,3.929013079667063,3.929013079667063
-138.78953261334215,2895.4763783114795,157.3222573421838,-128.19262388531027,2908.202614992274,148.79054567323018,-0.69347657033171,0.0,-0.7204791783257647,3.929013079667063,3.929013079667063
-129.8478896301544,2884.032048045862,147.13527992838604,-138.78953261334215,2895.4763783114795,157.3222573421838,-0.69347657033171,0.0,-0.7204791783257647,3.929013079667063,3.929013079667063
-138.78953261334215,2895.4763783114795,157.3222573421838,-147.73117559652988,2906.9207085770972,167.50923475598157,-0.69347657033171,0.0,-0.7204791783257647,3.929013079667063,3.929013079667063
-147.73117559652988,2906.9207085770972,167.50923475598154,-137.134266868498,2919.6469452578913,158.97752308702795,-0.69347657033171,0.0,-0.7204791783257647,3.929013079667063,3.929013079667063
-137.134266868498,2919.6469452578913,158.97752308702795,-126.53735814046613,2932.3731819386862,150.4458114180743,-0.69347657033171,0.0,-0.7204791783257647,3.929013079667063,3.929013079667063
-128.19262388531027,2908.202614992274,148.79054567323016,-137.134266868498,2919.6469452578913,158.97752308702795,-0.69347657033171,0.0,-0.7204791783257647,3.929013079667063,3.929013079667063
-137.134266868498,2919.6469452578913,158.97752308702795,-146.07590985168574,2931.0912755235095,169.16450050082568,-0.69347657033171,0.0,-0.7204791783257647,3.929013079667063,3.929013079667063
-146.07590985168574,2931.0912755235095,169.16450050082568,-135.47900112365386,2943.8175122043035,160.6327888318721,-0.69347657033171,0.0,-0.7204791783257647,3.929013079667063,3.929013079667063
-135.47900112365386,2943.8175122043035,160.6327888318721,-124.88209239562198,2956.543748885098,152.10107716291847,-0.69347657033171,0.0,-0.7204791783257647,3.929013079667063,3.929013079667063
-126.53735814046613,2932.3731819386862,150.4458114180743,-135.47900112365386,2943.8175122043035,160.6327888318721,-0.69347657033171,0.0,-0.7204791783257647,3.929013079667063,3.929013079667063
-135.47900112365386,2943.8175122043035,160.6327888318721,-144.4206441068416,2955.2618424699212,170.81976624566985,-0.69347657033171,0.0,-0.7204791783257647,3.929013079667063,3.929013079667063
-144.42064410684162,2955.2618424699212,170.81976624566983,-133.82373537880972,2967.9880791507153,162.28805457671623,-0.69347657033171,0.0,-0.7204791783257647,3.929013079667063,3.929013079667063
-133.82373537880972,2967.9880791507153,162.28805457671623,-123.22682665077787,2980.71431583151,153.7563429077626,-0.69347657033171,0.0,-0.7204791783257647,3.929013079667063,3.929013079667063
-124.88209239562201,2956.543748885098,152.10107716291844,-133.82373537880972,2967.9880791507153,162.28805457671623,-0.69347657033171,0.0,-0.7204791783257647,3.929013079667063,3.929013079667063
-133.82373537880972,2967.9880791507153,162.28805457671623,-142.76537836199748,2979.432409416333,172.47503199051397,-0.69347657033171,0.0,-0.7204791783257647,3.929013079667063,3.929013079667063
-142.76537836199748,2979.432409416333,172.47503199051397,-132.16846963396557,2992.158646097127,163.94332032156038,-0.69347657033171,0.0,-0.7204791783257647,3.929013079667063,3.929013079667063
-132.16846963396557,2992.158646097127,163.94332032156038,-121.5715609059337,3004.8848827779216,155.41160865260673,-0.69347657033171,0.0,-0.7204791783257647,3.929013079667063,3.929013079667063
-123.22682665077787,2980.71431583151,153.7563429077626,-132.16846963396557,2992.158646097127,163.94332032156038,-0.69347657033171,0.0,-0.7204791783257647,3.929013079667063,3.929013079667063
-132.16846963396557,2992.158646097127,163.94332032156038,-141.1101126171533,3003.602976362745,174.1302977353581,-0.69347657033171,0.0,-0.7204791783257647,3.929013079667063,3.929013079667063
-141.11011261715333,3003.602976362745,174.1302977353581,-130.51320388912143,3016.329213043539,165.5985860664045,-0.69347657033171,0.0,-0.7204791783257647,3.929013079667063,3.929013079667063
-130.51320388912143,3016.329213043539,165.5985860664045,-119.91629516108958,3029.055449724334,157.06687439745087,-0.69347657033171,0.0,-0.7204791783257647,3.929013079667063,3.929013079667063
-121.57156090593372,3004.8848827779216,155.41160865260673,-130.51320388912143,3016.329213043539,165.5985860664045,-0.69347657033171,0.0,-0.7204791783257647,3.929013079667063,3.929013079667063
-130.51320388912143,3016.329213043539,165.5985860664045,-139.4548468723092,3027.773543309157,175.78556348020226,-0.69347657033171,0.0,-0.7204791783257647,3.929013079667063,3.929013079667063
-139.4548468723092,3027.7735433091566,175.78556348020226,-128.8579381442773,3040.4997799899506,167.25385181124864,-0.69347657033171,0.0,-0.7204791783257647,3.929013079667063,3.929013079667063
-128.8579381442773,3040.4997799899506,167.25385181124864,-118.26102941624544,3053.2260166707456,158.72214014229502,-0.69347657033171,0.0,-0.7204791783257647,3.929013079667063,3.929013079667063
-119.91629516108958,3029.0554497243334,157.06687439745087,-128.8579381442773,3040.4997799899506,167.25385181124864,-0.69347657033171,0.0,-0.7204791783257647,3.929013079667063,3.929013079667063
-128.8579381442773,3040.4997799899506,167.25385181124864,-137.79958112746505,3051.944110255569,177.4408292250464,-0.69347657033171,0.0,-0.7204791783257647,3.929013079667063,3.929013079667063
-137.79958112746505,3051.944110255569,177.4408292250464,-127.20267239943317,3064.670346936363,168.90911755609278,-0.69347657033171,0.0,-0.7204791783257647,3.929013079667063,3.929013079667063
-127.20267239943317,3064.670346936363,168.90911755609278,-116.60576367140129,3077.3965836171574,160.37740588713916,-0.69347657033171,0.0,-0.7204791783257647,3.929013079667063,3.929013079667063
-118.26102941624544,3053.2260166707456,158.72214014229502,-127.20267239943317,3064.670346936363,168.90911755609278,-0.69347657033171,0.0,-0.7204791783257647,3.929013079667063,3.929013079667063
-127.20267239943317,3064.670346936363,168.90911755609278,-136.1443153826209,3076.1146772019806,179.09609496989054,-0.69347657033171,0.0,-0.7204791783257647,3.929013079667063,3.929013079667063
-136.1443153826209,3076.1146772019806,179.09609496989054,-125.54740665458903,3088.8409138827747,170.56438330093692,-0.69347657033171,0.0,-0.7204791783257647,3.929013079667063,3.929013079667063
-125.54740665458903,3088.8409138827747,170.56438330093692,-114.95049792655715,3101.567150563569,162.0326716319833,-0.69347657033171,0.0,-0.7204791783257647,3.929013079667063,3.929013079667063
-116.60576367140129,3077.3965836171574,160.37740588713916,-125.54740665458903,3088.8409138827747,170.56438330093692,-0.69347657033171,0.0,-0.7204791783257647,3.929013079667063,3.929013079667063
-125.54740665458903,3088.8409138827747,170.56438330093692,-134.48904963777676,3100.2852441483924,180.7513607147347,-0.69347657033171,0.0,-0.7204791783257647,3.929013079667063,3.929013079667063
-134.48904963777676,3100.2852441483924,180.7513607147347,-123.89214090974488,3113.0114808291864,172.21964904578107,-0.69347657033171,0.0,-0.7204791783257647,3.929013079667063,3.929013079667063
-123.89214090974488,3113.0114808291864,172.21964904578107,-113.295232181713,3125.737717509981,163.68793737682745,-0.69347657033171,0.0,-0.7204791783257647,3.929013079667063,3.929013079667063
-114.95049792655715,3101.567150563569,162.0326716319833,-123.89214090974488,3113.0114808291864,172.21964904578107,-0.69347657033171,0.0,-0.7204791783257647,3.929013079667063,3.929013079667063
-123.89214090974488,3113.0114808291864,172.21964904578107,-132.83378389293262,3124.455811094804,182.40662645957883,-0.69347657033171,0.0,-0.7204791783257647,3.929013079667063,3.929013079667063
-132.83378389293262,3124.455811094804,182.40662645957883,-122.23687516490074,3137.182047775598,173.8749147906252,-0.69347657033171,0.0,-0.7204791783257647,3.929013079667063,3.929013079667063
-122.23687516490074,3137.182047775598,173.8749147906252,-111.63996643686886,3149.9082844563927,165.3432031216716,-0.69347657033171,0.0,-0.7204791783257647,3.929013079667063,3.929013079667063
-113.295232181713,3125.737717509981,163.68793737682745,-122.23687516490074,3137.182047775598,173.8749147906252,-0.69347657033171,0.0,-0.7204791783257647,3.929013079667063,3.929013079667063
-122.23687516490074,3137.182047775598,173.8749147906252,-131.17851814808847,3148.626378041216,184.06189220442297,-0.69347657033171,0.0,-0.7204791783257647,3.929013079667063,3.929013079667063
-131.17851814808847,3148.626378041216,184.06189220442297,-120.5816094200566,3161.35261472201,175.53018053546933,-0.69347657033171,0.0,-0.7204791783257647,3.929013079667063,3.929013079667063
-120.5816094200566,3161.35261472201,175.53018053546933,-109.98470069202472,3174.0788514028045,166.99846886651574,-0.69347657033171,0.0,-0.7204791783257647,3.929013079667063,3.929013079667063
-111.63996643686886,3149.9082844563927,165.3432031216716,-120.5816094200566,3161.35261472201,175.53018053546933,-0.69347657033171,0.0,-0.7204791783257647,3.929013079667063,3.929013079667063
-120.5816094200566,3161.35261472201,175.53018053546933,-129.52325240324433,3172.7969449876277,185.71715794926712,-0.69347657033171,0.0,-0.7204791783257647,3.929013079667063,3.929013079667063
-129.52325240324433,3172.7969449876277,185.71715794926712,-118.92634367521245,3185.523181668422,177.18544628031347,-0.69347657033171,0.0,-0.7204791783257647,3.929013079667063,3.929013079667063
-118.92634367521245,3185.523181668422,177.18544628031347,-108.32943494718057,3198.2494183492163,168.65373461135988,-0.69347657033171,0.0,-0.7204791783257647,3.929013079667063,3.929013079667063
-109.98470069202472,3174.0788514028045,166.99846886651574,-118.92634367521245,3185.523181668422,177.18544628031347,-0.69347657033171,0.0,-0.7204791783257647,3.929013079667063,3.929013079667063
-118.92634367521245,3185.523181668422,177.18544628031347,-127.86798665840018,3196.9675119340395,187.37242369411126,-0.69347657033171,0.0,-0.7204791783257647,3.929013079667063,3.929013079667063
-127.8679866584002,3196.9675119340395,187.37242369411123,-117.27107793036832,3209.6937486148336,178.84071202515761,-0.69347657033171,0.0,-0.7204791783257647,3.929013079667063,3.929013079667063
-117.27107793036832,3209.6937486148336,178.84071202515761,-106.67416920233643,3222.4199852956285,170.309000356204,-0.69347657033171,0.0,-0.7204791783257647,3.929013079667063,3.929013079667063
-108.32943494718057,3198.2494183492163,168.65373461135985,-117.27107793036832,3209.6937486148336,178.84071202515761,-0.69347657033171,0.0,-0.7204791783257647,3.929013079667063,3.929013079667063
-117.27107793036832,3209.6937486148336,178.84071202515761,-126.21272091355604,3221.1380788804518,189.02768943895538,-0.69347657033171,0.0,-0.7204791783257647,3.929013079667063,3.929013079667063
-126.21272091355604,3221.1380788804518,189.02768943895538,-115.61581218552416,3233.864315561246,180.49597777000176,-0.69347657033171,0.0,-0.7204791783257647,3.929013079667063,3.929013079667063
-115.61581218552416,3233.864315561246,180.49597777000176,-105.01890345749229,3246.5905522420403,171.96426610104814,-0.69347657033171,0.0,-0.7204791783257647,3.929013079667063,3.929013079667063
-106.67416920233643,3222.4199852956285,170.309000356204,-115.61581218552416,3233.864315561246,180.49597777000176,-0.69347657033171,0.0,-0.7204791783257647,3.929013079667063,3.929013079667063
-115.61581218552416,3233.864315561246,180.49597777000176,-124.5574551687119,3245.3086458268635,190.68295518379952,-0.69347657033171,0.0,-0.7204791783257647,3.929013079667063,3.929013079667063
-124.55745516871191,3245.3086458268635,190.68295518379952,-113.96054644068003,3258.0348825076576,182.1512435148459,-0.69347657033171,0.0,-0.7204791783257647,3.929013079667063,3.929013079667063
-113.96054644068003,3258.0348825076576,182.1512435148459,-103.36363771264814,3270.761119188452,173.61953184589228,-0.69347657033171,0.0,-0.7204791783257647,3.929013079667063,3.929013079667063
-105.01890345749229,3246.5905522420403,171.96426610104814,-113.96054644068003,3258.0348825076576,182.1512435148459,-0.69347657033171,0.0,-0.7204791783257647,3.929013079667063,3.929013079667063
-113.96054644068003,3258.0348825076576,182.1512435148459,-122.90218942386777,3269.4792127732753,192.33822092864366,-0.69347657033171,0.0,-0.7204791783257647,3.929013079667063,3.929013079667063
-122.90218942386778,3269.4792127732753,192.33822092864366,-112.30528069583589,3282.2054494540694,183.80650925969005,-0.69347657033171,0.0,-0.7204791783257647,3.929013079667063,3.929013079667063
-112.30528069583589,3282.2054494540694,183.80650925969005,-101.708371967804,3294.931686134864,175.27479759073643,-0.69347657033171,0.0,-0.7204791783257647,3.929013079667063,3.929013079667063
-103.36363771264817,3270.761119188452,173.61953184589228,-112.30528069583589,3282.2054494540694,183.80650925969005,-0.69347657033171,0.0,-0.7204791783257647,3.929013079667063,3.929013079667063
-112.30528069583589,3282.2054494540694,183.80650925969005,-121.24692367902362,3293.649779719687,193.9934866734878,-0.69347657033171,0.0,-0.7204791783257647,3.929013079667063,3.929013079667063
-121.24692367902362,3293.649779719687,193.9934866734878,-110.65001495099175,3306.376016400481,185.4617750045342,-0.69347657033171,0.0,-0.7204791783257647,3.929013079667063,3.929013079667063
-110.65001495099175,3306.376016400481,185.4617750045342,-100.05310622295985,3319.102253081276,176.93006333558057,-0.69347657033171,0.0,-0.7204791783257647,3.929013079667063,3.929013079667063
-101.708371967804,3294.931686134864,175.27479759073643,-110.65001495099175,3306.376016400481,185.4617750045342,-0.69347657033171,0.0,-0.7204791783257647,3.929013079667063,3.929013079667063
-110.65001495099175,3306.376016400481,185.4617750045342,-119.59165793417948,3317.8203466660993,195.64875241833195,-0.69347657033171,0.0,-0.7204791783257647,3.929013079667063,3.929013079667063
-119.5916579341795,3317.820346666099,195.64875241833192,-108.99474920614762,3330.546583346893,187.11704074937833,-0.69347657033171,0.0,-0.7204791783257647,3.929013079667063,3.929013079667063
-108.99474920614762,3330.546583346893,187.11704074937833,-98.39784047811574,3343.2728200276874,178.58532908042469,-0.69347657033171,0.0,-0.7204791783257647,3.929013079667063,3.929013079667063
-100.05310622295988,3319.1022530812756,176.93006333558054,-108.99474920614762,3330.546583346893,187.11704074937833,-0.69347657033171,0.0,-0.7204791783257647,3.929013079667063,3.929013079667063
-108.99474920614762,3330.546583346893,187.11704074937833,-117.93639218933535,3341.9909136125107,197.30401816317607,-0.69347657033171,0.0,-0.7204791783257647,3.929013079667063,3.929013079667063
-117.93639218933535,3341.9909136125107,197.30401816317607,-107.33948346130347,3354.717150293305,188.77230649422248,-0.69347657033171,0.0,-0.7204791783257647,3.929013079667063,3.929013079667063
-107.33948346130347,3354.717150293305,188.77230649422248,-96.7425747332716,3367.4433869740997,180.24059482526883,-0.69347657033171,0.0,-0.7204791783257647,3.929013079667063,3.929013079667063
-98.39784047811574,3343.2728200276874,178.58532908042469,-107.33948346130347,3354.717150293305,188.77230649422248,-0.69347657033171,0.0,-0.7204791783257647,3.929013079667063,3.929013079667063
-107.33948346130347,3354.717150293305,188.77230649422248,-116.2811264444912,3366.161480558923,198.9592839080202,-0.69347657033171,0.0,-0.7204791783257647,3.929013079667063,3.929013079667063
-116.2811264444912,3366.161480558923,198.9592839080202,-105.68421771645933,3378.887717239717,190.42757223906662,-0.69347657033171,0.0,-0.7204791783257647,3.929013079667063,3.929013079667063
-105.68421771645933,3378.887717239717,190.42757223906662,-95.08730898842745,3391.6139539205114,181.89586057011297,-0.69347657033171,0.0,-0.7204791783257647,3.929013079667063,3.929013079667063
-96.7425747332716,3367.4433869740997,180.24059482526883,-105.68421771645933,3378.887717239717,190.42757223906662,-0.69347657033171,0.0,-0.7204791783257647,3.929013079667063,3.929013079667063
-105.68421771645933,3378.887717239717,190.42757223906662,-114.62586069964708,3390.3320475053347,200.61454965286435,-0.69347657033171,0.0,-0.7204791783257647,3.929013079667063,3.929013079667063
-114.62586069964708,3390.3320475053347,200.61454965286435,-104.0289519716152,3403.0582841861287,192.08283798391074,-0.69347657033171,0.0,-0.7204791783257647,3.929013079667063,3.929013079667063
-104.0289519716152,3403.0582841861287,192.08283798391074,-93.43204324358331,3415.7845208669232,183.55112631495712,-0.69347657033171,0.0,-0.7204791783257647,3.929013079667063,3.929013079667063
-95.08730898842745,3391.6139539205114,181.89586057011297,-104.0289519716152,3403.0582841861287,192.08283798391074,-0.69347657033171,0.0,-0.7204791783257647,3.929013079667063,3.929013079667063
-104.0289519716152,3403.0582841861287,192.08283798391074,-112.97059495480293,3414.5026144517465,202.2698153977085,-0.69347657033171,0.0,-0.7204791783257647,3.929013079667063,3.929013079667063
-112.97059495480293,3414.5026144517465,202.2698153977085,-102.37368622677106,3427.2288511325405,193.73810372875488,-0.69347657033171,0.0,-0.7204791783257647,3.929013079667063,3.929013079667063
-102.37368622677106,3427.2288511325405,193.73810372875488,-91.77677749873916,3439.955087813335,185.20639205980126,-0.69347657033171,0.0,-0.7204791783257647,3.929013079667063,3.929013079667063
-93.43204324358331,3415.7845208669232,183.55112631495712,-102.37368622677106,3427.2288511325405,193.73810372875488,-0.69347657033171,0.0,-0.7204791783257647,3.929013079667063,3.929013079667063
-102.37368622677106,3427.2288511325405,193.73810372875488,-111.31532920995879,3438.6731813981582,203.92508114255264,-0.69347657033171,0.0,-0.7204791783257647,3.929013079667063,3.929013079667063
-111.31532920995879,3438.6731813981582,203.92508114255264,-100.71842048192691,3451.3994180789523,195.39336947359902,-0.69347657033171,0.0,-0.7204791783257647,3.929013079667063,3.929013079667063
-100.71842048192691,3451.3994180789523,195.39336947359902,-90.12151175389502,3464.125654759747,186.8616578046454,-0.69347657033171,0.0,-0.7204791783257647,3.929013079667063,3.929013079667063
-91.77677749873916,3439.955087813335,185.20639205980126,-100.71842048192691,3451.3994180789523,195.39336947359902,-0.69347657033171,0.0,-0.7204791783257647,3.929013079667063,3.929013079667063
-100.71842048192691,3451.3994180789523,195.39336947359902,-109.66006346511465,3462.84374834457,205.5803468873968,-0.69347657033171,0.0,-0.7204791783257647,3.929013079667063,3.929013079667063
-205.34083943916474,2352.2795752248016,110.71943354181495,-194.74393071113286,2363.723905490419,120.90641095561271,0.69347657033171,0.0,-0.7204791783257647,3.929013079667063,3.929013079667063
-194.74393071113286,2363.723905490419,120.90641095561271,-184.14702198310098,2375.1682357560367,131.0933883694105,0.69347657033171,0.0,-0.7204791783257647,3.929013079667063,3.929013079667063
-185.80228772794513,2350.997668809625,129.43812262456635,-194.74393071113286,2363.723905490419,120.90641095561271,0.69347657033171,0.0,-0.7204791783257647,3.929013079667063,3.929013079667063
-194.74393071113286,2363.723905490419,120.90641095561271,-203.6855736943206,2376.4501421712134,112.3746992866591,0.69347657033171,0.0,-0.7204791783257647,3.929013079667063,3.929013079667063
-203.6855736943206,2376.4501421712134,112.3746992866591,-193.08866496628872,2387.8944724368307,122.56167670045684,0.69347657033171,0.0,-0.7204791783257647,3.929013079667063,3.929013079667063
-193.08866496628872,2387.8944724368307,122.56167670045684,-182.49175623825684,2399.3388027024484,132.7486541142546,0.69347657033171,0.0,-0.7204791783257647,3.929013079667063,3.929013079667063
-184.14702198310098,2375.1682357560367,131.0933883694105,-193.08866496628872,2387.8944724368307,122.56167670045684,0.69347657033171,0.0,-0.7204791783257647,3.929013079667063,3.929013079667063
-193.08866496628872,2387.8944724368307,122.56167670045684,-202.03030794947645,2400.620709117625,114.02996503150322,0.69347657033171,0.0,-0.7204791783257647,3.929013079667063,3.929013079667063
-202.03030794947645,2400.620709117625,114.02996503150322,-191.43339922144457,2412.0650393832425,124.21694244530099,0.69347657033171,0.0,-0.7204791783257647,3.929013079667063,3.929013079667063
-191.43339922144457,2412.0650393832425,124.21694244530099,-180.8364904934127,2423.5093696488602,134.40391985909875,0.69347657033171,0.0,-0.7204791783257647,3.929013079667063,3.929013079667063
-182.49175623825684,2399.3388027024484,132.7486541142546,-191.43339922144457,2412.0650393832425,124.21694244530099,0.69347657033171,0.0,-0.7204791783257647,3.929013079667063,3.929013079667063
-191.43339922144457,2412.0650393832425,124.21694244530099,-200.3750422046323,2424.791276064037,115.68523077634737,0.69347657033171,0.0,-0.7204791783257647,3.929013079667063,3.929013079667063
-200.3750422046323,2424.791276064037,115.68523077634737,-189.77813347660043,2436.2356063296543,125.87220819014513,0.69347657033171,0.0,-0.7204791783257647,3.929013079667063,3.929013079667063
-189.77813347660043,2436.2356063296543,125.87220819014513,-179.18122474856855,2447.679936595272,136.0591856039429,0.69347657033171,0.0,-0.7204791783257647,3.929013079667063,3.929013079667063
-180.8364904934127,2423.5093696488602,134.40391985909875,-189.77813347660043,2436.2356063296543,125.87220819014513,0.69347657033171,0.0,-0.7204791783257647,3.929013079667063,3.929013079667063
-189.77813347660043,2436.2356063296543,125.87220819014513,-198.71977645978816,2448.961843010449,117.34049652119151,0.69347657033171,0.0,-0.7204791783257647,3.929013079667063,3.929013079667063
-198.71977645978816,2448.961843010449,117.34049652119151,-188.1228677317563,2460.406173276066,127.52747393498927,0.69347657033171,0.0,-0.7204791783257647,3.929013079667063,3.929013079667063
-188.1228677317563,2460.406173276066,127.52747393498927,-177.52595900372444,2471.8505035416842,137.71445134878704,0.69347657033171,0.0,-0.7204791783257647,3.929013079667063,3.929013079667063
-179.18122474856855,2447.679936595272,136.0591856039429,-188.1228677317563,2460.406173276066,127.52747393498927,0.69347657033171,0.0,-0.7204791783257647,3.929013079667063,3.929013079667063
-188.1228677317563,2460.406173276066,127.52747393498927,-197.06451071494405,2473.132409956861,118.99576226603565,0.69347657033171,0.0,-0.7204791783257647,3.929013079667063,3.929013079667063
-197.06451071494405,2473.132409956861,118.99576226603565,-186.46760198691217,2484.5767402224783,129.18273967983342,0.69347657033171,0.0,-0.7204791783257647,3.929013079667063,3.929013079667063
-186.46760198691217,2484.5767402224783,129.18273967983342,-175.8706932588803,2496.021070488096,139.36971709363115,0.69347657033171,0.0,-0.7204791783257647,3.929013079667063,3.929013079667063
-177.52595900372444,2471.8505035416842,137.71445134878704,-186.46760198691217,2484.5767402224783,129.18273967983342,0.69347657033171,0.0,-0.7204791783257647,3.929013079667063,3.929013079667063
-186.46760198691217,2484.5767402224783,129.18273967983342,-195.4092449700999,2497.302976903273,120.65102801087978,0.69347657033171,0.0,-0.7204791783257647,3.929013079667063,3.929013079667063
-195.4092449700999,2497.302976903273,120.65102801087978,-184.81233624206803,2508.74730716889,130.83800542467753,0.69347657033171,0.0,-0.7204791783257647,3.929013079667063,3.929013079667063
-184.81233624206803,2508.74730716889,130.83800542467753,-174.21542751403615,2520.191637434508,141.0249828384753,0.69347657033171,0.0,-0.7204791783257647,3.929013079667063,3.929013079667063
-175.8706932588803,2496.021070488096,139.36971709363115,-184.81233624206803,2508.74730716889,130.83800542467753,0.69347657033171,0.0,-0.7204791783257647,3.929013079667063,3.929013079667063
-184.81233624206803,2508.74730716889,130.83800542467753,-193.75397922525576,2521.4735438496846,122.30629375572393,0.69347657033171,0.0,-0.7204791783257647,3.929013079667063,3.929013079667063
-193.75397922525576,2521.4735438496846,122.30629375572393,-183.15707049722388,2532.917874115302,132.49327116952168,0.69347657033171,0.0,-0.7204791783257647,3.929013079667063,3.929013079667063
-183.15707049722388,2532.917874115302,132.49327116952168,-172.560161769192,2544.3622043809196,142.68024858331944,0.69347657033171,0.0,-0.7204791783257647,3.929013079667063,3.929013079667063
-174.21542751403615,2520.191637434508,141.0249828384753,-183.15707049722388,2532.917874115302,132.49327116952168,0.69347657033171,0.0,-0.7204791783257647,3.929013079667063,3.929013079667063
-183.15707049722388,2532.917874115302,132.49327116952168,-192.09871348041162,2545.6441107960964,123.96155950056807,0.69347657033171,0.0,-0.7204791783257647,3.929013079667063,3.929013079667063
-192.09871348041162,2545.6441107960964,123.96155950056807,-181.50180475237974,2557.0884410617136,134.14853691436582,0.69347657033171,0.0,-0.7204791783257647,3.929013079667063,3.929013079667063
-181.50180475237974,2557.0884410617136,134.14853691436582,-170.90489602434786,2568.5327713273314,144.33551432816358,0.69347657033171,0.0,-0.7204791783257647,3.929013079667063,3.929013079667063
-172.560161769192,2544.3622043809196,142.68024858331944,-181.50180475237974,2557.0884410617136,134.14853691436582,0.69347657033171,0.0,-0.7204791783257647,3.929013079667063,3.929013079667063
-181.50180475237974,2557.0884410617136,134.14853691436582,-190.44344773556747,2569.814677742508,125.61682524541222,0.69347657033171,0.0,-0.7204791783257647,3.929013079667063,3.929013079667063
-190.44344773556747,2569.814677742508,125.61682524541222,-179.8465390075356,2581.2590080081254,135.80380265920996,0.69347657033171,0.0,-0.7204791783257647,3.929013079667063,3.929013079667063
-179.8465390075356,2581.2590080081254,135.80380265920996,-169.24963027950372,2592.703338273743,145.99078007300773,0.69347657033171,0.0,-0.7204791783257647,3.929013079667063,3.929013079667063
-170.90489602434786,2568.5327713273314,144.33551432816358,-179.8465390075356,2581.2590080081254,135.80380265920996,0.69347657033171,0.0,-0.7204791783257647,3.929013079667063,3.929013079667063
-179.8465390075356,2581.2590080081254,135.80380265920996,-188.78818199072333,2593.98524468892,127.27209099025636,0.69347657033171,0.0,-0.7204791783257647,3.929013079667063,3.929013079667063
-188.78818199072333,2593.98524468892,127.27209099025634,-178.19127326269145,2605.429574954537,137.4590684040541,0.69347657033171,0.0,-0.7204791783257647,3.929013079667063,3.929013079667063
-178.19127326269145,2605.429574954537,137.4590684040541,-167.59436453465958,2616.8739052201554,147.64604581785187,0.69347657033171,0.0,-0.7204791783257647,3.929013079667063,3.929013079667063
-169.24963027950372,2592.703338273743,145.99078007300773,-178.19127326269145,2605.429574954537,137.4590684040541,0.69347657033171,0.0,-0.7204791783257647,3.929013079667063,3.929013079667063
-178.19127326269145,2605.429574954537,137.4590684040541,-187.1329162458792,2618.155811635332,128.9273567351005,0.69347657033171,0.0,-0.7204791783257647,3.929013079667063,3.929013079667063
-187.1329162458792,2618.155811635332,128.9273567351005,-176.5360075178473,2629.6001419009494,139.11433414889825,0.69347657033171,0.0,-0.7204791783257647,3.929013079667063,3.929013079667063
-176.5360075178473,2629.6001419009494,139.11433414889825,-165.93909878981543,2641.044472166567,149.30131156269601,0.69347657033171,0.0,-0.7204791783257647,3.929013079667063,3.929013079667063
-167.59436453465958,2616.8739052201554,147.64604581785187,-176.5360075178473,2629.6001419009494,139.11433414889825,0.69347657033171,0.0,-0.7204791783257647,3.929013079667063,3.929013079667063
-176.5360075178473,2629.6001419009494,139.11433414889825,-185.47765050103504,2642.326378581744,130.58262247994463,0.69347657033171,0.0,-0.7204791783257647,3.929013079667063,3.929013079667063
-185.47765050103504,2642.326378581744,130.58262247994463,-174.88074177300317,2653.770708847361,140.7695998937424,0.69347657033171,0.0,-0.7204791783257647,3.929013079667063,3.929013079667063
-174.88074177300317,2653.770708847361,140.7695998937424,-164.2838330449713,2665.215039112979,150.95657730754016,0.69347657033171,0.0,-0.7204791783257647,3.929013079667063,3.929013079667063
-165.93909878981543,2641.044472166567,149.30131156269601,-174.88074177300317,2653.770708847361,140.7695998937424,0.69347657033171,0.0,-0.7204791783257647,3.929013079667063,3.929013079667063
-174.88074177300317,2653.770708847361,140.7695998937424,-183.8223847561909,2666.4969455281557,132.23788822478878,0.69347657033171,0.0,-0.7204791783257647,3.929013079667063,3.929013079667063
-183.8223847561909,2666.4969455281557,132.23788822478878,-173.22547602815902,2677.941275793773,142.42486563858654,0.69347657033171,0.0,-0.7204791783257647,3.929013079667063,3.929013079667063
-173.22547602815902,2677.941275793773,142.42486563858654,-162.62856730012714,2689.3856060593907,152.6118430523843,0.69347657033171,0.0,-0.7204791783257647,3.929013079667063,3.929013079667063
-164.2838330449713,2665.215039112979,150.95657730754016,-173.22547602815902,2677.941275793773,142.42486563858654,0.69347657033171,0.0,-0.7204791783257647,3.929013079667063,3.929013079667063
-173.22547602815902,2677.941275793773,142.42486563858654,-182.16711901134676,2690.6675124745675,133.89315396963292,0.69347657033171,0.0,-0.7204791783257647,3.929013079667063,3.929013079667063
-182.16711901134676,2690.6675124745675,133.89315396963292,-171.57021028331488,2702.111842740185,144.08013138343068,0.69347657033171,0.0,-0.7204791783257647,3.929013079667063,3.929013079667063
-171.57021028331488,2702.111842740185,144.08013138343068,-160.973301555283,2713.5561730058025,154.26710879722845,0.69347657033171,0.0,-0.7204791783257647,3.929013079667063,3.929013079667063
-162.62856730012714,2689.3856060593907,152.6118430523843,-171.57021028331488,2702.111842740185,144.08013138343068,0.69347657033171,0.0,-0.7204791783257647,3.929013079667063,3.929013079667063
-171.57021028331488,2702.111842740185,144.08013138343068,-180.5118532665026,2714.8380794209793,135.54841971447706,0.69347657033171,0.0,-0.7204791783257647,3.929013079667063,3.929013079667063
-180.5118532665026,2714.8380794209793,135.54841971447706,-169.91494453847076,2726.2824096865966,145.73539712827483,0.69347657033171,0.0,-0.7204791783257647,3.929013079667063,3.929013079667063
-169.91494453847076,2726.2824096865966,145.73539712827483,-159.31803581043886,2737.7267399522143,155.9223745420726,0.69347657033171,0.0,-0.7204791783257647,3.929013079667063,3.929013079667063
-160.973301555283,2713.5561730058025,154.26710879722845,-169.91494453847076,2726.2824096865966,145.73539712827483,0.69347657033171,0.0,-0.7204791783257647,3.929013079667063,3.929013079667063
-169.91494453847076,2726.2824096865966,145.73539712827483,-178.85658752165847,2739.008646367391,137.2036854593212,0.69347657033171,0.0,-0.7204791783257647,3.929013079667063,3.929013079667063
-178.85658752165847,2739.008646367391,137.2036854593212,-168.25967879362662,2750.452976633009,147.39066287311897,0.69347657033171,0.0,-0.7204791783257647,3.929013079667063,3.929013079667063
-168.25967879362662,2750.452976633009,147.39066287311897,-157.66277006559474,2761.8973068986265,157.5776402869167,0.69347657033171,0.0,-0.7204791783257647,3.929013079667063,3.929013079667063
-159.31803581043886,2737.7267399522143,155.9223745420726,-168.25967879362662,2750.452976633009,147.39066287311897,0.69347657033171,0.0,-0.7204791783257647,3.929013079667063,3.929013079667063
-168.25967879362662,2750.452976633009,147.39066287311897,-177.20132177681435,2763.1792133138033,138.85895120416532,0.69347657033171,0.0,-0.7204791783257647,3.929013079667063,3.929013079667063
-177.20132177681432,2763.1792133138033,138.85895120416535,-166.60441304878248,2774.6235435794206,149.04592861796309,0.69347657033171,0.0,-0.7204791783257647,3.929013079667063,3.929013079667063
-166.60441304878248,2774.6235435794206,149.04592861796309,-156.0075043207506,2786.0678738450383,159.23290603176085,0.69347657033171,0.0,-0.7204791783257647,3.929013079667063,3.929013079667063
-157.6627700655947,2761.8973068986265,157.57764028691673,-166.60441304878248,2774.6235435794206,149.04592861796309,0.69347657033171,0.0,-0.7204791783257647,3.929013079667063,3.929013079667063
-166.60441304878248,2774.6235435794206,149.04592861796309,-175.5460560319702,2787.349780260215,140.51421694900947,0.69347657033171,0.0,-0.7204791783257647,3.929013079667063,3.929013079667063
-175.5460560319702,2787.349780260215,140.51421694900947,-164.94914730393833,2798.7941105258324,150.70119436280723,0.69347657033171,0.0,-0.7204791783257647,3.929013079667063,3.929013079667063
-164.94914730393833,2798.7941105258324,150.70119436280723,-154.35223857590645,2810.23844079145,160.888171776605,0.69347657033171,0.0,-0.7204791783257647,3.929013079667063,3.929013079667063
-156.0075043207506,2786.0678738450383,159.23290603176085,-164.94914730393833,2798.7941105258324,150.70119436280723,0.69347657033171,0.0,-0.7204791783257647,3.929013079667063,3.929013079667063
-164.94914730393833,2798.7941105258324,150.70119436280723,-173.89079028712607,2811.520347206627,142.1694826938536,0.69347657033171,0.0,-0.7204791783257647,3.929013079667063,3.929013079667063
-173.89079028712607,2811.520347206627,142.1694826938536,-163.2938815590942,2822.964677472244,152.35646010765137,0.69347657033171,0.0,-0.7204791783257647,3.929013079667063,3.929013079667063
-163.2938815590942,2822.964677472244,152.35646010765137,-152.6969728310623,2834.409007737862,162.54343752144914,0.69347657033171,0.0,-0.7204791783257647,3.929013079667063,3.929013079667063
-154.35223857590645,2810.23844079145,160.888171776605,-163.2938815590942,2822.964677472244,152.35646010765137,0.69347657033171,0.0,-0.7204791783257647,3.929013079667063,3.929013079667063
-163.2938815590942,2822.964677472244,152.35646010765137,-172.23552454228192,2835.6909141530386,143.82474843869775,0.69347657033171,0.0,-0.7204791783257647,3.929013079667063,3.929013079667063
-172.23552454228192,2835.6909141530386,143.82474843869775,-161.63861581425004,2847.135244418656,154.01172585249552,0.69347657033171,0.0,-0.7204791783257647,3.929013079667063,3.929013079667063
-161.63861581425004,2847.135244418656,154.01172585249552,-151.04170708621817,2858.5795746842737,164.19870326629328,0.69347657033171,0.0,-0.7204791783257647,3.929013079667063,3.929013079667063
-152.6969728310623,2834.409007737862,162.54343752144914,-161.63861581425004,2847.135244418656,154.01172585249552,0.69347657033171,0.0,-0.7204791783257647,3.929013079667063,3.929013079667063
-161.63861581425004,2847.135244418656,154.01172585249552,-170.58025879743778,2859.8614810994504,145.4800141835419,0.69347657033171,0.0,-0.7204791783257647,3.929013079667063,3.929013079667063
-170.58025879743778,2859.8614810994504,145.4800141835419,-159.9833500694059,2871.3058113650677,155.66699159733966,0.69347657033171,0.0,-0.7204791783257647,3.929013079667063,3.929013079667063
-159.9833500694059,2871.3058113650677,155.66699159733966,-149.38644134137402,2882.7501416306854,165.85396901113742,0.69347657033171,0.0,-0.7204791783257647,3.929013079667063,3.929013079667063
-151.04170708621817,2858.5795746842737,164.19870326629328,-159.9833500694059,2871.3058113650677,155.66699159733966,0.69347657033171,0.0,-0.7204791783257647,3.929013079667063,3.929013079667063
-159.9833500694059,2871.3058113650677,155.66699159733966,-168.92499305259363,2884.032048045862,147.13527992838604,0.69347657033171,0.0,-0.7204791783257647,3.929013079667063,3.929013079667063
-168.92499305259363,2884.032048045862,147.13527992838604,-158.32808432456176,2895.4763783114795,157.3222573421838,0.69347657033171,0.0,-0.7204791783257647,3.929013079667063,3.929013079667063
-158.32808432456176,2895.4763783114795,157.3222573421838,-147.73117559652988,2906.9207085770972,167.50923475598157,0.69347657033171,0.0,-0.7204791783257647,3.929013079667063,3.929013079667063
-149.38644134137402,2882.7501416306854,165.85396901113742,-158.32808432456176,2895.4763783114795,157.3222573421838,0.69347657033171,0.0,-0.7204791783257647,3.929013079667063,3.929013079667063
-158.32808432456176,2895.4763783114795,157.3222573421838,-167.2697273077495,2908.202614992274,148.79054567323018,0.69347657033171,0.0,-0.7204791783257647,3.929013079667063,3.929013079667063
-167.2697273077495,2908.202614992274,148.79054567323016,-156.6728185797176,2919.6469452578913,158.97752308702795,0.69347657033171,0.0,-0.7204791783257647,3.929013079667063,3.929013079667063
-156.6728185797176,2919.6469452578913,158.97752308702795,-146.07590985168574,2931.0912755235095,169.16450050082568,0.69347657033171,0.0,-0.7204791783257647,3.929013079667063,3.929013079667063
-147.73117559652988,2906.9207085770972,167.50923475598154,-156.6728185797176,2919.6469452578913,158.97752308702795,0.69347657033171,0.0,-0.7204791783257647,3.929013079667063,3.929013079667063
-156.6728185797176,2919.6469452578913,158.97752308702795,-165.61446156290535,2932.3731819386862,150.4458114180743,0.69347657033171,0.0,-0.7204791783257647,3.929013079667063,3.929013079667063
-165.61446156290535,2932.3731819386862,150.4458114180743,-155.01755283487347,2943.8175122043035,160.6327888318721,0.69347657033171,0.0,-0.7204791783257647,3.929013079667063,3.929013079667063
-155.01755283487347,2943.8175122043035,160.6327888318721,-144.4206441068416,2955.2618424699212,170.81976624566985,0.69347657033171,0.0,-0.7204791783257647,3.929013079667063,3.929013079667063
-146.07590985168574,2931.0912755235095,169.16450050082568,-155.01755283487347,2943.8175122043035,160.6327888318721,0.69347657033171,0.0,-0.7204791783257647,3.929013079667063,3.929013079667063
-155.01755283487347,2943.8175122043035,160.6327888318721,-163.9591958180612,2956.543748885098,152.10107716291847,0.69347657033171,0.0,-0.7204791783257647,3.929013079667063,3.929013079667063
-163.95919581806123,2956.543748885098,152.10107716291844,-153.36228709002933,2967.9880791507153,162.28805457671623,0.69347657033171,0.0,-0.7204791783257647,3.929013079667063,3.929013079667063
-153.36228709002933,2967.9880791507153,162.28805457671623,-142.76537836199748,2979.432409416333,172.47503199051397,0.69347657033171,0.0,-0.7204791783257647,3.929013079667063,3.929013079667063
-144.42064410684162,2955.2618424699212,170.81976624566983,-153.36228709002933,2967.9880791507153,162.28805457671623,0.69347657033171,0.0,-0.7204791783257647,3.929013079667063,3.929013079667063
-153.36228709002933,2967.9880791507153,162.28805457671623,-162.3039300732171,2980.71431583151,153.7563429077626,0.69347657033171,0.0,-0.7204791783257647,3.929013079667063,3.929013079667063
-162.3039300732171,2980.71431583151,153.7563429077626,-151.70702134518518,2992.158646097127,163.94332032156038,0.69347657033171,0.0,-0.7204791783257647,3.929013079667063,3.929013079667063
-151.70702134518518,2992.158646097127,163.94332032156038,-141.1101126171533,3003.602976362745,174.1302977353581,0.69347657033171,0.0,-0.7204791783257647,3.929013079667063,3.929013079667063
-142.76537836199748,2979.432409416333,172.47503199051397,-151.70702134518518,2992.158646097127,163.94332032156038,0.69347657033171,0.0,-0.7204791783257647,3.929013079667063,3.929013079667063
-151.70702134518518,2992.158646097127,163.94332032156038,-160.64866432837292,3004.8848827779216,155.41160865260673,0.69347657033171,0.0,-0.7204791783257647,3.929013079667063,3.929013079667063
-160.64866432837294,3004.8848827779216,155.41160865260673,-150.05175560034104,3016.329213043539,165.5985860664045,0.69347657033171,0.0,-0.7204791783257647,3.929013079667063,3.929013079667063
-150.05175560034104,3016.329213043539,165.5985860664045,-139.4548468723092,3027.773543309157,175.78556348020226,0.69347657033171,0.0,-0.7204791783257647,3.929013079667063,3.929013079667063
-141.11011261715333,3003.602976362745,174.1302977353581,-150.05175560034104,3016.329213043539,165.5985860664045,0.69347657033171,0.0,-0.7204791783257647,3.929013079667063,3.929013079667063
-150.05175560034104,3016.329213043539,165.5985860664045,-158.9933985835288,3029.055449724334,157.06687439745087,0.69347657033171,0.0,-0.7204791783257647,3.929013079667063,3.929013079667063
-158.9933985835288,3029.0554497243334,157.06687439745087,-148.39648985549692,3040.4997799899506,167.25385181124864,0.69347657033171,0.0,-0.7204791783257647,3.929013079667063,3.929013079667063
-148.39648985549692,3040.4997799899506,167.25385181124864,-137.79958112746505,3051.944110255569,177.4408292250464,0.69347657033171,0.0,-0.7204791783257647,3.929013079667063,3.929013079667063
-139.4548468723092,3027.7735433091566,175.78556348020226,-148.39648985549692,3040.4997799899506,167.25385181124864,0.69347657033171,0.0,-0.7204791783257647,3.929013079667063,3.929013079667063
-148.39648985549692,3040.4997799899506,167.25385181124864,-157.33813283868466,3053.2260166707456,158.72214014229502,0.69347657033171,0.0,-0.7204791783257647,3.929013079667063,3.929013079667063
-157.33813283868466,3053.2260166707456,158.72214014229502,-146.74122411065278,3064.670346936363,168.90911755609278,0.69347657033171,0.0,-0.7204791783257647,3.929013079667063,3.929013079667063
-146.74122411065278,3064.670346936363,168.90911755609278,-136.1443153826209,3076.1146772019806,179.09609496989054,0.69347657033171,0.0,-0.7204791783257647,3.929013079667063,3.929013079667063
-137.79958112746505,3051.944110255569,177.4408292250464,-146.74122411065278,3064.670346936363,168.90911755609278,0.69347657033171,0.0,-0.7204791783257647,3.929013079667063,3.929013079667063
-146.74122411065278,3064.670346936363,168.90911755609278,-155.6828670938405,3077.3965836171574,160.37740588713916,0.69347657033171,0.0,-0.7204791783257647,3.929013079667063,3.929013079667063
-155.6828670938405,3077.3965836171574,160.37740588713916,-145.08595836580864,3088.8409138827747,170.56438330093692,0.69347657033171,0.0,-0.7204791783257647,3.929013079667063,3.929013079667063
-145.08595836580864,3088.8409138827747,170.56438330093692,-134.48904963777676,3100.2852441483924,180.7513607147347,0.69347657033171,0.0,-0.7204791783257647,3.929013079667063,3.929013079667063
-136.1443153826209,3076.1146772019806,179.09609496989054,-145.08595836580864,3088.8409138827747,170.56438330093692,0.69347657033171,0.0,-0.7204791783257647,3.929013079667063,3.929013079667063
-145.08595836580864,3088.8409138827747,170.56438330093692,-154.02760134899637,3101.567150563569,162.0326716319833,0.69347657033171,0.0,-0.7204791783257647,3.929013079667063,3.929013079667063
-154.02760134899637,3101.567150563569,162.0326716319833,-143.4306926209645,3113.0114808291864,172.21964904578107,0.69347657033171,0.0,-0.7204791783257647,3.929013079667063,3.929013079667063
-143.4306926209645,3113.0114808291864,172.21964904578107,-132.83378389293262,3124.455811094804,182.40662645957883,0.69347657033171,0.0,-0.7204791783257647,3.929013079667063,3.929013079667063
-134.48904963777676,3100.2852441483924,180.7513607147347,-143.4306926209645,3113.0114808291864,172.21964904578107,0.69347657033171,0.0,-0.7204791783257647,3.929013079667063,3.929013079667063
-143.4306926209645,3113.0114808291864,172.21964904578107,-152.37233560415223,3125.737717509981,163.68793737682745,0.69347657033171,0.0,-0.7204791783257647,3.929013079667063,3.929013079667063
-152.37233560415223,3125.737717509981,163.68793737682745,-141.77542687612035,3137.182047775598,173.8749147906252,0.69347657033171,0.0,-0.7204791783257647,3.929013079667063,3.929013079667063
-141.77542687612035,3137.182047775598,173.8749147906252,-131.17851814808847,3148.626378041216,184.06189220442297,0.69347657033171,0.0,-0.7204791783257647,3.929013079667063,3.929013079667063
-132.83378389293262,3124.455811094804,182.40662645957883,-141.77542687612035,3137.182047775598,173.8749147906252,0.69347657033171,0.0,-0.7204791783257647,3.929013079667063,3.929013079667063
-141.77542687612035,3137.182047775598,173.8749147906252,-150.71706985930808,3149.9082844563927,165.3432031216716,0.69347657033171,0.0,-0.7204791783257647,3.929013079667063,3.929013079667063
-150.71706985930808,3149.9082844563927,165.3432031216716,-140.1201611312762,3161.35261472201,175.53018053546933,0.69347657033171,0.0,-0.7204791783257647,3.929013079667063,3.929013079667063
-140.1201611312762,3161.35261472201,175.53018053546933,-129.52325240324433,3172.7969449876277,185.71715794926712,0.69347657033171,0.0,-0.7204791783257647,3.929013079667063,3.929013079667063
-131.17851814808847,3148.626378041216,184.06189220442297,-140.1201611312762,3161.35261472201,175.53018053546933,0.69347657033171,0.0,-0.7204791783257647,3.929013079667063,3.929013079667063
-140.1201611312762,3161.35261472201,175.53018053546933,-149.06180411446394,3174.0788514028045,166.99846886651574,0.69347657033171,0.0,-0.7204791783257647,3.929013079667063,3.929013079667063
-149.06180411446394,3174.0788514028045,166.99846886651574,-138.46489538643206,3185.523181668422,177.18544628031347,0.69347657033171,0.0,-0.7204791783257647,3.929013079667063,3.929013079667063
-138.46489538643206,3185.523181668422,177.18544628031347,-127.86798665840018,3196.9675119340395,187.37242369411126,0.69347657033171,0.0,-0.7204791783257647,3.929013079667063,3.929013079667063
-129.52325240324433,3172.7969449876277,185.71715794926712,-138.46489538643206,3185.523181668422,177.18544628031347,0.69347657033171,0.0,-0.7204791783257647,3.929013079667063,3.929013079667063
-138.46489538643206,3185.523181668422,177.18544628031347,-147.4065383696198,3198.2494183492163,168.65373461135988,0.69347657033171,0.0,-0.7204791783257647,3.929013079667063,3.929013079667063
-147.40653836961982,3198.2494183492163,168.65373461135985,-136.80962964158795,3209.6937486148336,178.84071202515761,0.69347657033171,0.0,-0.7204791783257647,3.929013079667063,3.929013079667063
-136.80962964158795,3209.6937486148336,178.84071202515761,-126.21272091355604,3221.1380788804518,189.02768943895538,0.69347657033171,0.0,-0.7204791783257647,3.929013079667063,3.929013079667063
-127.8679866584002,3196.9675119340395,187.37242369411123,-136.80962964158795,3209.6937486148336,178.84071202515761,0.69347657033171,0.0,-0.7204791783257647,3.929013079667063,3.929013079667063
-136.80962964158795,3209.6937486148336,178.84071202515761,-145.75127262477565,3222.4199852956285,170.309000356204,0.69347657033171,0.0,-0.7204791783257647,3.929013079667063,3.929013079667063
-145.75127262477565,3222.4199852956285,170.309000356204,-135.15436389674377,3233.864315561246,180.49597777000176,0.69347657033171,0.0,-0.7204791783257647,3.929013079667063,3.929013079667063
-135.15436389674377,3233.864315561246,180.49597777000176,-124.5574551687119,3245.3086458268635,190.68295518379952,0.69347657033171,0.0,-0.7204791783257647,3.929013079667063,3.929013079667063
-126.21272091355604,3221.1380788804518,189.02768943895538,-135.15436389674377,3233.864315561246,180.49597777000176,0.69347657033171,0.0,-0.7204791783257647,3.929013079667063,3.929013079667063
-135.15436389674377,3233.864315561246,180.49597777000176,-144.0960068799315,3246.5905522420403,171.96426610104814,0.69347657033171,0.0,-0.7204791783257647,3.929013079667063,3.929013079667063
-144.09600687993154,3246.5905522420403,171.96426610104814,-133.49909815189966,3258.0348825076576,182.1512435148459,0.69347657033171,0.0,-0.7204791783257647,3.929013079667063,3.929013079667063
-133.49909815189966,3258.0348825076576,182.1512435148459,-122.90218942386777,3269.4792127732753,192.33822092864366,0.69347657033171,0.0,-0.7204791783257647,3.929013079667063,3.929013079667063
-124.55745516871191,3245.3086458268635,190.68295518379952,-133.49909815189966,3258.0348825076576,182.1512435148459,0.69347657033171,0.0,-0.7204791783257647,3.929013079667063,3.929013079667063
-133.49909815189966,3258.0348825076576,182.1512435148459,-142.4407411350874,3270.761119188452,173.61953184589228,0.69347657033171,0.0,-0.7204791783257647,3.929013079667063,3.929013079667063
-142.4407411350874,3270.761119188452,173.61953184589228,-131.84383240705552,3282.2054494540694,183.80650925969005,0.69347657033171,0.0,-0.7204791783257647,3.929013079667063,3.929013079667063
-131.84383240705552,3282.2054494540694,183.80650925969005,-121.24692367902362,3293.649779719687,193.9934866734878,0.69347657033171,0.0,-0.7204791783257647,3.929013079667063,3.929013079667063
-122.90218942386778,3269.4792127732753,192.33822092864366,-131.84383240705552,3282.2054494540694,183.80650925969005,0.69347657033171,0.0,-0.7204791783257647,3.929013079667063,3.929013079667063
-131.84383240705552,3282.2054494540694,183.80650925969005,-140.78547539024325,3294.931686134864,175.27479759073643,0.69347657033171,0.0,-0.7204791783257647,3.929013079667063,3.929013079667063
-140.78547539024325,3294.931686134864,175.27479759073643,-130.18856666221137,3306.376016400481,185.4617750045342,0.69347657033171,0.0,-0.7204791783257647,3.929013079667063,3.929013079667063
-130.18856666221137,3306.376016400481,185.4617750045342,-119.59165793417948,3317.8203466660993,195.64875241833195,0.69347657033171,0.0,-0.7204791783257647,3.929013079667063,3.929013079667063
-121.24692367902362,3293.649779719687,193.9934866734878,-130.18856666221137,3306.376016400481,185.4617750045342,0.69347657033171,0.0,-0.7204791783257647,3.929013079667063,3.929013079667063
-130.18856666221137,3306.376016400481,185.4617750045342,-139.1302096453991,3319.102253081276,176.93006333558057,0.69347657033171,0.0,-0.7204791783257647,3.929013079667063,3.929013079667063
-139.1302096453991,3319.1022530812756,176.93006333558054,-128.53330091736723,3330.546583346893,187.11704074937833,0.69347657033171,0.0,-0.7204791783257647,3.929013079667063,3.929013079667063
-128.53330091736723,3330.546583346893,187.11704074937833,-117.93639218933535,3341.9909136125107,197.30401816317607,0.69347657033171,0.0,-0.7204791783257647,3.929013079667063,3.929013079667063
-119.5916579341795,3317.820346666099,195.64875241833192,-128.53330091736723,3330.546583346893,187.11704074937833,0.69347657033171,0.0,-0.7204791783257647,3.929013079667063,3.929013079667063
-128.53330091736723,3330.546583346893,187.11704074937833,-137.47494390055496,3343.2728200276874,178.58532908042469,0.69347657033171,0.0,-0.7204791783257647,3.929013079667063,3.929013079667063
-137.47494390055496,3343.2728200276874,178.58532908042469,-126.87803517252308,3354.717150293305,188.77230649422248,0.69347657033171,0.0,-0.7204791783257647,3.929013079667063,3.929013079667063
-126.87803517252308,3354.717150293305,188.77230649422248,-116.2811264444912,3366.161480558923,198.9592839080202,0.69347657033171,0.0,-0.7204791783257647,3.929013079667063,3.929013079667063
-117.93639218933535,3341.9909136125107,197.30401816317607,-126.87803517252308,3354.717150293305,188.77230649422248,0.69347657033171,0.0,-0.7204791783257647,3.929013079667063,3.929013079667063
-126.87803517252308,3354.717150293305,188.77230649422248,-135.81967815571082,3367.4433869740997,180.24059482526883,0.69347657033171,0.0,-0.7204791783257647,3.929013079667063,3.929013079667063
-135.81967815571082,3367.4433869740997,180.24059482526883,-125.22276942767894,3378.887717239717,190.42757223906662,0.69347657033171,0.0,-0.7204791783257647,3.929013079667063,3.929013079667063
-125.22276942767894,3378.887717239717,190.42757223906662,-114.62586069964708,3390.3320475053347,200.61454965286435,0.69347657033171,0.0,-0.7204791783257647,3.929013079667063,3.929013079667063
-116.2811264444912,3366.161480558923,198.9592839080202,-125.22276942767894,3378.887717239717,190.42757223906662,0.69347657033171,0.0,-0.7204791783257647,3.929013079667063,3.929013079667063
-125.22276942767894,3378.887717239717,190.42757223906662,-134.1644124108667,3391.6139539205114,181.89586057011297,0.69347657033171,0.0,-0.7204791783257647,3.929013079667063,3.929013079667063
-134.1644124108667,3391.6139539205114,181.89586057011297,-123.56750368283481,3403.0582841861287,192.08283798391074,0.69347657033171,0.0,-0.7204791783257647,3.929013079667063,3.929013079667063
-123.56750368283481,3403.0582841861287,192.08283798391074,-112.97059495480293,3414.5026144517465,202.2698153977085,0.69347657033171,0.0,-0.7204791783257647,3.929013079667063,3.929013079667063
-114.62586069964708,3390.3320475053347,200.61454965286435,-123.56750368283481,3403.0582841861287,192.08283798391074,0.69347657033171,0.0,-0.7204791783257647,3.929013079667063,3.929013079667063
-123.56750368283481,3403.0582841861287,192.08283798391074,-132.50914666602256,3415.7845208669232,183.55112631495712,0.69347657033171,0.0,-0.7204791783257647,3.929013079667063,3.929013079667063
-132.50914666602256,3415.7845208669232,183.55112631495712,-121.91223793799067,3427.2288511325405,193.73810372875488,0.69347657033171,0.0,-0.7204791783257647,3.929013079667063,3.929013079667063
-121.91223793799067,3427.2288511325405,193.73810372875488,-111.31532920995879,3438.6731813981582,203.92508114255264,0.69347657033171,0.0,-0.7204791783257647,3.929013079667063,3.929013079667063
-112.97059495480293,3414.5026144517465,202.2698153977085,-121.91223793799067,3427.2288511325405,193.73810372875488,0.69347657033171,0.0,-0.7204791783257647,3.929013079667063,3.929013079667063
-121.91223793799067,3427.2288511325405,193.73810372875488,-130.85388092117842,3439.955087813335,185.20639205980126,0.69347657033171,0.0,-0.7204791783257647,3.929013079667063,3.929013079667063
-130.85388092117842,3439.955087813335,185.20639205980126,-120.25697219314652,3451.3994180789523,195.39336947359902,0.69347657033171,0.0,-0.7204791783257647,3.929013079667063,3.929013079667063
-120.25697219314652,3451.3994180789523,195.39336947359902,-109.66006346511465,3462.84374834457,205.5803468873968,0.69347657033171,0.0,-0.7204791783257647,3.929013079667063,3.929013079667063
-111.31532920995879,3438.6731813981582,203.92508114255264,-120.25697219314652,3451.3994180789523,195.39336947359902,0.69347657033171,0.0,-0.7204791783257647,3.929013079667063,3.929013079667063
-120.25697219314652,3451.3994180789523,195.39336947359902,-129.19861517633427,3464.125654759747,186.8616578046454,0.69347657033171,0.0,-0.7204791783257647,3.929013079667063,3.929013079667063
-187.9872385111394,2320.374426855538,108.53448275862068,-201.13390588085556,2344.5449938019497,110.18974850346483,0.0,0.0,1.0,3.929013079667063,3.929013079667063
-171.53003965173494,2344.5449938019497,110.18974850346483,-184.6767070214511,2368.7155607483614,111.84501424830896,0.0,0.0,1.0,3.929013079667063,3.929013079667063
-184.6767070214511,2368.7155607483614,111.84501424830896,-197.82337439116728,2392.886127694773,113.5002799931531,0.0,0.0,1.0,3.929013079667063,3.929013079667063
-201.13390588085556,2344.5449938019497,110.18974850346483,-184.6767070214511,2368.7155607483614,111.84501424830896,0.0,0.0,1.0,3.929013079667063,3.929013079667063
-184.6767070214511,2368.7155607483614,111.84501424830896,-168.21950816204665,2392.886127694773,113.5002799931531,0.0,0.0,1.0,3.929013079667063,3.929013079667063
-168.21950816204665,2392.886127694773,113.5002799931531,-181.36617553176282,2417.0566946411855,115.15554573799724,0.0,0.0,1.0,3.929013079667063,3.929013079667063
-181.36617553176282,2417.0566946411855,115.15554573799724,-194.51284290147902,2441.2272615875972,116.81081148284139,0.0,0.0,1.0,3.929013079667063,3.929013079667063
-197.82337439116728,2392.886127694773,113.5002799931531,-181.36617553176282,2417.0566946411855,115.15554573799724,0.0,0.0,1.0,3.929013079667063,3.929013079667063
-181.36617553176282,2417.0566946411855,115.15554573799724,-164.9089766723584,2441.2272615875972,116.81081148284139,0.0,0.0,1.0,3.929013079667063,3.929013079667063
-164.9089766723584,2441.2272615875972,116.81081148284139,-178.05564404207456,2465.397828534009,118.46607722768553,0.0,0.0,1.0,3.929013079667063,3.929013079667063
-178.05564404207456,2465.397828534009,118.46607722768553,-191.20231141179073,2489.568395480421,120.12134297252966,0.0,0.0,1.0,3.929013079667063,3.929013079667063
-194.51284290147902,2441.2272615875972,116.81081148284139,-178.05564404207456,2465.397828534009,118.46607722768553,0.0,0.0,1.0,3.929013079667063,3.929013079667063
-178.05564404207456,2465.397828534009,118.46607722768553,-161.5984451826701,2489.568395480421,120.12134297252966,0.0,0.0,1.0,3.929013079667063,3.929013079667063
-161.5984451826701,2489.568395480421,120.12134297252966,-174.74511255238627,2513.7389624268326,121.7766087173738,0.0,0.0,1.0,3.929013079667063,3.929013079667063
-174.74511255238627,2513.7389624268326,121.7766087173738,-187.89177992210244,2537.9095293732444,123.43187446221795,0.0,0.0,1.0,3.929013079667063,3.929013079667063
-191.20231141179073,2489.568395480421,120.12134297252966,-174.74511255238627,2513.7389624268326,121.7766087173738,0.0,0.0,1.0,3.929013079667063,3.929013079667063
-174.74511255238627,2513.7389624268326,121.7766087173738,-158.28791369298182,2537.9095293732444,123.43187446221795,0.0,0.0,1.0,3.929013079667063,3.929013079667063
-158.28791369298182,2537.9095293732444,123.43187446221795,-171.434581062698,2562.0800963196566,125.08714020706208,0.0,0.0,1.0,3.929013079667063,3.929013079667063
-171.434581062698,2562.0800963196566,125.08714020706208,-184.58124843241416,2586.2506632660684,126.74240595190622,0.0,0.0,1.0,3.929013079667063,3.929013079667063
-187.89177992210244,2537.9095293732444,123.43187446221795,-171.434581062698,2562.0800963196566,125.08714020706208,0.0,0.0,1.0,3.929013079667063,3.929013079667063
-171.434581062698,2562.0800963196566,125.08714020706208,-154.97738220329353,2586.2506632660684,126.74240595190622,0.0,0.0,1.0,3.929013079667063,3.929013079667063
-154.97738220329353,2586.2506632660684,126.74240595190622,-168.1240495730097,2610.42123021248,128.39767169675036,0.0,0.0,1.0,3.929013079667063,3.929013079667063
-168.1240495730097,2610.42123021248,128.39767169675036,-181.27071694272587,2634.591797158892,130.0529374415945,0.0,0.0,1.0,3.929013079667063,3.929013079667063
-184.58124843241416,2586.2506632660684,126.74240595190622,-168.1240495730097,2610.42123021248,128.39767169675036,0.0,0.0,1.0,3.929013079667063,3.929013079667063
-168.1240495730097,2610.42123021248,128.39767169675036,-151.66685071360524,2634.591797158892,130.0529374415945,0.0,0.0,1.0,3.929013079667063,3.929013079667063
-151.66685071360524,2634.591797158892,130.0529374415945,-164.8135180833214,2658.7623641053037,131.70820318643865,0.0,0.0,1.0,3.929013079667063,3.929013079667063
-164.8135180833214,2658.7623641053037,131.70820318643865,-177.96018545303758,2682.9329310517155,133.3634689312828,0.0,0.0,1.0,3.929013079667063,3.929013079667063
-181.27071694272587,2634.591797158892,130.0529374415945,-164.8135180833214,2658.7623641053037,131.70820318643865,0.0,0.0,1.0,3.929013079667063,3.929013079667063
-164.8135180833214,2658.7623641053037,131.70820318643865,-148.35631922391696,2682.9329310517155,133.3634689312828,0.0,0.0,1.0,3.929013079667063,3.929013079667063
-148.35631922391698,2682.9329310517155,133.3634689312828,-161.50298659363315,2707.1034979981278,135.01873467612694,0.0,0.0,1.0,3.929013079667063,3.929013079667063
-161.50298659363315,2707.1034979981278,135.01873467612694,-174.64965396334932,2731.2740649445395,136.67400042097105,0.0,0.0,1.0,3.929013079667063,3.929013079667063
-177.9601854530376,2682.9329310517155,133.3634689312828,-161.50298659363315,2707.1034979981278,135.01873467612694,0.0,0.0,1.0,3.929013079667063,3.929013079667063
-161.50298659363315,2707.1034979981278,135.01873467612694,-145.0457877342287,2731.2740649445395,136.67400042097105,0.0,0.0,1.0,3.929013079667063,3.929013079667063
-145.0457877342287,2731.2740649445395,136.67400042097105,-158.19245510394487,2755.4446318909513,138.3292661658152,0.0,0.0,1.0,3.929013079667063,3.929013079667063
-158.19245510394487,2755.4446318909513,138.3292661658152,-171.33912247366104,2779.615198837363,139.98453191065934,0.0,0.0,1.0,3.929013079667063,3.929013079667063
-174.64965396334932,2731.2740649445395,136.67400042097105,-158.19245510394487,2755.4446318909513,138.3292661658152,0.0,0.0,1.0,3.929013079667063,3.929013079667063
-158.19245510394487,2755.4446318909513,138.3292661658152,-141.7352562445404,2779.615198837363,139.98453191065934,0.0,0.0,1.0,3.929013079667063,3.929013079667063
-141.7352562445404,2779.615198837363,139.98453191065934,-154.88192361425658,2803.785765783775,141.6397976555035,0.0,0.0,1.0,3.929013079667063,3.929013079667063
-154.88192361425658,2803.785765783775,141.6397976555035,-168.02859098397275,2827.9563327301867,143.29506340034763,0.0,0.0,1.0,3.929013079667063,3.929013079667063
-171.33912247366104,2779.615198837363,139.98453191065934,-154.88192361425658,2803.785765783775,141.6397976555035,0.0,0.0,1.0,3.929013079667063,3.929013079667063
-154.88192361425658,2803.785765783775,141.6397976555035,-138.42472475485212,2827.9563327301867,143.29506340034763,0.0,0.0,1.0,3.929013079667063,3.929013079667063
-138.42472475485212,2827.9563327301867,143.29506340034763,-151.5713921245683,2852.1268996765984,144.95032914519177,0.0,0.0,1.0,3.929013079667063,3.929013079667063
-151.5713921245683,2852.1268996765984,144.95032914519177,-164.71805949428446,2876.2974666230107,146.60559489003592,0.0,0.0,1.0,3.929013079667063,3.929013079667063
-168.02859098397275,2827.9563327301867,143.29506340034763,-151.5713921245683,2852.1268996765984,144.95032914519177,0.0,0.0,1.0,3.929013079667063,3.929013079667063
-151.5713921245683,2852.1268996765984,144.95032914519177,-135.11419326516383,2876.2974666230107,146.60559489003592,0.0,0.0,1.0,3.929013079667063,3.929013079667063
-135.11419326516386,2876.29746662301,146.6055948900359,-148.26086063488003,2900.4680335694225,148.26086063488003,0.0,0.0,1.0,3.929013079667063,3.929013079667063
-148.26086063488003,2900.4680335694225,148.26086063488003,-161.4075280045962,2924.6386005158342,149.91612637972418,0.0,0.0,1.0,3.929013079667063,3.929013079667063
-164.7180594942845,2876.29746662301,146.6055948900359,-148.26086063488003,2900.4680335694225,148.26086063488003,0.0,0.0,1.0,3.929013079667063,3.929013079667063
-148.26086063488003,2900.4680335694225,148.26086063488003,-131.80366177547558,2924.6386005158342,149.91612637972418,0.0,0.0,1.0,3.929013079667063,3.929013079667063
-131.80366177547555,2924.6386005158342,149.91612637972418,-144.95032914519174,2948.809167462246,151.57139212456832,0.0,0.0,1.0,3.929013079667063,3.929013079667063
-144.95032914519174,2948.809167462246,151.57139212456832,-158.09699651490791,2972.979734408658,153.22665786941246,0.0,0.0,1.0,3.929013079667063,3.929013079667063
-161.40752800459617,2924.6386005158342,149.91612637972418,-144.95032914519174,2948.809167462246,151.57139212456832,0.0,0.0,1.0,3.929013079667063,3.929013079667063
-144.95032914519174,2948.809167462246,151.57139212456832,-128.4931302857873,2972.979734408658,153.22665786941246,0.0,0.0,1.0,3.929013079667063,3.929013079667063
-128.4931302857873,2972.9797344086583,153.22665786941246,-141.63979765550346,2997.15030135507,154.8819236142566,0.0,0.0,1.0,3.929013079667063,3.929013079667063
-141.63979765550346,2997.15030135507,154.8819236142566,-154.78646502521963,3021.320868301482,156.53718935910075,0.0,0.0,1.0,3.929013079667063,3.929013079667063
-158.09699651490791,2972.9797344086583,153.22665786941246,-141.63979765550346,2997.15030135507,154.8819236142566,0.0,0.0,1.0,3.929013079667063,3.929013079667063
-141.63979765550346,2997.15030135507,154.8819236142566,-125.182598796099,3021.320868301482,156.53718935910075,0.0,0.0,1.0,3.929013079667063,3.929013079667063
-125.182598796099,3021.320868301482,156.53718935910075,-138.32926616581517,3045.4914352478936,158.1924551039449,0.0,0.0,1.0,3.929013079667063,3.929013079667063
-138.32926616581517,3045.4914352478936,158.1924551039449,-151.47593353553134,3069.6620021943054,159.84772084878904,0.0,0.0,1.0,3.929013079667063,3.929013079667063
-154.78646502521963,3021.320868301482,156.53718935910075,-138.32926616581517,3045.4914352478936,158.1924551039449,0.0,0.0,1.0,3.929013079667063,3.929013079667063
-138.32926616581517,3045.4914352478936,158.1924551039449,-121.87206730641071,3069.6620021943054,159.84772084878904,0.0,0.0,1.0,3.929013079667063,3.929013079667063
-121.87206730641071,3069.6620021943054,159.84772084878904,-135.01873467612688,3093.832569140717,161.50298659363318,0.0,0.0,1.0,3.929013079667063,3.929013079667063
-135.01873467612688,3093.832569140717,161.50298659363318,-148.16540204584305,3118.003136087129,163.1582523384773,0.0,0.0,1.0,3.929013079667063,3.929013079667063
-151.47593353553134,3069.6620021943054,159.84772084878904,-135.01873467612688,3093.832569140717,161.50298659363318,0.0,0.0,1.0,3.929013079667063,3.929013079667063
-135.01873467612688,3093.832569140717,161.50298659363318,-118.56153581672243,3118.003136087129,163.1582523384773,0.0,0.0,1.0,3.929013079667063,3.929013079667063
-118.56153581672243,3118.003136087129,163.15825233847733,-131.7082031864386,3142.1737030335407,164.81351808332144,0.0,0.0,1.0,3.929013079667063,3.929013079667063
-131.7082031864386,3142.1737030335407,164.81351808332144,-144.85487055615476,3166.3442699799525,166.46878382816558,0.0,0.0,1.0,3.929013079667063,3.929013079667063
-148.16540204584305,3118.003136087129,163.15825233847733,-131.7082031864386,3142.1737030335407,164.81351808332144,0.0,0.0,1.0,3.929013079667063,3.929013079667063
-131.7082031864386,3142.1737030335407,164.81351808332144,-115.25100432703414,3166.3442699799525,166.46878382816558,0.0,0.0,1.0,3.929013079667063,3.929013079667063
-115.25100432703414,3166.344269979953,166.46878382816558,-128.3976716967503,3190.5148369263648,168.12404957300973,0.0,0.0,1.0,3.929013079667063,3.929013079667063
-128.3976716967503,3190.5148369263648,168.12404957300973,-141.5443390664665,3214.6854038727765,169.77931531785387,0.0,0.0,1.0,3.929013079667063,3.929013079667063
-144.85487055615476,3166.344269979953,166.46878382816558,-128.3976716967503,3190.5148369263648,168.12404957300973,0.0,0.0,1.0,3.929013079667063,3.929013079667063
-128.3976716967503,3190.5148369263648,168.12404957300973,-111.94047283734588,3214.6854038727765,169.77931531785387,0.0,0.0,1.0,3.929013079667063,3.929013079667063
-111.94047283734587,3214.6854038727765,169.77931531785387,-125.08714020706205,3238.8559708191883,171.43458106269802,0.0,0.0,1.0,3.929013079667063,3.929013079667063
-125.08714020706205,3238.8559708191883,171.43458106269802,-138.23380757677822,3263.0265377656,173.08984680754213,0.0,0.0,1.0,3.929013079667063,3.929013079667063
-141.5443390664665,3214.6854038727765,169.77931531785387,-125.08714020706205,3238.8559708191883,171.43458106269802,0.0,0.0,1.0,3.929013079667063,3.929013079667063
-125.08714020706205,3238.8559708191883,171.43458106269802,-108.62994134765759,3263.0265377656,173.08984680754213,0.0,0.0,1.0,3.929013079667063,3.929013079667063
-108.62994134765759,3263.0265377656,173.08984680754213,-121.77660871737376,3287.197104712012,174.74511255238627,0.0,0.0,1.0,3.929013079667063,3.929013079667063
-121.77660871737376,3287.197104712012,174.74511255238627,-134.92327608708993,3311.3676716584237,176.40037829723042,0.0,0.0,1.0,3.929013079667063,3.929013079667063
-138.23380757677822,3263.0265377656,173.08984680754213,-121.77660871737376,3287.197104712012,174.74511255238627,0.0,0.0,1.0,3.929013079667063,3.929013079667063
-121.77660871737376,3287.197104712012,174.74511255238627,-105.3194098579693,3311.3676716584237,176.40037829723042,0.0,0.0,1.0,3.929013079667063,3.929013079667063
-105.3194098579693,3311.367671658424,176.40037829723042,-118.46607722768547,3335.538238604836,178.05564404207456,0.0,0.0,1.0,3.929013079667063,3.929013079667063
-118.46607722768547,3335.538238604836,178.05564404207456,-131.61274459740167,3359.7088055512477,179.7109097869187,0.0,0.0,1.0,3.929013079667063,3.929013079667063
-134.92327608708993,3311.367671658424,176.40037829723042,-118.46607722768547,3335.538238604836,178.05564404207456,0.0,0.0,1.0,3.929013079667063,3.929013079667063
-118.46607722768547,3335.538238604836,178.05564404207456,-102.00887836828103,3359.7088055512477,179.7109097869187,0.0,0.0,1.0,3.929013079667063,3.929013079667063
-102.00887836828102,3359.7088055512477,179.7109097869187,-115.1555457379972,3383.8793724976595,181.36617553176285,0.0,0.0,1.0,3.929013079667063,3.929013079667063
-115.1555457379972,3383.8793724976595,181.36617553176285,-128.30221310771338,3408.0499394440712,183.021441276607,0.0,0.0,1.0,3.929013079667063,3.929013079667063
-131.61274459740164,3359.7088055512477,179.7109097869187,-115.1555457379972,3383.8793724976595,181.36617553176285,0.0,0.0,1.0,3.929013079667063,3.929013079667063
-115.1555457379972,3383.8793724976595,181.36617553176285,-98.69834687859274,3408.0499394440712,183.021441276607,0.0,0.0,1.0,3.929013079667063,3.929013079667063
-98.69834687859276,3408.0499394440712,183.021441276607,-111.84501424830893,3432.220506390483,184.67670702145114,0.0,0.0,1.0,3.929013079667063,3.929013079667063
-111.84501424830893,3432.220506390483,184.67670702145114,-124.9916816180251,3456.391073336895,186.33197276629528,0.0,0.0,1.0,3.929013079667063,3.929013079667063
-128.30221310771338,3408.0499394440712,183.021441276607,-111.84501424830893,3432.220506390483,184.67670702145114,0.0,0.0,1.0,3.929013079667063,3.929013079667063
-111.84501424830893,3432.220506390483,184.67670702145114,-95.38781538890447,3456.391073336895,186.33197276629528,0.0,0.0,1.0,3.929013079667063,3.929013079667063
-108.53448275862064,3480.5616402833066,187.98723851113942,-124.9916816180251,3456.391073336895,186.33197276629528,0.0,0.0,1.0,3.929013079667063,3.929013079667063
-168.21950816204665,2392.886127694773,113.5002799931531,-162.95320452703723,2400.620709117625,114.02996503150322,0.0,0.0,1.0,3.929013079667063,3.929013079667063
-197.82337439116728,2392.886127694773,113.5002799931531,-202.03030794947645,2400.620709117625,114.02996503150322,0.0,0.0,1.0,3.929013079667063,3.929013079667063
-164.9089766723584,2441.2272615875972,116.81081148284139,-159.64267303734894,2448.961843010449,117.34049652119151,0.0,0.0,1.0,3.929013079667063,3.929013079667063
-194.51284290147902,2441.2272615875972,116.81081148284139,-198.71977645978816,2448.961843010449,117.34049652119151,0.0,0.0,1.0,3.929013079667063,3.929013079667063
-161.5984451826701,2489.568395480421,120.12134297252966,-156.33214154766068,2497.302976903273,120.65102801087978,0.0,0.0,1.0,3.929013079667063,3.929013079667063
-191.20231141179073,2489.568395480421,120.12134297252966,-195.4092449700999,2497.302976903273,120.65102801087978,0.0,0.0,1.0,3.929013079667063,3.929013079667063
-158.28791369298182,2537.9095293732444,123.43187446221795,-153.0216100579724,2545.6441107960964,123.96155950056807,0.0,0.0,1.0,3.929013079667063,3.929013079667063
-187.89177992210244,2537.9095293732444,123.43187446221795,-192.09871348041162,2545.6441107960964,123.96155950056807,0.0,0.0,1.0,3.929013079667063,3.929013079667063
-154.97738220329353,2586.2506632660684,126.74240595190622,-149.7110785682841,2593.98524468892,127.27209099025634,0.0,0.0,1.0,3.929013079667063,3.929013079667063
-184.58124843241416,2586.2506632660684,126.74240595190622,-188.78818199072333,2593.98524468892,127.27209099025634,0.0,0.0,1.0,3.929013079667063,3.929013079667063
-151.66685071360524,2634.591797158892,130.0529374415945,-146.40054707859582,2642.326378581744,130.58262247994463,0.0,0.0,1.0,3.929013079667063,3.929013079667063
-181.27071694272587,2634.591797158892,130.0529374415945,-185.47765050103504,2642.326378581744,130.58262247994463,0.0,0.0,1.0,3.929013079667063,3.929013079667063
-148.35631922391696,2682.9329310517155,133.3634689312828,-143.09001558890753,2690.6675124745675,133.89315396963292,0.0,0.0,1.0,3.929013079667063,3.929013079667063
-177.96018545303758,2682.9329310517155,133.3634689312828,-182.16711901134676,2690.6675124745675,133.89315396963292,0.0,0.0,1.0,3.929013079667063,3.929013079667063
-145.0457877342287,2731.2740649445395,136.67400042097105,-139.77948409921927,2739.008646367391,137.20368545932118,0.0,0.0,1.0,3.929013079667063,3.929013079667063
-174.64965396334932,2731.2740649445395,136.67400042097105,-178.8565875216585,2739.008646367391,137.20368545932118,0.0,0.0,1.0,3.929013079667063,3.929013079667063
-141.7352562445404,2779.615198837363,139.98453191065934,-136.468952609531,2787.349780260215,140.51421694900947,0.0,0.0,1.0,3.929013079667063,3.929013079667063
-171.33912247366104,2779.615198837363,139.98453191065934,-175.5460560319702,2787.349780260215,140.51421694900947,0.0,0.0,1.0,3.929013079667063,3.929013079667063
-138.42472475485212,2827.9563327301867,143.29506340034763,-133.1584211198427,2835.6909141530386,143.82474843869775,0.0,0.0,1.0,3.929013079667063,3.929013079667063
-168.02859098397275,2827.9563327301867,143.29506340034763,-172.23552454228192,2835.6909141530386,143.82474843869775,0.0,0.0,1.0,3.929013079667063,3.929013079667063
-135.11419326516383,2876.2974666230107,146.60559489003592,-129.8478896301544,2884.032048045862,147.13527992838604,0.0,0.0,1.0,3.929013079667063,3.929013079667063
-164.71805949428446,2876.2974666230107,146.60559489003592,-168.92499305259363,2884.032048045862,147.13527992838604,0.0,0.0,1.0,3.929013079667063,3.929013079667063
-131.80366177547558,2924.6386005158342,149.91612637972418,-126.53735814046615,2932.373181938686,150.4458114180743,0.0,0.0,1.0,3.929013079667063,3.929013079667063
-161.4075280045962,2924.6386005158342,149.91612637972418,-165.61446156290538,2932.373181938686,150.4458114180743,0.0,0.0,1.0,3.929013079667063,3.929013079667063
-128.4931302857873,2972.979734408658,153.22665786941246,-123.22682665077787,2980.71431583151,153.7563429077626,0.0,0.0,1.0,3.929013079667063,3.929013079667063
-158.09699651490791,2972.979734408658,153.22665786941246,-162.3039300732171,2980.71431583151,153.7563429077626,0.0,0.0,1.0,3.929013079667063,3.929013079667063
-125.182598796099,3021.320868301482,156.53718935910075,-119.91629516108958,3029.0554497243334,157.06687439745087,0.0,0.0,1.0,3.929013079667063,3.929013079667063
-154.78646502521963,3021.320868301482,156.53718935910075,-158.9933985835288,3029.0554497243334,157.06687439745087,0.0,0.0,1.0,3.929013079667063,3.929013079667063
-121.87206730641071,3069.6620021943054,159.84772084878904,-116.60576367140129,3077.396583617157,160.37740588713916,0.0,0.0,1.0,3.929013079667063,3.929013079667063
-151.47593353553134,3069.6620021943054,159.84772084878904,-155.6828670938405,3077.396583617157,160.37740588713916,0.0,0.0,1.0,3.929013079667063,3.929013079667063
-118.56153581672243,3118.003136087129,163.1582523384773,-113.295232181713,3125.737717509981,163.68793737682742,0.0,0.0,1.0,3.929013079667063,3.929013079667063
-148.16540204584305,3118.003136087129,163.1582523384773,-152.37233560415223,3125.737717509981,163.68793737682742,0.0,0.0,1.0,3.929013079667063,3.929013079667063
-115.25100432703414,3166.3442699799525,166.46878382816558,-109.98470069202472,3174.0788514028045,166.9984688665157,0.0,0.0,1.0,3.929013079667063,3.929013079667063
-144.85487055615476,3166.3442699799525,166.46878382816558,-149.06180411446394,3174.0788514028045,166.9984688665157,0.0,0.0,1.0,3.929013079667063,3.929013079667063
-111.94047283734588,3214.6854038727765,169.77931531785387,-106.67416920233646,3222.419985295628,170.309000356204,0.0,0.0,1.0,3.929013079667063,3.929013079667063
-141.5443390664665,3214.6854038727765,169.77931531785387,-145.75127262477568,3222.419985295628,170.309000356204,0.0,0.0,1.0,3.929013079667063,3.929013079667063
-108.62994134765759,3263.0265377656,173.08984680754213,-103.36363771264817,3270.761119188452,173.61953184589228,0.0,0.0,1.0,3.929013079667063,3.929013079667063
-138.23380757677822,3263.0265377656,173.08984680754213,-142.4407411350874,3270.761119188452,173.61953184589228,0.0,0.0,1.0,3.929013079667063,3.929013079667063
-105.3194098579693,3311.3676716584237,176.40037829723042,-100.05310622295988,3319.1022530812756,176.93006333558054,0.0,0.0,1.0,3.929013079667063,3.929013079667063
-134.92327608708993,3311.3676716584237,176.40037829723042,-139.1302096453991,3319.1022530812756,176.93006333558054,0.0,0.0,1.0,3.929013079667063,3.929013079667063
-102.00887836828103,3359.7088055512477,179.7109097869187,-96.7425747332716,3367.443386974099,180.24059482526883,0.0,0.0,1.0,3.929013079667063,3.929013079667063
-131.61274459740167,3359.7088055512477,179.7109097869187,-135.81967815571085,3367.443386974099,180.24059482526883,0.0,0.0,1.0,3.929013079667063,3.929013079667063
-98.69834687859274,3408.0499394440712,183.021441276607,-93.43204324358331,3415.7845208669232,183.55112631495712,0.0,0.0,1.0,3.929013079667063,3.929013079667063
-128.30221310771338,3408.0499394440712,183.021441276607,-132.50914666602256,3415.7845208669232,183.55112631495712,0.0,0.0,1.0,3.929013079667063,3.929013079667063
-95.38781538890447,3456.391073336895,186.33197276629528,-90.12151175389505,3464.125654759747,186.8616578046454,0.0,0.0,1.0,3.929013079667063,3.929013079667063
-124.9916816180251,3456.391073336895,186.33197276629528,-129.19861517633427,3464.125654759747,186.8616578046454,0.0,0.0,1.0,3.929013079667063,3.929013079667063
-108.53448275862064,3480.5616402833066,187.98723851113942,-95.38781538890447,3456.391073336895,186.33197276629528,0.0,0.0,1.0,3.929013079667063,3.929013079667063
-130.94901364119875,2320.374426855538,75.60344827586205,-118.46994637838645,2344.5449938019497,81.47683374169345,0.0,0.0,1.0,3.929013079667063,3.929013079667063
-140.86009892692414,2353.172020949085,89.7259454537932,-127.87939150425665,2364.811081560149,85.75359535273611,-0.6900981947236448,0.0,-0.7237157464358271,3.929013079667063,3.929013079667063
-127.87939150425665,2364.811081560149,85.75359535273611,-114.89868408158915,2376.4501421712134,81.78124525167904,-0.6900981947236448,0.0,-0.7237157464358271,3.929013079667063,3.929013079667063
-114.47664485428655,2352.2795752248016,83.3563170907595,-127.87939150425665,2364.811081560149,85.75359535273611,-0.6900981947236448,0.0,-0.7237157464358271,3.929013079667063,3.929013079667063
-127.87939150425665,2364.811081560149,85.75359535273611,-141.28213815422674,2377.3425878954968,88.15087361471274,-0.6900981947236448,0.0,-0.7237157464358271,3.929013079667063,3.929013079667063
-141.28213815422674,2377.3425878954968,88.15087361471274,-128.30143073155924,2388.9816485065608,84.17852351365568,-0.6900981947236448,0.0,-0.7237157464358271,3.929013079667063,3.929013079667063
-128.30143073155924,2388.9816485065608,84.17852351365568,-115.32072330889176,2400.620709117625,80.20617341259859,-0.6900981947236448,0.0,-0.7237157464358271,3.929013079667063,3.929013079667063
-114.89868408158915,2376.4501421712134,81.78124525167904,-128.30143073155924,2388.9816485065608,84.17852351365568,-0.6900981947236448,0.0,-0.7237157464358271,3.929013079667063,3.929013079667063
-128.30143073155924,2388.9816485065608,84.17852351365568,-141.70417738152935,2401.5131548419085,86.57580177563229,-0.6900981947236448,0.0,-0.7237157464358271,3.929013079667063,3.929013079667063
-141.70417738152935,2401.5131548419085,86.57580177563229,-128.72346995886184,2413.1522154529725,82.60345167457521,-0.6900981947236448,0.0,-0.7237157464358271,3.929013079667063,3.929013079667063
-128.72346995886184,2413.1522154529725,82.60345167457521,-115.74276253619436,2424.791276064037,78.63110157351812,-0.6900981947236448,0.0,-0.7237157464358271,3.929013079667063,3.929013079667063
-115.32072330889176,2400.620709117625,80.20617341259859,-128.72346995886184,2413.1522154529725,82.60345167457521,-0.6900981947236448,0.0,-0.7237157464358271,3.929013079667063,3.929013079667063
-128.72346995886184,2413.1522154529725,82.60345167457521,-142.12621660883195,2425.6837217883203,85.00072993655182,-0.6900981947236448,0.0,-0.7237157464358271,3.929013079667063,3.929013079667063
-142.12621660883195,2425.6837217883203,85.00072993655182,-129.14550918616447,2437.3227823993843,81.02837983549475,-0.6900981947236448,0.0,-0.7237157464358271,3.929013079667063,3.929013079667063
-129.14550918616447,2437.3227823993843,81.02837983549475,-116.164801763497,2448.961843010449,77.05602973443767,-0.6900981947236448,0.0,-0.7237157464358271,3.929013079667063,3.929013079667063
-115.74276253619436,2424.791276064037,78.63110157351812,-129.14550918616447,2437.3227823993843,81.02837983549475,-0.6900981947236448,0.0,-0.7237157464358271,3.929013079667063,3.929013079667063
-129.14550918616447,2437.3227823993843,81.02837983549475,-142.5482558361346,2449.854288734732,83.42565809747137,-0.6900981947236448,0.0,-0.7237157464358271,3.929013079667063,3.929013079667063
-142.5482558361346,2449.854288734732,83.42565809747137,-129.56754841346708,2461.4933493457966,79.45330799641428,-0.6900981947236448,0.0,-0.7237157464358271,3.929013079667063,3.929013079667063
-129.56754841346708,2461.4933493457966,79.45330799641428,-116.5868409907996,2473.132409956861,75.48095789535721,-0.6900981947236448,0.0,-0.7237157464358271,3.929013079667063,3.929013079667063
-116.164801763497,2448.961843010449,77.05602973443767,-129.56754841346708,2461.4933493457966,79.45330799641428,-0.6900981947236448,0.0,-0.7237157464358271,3.929013079667063,3.929013079667063
-129.56754841346708,2461.4933493457966,79.45330799641428,-142.9702950634372,2474.0248556811443,81.8505862583909,-0.6900981947236448,0.0,-0.7237157464358271,3.929013079667063,3.929013079667063
-142.9702950634372,2474.0248556811443,81.8505862583909,-129.98958764076968,2485.6639162922083,77.87823615733382,-0.6900981947236448,0.0,-0.7237157464358271,3.929013079667063,3.929013079667063
-129.98958764076968,2485.6639162922083,77.87823615733382,-117.0088802181022,2497.302976903273,73.90588605627676,-0.6900981947236448,0.0,-0.7237157464358271,3.929013079667063,3.929013079667063
-116.5868409907996,2473.132409956861,75.48095789535721,-129.98958764076968,2485.6639162922083,77.87823615733382,-0.6900981947236448,0.0,-0.7237157464358271,3.929013079667063,3.929013079667063
-129.98958764076968,2485.6639162922083,77.87823615733382,-143.3923342907398,2498.195422627556,80.27551441931045,-0.6900981947236448,0.0,-0.7237157464358271,3.929013079667063,3.929013079667063
-143.3923342907398,2498.195422627556,80.27551441931045,-130.4116268680723,2509.83448323862,76.30316431825338,-0.6900981947236448,0.0,-0.7237157464358271,3.929013079667063,3.929013079667063
-130.4116268680723,2509.83448323862,76.30316431825338,-117.43091944540481,2521.4735438496846,72.33081421719629,-0.6900981947236448,0.0,-0.7237157464358271,3.929013079667063,3.929013079667063
-117.0088802181022,2497.302976903273,73.90588605627676,-130.4116268680723,2509.83448323862,76.30316431825338,-0.6900981947236448,0.0,-0.7237157464358271,3.929013079667063,3.929013079667063
-130.4116268680723,2509.83448323862,76.30316431825338,-143.8143735180424,2522.365989573968,78.70044258022999,-0.6900981947236448,0.0,-0.7237157464358271,3.929013079667063,3.929013079667063
-143.81437351804243,2522.365989573968,78.70044258022999,-130.83366609537492,2534.005050185032,74.72809247917291,-0.6900981947236448,0.0,-0.7237157464358271,3.929013079667063,3.929013079667063
-130.83366609537492,2534.005050185032,74.72809247917291,-117.85295867270744,2545.6441107960964,70.75574237811583,-0.6900981947236448,0.0,-0.7237157464358271,3.929013079667063,3.929013079667063
-117.43091944540484,2521.4735438496846,72.33081421719629,-130.83366609537492,2534.005050185032,74.72809247917291,-0.6900981947236448,0.0,-0.7237157464358271,3.929013079667063,3.929013079667063
-130.83366609537492,2534.005050185032,74.72809247917291,-144.23641274534504,2546.5365565203797,77.12537074114954,-0.6900981947236448,0.0,-0.7237157464358271,3.929013079667063,3.929013079667063
-144.23641274534504,2546.5365565203797,77.12537074114954,-131.25570532267753,2558.1756171314437,73.15302064009245,-0.6900981947236448,0.0,-0.7237157464358271,3.929013079667063,3.929013079667063
-131.25570532267753,2558.1756171314437,73.15302064009245,-118.27499790001005,2569.814677742508,69.18067053903538,-0.6900981947236448,0.0,-0.7237157464358271,3.929013079667063,3.929013079667063
-117.85295867270744,2545.6441107960964,70.75574237811583,-131.25570532267753,2558.1756171314437,73.15302064009245,-0.6900981947236448,0.0,-0.7237157464358271,3.929013079667063,3.929013079667063
-131.25570532267753,2558.1756171314437,73.15302064009245,-144.65845197264764,2570.7071234667915,75.55029890206907,-0.6900981947236448,0.0,-0.7237157464358271,3.929013079667063,3.929013079667063
-144.65845197264764,2570.7071234667915,75.55029890206907,-131.67774454998013,2582.3461840778555,71.57794880101198,-0.6900981947236448,0.0,-0.7237157464358271,3.929013079667063,3.929013079667063
-131.67774454998013,2582.3461840778555,71.57794880101198,-118.69703712731265,2593.98524468892,67.60559869995492,-0.6900981947236448,0.0,-0.7237157464358271,3.929013079667063,3.929013079667063
-118.27499790001005,2569.814677742508,69.18067053903538,-131.67774454998013,2582.3461840778555,71.57794880101198,-0.6900981947236448,0.0,-0.7237157464358271,3.929013079667063,3.929013079667063
-131.67774454998013,2582.3461840778555,71.57794880101198,-145.08049119995025,2594.8776904132033,73.97522706298861,-0.6900981947236448,0.0,-0.7237157464358271,3.929013079667063,3.929013079667063
-145.08049119995025,2594.8776904132033,73.97522706298861,-132.09978377728274,2606.5167510242677,70.00287696193155,-0.6900981947236448,0.0,-0.7237157464358271,3.929013079667063,3.929013079667063
-132.09978377728274,2606.5167510242677,70.00287696193155,-119.11907635461529,2618.155811635332,66.03052686087446,-0.6900981947236448,0.0,-0.7237157464358271,3.929013079667063,3.929013079667063
-118.69703712731265,2593.98524468892,67.60559869995492,-132.09978377728274,2606.5167510242677,70.00287696193155,-0.6900981947236448,0.0,-0.7237157464358271,3.929013079667063,3.929013079667063
-132.09978377728274,2606.5167510242677,70.00287696193155,-145.50253042725288,2619.0482573596155,72.40015522390816,-0.6900981947236448,0.0,-0.7237157464358271,3.929013079667063,3.929013079667063
-145.50253042725288,2619.0482573596155,72.40015522390816,-132.52182300458537,2630.6873179706795,68.42780512285108,-0.6900981947236448,0.0,-0.7237157464358271,3.929013079667063,3.929013079667063
-132.52182300458537,2630.6873179706795,68.42780512285108,-119.5411155819179,2642.326378581744,64.455455021794,-0.6900981947236448,0.0,-0.7237157464358271,3.929013079667063,3.929013079667063
-119.11907635461529,2618.155811635332,66.03052686087446,-132.52182300458537,2630.6873179706795,68.42780512285108,-0.6900981947236448,0.0,-0.7237157464358271,3.929013079667063,3.929013079667063
-132.52182300458537,2630.6873179706795,68.42780512285108,-145.92456965455548,2643.2188243060273,70.8250833848277,-0.6900981947236448,0.0,-0.7237157464358271,3.929013079667063,3.929013079667063
-145.92456965455548,2643.2188243060273,70.8250833848277,-132.94386223188798,2654.8578849170913,66.85273328377062,-0.6900981947236448,0.0,-0.7237157464358271,3.929013079667063,3.929013079667063
-132.94386223188798,2654.8578849170913,66.85273328377062,-119.9631548092205,2666.4969455281557,62.880383182713544,-0.6900981947236448,0.0,-0.7237157464358271,3.929013079667063,3.929013079667063
-119.5411155819179,2642.326378581744,64.455455021794,-132.94386223188798,2654.8578849170913,66.85273328377062,-0.6900981947236448,0.0,-0.7237157464358271,3.929013079667063,3.929013079667063
-132.94386223188798,2654.8578849170913,66.85273328377062,-146.3466088818581,2667.389391252439,69.25001154574724,-0.6900981947236448,0.0,-0.7237157464358271,3.929013079667063,3.929013079667063
-146.3466088818581,2667.389391252439,69.25001154574724,-133.36590145919058,2679.028451863503,65.27766144469015,-0.6900981947236448,0.0,-0.7237157464358271,3.929013079667063,3.929013079667063
-133.36590145919058,2679.028451863503,65.27766144469015,-120.3851940365231,2690.6675124745675,61.305311343633086,-0.6900981947236448,0.0,-0.7237157464358271,3.929013079667063,3.929013079667063
-119.9631548092205,2666.4969455281557,62.880383182713544,-133.36590145919058,2679.028451863503,65.27766144469015,-0.6900981947236448,0.0,-0.7237157464358271,3.929013079667063,3.929013079667063
-133.36590145919058,2679.028451863503,65.27766144469015,-146.7686481091607,2691.559958198851,67.67493970666678,-0.6900981947236448,0.0,-0.7237157464358271,3.929013079667063,3.929013079667063
-146.7686481091607,2691.559958198851,67.67493970666678,-133.7879406864932,2703.199018809915,63.70258960560971,-0.6900981947236448,0.0,-0.7237157464358271,3.929013079667063,3.929013079667063
-133.7879406864932,2703.199018809915,63.70258960560971,-120.80723326382574,2714.8380794209793,59.73023950455263,-0.6900981947236448,0.0,-0.7237157464358271,3.929013079667063,3.929013079667063
-120.3851940365231,2690.6675124745675,61.305311343633086,-133.7879406864932,2703.199018809915,63.70258960560971,-0.6900981947236448,0.0,-0.7237157464358271,3.929013079667063,3.929013079667063
-133.7879406864932,2703.199018809915,63.70258960560971,-147.19068733646333,2715.7305251452626,66.09986786758633,-0.6900981947236448,0.0,-0.7237157464358271,3.929013079667063,3.929013079667063
-147.19068733646333,2715.730525145263,66.09986786758633,-134.20997991379582,2727.369585756327,62.127517766529245,-0.6900981947236448,0.0,-0.7237157464358271,3.929013079667063,3.929013079667063
-134.20997991379582,2727.369585756327,62.127517766529245,-121.22927249112834,2739.0086463673915,58.15516766547216,-0.6900981947236448,0.0,-0.7237157464358271,3.929013079667063,3.929013079667063
-120.80723326382574,2714.8380794209797,59.73023950455263,-134.20997991379582,2727.369585756327,62.127517766529245,-0.6900981947236448,0.0,-0.7237157464358271,3.929013079667063,3.929013079667063
-134.20997991379582,2727.369585756327,62.127517766529245,-147.61272656376593,2739.901092091675,64.52479602850586,-0.6900981947236448,0.0,-0.7237157464358271,3.929013079667063,3.929013079667063
-147.61272656376593,2739.901092091675,64.52479602850586,-134.63201914109843,2751.540152702739,60.55244592744879,-0.6900981947236448,0.0,-0.7237157464358271,3.929013079667063,3.929013079667063
-134.63201914109843,2751.540152702739,60.55244592744879,-121.65131171843095,2763.1792133138033,56.58009582639171,-0.6900981947236448,0.0,-0.7237157464358271,3.929013079667063,3.929013079667063
-121.22927249112834,2739.0086463673915,58.15516766547216,-134.63201914109843,2751.540152702739,60.55244592744879,-0.6900981947236448,0.0,-0.7237157464358271,3.929013079667063,3.929013079667063
-134.63201914109843,2751.540152702739,60.55244592744879,-148.03476579106854,2764.0716590380866,62.94972418942541,-0.6900981947236448,0.0,-0.7237157464358271,3.929013079667063,3.929013079667063
-148.03476579106854,2764.0716590380866,62.94972418942541,-135.05405836840103,2775.7107196491506,58.97737408836833,-0.6900981947236448,0.0,-0.7237157464358271,3.929013079667063,3.929013079667063
-135.05405836840103,2775.7107196491506,58.97737408836833,-122.07335094573355,2787.349780260215,55.00502398731125,-0.6900981947236448,0.0,-0.7237157464358271,3.929013079667063,3.929013079667063
-121.65131171843095,2763.1792133138033,56.58009582639171,-135.05405836840103,2775.7107196491506,58.97737408836833,-0.6900981947236448,0.0,-0.7237157464358271,3.929013079667063,3.929013079667063
-135.05405836840103,2775.7107196491506,58.97737408836833,-148.45680501837114,2788.2422259844984,61.374652350344945,-0.6900981947236448,0.0,-0.7237157464358271,3.929013079667063,3.929013079667063
-148.45680501837114,2788.2422259844984,61.374652350344945,-135.47609759570364,2799.8812865955624,57.40230224928787,-0.6900981947236448,0.0,-0.7237157464358271,3.929013079667063,3.929013079667063
-135.47609759570364,2799.8812865955624,57.40230224928787,-122.49539017303618,2811.520347206627,53.4299521482308,-0.6900981947236448,0.0,-0.7237157464358271,3.929013079667063,3.929013079667063
-122.07335094573355,2787.349780260215,55.00502398731125,-135.47609759570364,2799.8812865955624,57.40230224928787,-0.6900981947236448,0.0,-0.7237157464358271,3.929013079667063,3.929013079667063
-135.47609759570364,2799.8812865955624,57.40230224928787,-148.87884424567378,2812.41279293091,59.799580511264494,-0.6900981947236448,0.0,-0.7237157464358271,3.929013079667063,3.929013079667063
-148.87884424567378,2812.41279293091,59.799580511264494,-135.89813682300627,2824.051853541974,55.82723041020741,-0.6900981947236448,0.0,-0.7237157464358271,3.929013079667063,3.929013079667063
-135.89813682300627,2824.051853541974,55.82723041020741,-122.91742940033879,2835.6909141530386,51.85488030915034,-0.6900981947236448,0.0,-0.7237157464358271,3.929013079667063,3.929013079667063
-122.49539017303618,2811.520347206627,53.4299521482308,-135.89813682300627,2824.051853541974,55.82723041020741,-0.6900981947236448,0.0,-0.7237157464358271,3.929013079667063,3.929013079667063
-135.89813682300627,2824.051853541974,55.82723041020741,-149.30088347297638,2836.583359877322,58.22450867218404,-0.6900981947236448,0.0,-0.7237157464358271,3.929013079667063,3.929013079667063
-149.30088347297638,2836.583359877322,58.22450867218403,-136.32017605030887,2848.222420488386,54.25215857112695,-0.6900981947236448,0.0,-0.7237157464358271,3.929013079667063,3.929013079667063
-136.32017605030887,2848.222420488386,54.25215857112695,-123.3394686276414,2859.8614810994504,50.279808470069874,-0.6900981947236448,0.0,-0.7237157464358271,3.929013079667063,3.929013079667063
-122.91742940033879,2835.6909141530386,51.85488030915033,-136.32017605030887,2848.222420488386,54.25215857112695,-0.6900981947236448,0.0,-0.7237157464358271,3.929013079667063,3.929013079667063
-136.32017605030887,2848.222420488386,54.25215857112695,-149.72292270027899,2860.7539268237338,56.64943683310357,-0.6900981947236448,0.0,-0.7237157464358271,3.929013079667063,3.929013079667063
-149.72292270027899,2860.7539268237338,56.64943683310357,-136.74221527761148,2872.3929874347978,52.67708673204649,-0.6900981947236448,0.0,-0.7237157464358271,3.929013079667063,3.929013079667063
-136.74221527761148,2872.3929874347978,52.67708673204649,-123.761507854944,2884.0320480458627,48.704736630989416,-0.6900981947236448,0.0,-0.7237157464358271,3.929013079667063,3.929013079667063
-123.3394686276414,2859.8614810994504,50.279808470069874,-136.74221527761148,2872.3929874347978,52.67708673204649,-0.6900981947236448,0.0,-0.7237157464358271,3.929013079667063,3.929013079667063
-136.74221527761148,2872.3929874347978,52.67708673204649,-150.1449619275816,2884.924493770146,55.074364994023114,-0.6900981947236448,0.0,-0.7237157464358271,3.929013079667063,3.929013079667063
-150.1449619275816,2884.924493770146,55.074364994023114,-137.16425450491408,2896.56355438121,51.10201489296603,-0.6900981947236448,0.0,-0.7237157464358271,3.929013079667063,3.929013079667063
-137.16425450491408,2896.56355438121,51.10201489296603,-124.18354708224663,2908.2026149922744,47.12966479190896,-0.6900981947236448,0.0,-0.7237157464358271,3.929013079667063,3.929013079667063
-123.761507854944,2884.0320480458627,48.704736630989416,-137.16425450491408,2896.56355438121,51.10201489296603,-0.6900981947236448,0.0,-0.7237157464358271,3.929013079667063,3.929013079667063
-137.16425450491408,2896.56355438121,51.10201489296603,-150.56700115488422,2909.095060716558,53.499293154942656,-0.6900981947236448,0.0,-0.7237157464358271,3.929013079667063,3.929013079667063
-150.56700115488422,2909.095060716558,53.499293154942656,-137.58629373221672,2920.734121327622,49.526943053885574,-0.6900981947236448,0.0,-0.7237157464358271,3.929013079667063,3.929013079667063
-137.58629373221672,2920.734121327622,49.526943053885574,-124.60558630954924,2932.3731819386862,45.5545929528285,-0.6900981947236448,0.0,-0.7237157464358271,3.929013079667063,3.929013079667063
-124.18354708224663,2908.2026149922744,47.12966479190896,-137.58629373221672,2920.734121327622,49.526943053885574,-0.6900981947236448,0.0,-0.7237157464358271,3.929013079667063,3.929013079667063
-137.58629373221672,2920.734121327622,49.526943053885574,-150.98904038218683,2933.2656276629696,51.9242213158622,-0.6900981947236448,0.0,-0.7237157464358271,3.929013079667063,3.929013079667063
-150.98904038218683,2933.2656276629696,51.9242213158622,-138.00833295951932,2944.9046882740336,47.951871214805124,-0.6900981947236448,0.0,-0.7237157464358271,3.929013079667063,3.929013079667063
-138.00833295951932,2944.9046882740336,47.951871214805124,-125.02762553685184,2956.543748885098,43.97952111374804,-0.6900981947236448,0.0,-0.7237157464358271,3.929013079667063,3.929013079667063
-124.60558630954924,2932.3731819386862,45.5545929528285,-138.00833295951932,2944.9046882740336,47.951871214805124,-0.6900981947236448,0.0,-0.7237157464358271,3.929013079667063,3.929013079667063
-138.00833295951932,2944.9046882740336,47.951871214805124,-151.41107960948943,2957.4361946093813,50.34914947678174,-0.6900981947236448,0.0,-0.7237157464358271,3.929013079667063,3.929013079667063
-151.41107960948943,2957.4361946093813,50.34914947678173,-138.43037218682193,2969.075255220446,46.37679937572466,-0.6900981947236448,0.0,-0.7237157464358271,3.929013079667063,3.929013079667063
-138.43037218682193,2969.075255220446,46.37679937572466,-125.44966476415445,2980.7143158315102,42.40444927466758,-0.6900981947236448,0.0,-0.7237157464358271,3.929013079667063,3.929013079667063
-125.02762553685184,2956.543748885098,43.979521113748035,-138.43037218682193,2969.075255220446,46.37679937572466,-0.6900981947236448,0.0,-0.7237157464358271,3.929013079667063,3.929013079667063
-138.43037218682193,2969.075255220446,46.37679937572466,-151.83311883679204,2981.6067615557936,48.774077637701275,-0.6900981947236448,0.0,-0.7237157464358271,3.929013079667063,3.929013079667063
-151.83311883679204,2981.6067615557936,48.774077637701275,-138.85241141412456,2993.2458221668576,44.8017275366442,-0.6900981947236448,0.0,-0.7237157464358271,3.929013079667063,3.929013079667063
-138.85241141412456,2993.2458221668576,44.8017275366442,-125.87170399145708,3004.884882777922,40.82937743558712,-0.6900981947236448,0.0,-0.7237157464358271,3.929013079667063,3.929013079667063
-125.44966476415445,2980.7143158315102,42.40444927466758,-138.85241141412456,2993.2458221668576,44.8017275366442,-0.6900981947236448,0.0,-0.7237157464358271,3.929013079667063,3.929013079667063
-138.85241141412456,2993.2458221668576,44.8017275366442,-152.25515806409467,3005.7773285022054,47.19900579862082,-0.6900981947236448,0.0,-0.7237157464358271,3.929013079667063,3.929013079667063
-152.25515806409467,3005.7773285022054,47.19900579862082,-139.27445064142717,3017.4163891132694,43.22665569756374,-0.6900981947236448,0.0,-0.7237157464358271,3.929013079667063,3.929013079667063
-139.27445064142717,3017.4163891132694,43.22665569756374,-126.29374321875969,3029.055449724334,39.25430559650666,-0.6900981947236448,0.0,-0.7237157464358271,3.929013079667063,3.929013079667063
-125.87170399145708,3004.884882777922,40.82937743558712,-139.27445064142717,3017.4163891132694,43.22665569756374,-0.6900981947236448,0.0,-0.7237157464358271,3.929013079667063,3.929013079667063
-139.27445064142717,3017.4163891132694,43.22665569756374,-152.67719729139728,3029.947895448617,45.62393395954036,-0.6900981947236448,0.0,-0.7237157464358271,3.929013079667063,3.929013079667063
-152.67719729139728,3029.947895448617,45.62393395954036,-139.69648986872977,3041.586956059681,41.651583858483285,-0.6900981947236448,0.0,-0.7237157464358271,3.929013079667063,3.929013079667063
-139.69648986872977,3041.586956059681,41.651583858483285,-126.71578244606229,3053.2260166707456,37.6792337574262,-0.6900981947236448,0.0,-0.7237157464358271,3.929013079667063,3.929013079667063
-126.29374321875969,3029.055449724334,39.25430559650666,-139.69648986872977,3041.586956059681,41.651583858483285,-0.6900981947236448,0.0,-0.7237157464358271,3.929013079667063,3.929013079667063
-139.69648986872977,3041.586956059681,41.651583858483285,-153.09923651869988,3054.118462395029,44.0488621204599,-0.6900981947236448,0.0,-0.7237157464358271,3.929013079667063,3.929013079667063
-153.09923651869988,3054.118462395029,44.0488621204599,-140.11852909603238,3065.757523006093,40.07651201940283,-0.6900981947236448,0.0,-0.7237157464358271,3.929013079667063,3.929013079667063
-140.11852909603238,3065.757523006093,40.07651201940283,-127.1378216733649,3077.3965836171574,36.10416191834575,-0.6900981947236448,0.0,-0.7237157464358271,3.929013079667063,3.929013079667063
-126.71578244606229,3053.2260166707456,37.6792337574262,-140.11852909603238,3065.757523006093,40.07651201940283,-0.6900981947236448,0.0,-0.7237157464358271,3.929013079667063,3.929013079667063
-140.11852909603238,3065.757523006093,40.07651201940283,-153.5212757460025,3078.2890293414407,42.47379028137945,-0.6900981947236448,0.0,-0.7237157464358271,3.929013079667063,3.929013079667063
-153.52127574600252,3078.2890293414407,42.473790281379436,-140.540568323335,3089.9280899525047,38.50144018032236,-0.6900981947236448,0.0,-0.7237157464358271,3.929013079667063,3.929013079667063
-140.540568323335,3089.9280899525047,38.50144018032236,-127.55986090066753,3101.567150563569,34.52909007926529,-0.6900981947236448,0.0,-0.7237157464358271,3.929013079667063,3.929013079667063
-127.13782167336493,3077.3965836171574,36.10416191834574,-140.540568323335,3089.9280899525047,38.50144018032236,-0.6900981947236448,0.0,-0.7237157464358271,3.929013079667063,3.929013079667063
-140.540568323335,3089.9280899525047,38.50144018032236,-153.94331497330512,3102.4595962878525,40.898718442298986,-0.6900981947236448,0.0,-0.7237157464358271,3.929013079667063,3.929013079667063
-153.94331497330512,3102.4595962878525,40.898718442298986,-140.9626075506376,3114.0986568989165,36.926368341241904,-0.6900981947236448,0.0,-0.7237157464358271,3.929013079667063,3.929013079667063
-140.9626075506376,3114.0986568989165,36.926368341241904,-127.98190012797014,3125.737717509981,32.95401824018483,-0.6900981947236448,0.0,-0.7237157464358271,3.929013079667063,3.929013079667063
-127.55986090066753,3101.567150563569,34.52909007926529,-140.9626075506376,3114.0986568989165,36.926368341241904,-0.6900981947236448,0.0,-0.7237157464358271,3.929013079667063,3.929013079667063
-140.9626075506376,3114.0986568989165,36.926368341241904,-154.36535420060773,3126.6301632342643,39.32364660321853,-0.6900981947236448,0.0,-0.7237157464358271,3.929013079667063,3.929013079667063
-154.36535420060773,3126.6301632342643,39.32364660321853,-141.38464677794022,3138.2692238453283,35.351296502161446,-0.6900981947236448,0.0,-0.7237157464358271,3.929013079667063,3.929013079667063
-141.38464677794022,3138.2692238453283,35.351296502161446,-128.40393935527274,3149.908284456393,31.378946401104372,-0.6900981947236448,0.0,-0.7237157464358271,3.929013079667063,3.929013079667063
-127.98190012797014,3125.737717509981,32.95401824018483,-141.38464677794022,3138.2692238453283,35.351296502161446,-0.6900981947236448,0.0,-0.7237157464358271,3.929013079667063,3.929013079667063
-141.38464677794022,3138.2692238453283,35.351296502161446,-154.78739342791033,3150.8007301806765,37.74857476413807,-0.6900981947236448,0.0,-0.7237157464358271,3.929013079667063,3.929013079667063
-154.78739342791033,3150.8007301806765,37.74857476413807,-141.80668600524282,3162.4397907917405,33.77622466308099,-0.6900981947236448,0.0,-0.7237157464358271,3.929013079667063,3.929013079667063
-141.80668600524282,3162.4397907917405,33.77622466308099,-128.82597858257535,3174.078851402805,29.803874562023914,-0.6900981947236448,0.0,-0.7237157464358271,3.929013079667063,3.929013079667063
-128.40393935527274,3149.908284456393,31.378946401104372,-141.80668600524282,3162.4397907917405,33.77622466308099,-0.6900981947236448,0.0,-0.7237157464358271,3.929013079667063,3.929013079667063
-141.80668600524282,3162.4397907917405,33.77622466308099,-155.20943265521294,3174.9712971270883,36.17350292505761,-0.6900981947236448,0.0,-0.7237157464358271,3.929013079667063,3.929013079667063
-155.20943265521294,3174.9712971270883,36.17350292505761,-142.22872523254546,3186.6103577381523,32.20115282400053,-0.6900981947236448,0.0,-0.7237157464358271,3.929013079667063,3.929013079667063
-142.22872523254546,3186.6103577381523,32.20115282400053,-129.24801780987798,3198.2494183492167,28.228802722943456,-0.6900981947236448,0.0,-0.7237157464358271,3.929013079667063,3.929013079667063
-128.82597858257535,3174.078851402805,29.803874562023914,-142.22872523254546,3186.6103577381523,32.20115282400053,-0.6900981947236448,0.0,-0.7237157464358271,3.929013079667063,3.929013079667063
-142.22872523254546,3186.6103577381523,32.20115282400053,-155.63147188251557,3199.1418640735,34.598431085977154,-0.6900981947236448,0.0,-0.7237157464358271,3.929013079667063,3.929013079667063
-155.63147188251557,3199.1418640735,34.59843108597715,-142.65076445984806,3210.780924684564,30.626080984920065,-0.6900981947236448,0.0,-0.7237157464358271,3.929013079667063,3.929013079667063
-142.65076445984806,3210.780924684564,30.626080984920065,-129.67005703718058,3222.4199852956285,26.65373088386299,-0.6900981947236448,0.0,-0.7237157464358271,3.929013079667063,3.929013079667063
-129.24801780987798,3198.2494183492167,28.22880272294345,-142.65076445984806,3210.780924684564,30.626080984920065,-0.6900981947236448,0.0,-0.7237157464358271,3.929013079667063,3.929013079667063
-142.65076445984806,3210.780924684564,30.626080984920065,-156.05351110981817,3223.312431019912,33.02335924689669,-0.6900981947236448,0.0,-0.7237157464358271,3.929013079667063,3.929013079667063
-156.05351110981817,3223.312431019912,33.02335924689669,-143.07280368715067,3234.9514916309763,29.051009145839615,-0.6900981947236448,0.0,-0.7237157464358271,3.929013079667063,3.929013079667063
-143.07280368715067,3234.9514916309763,29.051009145839615,-130.0920962644832,3246.5905522420408,25.078659044782533,-0.6900981947236448,0.0,-0.7237157464358271,3.929013079667063,3.929013079667063
-129.67005703718058,3222.4199852956285,26.65373088386299,-143.07280368715067,3234.9514916309763,29.051009145839615,-0.6900981947236448,0.0,-0.7237157464358271,3.929013079667063,3.929013079667063
-143.07280368715067,3234.9514916309763,29.051009145839615,-156.47555033712078,3247.482997966324,31.44828740781623,-0.6900981947236448,0.0,-0.7237157464358271,3.929013079667063,3.929013079667063
-156.47555033712078,3247.482997966324,31.44828740781623,-143.49484291445327,3259.122058577388,27.475937306759157,-0.6900981947236448,0.0,-0.7237157464358271,3.929013079667063,3.929013079667063
-143.49484291445327,3259.122058577388,27.475937306759157,-130.51413549178582,3270.7611191884525,23.503587205702075,-0.6900981947236448,0.0,-0.7237157464358271,3.929013079667063,3.929013079667063
-130.0920962644832,3246.5905522420408,25.078659044782533,-143.49484291445327,3259.122058577388,27.475937306759157,-0.6900981947236448,0.0,-0.7237157464358271,3.929013079667063,3.929013079667063
-143.49484291445327,3259.122058577388,27.475937306759157,-156.8975895644234,3271.653564912736,29.873215568735773,-0.6900981947236448,0.0,-0.7237157464358271,3.929013079667063,3.929013079667063
-156.8975895644234,3271.653564912736,29.873215568735773,-143.9168821417559,3283.2926255238,25.9008654676787,-0.6900981947236448,0.0,-0.7237157464358271,3.929013079667063,3.929013079667063
-143.9168821417559,3283.2926255238,25.9008654676787,-130.93617471908843,3294.9316861348643,21.928515366621617,-0.6900981947236448,0.0,-0.7237157464358271,3.929013079667063,3.929013079667063
-130.51413549178582,3270.7611191884525,23.503587205702075,-143.9168821417559,3283.2926255238,25.9008654676787,-0.6900981947236448,0.0,-0.7237157464358271,3.929013079667063,3.929013079667063
-143.9168821417559,3283.2926255238,25.9008654676787,-157.31962879172602,3295.8241318591477,28.298143729655315,-0.6900981947236448,0.0,-0.7237157464358271,3.929013079667063,3.929013079667063
-157.31962879172602,3295.8241318591477,28.298143729655315,-144.3389213690585,3307.4631924702117,24.32579362859824,-0.6900981947236448,0.0,-0.7237157464358271,3.929013079667063,3.929013079667063
-144.3389213690585,3307.4631924702117,24.32579362859824,-131.35821394639103,3319.102253081276,20.35344352754116,-0.6900981947236448,0.0,-0.7237157464358271,3.929013079667063,3.929013079667063
-130.93617471908843,3294.9316861348643,21.928515366621617,-144.3389213690585,3307.4631924702117,24.32579362859824,-0.6900981947236448,0.0,-0.7237157464358271,3.929013079667063,3.929013079667063
-144.3389213690585,3307.4631924702117,24.32579362859824,-157.74166801902862,3319.9946988055594,26.723071890574857,-0.6900981947236448,0.0,-0.7237157464358271,3.929013079667063,3.929013079667063
-157.74166801902862,3319.9946988055594,26.723071890574857,-144.76096059636112,3331.6337594166234,22.750721789517776,-0.6900981947236448,0.0,-0.7237157464358271,3.929013079667063,3.929013079667063
-144.76096059636112,3331.6337594166234,22.750721789517776,-131.78025317369364,3343.272820027688,18.778371688460695,-0.6900981947236448,0.0,-0.7237157464358271,3.929013079667063,3.929013079667063
-131.35821394639103,3319.102253081276,20.35344352754116,-144.76096059636112,3331.6337594166234,22.750721789517776,-0.6900981947236448,0.0,-0.7237157464358271,3.929013079667063,3.929013079667063
-144.76096059636112,3331.6337594166234,22.750721789517776,-158.16370724633123,3344.165265751971,25.148000051494392,-0.6900981947236448,0.0,-0.7237157464358271,3.929013079667063,3.929013079667063
-158.16370724633123,3344.165265751971,25.148000051494392,-145.18299982366375,3355.804326363035,21.17564995043731,-0.6900981947236448,0.0,-0.7237157464358271,3.929013079667063,3.929013079667063
-145.18299982366375,3355.804326363035,21.17564995043731,-132.20229240099624,3367.4433869740997,17.203299849380244,-0.6900981947236448,0.0,-0.7237157464358271,3.929013079667063,3.929013079667063
-131.78025317369364,3343.272820027688,18.778371688460695,-145.18299982366375,3355.804326363035,21.17564995043731,-0.6900981947236448,0.0,-0.7237157464358271,3.929013079667063,3.929013079667063
-145.18299982366375,3355.804326363035,21.17564995043731,-158.58574647363383,3368.335832698383,23.57292821241394,-0.6900981947236448,0.0,-0.7237157464358271,3.929013079667063,3.929013079667063
-158.58574647363383,3368.335832698383,23.57292821241394,-145.60503905096635,3379.974893309447,19.60057811135686,-0.6900981947236448,0.0,-0.7237157464358271,3.929013079667063,3.929013079667063
-145.60503905096635,3379.974893309447,19.60057811135686,-132.62433162829888,3391.6139539205114,15.628228010299779,-0.6900981947236448,0.0,-0.7237157464358271,3.929013079667063,3.929013079667063
-132.20229240099624,3367.4433869740997,17.203299849380244,-145.60503905096635,3379.974893309447,19.60057811135686,-0.6900981947236448,0.0,-0.7237157464358271,3.929013079667063,3.929013079667063
-145.60503905096635,3379.974893309447,19.60057811135686,-159.00778570093647,3392.506399644795,21.997856373333477,-0.6900981947236448,0.0,-0.7237157464358271,3.929013079667063,3.929013079667063
-159.00778570093647,3392.506399644795,21.997856373333477,-146.02707827826896,3404.145460255859,18.02550627227641,-0.6900981947236448,0.0,-0.7237157464358271,3.929013079667063,3.929013079667063
-146.02707827826896,3404.145460255859,18.02550627227641,-133.04637085560148,3415.7845208669232,14.053156171219328,-0.6900981947236448,0.0,-0.7237157464358271,3.929013079667063,3.929013079667063
-132.62433162829888,3391.6139539205114,15.628228010299779,-146.02707827826896,3404.145460255859,18.02550627227641,-0.6900981947236448,0.0,-0.7237157464358271,3.929013079667063,3.929013079667063
-146.02707827826896,3404.145460255859,18.02550627227641,-159.42982492823907,3416.6769665912066,20.422784534253026,-0.6900981947236448,0.0,-0.7237157464358271,3.929013079667063,3.929013079667063
-159.42982492823907,3416.6769665912066,20.422784534253026,-146.44911750557156,3428.3160272022706,16.450434433195944,-0.6900981947236448,0.0,-0.7237157464358271,3.929013079667063,3.929013079667063
-146.44911750557156,3428.3160272022706,16.450434433195944,-133.4684100829041,3439.9550878133355,12.478084332138863,-0.6900981947236448,0.0,-0.7237157464358271,3.929013079667063,3.929013079667063
-133.04637085560148,3415.7845208669232,14.053156171219328,-146.44911750557156,3428.3160272022706,16.450434433195944,-0.6900981947236448,0.0,-0.7237157464358271,3.929013079667063,3.929013079667063
-146.44911750557156,3428.3160272022706,16.450434433195944,-159.85186415554168,3440.847533537619,18.84771269517256,-0.6900981947236448,0.0,-0.7237157464358271,3.929013079667063,3.929013079667063
-159.85186415554168,3440.847533537619,18.84771269517256,-146.87115673287417,3452.486594148683,14.875362594115494,-0.6900981947236448,0.0,-0.7237157464358271,3.929013079667063,3.929013079667063
-146.87115673287417,3452.486594148683,14.875362594115494,-133.89044931020672,3464.1256547597472,10.903012493058412,-0.6900981947236448,0.0,-0.7237157464358271,3.929013079667063,3.929013079667063
-133.4684100829041,3439.9550878133355,12.478084332138863,-146.87115673287417,3452.486594148683,14.875362594115494,-0.6900981947236448,0.0,-0.7237157464358271,3.929013079667063,3.929013079667063
-146.87115673287417,3452.486594148683,14.875362594115494,-160.2739033828443,3465.0181004840306,17.27264085609211,-0.6900981947236448,0.0,-0.7237157464358271,3.929013079667063,3.929013079667063
-148.53556598818986,2352.2795752248016,63.69238980579219,-144.90885207120832,2364.811081560149,75.92163171025246,0.6900981947236448,0.0,-0.7237157464358271,3.929013079667063,3.929013079667063
-144.90885207120832,2364.811081560149,75.92163171025246,-141.28213815422674,2377.3425878954968,88.15087361471274,0.6900981947236448,0.0,-0.7237157464358271,3.929013079667063,3.929013079667063
-140.86009892692414,2353.172020949085,89.7259454537932,-144.90885207120832,2364.811081560149,75.92163171025246,0.6900981947236448,0.0,-0.7237157464358271,3.929013079667063,3.929013079667063
-144.90885207120832,2364.811081560149,75.92163171025246,-148.95760521549246,2376.4501421712134,62.117317966711724,0.6900981947236448,0.0,-0.7237157464358271,3.929013079667063,3.929013079667063
-148.95760521549246,2376.4501421712134,62.117317966711724,-145.33089129851092,2388.9816485065608,74.346559871172,0.6900981947236448,0.0,-0.7237157464358271,3.929013079667063,3.929013079667063
-145.33089129851092,2388.9816485065608,74.346559871172,-141.70417738152935,2401.5131548419085,86.57580177563227,0.6900981947236448,0.0,-0.7237157464358271,3.929013079667063,3.929013079667063
-141.28213815422674,2377.3425878954968,88.15087361471274,-145.33089129851092,2388.9816485065608,74.346559871172,0.6900981947236448,0.0,-0.7237157464358271,3.929013079667063,3.929013079667063
-145.33089129851092,2388.9816485065608,74.346559871172,-149.37964444279507,2400.620709117625,60.54224612763127,0.6900981947236448,0.0,-0.7237157464358271,3.929013079667063,3.929013079667063
-149.37964444279507,2400.620709117625,60.54224612763127,-145.75293052581353,2413.1522154529725,72.77148803209154,0.6900981947236448,0.0,-0.7237157464358271,3.929013079667063,3.929013079667063
-145.75293052581353,2413.1522154529725,72.77148803209154,-142.12621660883195,2425.6837217883203,85.0007299365518,0.6900981947236448,0.0,-0.7237157464358271,3.929013079667063,3.929013079667063
-141.70417738152935,2401.5131548419085,86.57580177563227,-145.75293052581353,2413.1522154529725,72.77148803209154,0.6900981947236448,0.0,-0.7237157464358271,3.929013079667063,3.929013079667063
-145.75293052581353,2413.1522154529725,72.77148803209154,-149.80168367009767,2424.791276064037,58.96717428855081,0.6900981947236448,0.0,-0.7237157464358271,3.929013079667063,3.929013079667063
-149.80168367009767,2424.791276064037,58.96717428855081,-146.17496975311616,2437.3227823993843,71.19641619301109,0.6900981947236448,0.0,-0.7237157464358271,3.929013079667063,3.929013079667063
-146.17496975311616,2437.3227823993843,71.19641619301109,-142.5482558361346,2449.854288734732,83.42565809747137,0.6900981947236448,0.0,-0.7237157464358271,3.929013079667063,3.929013079667063
-142.12621660883195,2425.6837217883203,85.0007299365518,-146.17496975311616,2437.3227823993843,71.19641619301109,0.6900981947236448,0.0,-0.7237157464358271,3.929013079667063,3.929013079667063
-146.17496975311616,2437.3227823993843,71.19641619301109,-150.2237228974003,2448.961843010449,57.39210244947036,0.6900981947236448,0.0,-0.7237157464358271,3.929013079667063,3.929013079667063
-150.2237228974003,2448.961843010449,57.39210244947036,-146.59700898041876,2461.4933493457966,69.62134435393062,0.6900981947236448,0.0,-0.7237157464358271,3.929013079667063,3.929013079667063
-146.59700898041876,2461.4933493457966,69.62134435393062,-142.9702950634372,2474.0248556811443,81.8505862583909,0.6900981947236448,0.0,-0.7237157464358271,3.929013079667063,3.929013079667063
-142.5482558361346,2449.854288734732,83.42565809747137,-146.59700898041876,2461.4933493457966,69.62134435393062,0.6900981947236448,0.0,-0.7237157464358271,3.929013079667063,3.929013079667063
-146.59700898041876,2461.4933493457966,69.62134435393062,-150.6457621247029,2473.132409956861,55.81703061038989,0.6900981947236448,0.0,-0.7237157464358271,3.929013079667063,3.929013079667063
-150.6457621247029,2473.132409956861,55.81703061038989,-147.01904820772137,2485.6639162922083,68.04627251485016,0.6900981947236448,0.0,-0.7237157464358271,3.929013079667063,3.929013079667063
-147.01904820772137,2485.6639162922083,68.04627251485016,-143.3923342907398,2498.195422627556,80.27551441931044,0.6900981947236448,0.0,-0.7237157464358271,3.929013079667063,3.929013079667063
-142.9702950634372,2474.0248556811443,81.8505862583909,-147.01904820772137,2485.6639162922083,68.04627251485016,0.6900981947236448,0.0,-0.7237157464358271,3.929013079667063,3.929013079667063
-147.01904820772137,2485.6639162922083,68.04627251485016,-151.06780135200552,2497.302976903273,54.24195877130944,0.6900981947236448,0.0,-0.7237157464358271,3.929013079667063,3.929013079667063
-151.06780135200552,2497.302976903273,54.24195877130944,-147.44108743502397,2509.83448323862,66.47120067576971,0.6900981947236448,0.0,-0.7237157464358271,3.929013079667063,3.929013079667063
-147.44108743502397,2509.83448323862,66.47120067576971,-143.8143735180424,2522.365989573968,78.70044258022997,0.6900981947236448,0.0,-0.7237157464358271,3.929013079667063,3.929013079667063
-143.3923342907398,2498.195422627556,80.27551441931044,-147.44108743502397,2509.83448323862,66.47120067576971,0.6900981947236448,0.0,-0.7237157464358271,3.929013079667063,3.929013079667063
-147.44108743502397,2509.83448323862,66.47120067576971,-151.48984057930812,2521.4735438496846,52.66688693222898,0.6900981947236448,0.0,-0.7237157464358271,3.929013079667063,3.929013079667063
-151.48984057930815,2521.4735438496846,52.66688693222898,-147.8631266623266,2534.005050185032,64.89612883668926,0.6900981947236448,0.0,-0.7237157464358271,3.929013079667063,3.929013079667063
-147.8631266623266,2534.005050185032,64.89612883668926,-144.23641274534504,2546.5365565203797,77.12537074114952,0.6900981947236448,0.0,-0.7237157464358271,3.929013079667063,3.929013079667063
-143.81437351804243,2522.365989573968,78.70044258022997,-147.8631266623266,2534.005050185032,64.89612883668926,0.6900981947236448,0.0,-0.7237157464358271,3.929013079667063,3.929013079667063
-147.8631266623266,2534.005050185032,64.89612883668926,-151.91187980661076,2545.6441107960964,51.09181509314852,0.6900981947236448,0.0,-0.7237157464358271,3.929013079667063,3.929013079667063
-151.91187980661076,2545.6441107960964,51.09181509314852,-148.2851658896292,2558.1756171314437,63.3210569976088,0.6900981947236448,0.0,-0.7237157464358271,3.929013079667063,3.929013079667063
-148.2851658896292,2558.1756171314437,63.3210569976088,-144.65845197264764,2570.7071234667915,75.55029890206907,0.6900981947236448,0.0,-0.7237157464358271,3.929013079667063,3.929013079667063
-144.23641274534504,2546.5365565203797,77.12537074114952,-148.2851658896292,2558.1756171314437,63.3210569976088,0.6900981947236448,0.0,-0.7237157464358271,3.929013079667063,3.929013079667063
-148.2851658896292,2558.1756171314437,63.3210569976088,-152.33391903391336,2569.814677742508,49.51674325406806,0.6900981947236448,0.0,-0.7237157464358271,3.929013079667063,3.929013079667063
-152.33391903391336,2569.814677742508,49.51674325406806,-148.70720511693182,2582.3461840778555,61.745985158528335,0.6900981947236448,0.0,-0.7237157464358271,3.929013079667063,3.929013079667063
-148.70720511693182,2582.3461840778555,61.745985158528335,-145.08049119995025,2594.8776904132033,73.97522706298861,0.6900981947236448,0.0,-0.7237157464358271,3.929013079667063,3.929013079667063
-144.65845197264764,2570.7071234667915,75.55029890206907,-148.70720511693182,2582.3461840778555,61.745985158528335,0.6900981947236448,0.0,-0.7237157464358271,3.929013079667063,3.929013079667063
-148.70720511693182,2582.3461840778555,61.745985158528335,-152.75595826121597,2593.98524468892,47.9416714149876,0.6900981947236448,0.0,-0.7237157464358271,3.929013079667063,3.929013079667063
-152.75595826121597,2593.98524468892,47.9416714149876,-149.12924434423442,2606.5167510242677,60.170913319447884,0.6900981947236448,0.0,-0.7237157464358271,3.929013079667063,3.929013079667063
-149.12924434423442,2606.5167510242677,60.170913319447884,-145.50253042725288,2619.0482573596155,72.40015522390814,0.6900981947236448,0.0,-0.7237157464358271,3.929013079667063,3.929013079667063
-145.08049119995025,2594.8776904132033,73.97522706298861,-149.12924434423442,2606.5167510242677,60.170913319447884,0.6900981947236448,0.0,-0.7237157464358271,3.929013079667063,3.929013079667063
-149.12924434423442,2606.5167510242677,60.170913319447884,-153.1779974885186,2618.155811635332,46.366599575907145,0.6900981947236448,0.0,-0.7237157464358271,3.929013079667063,3.929013079667063
-153.1779974885186,2618.155811635332,46.366599575907145,-149.55128357153706,2630.6873179706795,58.59584148036742,0.6900981947236448,0.0,-0.7237157464358271,3.929013079667063,3.929013079667063
-149.55128357153706,2630.6873179706795,58.59584148036742,-145.92456965455548,2643.2188243060273,70.82508338482769,0.6900981947236448,0.0,-0.7237157464358271,3.929013079667063,3.929013079667063
-145.50253042725288,2619.0482573596155,72.40015522390814,-149.55128357153706,2630.6873179706795,58.59584148036742,0.6900981947236448,0.0,-0.7237157464358271,3.929013079667063,3.929013079667063
-149.55128357153706,2630.6873179706795,58.59584148036742,-153.6000367158212,2642.326378581744,44.79152773682669,0.6900981947236448,0.0,-0.7237157464358271,3.929013079667063,3.929013079667063
-153.6000367158212,2642.326378581744,44.79152773682669,-149.97332279883966,2654.8578849170913,57.02076964128697,0.6900981947236448,0.0,-0.7237157464358271,3.929013079667063,3.929013079667063
-149.97332279883966,2654.8578849170913,57.02076964128697,-146.3466088818581,2667.389391252439,69.25001154574724,0.6900981947236448,0.0,-0.7237157464358271,3.929013079667063,3.929013079667063
-145.92456965455548,2643.2188243060273,70.82508338482769,-149.97332279883966,2654.8578849170913,57.02076964128697,0.6900981947236448,0.0,-0.7237157464358271,3.929013079667063,3.929013079667063
-149.97332279883966,2654.8578849170913,57.02076964128697,-154.0220759431238,2666.4969455281557,43.21645589774623,0.6900981947236448,0.0,-0.7237157464358271,3.929013079667063,3.929013079667063
-154.0220759431238,2666.4969455281557,43.21645589774623,-150.39536202614227,2679.028451863503,55.4456978022065,0.6900981947236448,0.0,-0.7237157464358271,3.929013079667063,3.929013079667063
-150.39536202614227,2679.028451863503,55.4456978022065,-146.7686481091607,2691.559958198851,67.67493970666678,0.6900981947236448,0.0,-0.7237157464358271,3.929013079667063,3.929013079667063
-146.3466088818581,2667.389391252439,69.25001154574724,-150.39536202614227,2679.028451863503,55.4456978022065,0.6900981947236448,0.0,-0.7237157464358271,3.929013079667063,3.929013079667063
-150.39536202614227,2679.028451863503,55.4456978022065,-154.44411517042641,2690.6675124745675,41.64138405866577,0.6900981947236448,0.0,-0.7237157464358271,3.929013079667063,3.929013079667063
-154.44411517042641,2690.6675124745675,41.64138405866577,-150.81740125344487,2703.199018809915,53.87062596312605,0.6900981947236448,0.0,-0.7237157464358271,3.929013079667063,3.929013079667063
-150.81740125344487,2703.199018809915,53.87062596312605,-147.19068733646333,2715.7305251452626,66.09986786758631,0.6900981947236448,0.0,-0.7237157464358271,3.929013079667063,3.929013079667063
-146.7686481091607,2691.559958198851,67.67493970666678,-150.81740125344487,2703.199018809915,53.87062596312605,0.6900981947236448,0.0,-0.7237157464358271,3.929013079667063,3.929013079667063
-150.81740125344487,2703.199018809915,53.87062596312605,-154.86615439772905,2714.8380794209793,40.06631221958531,0.6900981947236448,0.0,-0.7237157464358271,3.929013079667063,3.929013079667063
-154.86615439772905,2714.8380794209797,40.06631221958531,-151.2394404807475,2727.369585756327,52.29555412404559,0.6900981947236448,0.0,-0.7237157464358271,3.929013079667063,3.929013079667063
-151.2394404807475,2727.369585756327,52.29555412404559,-147.61272656376593,2739.901092091675,64.52479602850585,0.6900981947236448,0.0,-0.7237157464358271,3.929013079667063,3.929013079667063
-147.19068733646333,2715.730525145263,66.09986786758631,-151.2394404807475,2727.369585756327,52.29555412404559,0.6900981947236448,0.0,-0.7237157464358271,3.929013079667063,3.929013079667063
-151.2394404807475,2727.369585756327,52.29555412404559,-155.28819362503165,2739.0086463673915,38.49124038050485,0.6900981947236448,0.0,-0.7237157464358271,3.929013079667063,3.929013079667063
-155.28819362503165,2739.0086463673915,38.49124038050485,-151.6614797080501,2751.540152702739,50.72048228496513,0.6900981947236448,0.0,-0.7237157464358271,3.929013079667063,3.929013079667063
-151.6614797080501,2751.540152702739,50.72048228496513,-148.03476579106854,2764.0716590380866,62.9497241894254,0.6900981947236448,0.0,-0.7237157464358271,3.929013079667063,3.929013079667063
-147.61272656376593,2739.901092091675,64.52479602850585,-151.6614797080501,2751.540152702739,50.72048228496513,0.6900981947236448,0.0,-0.7237157464358271,3.929013079667063,3.929013079667063
-151.6614797080501,2751.540152702739,50.72048228496513,-155.71023285233426,2763.1792133138033,36.9161685414244,0.6900981947236448,0.0,-0.7237157464358271,3.929013079667063,3.929013079667063
-155.71023285233426,2763.1792133138033,36.9161685414244,-152.0835189353527,2775.7107196491506,49.14541044588467,0.6900981947236448,0.0,-0.7237157464358271,3.929013079667063,3.929013079667063
-152.0835189353527,2775.7107196491506,49.14541044588467,-148.45680501837114,2788.2422259844984,61.37465235034494,0.6900981947236448,0.0,-0.7237157464358271,3.929013079667063,3.929013079667063
-148.03476579106854,2764.0716590380866,62.9497241894254,-152.0835189353527,2775.7107196491506,49.14541044588467,0.6900981947236448,0.0,-0.7237157464358271,3.929013079667063,3.929013079667063
-152.0835189353527,2775.7107196491506,49.14541044588467,-156.13227207963686,2787.349780260215,35.34109670234393,0.6900981947236448,0.0,-0.7237157464358271,3.929013079667063,3.929013079667063
-156.13227207963686,2787.349780260215,35.34109670234393,-152.50555816265532,2799.8812865955624,47.570338606804214,0.6900981947236448,0.0,-0.7237157464358271,3.929013079667063,3.929013079667063
-152.50555816265532,2799.8812865955624,47.570338606804214,-148.87884424567378,2812.41279293091,59.79958051126449,0.6900981947236448,0.0,-0.7237157464358271,3.929013079667063,3.929013079667063
-148.45680501837114,2788.2422259844984,61.37465235034494,-152.50555816265532,2799.8812865955624,47.570338606804214,0.6900981947236448,0.0,-0.7237157464358271,3.929013079667063,3.929013079667063
-152.50555816265532,2799.8812865955624,47.570338606804214,-156.5543113069395,2811.520347206627,33.76602486326348,0.6900981947236448,0.0,-0.7237157464358271,3.929013079667063,3.929013079667063
-156.5543113069395,2811.520347206627,33.76602486326348,-152.92759738995795,2824.051853541974,45.995266767723756,0.6900981947236448,0.0,-0.7237157464358271,3.929013079667063,3.929013079667063
-152.92759738995795,2824.051853541974,45.995266767723756,-149.30088347297638,2836.583359877322,58.22450867218403,0.6900981947236448,0.0,-0.7237157464358271,3.929013079667063,3.929013079667063
-148.87884424567378,2812.41279293091,59.79958051126449,-152.92759738995795,2824.051853541974,45.995266767723756,0.6900981947236448,0.0,-0.7237157464358271,3.929013079667063,3.929013079667063
-152.92759738995795,2824.051853541974,45.995266767723756,-156.9763505342421,2835.6909141530386,32.190953024183024,0.6900981947236448,0.0,-0.7237157464358271,3.929013079667063,3.929013079667063
-156.9763505342421,2835.6909141530386,32.19095302418302,-153.34963661726056,2848.222420488386,44.42019492864329,0.6900981947236448,0.0,-0.7237157464358271,3.929013079667063,3.929013079667063
-153.34963661726056,2848.222420488386,44.42019492864329,-149.72292270027899,2860.7539268237338,56.649436833103564,0.6900981947236448,0.0,-0.7237157464358271,3.929013079667063,3.929013079667063
-149.30088347297638,2836.583359877322,58.22450867218402,-153.34963661726056,2848.222420488386,44.42019492864329,0.6900981947236448,0.0,-0.7237157464358271,3.929013079667063,3.929013079667063
-153.34963661726056,2848.222420488386,44.42019492864329,-157.3983897615447,2859.8614810994504,30.61588118510256,0.6900981947236448,0.0,-0.7237157464358271,3.929013079667063,3.929013079667063
-157.3983897615447,2859.8614810994504,30.61588118510256,-153.77167584456316,2872.3929874347978,42.84512308956283,0.6900981947236448,0.0,-0.7237157464358271,3.929013079667063,3.929013079667063
-153.77167584456316,2872.3929874347978,42.84512308956283,-150.1449619275816,2884.924493770146,55.07436499402311,0.6900981947236448,0.0,-0.7237157464358271,3.929013079667063,3.929013079667063
-149.72292270027899,2860.7539268237338,56.649436833103564,-153.77167584456316,2872.3929874347978,42.84512308956283,0.6900981947236448,0.0,-0.7237157464358271,3.929013079667063,3.929013079667063
-153.77167584456316,2872.3929874347978,42.84512308956283,-157.8204289888473,2884.0320480458627,29.0408093460221,0.6900981947236448,0.0,-0.7237157464358271,3.929013079667063,3.929013079667063
-157.8204289888473,2884.0320480458627,29.0408093460221,-154.19371507186577,2896.56355438121,41.270051250482375,0.6900981947236448,0.0,-0.7237157464358271,3.929013079667063,3.929013079667063
-154.19371507186577,2896.56355438121,41.270051250482375,-150.56700115488422,2909.095060716558,53.49929315494265,0.6900981947236448,0.0,-0.7237157464358271,3.929013079667063,3.929013079667063
-150.1449619275816,2884.924493770146,55.07436499402311,-154.19371507186577,2896.56355438121,41.270051250482375,0.6900981947236448,0.0,-0.7237157464358271,3.929013079667063,3.929013079667063
-154.19371507186577,2896.56355438121,41.270051250482375,-158.24246821614994,2908.2026149922744,27.465737506941643,0.6900981947236448,0.0,-0.7237157464358271,3.929013079667063,3.929013079667063
-158.24246821614994,2908.2026149922744,27.465737506941643,-154.6157542991684,2920.734121327622,39.69497941140192,0.6900981947236448,0.0,-0.7237157464358271,3.929013079667063,3.929013079667063
-154.6157542991684,2920.734121327622,39.69497941140192,-150.98904038218683,2933.2656276629696,51.92422131586219,0.6900981947236448,0.0,-0.7237157464358271,3.929013079667063,3.929013079667063
-150.56700115488422,2909.095060716558,53.49929315494265,-154.6157542991684,2920.734121327622,39.69497941140192,0.6900981947236448,0.0,-0.7237157464358271,3.929013079667063,3.929013079667063
-154.6157542991684,2920.734121327622,39.69497941140192,-158.66450744345255,2932.3731819386862,25.890665667861185,0.6900981947236448,0.0,-0.7237157464358271,3.929013079667063,3.929013079667063
-158.66450744345255,2932.3731819386862,25.890665667861185,-155.037793526471,2944.9046882740336,38.119907572321466,0.6900981947236448,0.0,-0.7237157464358271,3.929013079667063,3.929013079667063
-155.037793526471,2944.9046882740336,38.119907572321466,-151.41107960948943,2957.4361946093813,50.34914947678173,0.6900981947236448,0.0,-0.7237157464358271,3.929013079667063,3.929013079667063
-150.98904038218683,2933.2656276629696,51.92422131586219,-155.037793526471,2944.9046882740336,38.119907572321466,0.6900981947236448,0.0,-0.7237157464358271,3.929013079667063,3.929013079667063
-155.037793526471,2944.9046882740336,38.119907572321466,-159.08654667075515,2956.543748885098,24.315593828780727,0.6900981947236448,0.0,-0.7237157464358271,3.929013079667063,3.929013079667063
-159.08654667075515,2956.543748885098,24.31559382878072,-155.4598327537736,2969.075255220446,36.544835733241,0.6900981947236448,0.0,-0.7237157464358271,3.929013079667063,3.929013079667063
-155.4598327537736,2969.075255220446,36.544835733241,-151.83311883679204,2981.6067615557936,48.77407763770127,0.6900981947236448,0.0,-0.7237157464358271,3.929013079667063,3.929013079667063
-151.41107960948943,2957.4361946093813,50.349149476781726,-155.4598327537736,2969.075255220446,36.544835733241,0.6900981947236448,0.0,-0.7237157464358271,3.929013079667063,3.929013079667063
-155.4598327537736,2969.075255220446,36.544835733241,-159.50858589805776,2980.7143158315102,22.740521989700262,0.6900981947236448,0.0,-0.7237157464358271,3.929013079667063,3.929013079667063
-159.50858589805776,2980.7143158315102,22.740521989700262,-155.88187198107624,2993.2458221668576,34.96976389416054,0.6900981947236448,0.0,-0.7237157464358271,3.929013079667063,3.929013079667063
-155.88187198107624,2993.2458221668576,34.96976389416054,-152.25515806409467,3005.7773285022054,47.19900579862081,0.6900981947236448,0.0,-0.7237157464358271,3.929013079667063,3.929013079667063
-151.83311883679204,2981.6067615557936,48.77407763770127,-155.88187198107624,2993.2458221668576,34.96976389416054,0.6900981947236448,0.0,-0.7237157464358271,3.929013079667063,3.929013079667063
-155.88187198107624,2993.2458221668576,34.96976389416054,-159.9306251253604,3004.884882777922,21.165450150619805,0.6900981947236448,0.0,-0.7237157464358271,3.929013079667063,3.929013079667063
-159.9306251253604,3004.884882777922,21.165450150619805,-156.30391120837885,3017.4163891132694,33.394692055080085,0.6900981947236448,0.0,-0.7237157464358271,3.929013079667063,3.929013079667063
-156.30391120837885,3017.4163891132694,33.394692055080085,-152.67719729139728,3029.947895448617,45.62393395954035,0.6900981947236448,0.0,-0.7237157464358271,3.929013079667063,3.929013079667063
-152.25515806409467,3005.7773285022054,47.19900579862081,-156.30391120837885,3017.4163891132694,33.394692055080085,0.6900981947236448,0.0,-0.7237157464358271,3.929013079667063,3.929013079667063
-156.30391120837885,3017.4163891132694,33.394692055080085,-160.352664352663,3029.055449724334,19.590378311539347,0.6900981947236448,0.0,-0.7237157464358271,3.929013079667063,3.929013079667063
-160.352664352663,3029.055449724334,19.590378311539347,-156.72595043568145,3041.586956059681,31.819620215999624,0.6900981947236448,0.0,-0.7237157464358271,3.929013079667063,3.929013079667063
-156.72595043568145,3041.586956059681,31.819620215999624,-153.09923651869988,3054.118462395029,44.048862120459894,0.6900981947236448,0.0,-0.7237157464358271,3.929013079667063,3.929013079667063
-152.67719729139728,3029.947895448617,45.62393395954035,-156.72595043568145,3041.586956059681,31.819620215999624,0.6900981947236448,0.0,-0.7237157464358271,3.929013079667063,3.929013079667063
-156.72595043568145,3041.586956059681,31.819620215999624,-160.7747035799656,3053.2260166707456,18.01530647245889,0.6900981947236448,0.0,-0.7237157464358271,3.929013079667063,3.929013079667063
-160.7747035799656,3053.2260166707456,18.01530647245889,-157.14798966298406,3065.757523006093,30.244548376919166,0.6900981947236448,0.0,-0.7237157464358271,3.929013079667063,3.929013079667063
-157.14798966298406,3065.757523006093,30.244548376919166,-153.5212757460025,3078.2890293414407,42.47379028137944,0.6900981947236448,0.0,-0.7237157464358271,3.929013079667063,3.929013079667063
-153.09923651869988,3054.118462395029,44.048862120459894,-157.14798966298406,3065.757523006093,30.244548376919166,0.6900981947236448,0.0,-0.7237157464358271,3.929013079667063,3.929013079667063
-157.14798966298406,3065.757523006093,30.244548376919166,-161.1967428072682,3077.3965836171574,16.440234633378438,0.6900981947236448,0.0,-0.7237157464358271,3.929013079667063,3.929013079667063
-161.19674280726824,3077.3965836171574,16.440234633378424,-157.5700288902867,3089.9280899525047,28.6694765378387,0.6900981947236448,0.0,-0.7237157464358271,3.929013079667063,3.929013079667063
-157.5700288902867,3089.9280899525047,28.6694765378387,-153.94331497330512,3102.4595962878525,40.89871844229898,0.6900981947236448,0.0,-0.7237157464358271,3.929013079667063,3.929013079667063
-153.52127574600252,3078.2890293414407,42.47379028137943,-157.5700288902867,3089.9280899525047,28.6694765378387,0.6900981947236448,0.0,-0.7237157464358271,3.929013079667063,3.929013079667063
-157.5700288902867,3089.9280899525047,28.6694765378387,-161.61878203457084,3101.567150563569,14.865162794297973,0.6900981947236448,0.0,-0.7237157464358271,3.929013079667063,3.929013079667063
-161.61878203457084,3101.567150563569,14.865162794297973,-157.9920681175893,3114.0986568989165,27.094404698758243,0.6900981947236448,0.0,-0.7237157464358271,3.929013079667063,3.929013079667063
-157.9920681175893,3114.0986568989165,27.094404698758243,-154.36535420060773,3126.6301632342643,39.32364660321852,0.6900981947236448,0.0,-0.7237157464358271,3.929013079667063,3.929013079667063
-153.94331497330512,3102.4595962878525,40.89871844229898,-157.9920681175893,3114.0986568989165,27.094404698758243,0.6900981947236448,0.0,-0.7237157464358271,3.929013079667063,3.929013079667063
-157.9920681175893,3114.0986568989165,27.094404698758243,-162.04082126187345,3125.737717509981,13.290090955217515,0.6900981947236448,0.0,-0.7237157464358271,3.929013079667063,3.929013079667063
-162.04082126187345,3125.737717509981,13.290090955217515,-158.4141073448919,3138.2692238453283,25.519332859677785,0.6900981947236448,0.0,-0.7237157464358271,3.929013079667063,3.929013079667063
-158.4141073448919,3138.2692238453283,25.519332859677785,-154.78739342791033,3150.8007301806765,37.74857476413806,0.6900981947236448,0.0,-0.7237157464358271,3.929013079667063,3.929013079667063
-154.36535420060773,3126.6301632342643,39.32364660321852,-158.4141073448919,3138.2692238453283,25.519332859677785,0.6900981947236448,0.0,-0.7237157464358271,3.929013079667063,3.929013079667063
-158.4141073448919,3138.2692238453283,25.519332859677785,-162.46286048917605,3149.908284456393,11.715019116137057,0.6900981947236448,0.0,-0.7237157464358271,3.929013079667063,3.929013079667063
-162.46286048917605,3149.908284456393,11.715019116137057,-158.8361465721945,3162.4397907917405,23.944261020597327,0.6900981947236448,0.0,-0.7237157464358271,3.929013079667063,3.929013079667063
-158.8361465721945,3162.4397907917405,23.944261020597327,-155.20943265521294,3174.9712971270883,36.173502925057605,0.6900981947236448,0.0,-0.7237157464358271,3.929013079667063,3.929013079667063
-154.78739342791033,3150.8007301806765,37.74857476413806,-158.8361465721945,3162.4397907917405,23.944261020597327,0.6900981947236448,0.0,-0.7237157464358271,3.929013079667063,3.929013079667063
-158.8361465721945,3162.4397907917405,23.944261020597327,-162.88489971647866,3174.078851402805,10.1399472770566,0.6900981947236448,0.0,-0.7237157464358271,3.929013079667063,3.929013079667063
-162.88489971647866,3174.078851402805,10.1399472770566,-159.25818579949714,3186.6103577381523,22.36918918151687,0.6900981947236448,0.0,-0.7237157464358271,3.929013079667063,3.929013079667063
-159.25818579949714,3186.6103577381523,22.36918918151687,-155.63147188251557,3199.1418640735,34.59843108597715,0.6900981947236448,0.0,-0.7237157464358271,3.929013079667063,3.929013079667063
-155.20943265521294,3174.9712971270883,36.173502925057605,-159.25818579949714,3186.6103577381523,22.36918918151687,0.6900981947236448,0.0,-0.7237157464358271,3.929013079667063,3.929013079667063
-159.25818579949714,3186.6103577381523,22.36918918151687,-163.3069389437813,3198.2494183492167,8.564875437976141,0.6900981947236448,0.0,-0.7237157464358271,3.929013079667063,3.929013079667063
-163.3069389437813,3198.2494183492167,8.564875437976134,-159.68022502679975,3210.780924684564,20.794117342436405,0.6900981947236448,0.0,-0.7237157464358271,3.929013079667063,3.929013079667063
-159.68022502679975,3210.780924684564,20.794117342436405,-156.05351110981817,3223.312431019912,33.02335924689668,0.6900981947236448,0.0,-0.7237157464358271,3.929013079667063,3.929013079667063
-155.63147188251557,3199.1418640735,34.59843108597714,-159.68022502679975,3210.780924684564,20.794117342436405,0.6900981947236448,0.0,-0.7237157464358271,3.929013079667063,3.929013079667063
-159.68022502679975,3210.780924684564,20.794117342436405,-163.7289781710839,3222.4199852956285,6.989803598895676,0.6900981947236448,0.0,-0.7237157464358271,3.929013079667063,3.929013079667063
-163.7289781710839,3222.4199852956285,6.989803598895676,-160.10226425410235,3234.9514916309763,19.219045503355954,0.6900981947236448,0.0,-0.7237157464358271,3.929013079667063,3.929013079667063
-160.10226425410235,3234.9514916309763,19.219045503355954,-156.47555033712078,3247.482997966324,31.448287407816224,0.6900981947236448,0.0,-0.7237157464358271,3.929013079667063,3.929013079667063
-156.05351110981817,3223.312431019912,33.02335924689668,-160.10226425410235,3234.9514916309763,19.219045503355954,0.6900981947236448,0.0,-0.7237157464358271,3.929013079667063,3.929013079667063
-160.10226425410235,3234.9514916309763,19.219045503355954,-164.1510173983865,3246.5905522420408,5.4147317598152185,0.6900981947236448,0.0,-0.7237157464358271,3.929013079667063,3.929013079667063
-164.1510173983865,3246.5905522420408,5.4147317598152185,-160.52430348140496,3259.122058577388,17.643973664275496,0.6900981947236448,0.0,-0.7237157464358271,3.929013079667063,3.929013079667063
-160.52430348140496,3259.122058577388,17.643973664275496,-156.8975895644234,3271.653564912736,29.873215568735766,0.6900981947236448,0.0,-0.7237157464358271,3.929013079667063,3.929013079667063
-156.47555033712078,3247.482997966324,31.448287407816224,-160.52430348140496,3259.122058577388,17.643973664275496,0.6900981947236448,0.0,-0.7237157464358271,3.929013079667063,3.929013079667063
-160.52430348140496,3259.122058577388,17.643973664275496,-164.57305662568913,3270.7611191884525,3.8396599207347606,0.6900981947236448,0.0,-0.7237157464358271,3.929013079667063,3.929013079667063
-164.57305662568913,3270.7611191884525,3.8396599207347606,-160.9463427087076,3283.2926255238,16.068901825195038,0.6900981947236448,0.0,-0.7237157464358271,3.929013079667063,3.929013079667063
-160.9463427087076,3283.2926255238,16.068901825195038,-157.31962879172602,3295.8241318591477,28.298143729655308,0.6900981947236448,0.0,-0.7237157464358271,3.929013079667063,3.929013079667063
-156.8975895644234,3271.653564912736,29.873215568735766,-160.9463427087076,3283.2926255238,16.068901825195038,0.6900981947236448,0.0,-0.7237157464358271,3.929013079667063,3.929013079667063
-160.9463427087076,3283.2926255238,16.068901825195038,-164.99509585299174,3294.9316861348643,2.2645880816543027,0.6900981947236448,0.0,-0.7237157464358271,3.929013079667063,3.929013079667063
-164.99509585299174,3294.9316861348643,2.2645880816543027,-161.3683819360102,3307.4631924702117,14.49382998611458,0.6900981947236448,0.0,-0.7237157464358271,3.929013079667063,3.929013079667063
-161.3683819360102,3307.4631924702117,14.49382998611458,-157.74166801902862,3319.9946988055594,26.72307189057485,0.6900981947236448,0.0,-0.7237157464358271,3.929013079667063,3.929013079667063
-157.31962879172602,3295.8241318591477,28.298143729655308,-161.3683819360102,3307.4631924702117,14.49382998611458,0.6900981947236448,0.0,-0.7237157464358271,3.929013079667063,3.929013079667063
-161.3683819360102,3307.4631924702117,14.49382998611458,-165.41713508029434,3319.102253081276,0.6895162425738448,0.6900981947236448,0.0,-0.7237157464358271,3.929013079667063,3.929013079667063
-165.41713508029434,3319.102253081276,0.6895162425738448,-161.7904211633128,3331.6337594166234,12.918758147034115,0.6900981947236448,0.0,-0.7237157464358271,3.929013079667063,3.929013079667063
-161.7904211633128,3331.6337594166234,12.918758147034115,-158.16370724633123,3344.165265751971,25.148000051494385,0.6900981947236448,0.0,-0.7237157464358271,3.929013079667063,3.929013079667063
-157.74166801902862,3319.9946988055594,26.72307189057485,-161.7904211633128,3331.6337594166234,12.918758147034115,0.6900981947236448,0.0,-0.7237157464358271,3.929013079667063,3.929013079667063
-161.7904211633128,3331.6337594166234,12.918758147034115,-165.83917430759695,3343.272820027688,-0.8855555965066202,0.6900981947236448,0.0,-0.7237157464358271,3.929013079667063,3.929013079667063
-165.83917430759695,3343.272820027688,-0.8855555965066202,-162.21246039061543,3355.804326363035,11.34368630795365,0.6900981947236448,0.0,-0.7237157464358271,3.929013079667063,3.929013079667063
-162.21246039061543,3355.804326363035,11.34368630795365,-158.58574647363383,3368.335832698383,23.572928212413935,0.6900981947236448,0.0,-0.7237157464358271,3.929013079667063,3.929013079667063
-158.16370724633123,3344.165265751971,25.148000051494385,-162.21246039061543,3355.804326363035,11.34368630795365,0.6900981947236448,0.0,-0.7237157464358271,3.929013079667063,3.929013079667063
-162.21246039061543,3355.804326363035,11.34368630795365,-166.26121353489955,3367.4433869740997,-2.460627435587071,0.6900981947236448,0.0,-0.7237157464358271,3.929013079667063,3.929013079667063
-166.26121353489955,3367.4433869740997,-2.460627435587071,-162.63449961791804,3379.974893309447,9.7686144688732,0.6900981947236448,0.0,-0.7237157464358271,3.929013079667063,3.929013079667063
-162.63449961791804,3379.974893309447,9.7686144688732,-159.00778570093647,3392.506399644795,21.99785637333347,0.6900981947236448,0.0,-0.7237157464358271,3.929013079667063,3.929013079667063
-158.58574647363383,3368.335832698383,23.572928212413935,-162.63449961791804,3379.974893309447,9.7686144688732,0.6900981947236448,0.0,-0.7237157464358271,3.929013079667063,3.929013079667063
-162.63449961791804,3379.974893309447,9.7686144688732,-166.6832527622022,3391.6139539205114,-4.035699274667536,0.6900981947236448,0.0,-0.7237157464358271,3.929013079667063,3.929013079667063
-166.6832527622022,3391.6139539205114,-4.035699274667536,-163.05653884522064,3404.145460255859,8.193542629792748,0.6900981947236448,0.0,-0.7237157464358271,3.929013079667063,3.929013079667063
-163.05653884522064,3404.145460255859,8.193542629792748,-159.42982492823907,3416.6769665912066,20.42278453425302,0.6900981947236448,0.0,-0.7237157464358271,3.929013079667063,3.929013079667063
-159.00778570093647,3392.506399644795,21.99785637333347,-163.05653884522064,3404.145460255859,8.193542629792748,0.6900981947236448,0.0,-0.7237157464358271,3.929013079667063,3.929013079667063
-163.05653884522064,3404.145460255859,8.193542629792748,-167.1052919895048,3415.7845208669232,-5.610771113747987,0.6900981947236448,0.0,-0.7237157464358271,3.929013079667063,3.929013079667063
-167.1052919895048,3415.7845208669232,-5.610771113747987,-163.47857807252325,3428.3160272022706,6.618470790712284,0.6900981947236448,0.0,-0.7237157464358271,3.929013079667063,3.929013079667063
-163.47857807252325,3428.3160272022706,6.618470790712284,-159.85186415554168,3440.847533537619,18.847712695172554,0.6900981947236448,0.0,-0.7237157464358271,3.929013079667063,3.929013079667063
-159.42982492823907,3416.6769665912066,20.42278453425302,-163.47857807252325,3428.3160272022706,6.618470790712284,0.6900981947236448,0.0,-0.7237157464358271,3.929013079667063,3.929013079667063
-163.47857807252325,3428.3160272022706,6.618470790712284,-167.5273312168074,3439.9550878133355,-7.185842952828452,0.6900981947236448,0.0,-0.7237157464358271,3.929013079667063,3.929013079667063
-167.5273312168074,3439.9550878133355,-7.185842952828452,-163.90061729982585,3452.486594148683,5.043398951631834,0.6900981947236448,0.0,-0.7237157464358271,3.929013079667063,3.929013079667063
-163.90061729982585,3452.486594148683,5.043398951631834,-160.2739033828443,3465.0181004840306,17.272640856092103,0.6900981947236448,0.0,-0.7237157464358271,3.929013079667063,3.929013079667063
-159.85186415554168,3440.847533537619,18.847712695172554,-163.90061729982585,3452.486594148683,5.043398951631834,0.6900981947236448,0.0,-0.7237157464358271,3.929013079667063,3.929013079667063
-163.90061729982585,3452.486594148683,5.043398951631834,-167.94937044411003,3464.1256547597472,-8.760914791908903,0.6900981947236448,0.0,-0.7237157464358271,3.929013079667063,3.929013079667063
-130.94901364119875,2320.374426855538,75.60344827586205,-144.27215935861625,2344.5449938019497,66.57991913186974,0.0,0.0,1.0,3.929013079667063,3.929013079667063
-118.46994637838645,2344.5449938019497,81.47683374169345,-131.79309209580398,2368.7155607483614,72.45330459770113,0.0,0.0,1.0,3.929013079667063,3.929013079667063
-131.79309209580398,2368.7155607483614,72.45330459770113,-145.1162378132215,2392.886127694773,63.42977545370881,0.0,0.0,1.0,3.929013079667063,3.929013079667063
-144.27215935861625,2344.5449938019497,66.57991913186974,-131.79309209580398,2368.7155607483614,72.45330459770113,0.0,0.0,1.0,3.929013079667063,3.929013079667063
-131.79309209580398,2368.7155607483614,72.45330459770113,-119.31402483299169,2392.886127694773,78.32669006353252,0.0,0.0,1.0,3.929013079667063,3.929013079667063
-119.31402483299169,2392.886127694773,78.32669006353252,-132.6371705504092,2417.0566946411855,69.30316091954022,0.0,0.0,1.0,3.929013079667063,3.929013079667063
-132.6371705504092,2417.0566946411855,69.30316091954022,-145.9603162678267,2441.2272615875972,60.27963177554789,0.0,0.0,1.0,3.929013079667063,3.929013079667063
-145.1162378132215,2392.886127694773,63.42977545370881,-132.6371705504092,2417.0566946411855,69.30316091954022,0.0,0.0,1.0,3.929013079667063,3.929013079667063
-132.6371705504092,2417.0566946411855,69.30316091954022,-120.1581032875969,2441.2272615875972,75.17654638537161,0.0,0.0,1.0,3.929013079667063,3.929013079667063
-120.1581032875969,2441.2272615875972,75.17654638537161,-133.48124900501443,2465.397828534009,66.1530172413793,0.0,0.0,1.0,3.929013079667063,3.929013079667063
-133.48124900501443,2465.397828534009,66.1530172413793,-146.80439472243194,2489.568395480421,57.129488097386975,0.0,0.0,1.0,3.929013079667063,3.929013079667063
-145.9603162678267,2441.2272615875972,60.27963177554789,-133.48124900501443,2465.397828534009,66.1530172413793,0.0,0.0,1.0,3.929013079667063,3.929013079667063
-133.48124900501443,2465.397828534009,66.1530172413793,-121.00218174220214,2489.568395480421,72.02640270721069,0.0,0.0,1.0,3.929013079667063,3.929013079667063
-121.00218174220214,2489.568395480421,72.02640270721069,-134.32532745961964,2513.7389624268326,63.00287356321839,0.0,0.0,1.0,3.929013079667063,3.929013079667063
-134.32532745961964,2513.7389624268326,63.00287356321839,-147.64847317703715,2537.9095293732444,53.97934441922607,0.0,0.0,1.0,3.929013079667063,3.929013079667063
-146.80439472243194,2489.568395480421,57.129488097386975,-134.32532745961964,2513.7389624268326,63.00287356321839,0.0,0.0,1.0,3.929013079667063,3.929013079667063
-134.32532745961964,2513.7389624268326,63.00287356321839,-121.84626019680735,2537.9095293732444,68.87625902904979,0.0,0.0,1.0,3.929013079667063,3.929013079667063
-121.84626019680735,2537.9095293732444,68.87625902904979,-135.16940591422488,2562.0800963196566,59.85272988505747,0.0,0.0,1.0,3.929013079667063,3.929013079667063
-135.16940591422488,2562.0800963196566,59.85272988505747,-148.49255163164239,2586.2506632660684,50.82920074106515,0.0,0.0,1.0,3.929013079667063,3.929013079667063
-147.64847317703715,2537.9095293732444,53.97934441922607,-135.16940591422488,2562.0800963196566,59.85272988505747,0.0,0.0,1.0,3.929013079667063,3.929013079667063
-135.16940591422488,2562.0800963196566,59.85272988505747,-122.69033865141259,2586.2506632660684,65.72611535088888,0.0,0.0,1.0,3.929013079667063,3.929013079667063
-122.69033865141259,2586.2506632660684,65.72611535088888,-136.0134843688301,2610.42123021248,56.702586206896555,0.0,0.0,1.0,3.929013079667063,3.929013079667063
-136.0134843688301,2610.42123021248,56.702586206896555,-149.3366300862476,2634.591797158892,47.679057062904235,0.0,0.0,1.0,3.929013079667063,3.929013079667063
-148.49255163164239,2586.2506632660684,50.82920074106515,-136.0134843688301,2610.42123021248,56.702586206896555,0.0,0.0,1.0,3.929013079667063,3.929013079667063
-136.0134843688301,2610.42123021248,56.702586206896555,-123.5344171060178,2634.591797158892,62.57597167272796,0.0,0.0,1.0,3.929013079667063,3.929013079667063
-123.5344171060178,2634.591797158892,62.57597167272796,-136.85756282343533,2658.7623641053037,53.55244252873564,0.0,0.0,1.0,3.929013079667063,3.929013079667063
-136.85756282343533,2658.7623641053037,53.55244252873564,-150.18070854085283,2682.9329310517155,44.528913384743326,0.0,0.0,1.0,3.929013079667063,3.929013079667063
-149.3366300862476,2634.591797158892,47.679057062904235,-136.85756282343533,2658.7623641053037,53.55244252873564,0.0,0.0,1.0,3.929013079667063,3.929013079667063
-136.85756282343533,2658.7623641053037,53.55244252873564,-124.37849556062304,2682.9329310517155,59.42582799456705,0.0,0.0,1.0,3.929013079667063,3.929013079667063
-124.37849556062304,2682.9329310517155,59.425827994567044,-137.70164127804054,2707.1034979981278,50.402298850574724,0.0,0.0,1.0,3.929013079667063,3.929013079667063
-137.70164127804054,2707.1034979981278,50.402298850574724,-151.02478699545804,2731.2740649445395,41.3787697065824,0.0,0.0,1.0,3.929013079667063,3.929013079667063
-150.18070854085283,2682.9329310517155,44.52891338474332,-137.70164127804054,2707.1034979981278,50.402298850574724,0.0,0.0,1.0,3.929013079667063,3.929013079667063
-137.70164127804054,2707.1034979981278,50.402298850574724,-125.22257401522825,2731.2740649445395,56.27568431640613,0.0,0.0,1.0,3.929013079667063,3.929013079667063
-125.22257401522825,2731.2740649445395,56.27568431640613,-138.54571973264578,2755.4446318909513,47.25215517241381,0.0,0.0,1.0,3.929013079667063,3.929013079667063
-138.54571973264578,2755.4446318909513,47.25215517241381,-151.86886545006328,2779.615198837363,38.22862602842149,0.0,0.0,1.0,3.929013079667063,3.929013079667063
-151.02478699545804,2731.2740649445395,41.3787697065824,-138.54571973264578,2755.4446318909513,47.25215517241381,0.0,0.0,1.0,3.929013079667063,3.929013079667063
-138.54571973264578,2755.4446318909513,47.25215517241381,-126.06665246983349,2779.615198837363,53.12554063824521,0.0,0.0,1.0,3.929013079667063,3.929013079667063
-126.06665246983349,2779.615198837363,53.12554063824521,-139.389798187251,2803.785765783775,44.10201149425289,0.0,0.0,1.0,3.929013079667063,3.929013079667063
-139.389798187251,2803.785765783775,44.10201149425289,-152.7129439046685,2827.9563327301867,35.07848235026057,0.0,0.0,1.0,3.929013079667063,3.929013079667063
-151.86886545006328,2779.615198837363,38.22862602842149,-139.389798187251,2803.785765783775,44.10201149425289,0.0,0.0,1.0,3.929013079667063,3.929013079667063
-139.389798187251,2803.785765783775,44.10201149425289,-126.9107309244387,2827.9563327301867,49.975396960084296,0.0,0.0,1.0,3.929013079667063,3.929013079667063
-126.9107309244387,2827.9563327301867,49.975396960084296,-140.23387664185623,2852.1268996765984,40.951867816091976,0.0,0.0,1.0,3.929013079667063,3.929013079667063
-140.23387664185623,2852.1268996765984,40.951867816091976,-153.55702235927373,2876.29746662301,31.928338672099656,0.0,0.0,1.0,3.929013079667063,3.929013079667063
-152.7129439046685,2827.9563327301867,35.07848235026057,-140.23387664185623,2852.1268996765984,40.951867816091976,0.0,0.0,1.0,3.929013079667063,3.929013079667063
-140.23387664185623,2852.1268996765984,40.951867816091976,-127.75480937904393,2876.29746662301,46.82525328192338,0.0,0.0,1.0,3.929013079667063,3.929013079667063
-127.75480937904393,2876.29746662301,46.82525328192338,-141.07795509646144,2900.4680335694225,37.80172413793106,0.0,0.0,1.0,3.929013079667063,3.929013079667063
-141.07795509646144,2900.4680335694225,37.80172413793106,-154.40110081387894,2924.6386005158342,28.77819499393874,0.0,0.0,1.0,3.929013079667063,3.929013079667063
-153.55702235927373,2876.29746662301,31.928338672099656,-141.07795509646144,2900.4680335694225,37.80172413793106,0.0,0.0,1.0,3.929013079667063,3.929013079667063
-141.07795509646144,2900.4680335694225,37.80172413793106,-128.59888783364914,2924.6386005158342,43.675109603762465,0.0,0.0,1.0,3.929013079667063,3.929013079667063
-128.59888783364914,2924.6386005158342,43.675109603762465,-141.92203355106665,2948.809167462246,34.651580459770145,0.0,0.0,1.0,3.929013079667063,3.929013079667063
-141.92203355106665,2948.809167462246,34.651580459770145,-155.24517926848418,2972.979734408658,25.628051315777824,0.0,0.0,1.0,3.929013079667063,3.929013079667063
-154.40110081387894,2924.6386005158342,28.77819499393874,-141.92203355106665,2948.809167462246,34.651580459770145,0.0,0.0,1.0,3.929013079667063,3.929013079667063
-141.92203355106665,2948.809167462246,34.651580459770145,-129.44296628825438,2972.979734408658,40.52496592560155,0.0,0.0,1.0,3.929013079667063,3.929013079667063
-129.44296628825438,2972.979734408658,40.52496592560155,-142.76611200567189,2997.1503013550696,31.50143678160923,0.0,0.0,1.0,3.929013079667063,3.929013079667063
-142.76611200567189,2997.1503013550696,31.50143678160923,-156.0892577230894,3021.320868301482,22.47790763761691,0.0,0.0,1.0,3.929013079667063,3.929013079667063
-155.24517926848418,2972.979734408658,25.628051315777824,-142.76611200567189,2997.1503013550696,31.50143678160923,0.0,0.0,1.0,3.929013079667063,3.929013079667063
-142.76611200567189,2997.1503013550696,31.50143678160923,-130.2870447428596,3021.320868301482,37.37482224744063,0.0,0.0,1.0,3.929013079667063,3.929013079667063
-130.2870447428596,3021.320868301482,37.374822247440626,-143.61019046027712,3045.4914352478936,28.351293103448313,0.0,0.0,1.0,3.929013079667063,3.929013079667063
-143.61019046027712,3045.4914352478936,28.351293103448313,-156.93333617769463,3069.6620021943054,19.327763959455993,0.0,0.0,1.0,3.929013079667063,3.929013079667063
-156.0892577230894,3021.320868301482,22.4779076376169,-143.61019046027712,3045.4914352478936,28.351293103448313,0.0,0.0,1.0,3.929013079667063,3.929013079667063
-143.61019046027712,3045.4914352478936,28.351293103448313,-131.13112319746483,3069.6620021943054,34.22467856927972,0.0,0.0,1.0,3.929013079667063,3.929013079667063
-131.13112319746483,3069.6620021943054,34.22467856927972,-144.45426891488233,3093.832569140717,25.201149425287397,0.0,0.0,1.0,3.929013079667063,3.929013079667063
-144.45426891488233,3093.832569140717,25.201149425287397,-157.77741463229984,3118.003136087129,16.177620281295077,0.0,0.0,1.0,3.929013079667063,3.929013079667063
-156.93333617769463,3069.6620021943054,19.327763959455993,-144.45426891488233,3093.832569140717,25.201149425287397,0.0,0.0,1.0,3.929013079667063,3.929013079667063
-144.45426891488233,3093.832569140717,25.201149425287397,-131.97520165207004,3118.003136087129,31.0745348911188,0.0,0.0,1.0,3.929013079667063,3.929013079667063
-131.97520165207004,3118.003136087129,31.0745348911188,-145.29834736948757,3142.1737030335407,22.05100574712648,0.0,0.0,1.0,3.929013079667063,3.929013079667063
-145.29834736948757,3142.1737030335407,22.05100574712648,-158.62149308690508,3166.3442699799525,13.027476603134161,0.0,0.0,1.0,3.929013079667063,3.929013079667063
-157.77741463229984,3118.003136087129,16.177620281295077,-145.29834736948757,3142.1737030335407,22.05100574712648,0.0,0.0,1.0,3.929013079667063,3.929013079667063
-145.29834736948757,3142.1737030335407,22.05100574712648,-132.81928010667528,3166.3442699799525,27.924391212957886,0.0,0.0,1.0,3.929013079667063,3.929013079667063
-132.81928010667528,3166.3442699799525,27.924391212957886,-146.14242582409278,3190.5148369263648,18.900862068965566,0.0,0.0,1.0,3.929013079667063,3.929013079667063
-146.14242582409278,3190.5148369263648,18.900862068965566,-159.4655715415103,3214.6854038727765,9.877332924973246,0.0,0.0,1.0,3.929013079667063,3.929013079667063
-158.62149308690508,3166.3442699799525,13.027476603134161,-146.14242582409278,3190.5148369263648,18.900862068965566,0.0,0.0,1.0,3.929013079667063,3.929013079667063
-146.14242582409278,3190.5148369263648,18.900862068965566,-133.6633585612805,3214.6854038727765,24.77424753479697,0.0,0.0,1.0,3.929013079667063,3.929013079667063
-133.6633585612805,3214.6854038727765,24.77424753479697,-146.98650427869802,3238.8559708191883,15.75071839080465,0.0,0.0,1.0,3.929013079667063,3.929013079667063
-146.98650427869802,3238.8559708191883,15.75071839080465,-160.30964999611552,3263.0265377656,6.727189246812331,0.0,0.0,1.0,3.929013079667063,3.929013079667063
-159.4655715415103,3214.6854038727765,9.877332924973246,-146.98650427869802,3238.8559708191883,15.75071839080465,0.0,0.0,1.0,3.929013079667063,3.929013079667063
-146.98650427869802,3238.8559708191883,15.75071839080465,-134.50743701588573,3263.0265377656,21.624103856636054,0.0,0.0,1.0,3.929013079667063,3.929013079667063
-134.50743701588573,3263.0265377656,21.624103856636047,-147.83058273330323,3287.1971047120123,12.600574712643727,0.0,0.0,1.0,3.929013079667063,3.929013079667063
-147.83058273330323,3287.1971047120123,12.600574712643727,-161.15372845072073,3311.367671658424,3.5770455686514078,0.0,0.0,1.0,3.929013079667063,3.929013079667063
-160.30964999611552,3263.0265377656,6.7271892468123236,-147.83058273330323,3287.1971047120123,12.600574712643727,0.0,0.0,1.0,3.929013079667063,3.929013079667063
-147.83058273330323,3287.1971047120123,12.600574712643727,-135.35151547049094,3311.367671658424,18.47396017847513,0.0,0.0,1.0,3.929013079667063,3.929013079667063
-135.35151547049094,3311.367671658424,18.47396017847513,-148.67466118790847,3335.538238604836,9.450431034482818,0.0,0.0,1.0,3.929013079667063,3.929013079667063
-148.67466118790847,3335.538238604836,9.450431034482818,-161.99780690532597,3359.7088055512477,0.426901890490492,0.0,0.0,1.0,3.929013079667063,3.929013079667063
-161.15372845072073,3311.367671658424,3.5770455686514078,-148.67466118790847,3335.538238604836,9.450431034482818,0.0,0.0,1.0,3.929013079667063,3.929013079667063
-148.67466118790847,3335.538238604836,9.450431034482818,-136.19559392509618,3359.7088055512477,15.323816500314216,0.0,0.0,1.0,3.929013079667063,3.929013079667063
-136.19559392509618,3359.7088055512477,15.323816500314216,-149.51873964251368,3383.8793724976595,6.300287356321903,0.0,0.0,1.0,3.929013079667063,3.929013079667063
-149.51873964251368,3383.8793724976595,6.300287356321903,-162.84188535993118,3408.0499394440712,-2.723241787670424,0.0,0.0,1.0,3.929013079667063,3.929013079667063
-161.99780690532597,3359.7088055512477,0.426901890490492,-149.51873964251368,3383.8793724976595,6.300287356321903,0.0,0.0,1.0,3.929013079667063,3.929013079667063
-149.51873964251368,3383.8793724976595,6.300287356321903,-137.0396723797014,3408.0499394440712,12.1736728221533,0.0,0.0,1.0,3.929013079667063,3.929013079667063
-137.0396723797014,3408.0499394440712,12.1736728221533,-150.36281809711892,3432.220506390483,3.150143678160987,0.0,0.0,1.0,3.929013079667063,3.929013079667063
-150.36281809711892,3432.220506390483,3.150143678160987,-163.68596381453642,3456.391073336895,-5.87338546583134,0.0,0.0,1.0,3.929013079667063,3.929013079667063
-162.84188535993118,3408.0499394440712,-2.723241787670424,-150.36281809711892,3432.220506390483,3.150143678160987,0.0,0.0,1.0,3.929013079667063,3.929013079667063
-150.36281809711892,3432.220506390483,3.150143678160987,-137.88375083430662,3456.391073336895,9.023529143992384,0.0,0.0,1.0,3.929013079667063,3.929013079667063
-151.20689655172413,3480.5616402833066,7.105427357601002e-14,-163.68596381453642,3456.391073336895,-5.87338546583134,0.0,0.0,1.0,3.929013079667063,3.929013079667063
-119.31402483299169,2392.886127694773,78.32669006353252,-115.32072330889176,2400.620709117625,80.20617341259859,0.0,0.0,1.0,3.929013079667063,3.929013079667063
-145.1162378132215,2392.886127694773,63.42977545370881,-149.37964444279507,2400.620709117625,60.54224612763127,0.0,0.0,1.0,3.929013079667063,3.929013079667063
-120.1581032875969,2441.2272615875972,75.17654638537161,-116.164801763497,2448.961843010449,77.05602973443767,0.0,0.0,1.0,3.929013079667063,3.929013079667063
-145.9603162678267,2441.2272615875972,60.27963177554789,-150.2237228974003,2448.961843010449,57.39210244947036,0.0,0.0,1.0,3.929013079667063,3.929013079667063
-121.00218174220214,2489.568395480421,72.02640270721069,-117.0088802181022,2497.302976903273,73.90588605627676,0.0,0.0,1.0,3.929013079667063,3.929013079667063
-146.80439472243194,2489.568395480421,57.129488097386975,-151.06780135200552,2497.302976903273,54.24195877130944,0.0,0.0,1.0,3.929013079667063,3.929013079667063
-121.84626019680735,2537.9095293732444,68.87625902904979,-117.85295867270744,2545.6441107960964,70.75574237811584,0.0,0.0,1.0,3.929013079667063,3.929013079667063
-147.64847317703715,2537.9095293732444,53.97934441922607,-151.91187980661076,2545.6441107960964,51.091815093148526,0.0,0.0,1.0,3.929013079667063,3.929013079667063
-122.69033865141259,2586.2506632660684,65.72611535088888,-118.69703712731265,2593.98524468892,67.60559869995492,0.0,0.0,1.0,3.929013079667063,3.929013079667063
-148.49255163164239,2586.2506632660684,50.82920074106515,-152.75595826121597,2593.98524468892,47.94167141498761,0.0,0.0,1.0,3.929013079667063,3.929013079667063
-123.5344171060178,2634.591797158892,62.57597167272796,-119.5411155819179,2642.3263785817435,64.45545502179401,0.0,0.0,1.0,3.929013079667063,3.929013079667063
-149.3366300862476,2634.591797158892,47.679057062904235,-153.6000367158212,2642.3263785817435,44.791527736826694,0.0,0.0,1.0,3.929013079667063,3.929013079667063
-124.37849556062304,2682.9329310517155,59.42582799456705,-120.3851940365231,2690.6675124745675,61.30531134363309,0.0,0.0,1.0,3.929013079667063,3.929013079667063
-150.18070854085283,2682.9329310517155,44.528913384743326,-154.44411517042641,2690.6675124745675,41.64138405866578,0.0,0.0,1.0,3.929013079667063,3.929013079667063
-125.22257401522825,2731.2740649445395,56.27568431640613,-121.22927249112834,2739.008646367391,58.15516766547218,0.0,0.0,1.0,3.929013079667063,3.929013079667063
-151.02478699545804,2731.2740649445395,41.3787697065824,-155.28819362503165,2739.008646367391,38.49124038050486,0.0,0.0,1.0,3.929013079667063,3.929013079667063
-126.06665246983349,2779.615198837363,53.12554063824521,-122.07335094573355,2787.349780260215,55.00502398731126,0.0,0.0,1.0,3.929013079667063,3.929013079667063
-151.86886545006328,2779.615198837363,38.22862602842149,-156.13227207963686,2787.349780260215,35.34109670234395,0.0,0.0,1.0,3.929013079667063,3.929013079667063
-126.9107309244387,2827.9563327301867,49.975396960084296,-122.91742940033879,2835.6909141530386,51.854880309150346,0.0,0.0,1.0,3.929013079667063,3.929013079667063
-152.7129439046685,2827.9563327301867,35.07848235026057,-156.9763505342421,2835.6909141530386,32.19095302418303,0.0,0.0,1.0,3.929013079667063,3.929013079667063
-127.75480937904393,2876.29746662301,46.82525328192338,-123.761507854944,2884.032048045862,48.70473663098943,0.0,0.0,1.0,3.929013079667063,3.929013079667063
-153.55702235927373,2876.29746662301,31.928338672099656,-157.8204289888473,2884.032048045862,29.040809346022115,0.0,0.0,1.0,3.929013079667063,3.929013079667063
-128.59888783364914,2924.6386005158342,43.675109603762465,-124.60558630954924,2932.373181938686,45.554592952828514,0.0,0.0,1.0,3.929013079667063,3.929013079667063
-154.40110081387894,2924.6386005158342,28.77819499393874,-158.66450744345255,2932.373181938686,25.8906656678612,0.0,0.0,1.0,3.929013079667063,3.929013079667063
-129.44296628825438,2972.979734408658,40.52496592560155,-125.44966476415445,2980.71431583151,42.4044492746676,0.0,0.0,1.0,3.929013079667063,3.929013079667063
-155.24517926848418,2972.979734408658,25.628051315777824,-159.50858589805776,2980.71431583151,22.740521989700284,0.0,0.0,1.0,3.929013079667063,3.929013079667063
-130.2870447428596,3021.320868301482,37.37482224744063,-126.29374321875969,3029.0554497243334,39.25430559650668,0.0,0.0,1.0,3.929013079667063,3.929013079667063
-156.0892577230894,3021.320868301482,22.47790763761691,-160.352664352663,3029.0554497243334,19.590378311539368,0.0,0.0,1.0,3.929013079667063,3.929013079667063
-131.13112319746483,3069.6620021943054,34.22467856927972,-127.1378216733649,3077.3965836171574,36.10416191834577,0.0,0.0,1.0,3.929013079667063,3.929013079667063
-156.93333617769463,3069.6620021943054,19.327763959455993,-161.1967428072682,3077.3965836171574,16.440234633378452,0.0,0.0,1.0,3.929013079667063,3.929013079667063
-131.97520165207004,3118.003136087129,31.0745348911188,-127.98190012797014,3125.737717509981,32.95401824018485,0.0,0.0,1.0,3.929013079667063,3.929013079667063
-157.77741463229984,3118.003136087129,16.177620281295077,-162.04082126187345,3125.737717509981,13.290090955217536,0.0,0.0,1.0,3.929013079667063,3.929013079667063
-132.81928010667528,3166.3442699799525,27.924391212957886,-128.82597858257535,3174.0788514028045,29.803874562023935,0.0,0.0,1.0,3.929013079667063,3.929013079667063
-158.62149308690508,3166.3442699799525,13.027476603134161,-162.88489971647866,3174.0788514028045,10.13994727705662,0.0,0.0,1.0,3.929013079667063,3.929013079667063
-133.6633585612805,3214.6854038727765,24.77424753479697,-129.67005703718058,3222.419985295628,26.65373088386302,0.0,0.0,1.0,3.929013079667063,3.929013079667063
-159.4655715415103,3214.6854038727765,9.877332924973246,-163.7289781710839,3222.419985295628,6.989803598895705,0.0,0.0,1.0,3.929013079667063,3.929013079667063
-134.50743701588573,3263.0265377656,21.624103856636054,-130.5141354917858,3270.7611191884516,23.503587205702104,0.0,0.0,1.0,3.929013079667063,3.929013079667063
-160.30964999611552,3263.0265377656,6.727189246812331,-164.5730566256891,3270.7611191884516,3.839659920734789,0.0,0.0,1.0,3.929013079667063,3.929013079667063
-135.35151547049094,3311.367671658424,18.47396017847513,-131.35821394639103,3319.1022530812756,20.353443527541188,0.0,0.0,1.0,3.929013079667063,3.929013079667063
-161.15372845072073,3311.367671658424,3.5770455686514078,-165.41713508029434,3319.1022530812756,0.6895162425738732,0.0,0.0,1.0,3.929013079667063,3.929013079667063
-136.19559392509618,3359.7088055512477,15.323816500314216,-132.20229240099624,3367.4433869740997,17.203299849380272,0.0,0.0,1.0,3.929013079667063,3.929013079667063
-161.99780690532597,3359.7088055512477,0.426901890490492,-166.26121353489955,3367.4433869740997,-2.4606274355870426,0.0,0.0,1.0,3.929013079667063,3.929013079667063
-137.0396723797014,3408.0499394440712,12.1736728221533,-133.04637085560148,3415.7845208669232,14.053156171219356,0.0,0.0,1.0,3.929013079667063,3.929013079667063
-162.84188535993118,3408.0499394440712,-2.723241787670424,-167.1052919895048,3415.7845208669232,-5.610771113747958,0.0,0.0,1.0,3.929013079667063,3.929013079667063
-137.88375083430662,3456.391073336895,9.023529143992384,-133.8904493102067,3464.125654759747,10.90301249305844,0.0,0.0,1.0,3.929013079667063,3.929013079667063
-163.68596381453642,3456.391073336895,-5.87338546583134,-167.94937044411,3464.125654759747,-8.760914791908874,0.0,0.0,1.0,3.929013079667063,3.929013079667063
-151.20689655172413,3480.5616402833066,7.105427357601002e-14,-137.88375083430662,3456.391073336895,9.023529143992384,0.0,0.0,1.0,3.929013079667063,3.929013079667063
-184.13793103448276,3480.5616402833066,1.0432406108082831e-13,-92.06896551724161,3480.5616402833066,-159.46812607616891,0.0,0.0,1.0,3.929013079667063,3.929013079667063
-184.13793103448276,3480.5616402833066,1.0432406108082831e-13,-217.0689655172414,3480.5616402833066,1.2298126676101392e-13,0.0,0.0,1.0,3.929013079667063,3.929013079667063
-184.13793103448276,3480.5616402833066,1.0432406108082831e-13,-151.20689655172413,3480.5616402833066,8.566685540064272e-14,0.0,0.0,1.0,3.929013079667063,3.929013079667063
-217.0689655172414,3480.5616402833066,1.2298126676101392e-13,-108.53448275862097,3480.5616402833066,-187.98723851113922,0.0,0.0,1.0,3.929013079667063,3.929013079667063
-151.20689655172413,3480.5616402833066,8.566685540064272e-14,-75.60344827586225,3480.5616402833066,-130.94901364119863,0.0,0.0,1.0,3.929013079667063,3.929013079667063
-187.9872385111394,2320.374426855538,-108.53448275862064,-181.19214126648637,2344.5449938019497,-93.45449759882203,0.0,0.0,1.0,3.929013079667063,3.929013079667063
-204.9978462750123,2350.997668809625,-96.19043994138286,-192.31071286791843,2363.723905490419,-91.27910361579904,-0.69347657033171,0.0,-0.7204791783257647,3.929013079667063,3.929013079667063
-192.31071286791843,2363.723905490419,-91.27910361579904,-179.62357946082452,2376.4501421712134,-86.3677672902152,-0.69347657033171,0.0,-0.7204791783257647,3.929013079667063,3.929013079667063
-179.01771014819738,2352.2795752248016,-88.62890234768646,-192.31071286791843,2363.723905490419,-91.27910361579904,-0.69347657033171,0.0,-0.7204791783257647,3.929013079667063,3.929013079667063
-192.31071286791843,2363.723905490419,-91.27910361579904,-205.60371558763944,2375.1682357560367,-93.92930488391161,-0.69347657033171,0.0,-0.7204791783257647,3.929013079667063,3.929013079667063
-205.60371558763944,2375.1682357560367,-93.92930488391161,-192.91658218054556,2387.8944724368307,-89.01796855832777,-0.69347657033171,0.0,-0.7204791783257647,3.929013079667063,3.929013079667063
-192.91658218054556,2387.8944724368307,-89.01796855832777,-180.22944877345165,2400.620709117625,-84.10663223274393,-0.69347657033171,0.0,-0.7204791783257647,3.929013079667063,3.929013079667063
-179.62357946082452,2376.4501421712134,-86.3677672902152,-192.91658218054556,2387.8944724368307,-89.01796855832777,-0.69347657033171,0.0,-0.7204791783257647,3.929013079667063,3.929013079667063
-192.91658218054556,2387.8944724368307,-89.01796855832777,-206.20958490026658,2399.3388027024484,-91.66816982644033,-0.69347657033171,0.0,-0.7204791783257647,3.929013079667063,3.929013079667063
-206.20958490026658,2399.3388027024484,-91.66816982644033,-193.5224514931727,2412.0650393832425,-86.7568335008565,-0.69347657033171,0.0,-0.7204791783257647,3.929013079667063,3.929013079667063
-193.5224514931727,2412.0650393832425,-86.7568335008565,-180.83531808607876,2424.791276064037,-81.84549717527267,-0.69347657033171,0.0,-0.7204791783257647,3.929013079667063,3.929013079667063
-180.22944877345165,2400.620709117625,-84.10663223274393,-193.5224514931727,2412.0650393832425,-86.7568335008565,-0.69347657033171,0.0,-0.7204791783257647,3.929013079667063,3.929013079667063
-193.5224514931727,2412.0650393832425,-86.7568335008565,-206.81545421289368,2423.5093696488602,-89.40703476896908,-0.69347657033171,0.0,-0.7204791783257647,3.929013079667063,3.929013079667063
-206.81545421289368,2423.5093696488602,-89.40703476896908,-194.1283208057998,2436.2356063296543,-84.49569844338524,-0.69347657033171,0.0,-0.7204791783257647,3.929013079667063,3.929013079667063
-194.1283208057998,2436.2356063296543,-84.49569844338524,-181.4411873987059,2448.961843010449,-79.58436211780139,-0.69347657033171,0.0,-0.7204791783257647,3.929013079667063,3.929013079667063
-180.83531808607876,2424.791276064037,-81.84549717527267,-194.1283208057998,2436.2356063296543,-84.49569844338524,-0.69347657033171,0.0,-0.7204791783257647,3.929013079667063,3.929013079667063
-194.1283208057998,2436.2356063296543,-84.49569844338524,-207.42132352552082,2447.679936595272,-87.1458997114978,-0.69347657033171,0.0,-0.7204791783257647,3.929013079667063,3.929013079667063
-207.42132352552082,2447.679936595272,-87.1458997114978,-194.73419011842694,2460.406173276066,-82.23456338591397,-0.69347657033171,0.0,-0.7204791783257647,3.929013079667063,3.929013079667063
-194.73419011842694,2460.406173276066,-82.23456338591397,-182.04705671133303,2473.132409956861,-77.32322706033013,-0.69347657033171,0.0,-0.7204791783257647,3.929013079667063,3.929013079667063
-181.4411873987059,2448.961843010449,-79.58436211780139,-194.73419011842694,2460.406173276066,-82.23456338591397,-0.69347657033171,0.0,-0.7204791783257647,3.929013079667063,3.929013079667063
-194.73419011842694,2460.406173276066,-82.23456338591397,-208.02719283814795,2471.8505035416842,-84.88476465402653,-0.69347657033171,0.0,-0.7204791783257647,3.929013079667063,3.929013079667063
-208.02719283814795,2471.8505035416842,-84.88476465402653,-195.34005943105407,2484.5767402224783,-79.97342832844271,-0.69347657033171,0.0,-0.7204791783257647,3.929013079667063,3.929013079667063
-195.34005943105407,2484.5767402224783,-79.97342832844271,-182.65292602396013,2497.302976903273,-75.06209200285886,-0.69347657033171,0.0,-0.7204791783257647,3.929013079667063,3.929013079667063
-182.04705671133303,2473.132409956861,-77.32322706033013,-195.34005943105407,2484.5767402224783,-79.97342832844271,-0.69347657033171,0.0,-0.7204791783257647,3.929013079667063,3.929013079667063
-195.34005943105407,2484.5767402224783,-79.97342832844271,-208.63306215077506,2496.021070488096,-82.62362959655528,-0.69347657033171,0.0,-0.7204791783257647,3.929013079667063,3.929013079667063
-208.63306215077506,2496.021070488096,-82.62362959655528,-195.94592874368118,2508.74730716889,-77.71229327097143,-0.69347657033171,0.0,-0.7204791783257647,3.929013079667063,3.929013079667063
-195.94592874368118,2508.74730716889,-77.71229327097143,-183.25879533658727,2521.4735438496846,-72.8009569453876,-0.69347657033171,0.0,-0.7204791783257647,3.929013079667063,3.929013079667063
-182.65292602396013,2497.302976903273,-75.06209200285886,-195.94592874368118,2508.74730716889,-77.71229327097143,-0.69347657033171,0.0,-0.7204791783257647,3.929013079667063,3.929013079667063
-195.94592874368118,2508.74730716889,-77.71229327097143,-209.2389314634022,2520.191637434508,-80.362494539084,-0.69347657033171,0.0,-0.7204791783257647,3.929013079667063,3.929013079667063
-209.2389314634022,2520.191637434508,-80.362494539084,-196.55179805630831,2532.917874115302,-75.45115821350018,-0.69347657033171,0.0,-0.7204791783257647,3.929013079667063,3.929013079667063
-196.55179805630831,2532.917874115302,-75.45115821350018,-183.8646646492144,2545.6441107960964,-70.53982188791633,-0.69347657033171,0.0,-0.7204791783257647,3.929013079667063,3.929013079667063
-183.25879533658727,2521.4735438496846,-72.8009569453876,-196.55179805630831,2532.917874115302,-75.45115821350018,-0.69347657033171,0.0,-0.7204791783257647,3.929013079667063,3.929013079667063
-196.55179805630831,2532.917874115302,-75.45115821350018,-209.84480077602933,2544.3622043809196,-78.10135948161275,-0.69347657033171,0.0,-0.7204791783257647,3.929013079667063,3.929013079667063
-209.84480077602933,2544.3622043809196,-78.10135948161275,-197.15766736893545,2557.0884410617136,-73.1900231560289,-0.69347657033171,0.0,-0.7204791783257647,3.929013079667063,3.929013079667063
-197.15766736893545,2557.0884410617136,-73.1900231560289,-184.4705339618415,2569.814677742508,-68.27868683044505,-0.69347657033171,0.0,-0.7204791783257647,3.929013079667063,3.929013079667063
-183.8646646492144,2545.6441107960964,-70.53982188791633,-197.15766736893545,2557.0884410617136,-73.1900231560289,-0.69347657033171,0.0,-0.7204791783257647,3.929013079667063,3.929013079667063
-197.15766736893545,2557.0884410617136,-73.1900231560289,-210.45067008865644,2568.5327713273314,-75.84022442414147,-0.69347657033171,0.0,-0.7204791783257647,3.929013079667063,3.929013079667063
-210.45067008865644,2568.5327713273314,-75.84022442414147,-197.76353668156256,2581.2590080081254,-70.92888809855764,-0.69347657033171,0.0,-0.7204791783257647,3.929013079667063,3.929013079667063
-197.76353668156256,2581.2590080081254,-70.92888809855764,-185.07640327446865,2593.98524468892,-66.01755177297379,-0.69347657033171,0.0,-0.7204791783257647,3.929013079667063,3.929013079667063
-184.4705339618415,2569.814677742508,-68.27868683044505,-197.76353668156256,2581.2590080081254,-70.92888809855764,-0.69347657033171,0.0,-0.7204791783257647,3.929013079667063,3.929013079667063
-197.76353668156256,2581.2590080081254,-70.92888809855764,-211.05653940128357,2592.703338273743,-73.57908936667019,-0.69347657033171,0.0,-0.7204791783257647,3.929013079667063,3.929013079667063
-211.05653940128357,2592.703338273743,-73.57908936667022,-198.3694059941897,2605.429574954537,-68.66775304108637,-0.69347657033171,0.0,-0.7204791783257647,3.929013079667063,3.929013079667063
-198.3694059941897,2605.429574954537,-68.66775304108637,-185.68227258709578,2618.155811635332,-63.756416715502525,-0.69347657033171,0.0,-0.7204791783257647,3.929013079667063,3.929013079667063
-185.07640327446865,2593.98524468892,-66.0175517729738,-198.3694059941897,2605.429574954537,-68.66775304108637,-0.69347657033171,0.0,-0.7204791783257647,3.929013079667063,3.929013079667063
-198.3694059941897,2605.429574954537,-68.66775304108637,-211.6624087139107,2616.8739052201554,-71.31795430919894,-0.69347657033171,0.0,-0.7204791783257647,3.929013079667063,3.929013079667063
-211.6624087139107,2616.8739052201554,-71.31795430919894,-198.97527530681683,2629.6001419009494,-66.40661798361509,-0.69347657033171,0.0,-0.7204791783257647,3.929013079667063,3.929013079667063
-198.97527530681683,2629.6001419009494,-66.40661798361509,-186.2881418997229,2642.326378581744,-61.495281658031274,-0.69347657033171,0.0,-0.7204791783257647,3.929013079667063,3.929013079667063
-185.68227258709578,2618.155811635332,-63.756416715502525,-198.97527530681683,2629.6001419009494,-66.40661798361509,-0.69347657033171,0.0,-0.7204791783257647,3.929013079667063,3.929013079667063
-198.97527530681683,2629.6001419009494,-66.40661798361509,-212.2682780265378,2641.044472166567,-69.05681925172769,-0.69347657033171,0.0,-0.7204791783257647,3.929013079667063,3.929013079667063
-212.2682780265378,2641.044472166567,-69.05681925172766,-199.58114461944393,2653.770708847361,-64.14548292614384,-0.69347657033171,0.0,-0.7204791783257647,3.929013079667063,3.929013079667063
-199.58114461944393,2653.770708847361,-64.14548292614384,-186.89401121235002,2666.4969455281557,-59.234146600559995,-0.69347657033171,0.0,-0.7204791783257647,3.929013079667063,3.929013079667063
-186.2881418997229,2642.326378581744,-61.49528165803126,-199.58114461944393,2653.770708847361,-64.14548292614384,-0.69347657033171,0.0,-0.7204791783257647,3.929013079667063,3.929013079667063
-199.58114461944393,2653.770708847361,-64.14548292614384,-212.87414733916495,2665.215039112979,-66.79568419425641,-0.69347657033171,0.0,-0.7204791783257647,3.929013079667063,3.929013079667063
-212.87414733916495,2665.215039112979,-66.79568419425641,-200.18701393207107,2677.941275793773,-61.88434786867256,-0.69347657033171,0.0,-0.7204791783257647,3.929013079667063,3.929013079667063
-200.18701393207107,2677.941275793773,-61.88434786867256,-187.49988052497716,2690.6675124745675,-56.97301154308873,-0.69347657033171,0.0,-0.7204791783257647,3.929013079667063,3.929013079667063
-186.89401121235002,2666.4969455281557,-59.234146600559995,-200.18701393207107,2677.941275793773,-61.88434786867256,-0.69347657033171,0.0,-0.7204791783257647,3.929013079667063,3.929013079667063
-200.18701393207107,2677.941275793773,-61.88434786867256,-213.48001665179208,2689.3856060593907,-64.53454913678513,-0.69347657033171,0.0,-0.7204791783257647,3.929013079667063,3.929013079667063
-213.48001665179208,2689.3856060593907,-64.53454913678513,-200.7928832446982,2702.111842740185,-59.6232128112013,-0.69347657033171,0.0,-0.7204791783257647,3.929013079667063,3.929013079667063
-200.7928832446982,2702.111842740185,-59.6232128112013,-188.10574983760426,2714.8380794209793,-54.711876485617466,-0.69347657033171,0.0,-0.7204791783257647,3.929013079667063,3.929013079667063
-187.49988052497716,2690.6675124745675,-56.97301154308873,-200.7928832446982,2702.111842740185,-59.6232128112013,-0.69347657033171,0.0,-0.7204791783257647,3.929013079667063,3.929013079667063
-200.7928832446982,2702.111842740185,-59.6232128112013,-214.0858859644192,2713.5561730058025,-62.27341407931387,-0.69347657033171,0.0,-0.7204791783257647,3.929013079667063,3.929013079667063
-214.0858859644192,2713.5561730058025,-62.27341407931387,-201.3987525573253,2726.2824096865966,-57.362077753730034,-0.69347657033171,0.0,-0.7204791783257647,3.929013079667063,3.929013079667063
-201.3987525573253,2726.2824096865966,-57.362077753730034,-188.7116191502314,2739.008646367391,-52.45074142814619,-0.69347657033171,0.0,-0.7204791783257647,3.929013079667063,3.929013079667063
-188.10574983760426,2714.8380794209793,-54.711876485617466,-201.3987525573253,2726.2824096865966,-57.362077753730034,-0.69347657033171,0.0,-0.7204791783257647,3.929013079667063,3.929013079667063
-201.3987525573253,2726.2824096865966,-57.362077753730034,-214.69175527704633,2737.7267399522143,-60.012279021842595,-0.69347657033171,0.0,-0.7204791783257647,3.929013079667063,3.929013079667063
-214.69175527704633,2737.7267399522143,-60.012279021842595,-202.00462186995244,2750.452976633009,-55.100942696258755,-0.69347657033171,0.0,-0.7204791783257647,3.929013079667063,3.929013079667063
-202.00462186995244,2750.452976633009,-55.100942696258755,-189.31748846285853,2763.1792133138033,-50.18960637067494,-0.69347657033171,0.0,-0.7204791783257647,3.929013079667063,3.929013079667063
-188.7116191502314,2739.008646367391,-52.45074142814619,-202.00462186995244,2750.452976633009,-55.100942696258755,-0.69347657033171,0.0,-0.7204791783257647,3.929013079667063,3.929013079667063
-202.00462186995244,2750.452976633009,-55.100942696258755,-215.29762458967346,2761.8973068986265,-57.751143964371344,-0.69347657033171,0.0,-0.7204791783257647,3.929013079667063,3.929013079667063
-215.29762458967346,2761.8973068986265,-57.75114396437133,-202.61049118257955,2774.6235435794206,-52.839807638787505,-0.69347657033171,0.0,-0.7204791783257647,3.929013079667063,3.929013079667063
-202.61049118257955,2774.6235435794206,-52.839807638787505,-189.92335777548564,2787.349780260215,-47.92847131320366,-0.69347657033171,0.0,-0.7204791783257647,3.929013079667063,3.929013079667063
-189.31748846285853,2763.1792133138033,-50.18960637067492,-202.61049118257955,2774.6235435794206,-52.839807638787505,-0.69347657033171,0.0,-0.7204791783257647,3.929013079667063,3.929013079667063
-202.61049118257955,2774.6235435794206,-52.839807638787505,-215.90349390230057,2786.0678738450383,-55.490008906900066,-0.69347657033171,0.0,-0.7204791783257647,3.929013079667063,3.929013079667063
-215.90349390230057,2786.0678738450383,-55.490008906900066,-203.2163604952067,2798.7941105258324,-50.57867258131623,-0.69347657033171,0.0,-0.7204791783257647,3.929013079667063,3.929013079667063
-203.2163604952067,2798.7941105258324,-50.57867258131623,-190.52922708811278,2811.520347206627,-45.667336255732394,-0.69347657033171,0.0,-0.7204791783257647,3.929013079667063,3.929013079667063
-189.92335777548564,2787.349780260215,-47.92847131320366,-203.2163604952067,2798.7941105258324,-50.57867258131623,-0.69347657033171,0.0,-0.7204791783257647,3.929013079667063,3.929013079667063
-203.2163604952067,2798.7941105258324,-50.57867258131623,-216.5093632149277,2810.23844079145,-53.2288738494288,-0.69347657033171,0.0,-0.7204791783257647,3.929013079667063,3.929013079667063
-216.5093632149277,2810.23844079145,-53.2288738494288,-203.82222980783382,2822.964677472244,-48.31753752384497,-0.69347657033171,0.0,-0.7204791783257647,3.929013079667063,3.929013079667063
-203.82222980783382,2822.964677472244,-48.31753752384497,-191.13509640073988,2835.6909141530386,-43.40620119826114,-0.69347657033171,0.0,-0.7204791783257647,3.929013079667063,3.929013079667063
-190.52922708811278,2811.520347206627,-45.667336255732394,-203.82222980783382,2822.964677472244,-48.31753752384497,-0.69347657033171,0.0,-0.7204791783257647,3.929013079667063,3.929013079667063
-203.82222980783382,2822.964677472244,-48.31753752384497,-217.1152325275548,2834.409007737862,-50.967738791957544,-0.69347657033171,0.0,-0.7204791783257647,3.929013079667063,3.929013079667063
-217.11523252755484,2834.409007737862,-50.96773879195753,-204.42809912046093,2847.135244418656,-46.056402466373704,-0.69347657033171,0.0,-0.7204791783257647,3.929013079667063,3.929013079667063
-204.42809912046093,2847.135244418656,-46.056402466373704,-191.74096571336702,2859.8614810994504,-41.145066140789865,-0.69347657033171,0.0,-0.7204791783257647,3.929013079667063,3.929013079667063
-191.1350964007399,2835.6909141530386,-43.40620119826112,-204.42809912046093,2847.135244418656,-46.056402466373704,-0.69347657033171,0.0,-0.7204791783257647,3.929013079667063,3.929013079667063
-204.42809912046093,2847.135244418656,-46.056402466373704,-217.72110184018194,2858.5795746842737,-48.70660373448627,-0.69347657033171,0.0,-0.7204791783257647,3.929013079667063,3.929013079667063
-217.72110184018194,2858.5795746842737,-48.70660373448627,-205.03396843308806,2871.3058113650677,-43.79526740890243,-0.69347657033171,0.0,-0.7204791783257647,3.929013079667063,3.929013079667063
-205.03396843308806,2871.3058113650677,-43.79526740890243,-192.34683502599415,2884.032048045862,-38.8839310833186,-0.69347657033171,0.0,-0.7204791783257647,3.929013079667063,3.929013079667063
-191.74096571336702,2859.8614810994504,-41.145066140789865,-205.03396843308806,2871.3058113650677,-43.79526740890243,-0.69347657033171,0.0,-0.7204791783257647,3.929013079667063,3.929013079667063
-205.03396843308806,2871.3058113650677,-43.79526740890243,-218.32697115280908,2882.7501416306854,-46.44546867701501,-0.69347657033171,0.0,-0.7204791783257647,3.929013079667063,3.929013079667063
-218.32697115280908,2882.7501416306854,-46.44546867701501,-205.6398377457152,2895.4763783114795,-41.53413235143117,-0.69347657033171,0.0,-0.7204791783257647,3.929013079667063,3.929013079667063
-205.6398377457152,2895.4763783114795,-41.53413235143117,-192.9527043386213,2908.202614992274,-36.62279602584733,-0.69347657033171,0.0,-0.7204791783257647,3.929013079667063,3.929013079667063
-192.34683502599415,2884.032048045862,-38.8839310833186,-205.6398377457152,2895.4763783114795,-41.53413235143117,-0.69347657033171,0.0,-0.7204791783257647,3.929013079667063,3.929013079667063
-205.6398377457152,2895.4763783114795,-41.53413235143117,-218.93284046543621,2906.9207085770972,-44.184333619543736,-0.69347657033171,0.0,-0.7204791783257647,3.929013079667063,3.929013079667063
-218.9328404654362,2906.9207085770972,-44.18433361954374,-206.2457070583423,2919.6469452578913,-39.27299729395991,-0.69347657033171,0.0,-0.7204791783257647,3.929013079667063,3.929013079667063
-206.2457070583423,2919.6469452578913,-39.27299729395991,-193.5585736512484,2932.3731819386862,-34.361660968376064,-0.69347657033171,0.0,-0.7204791783257647,3.929013079667063,3.929013079667063
-192.95270433862126,2908.202614992274,-36.622796025847336,-206.2457070583423,2919.6469452578913,-39.27299729395991,-0.69347657033171,0.0,-0.7204791783257647,3.929013079667063,3.929013079667063
-206.2457070583423,2919.6469452578913,-39.27299729395991,-219.53870977806332,2931.0912755235095,-41.92319856207247,-0.69347657033171,0.0,-0.7204791783257647,3.929013079667063,3.929013079667063
-219.53870977806332,2931.0912755235095,-41.92319856207247,-206.85157637096944,2943.8175122043035,-37.01186223648863,-0.69347657033171,0.0,-0.7204791783257647,3.929013079667063,3.929013079667063
-206.85157637096944,2943.8175122043035,-37.01186223648863,-194.16444296387553,2956.543748885098,-32.10052591090479,-0.69347657033171,0.0,-0.7204791783257647,3.929013079667063,3.929013079667063
-193.5585736512484,2932.3731819386862,-34.361660968376064,-206.85157637096944,2943.8175122043035,-37.01186223648863,-0.69347657033171,0.0,-0.7204791783257647,3.929013079667063,3.929013079667063
-206.85157637096944,2943.8175122043035,-37.01186223648863,-220.14457909069046,2955.2618424699212,-39.6620635046012,-0.69347657033171,0.0,-0.7204791783257647,3.929013079667063,3.929013079667063
-220.14457909069046,2955.2618424699212,-39.66206350460121,-207.45744568359657,2967.9880791507153,-34.750727179017375,-0.69347657033171,0.0,-0.7204791783257647,3.929013079667063,3.929013079667063
-207.45744568359657,2967.9880791507153,-34.750727179017375,-194.77031227650264,2980.71431583151,-29.839390853433528,-0.69347657033171,0.0,-0.7204791783257647,3.929013079667063,3.929013079667063
-194.16444296387553,2956.543748885098,-32.1005259109048,-207.45744568359657,2967.9880791507153,-34.750727179017375,-0.69347657033171,0.0,-0.7204791783257647,3.929013079667063,3.929013079667063
-207.45744568359657,2967.9880791507153,-34.750727179017375,-220.75044840331756,2979.432409416333,-37.400928447129935,-0.69347657033171,0.0,-0.7204791783257647,3.929013079667063,3.929013079667063
-220.75044840331756,2979.432409416333,-37.400928447129935,-208.06331499622368,2992.158646097127,-32.489592121546096,-0.69347657033171,0.0,-0.7204791783257647,3.929013079667063,3.929013079667063
-208.06331499622368,2992.158646097127,-32.489592121546096,-195.37618158912977,3004.8848827779216,-27.57825579596225,-0.69347657033171,0.0,-0.7204791783257647,3.929013079667063,3.929013079667063
-194.77031227650264,2980.71431583151,-29.839390853433528,-208.06331499622368,2992.158646097127,-32.489592121546096,-0.69347657033171,0.0,-0.7204791783257647,3.929013079667063,3.929013079667063
-208.06331499622368,2992.158646097127,-32.489592121546096,-221.3563177159447,3003.602976362745,-35.13979338965866,-0.69347657033171,0.0,-0.7204791783257647,3.929013079667063,3.929013079667063
-221.3563177159447,3003.602976362745,-35.13979338965867,-208.66918430885082,3016.329213043539,-30.22845706407483,-0.69347657033171,0.0,-0.7204791783257647,3.929013079667063,3.929013079667063
-208.66918430885082,3016.329213043539,-30.22845706407483,-195.9820509017569,3029.055449724334,-25.317120738491,-0.69347657033171,0.0,-0.7204791783257647,3.929013079667063,3.929013079667063
-195.37618158912977,3004.8848827779216,-27.578255795962264,-208.66918430885082,3016.329213043539,-30.22845706407483,-0.69347657033171,0.0,-0.7204791783257647,3.929013079667063,3.929013079667063
-208.66918430885082,3016.329213043539,-30.22845706407483,-221.96218702857183,3027.773543309157,-32.878658332187406,-0.69347657033171,0.0,-0.7204791783257647,3.929013079667063,3.929013079667063
-221.96218702857183,3027.7735433091566,-32.878658332187406,-209.27505362147795,3040.4997799899506,-27.96732200660358,-0.69347657033171,0.0,-0.7204791783257647,3.929013079667063,3.929013079667063
-209.27505362147795,3040.4997799899506,-27.96732200660358,-196.58792021438404,3053.2260166707456,-23.055985681019735,-0.69347657033171,0.0,-0.7204791783257647,3.929013079667063,3.929013079667063
-195.9820509017569,3029.0554497243334,-25.317120738491,-209.27505362147795,3040.4997799899506,-27.96732200660358,-0.69347657033171,0.0,-0.7204791783257647,3.929013079667063,3.929013079667063
-209.27505362147795,3040.4997799899506,-27.96732200660358,-222.56805634119897,3051.944110255569,-30.61752327471614,-0.69347657033171,0.0,-0.7204791783257647,3.929013079667063,3.929013079667063
-222.56805634119897,3051.944110255569,-30.61752327471614,-209.88092293410506,3064.670346936363,-25.706186949132302,-0.69347657033171,0.0,-0.7204791783257647,3.929013079667063,3.929013079667063
-209.88092293410506,3064.670346936363,-25.706186949132302,-197.19378952701115,3077.3965836171574,-20.794850623548456,-0.69347657033171,0.0,-0.7204791783257647,3.929013079667063,3.929013079667063
-196.58792021438404,3053.2260166707456,-23.055985681019735,-209.88092293410506,3064.670346936363,-25.706186949132302,-0.69347657033171,0.0,-0.7204791783257647,3.929013079667063,3.929013079667063
-209.88092293410506,3064.670346936363,-25.706186949132302,-223.17392565382607,3076.1146772019806,-28.356388217244863,-0.69347657033171,0.0,-0.7204791783257647,3.929013079667063,3.929013079667063
-223.17392565382607,3076.1146772019806,-28.356388217244877,-210.4867922467322,3088.8409138827747,-23.445051891661038,-0.69347657033171,0.0,-0.7204791783257647,3.929013079667063,3.929013079667063
-210.4867922467322,3088.8409138827747,-23.445051891661038,-197.79965883963828,3101.567150563569,-18.53371556607719,-0.69347657033171,0.0,-0.7204791783257647,3.929013079667063,3.929013079667063
-197.19378952701115,3077.3965836171574,-20.79485062354847,-210.4867922467322,3088.8409138827747,-23.445051891661038,-0.69347657033171,0.0,-0.7204791783257647,3.929013079667063,3.929013079667063
-210.4867922467322,3088.8409138827747,-23.445051891661038,-223.7797949664532,3100.2852441483924,-26.0952531597736,-0.69347657033171,0.0,-0.7204791783257647,3.929013079667063,3.929013079667063
-223.7797949664532,3100.2852441483924,-26.0952531597736,-211.09266155935933,3113.0114808291864,-21.183916834189773,-0.69347657033171,0.0,-0.7204791783257647,3.929013079667063,3.929013079667063
-211.09266155935933,3113.0114808291864,-21.183916834189773,-198.4055281522654,3125.737717509981,-16.272580508605927,-0.69347657033171,0.0,-0.7204791783257647,3.929013079667063,3.929013079667063
-197.79965883963828,3101.567150563569,-18.53371556607719,-211.09266155935933,3113.0114808291864,-21.183916834189773,-0.69347657033171,0.0,-0.7204791783257647,3.929013079667063,3.929013079667063
-211.09266155935933,3113.0114808291864,-21.183916834189773,-224.38566427908032,3124.455811094804,-23.834118102302334,-0.69347657033171,0.0,-0.7204791783257647,3.929013079667063,3.929013079667063
-224.38566427908032,3124.455811094804,-23.834118102302334,-211.69853087198643,3137.182047775598,-18.92278177671851,-0.69347657033171,0.0,-0.7204791783257647,3.929013079667063,3.929013079667063
-211.69853087198643,3137.182047775598,-18.92278177671851,-199.01139746489253,3149.9082844563927,-14.011445451134662,-0.69347657033171,0.0,-0.7204791783257647,3.929013079667063,3.929013079667063
-198.4055281522654,3125.737717509981,-16.272580508605927,-211.69853087198643,3137.182047775598,-18.92278177671851,-0.69347657033171,0.0,-0.7204791783257647,3.929013079667063,3.929013079667063
-211.69853087198643,3137.182047775598,-18.92278177671851,-224.99153359170745,3148.626378041216,-21.57298304483107,-0.69347657033171,0.0,-0.7204791783257647,3.929013079667063,3.929013079667063
-224.99153359170745,3148.626378041216,-21.572983044831084,-212.30440018461357,3161.35261472201,-16.661646719247244,-0.69347657033171,0.0,-0.7204791783257647,3.929013079667063,3.929013079667063
-212.30440018461357,3161.35261472201,-16.661646719247244,-199.61726677751966,3174.0788514028045,-11.750310393663398,-0.69347657033171,0.0,-0.7204791783257647,3.929013079667063,3.929013079667063
-199.01139746489253,3149.9082844563927,-14.011445451134676,-212.30440018461357,3161.35261472201,-16.661646719247244,-0.69347657033171,0.0,-0.7204791783257647,3.929013079667063,3.929013079667063
-212.30440018461357,3161.35261472201,-16.661646719247244,-225.5974029043346,3172.7969449876277,-19.311847987359805,-0.69347657033171,0.0,-0.7204791783257647,3.929013079667063,3.929013079667063
-225.5974029043346,3172.7969449876277,-19.311847987359805,-212.9102694972407,3185.523181668422,-14.400511661775964,-0.69347657033171,0.0,-0.7204791783257647,3.929013079667063,3.929013079667063
-212.9102694972407,3185.523181668422,-14.400511661775964,-200.22313609014677,3198.2494183492163,-9.489175336192119,-0.69347657033171,0.0,-0.7204791783257647,3.929013079667063,3.929013079667063
-199.61726677751966,3174.0788514028045,-11.750310393663398,-212.9102694972407,3185.523181668422,-14.400511661775964,-0.69347657033171,0.0,-0.7204791783257647,3.929013079667063,3.929013079667063
-212.9102694972407,3185.523181668422,-14.400511661775964,-226.2032722169617,3196.9675119340395,-17.050712929888526,-0.69347657033171,0.0,-0.7204791783257647,3.929013079667063,3.929013079667063
-226.2032722169617,3196.9675119340395,-17.05071292988854,-213.5161388098678,3209.6937486148336,-12.1393766043047,-0.69347657033171,0.0,-0.7204791783257647,3.929013079667063,3.929013079667063
-213.5161388098678,3209.6937486148336,-12.1393766043047,-200.8290054027739,3222.4199852956285,-7.228040278720869,-0.69347657033171,0.0,-0.7204791783257647,3.929013079667063,3.929013079667063
-200.22313609014677,3198.2494183492163,-9.489175336192133,-213.5161388098678,3209.6937486148336,-12.1393766043047,-0.69347657033171,0.0,-0.7204791783257647,3.929013079667063,3.929013079667063
-213.5161388098678,3209.6937486148336,-12.1393766043047,-226.80914152958883,3221.1380788804518,-14.789577872417276,-0.69347657033171,0.0,-0.7204791783257647,3.929013079667063,3.929013079667063
-226.80914152958883,3221.1380788804518,-14.789577872417276,-214.12200812249495,3233.864315561246,-9.878241546833435,-0.69347657033171,0.0,-0.7204791783257647,3.929013079667063,3.929013079667063
-214.12200812249495,3233.864315561246,-9.878241546833435,-201.43487471540104,3246.5905522420403,-4.96690522124959,-0.69347657033171,0.0,-0.7204791783257647,3.929013079667063,3.929013079667063
-200.8290054027739,3222.4199852956285,-7.228040278720869,-214.12200812249495,3233.864315561246,-9.878241546833435,-0.69347657033171,0.0,-0.7204791783257647,3.929013079667063,3.929013079667063
-214.12200812249495,3233.864315561246,-9.878241546833435,-227.41501084221596,3245.3086458268635,-12.528442814945997,-0.69347657033171,0.0,-0.7204791783257647,3.929013079667063,3.929013079667063
-227.41501084221596,3245.3086458268635,-12.528442814946011,-214.72787743512208,3258.0348825076576,-7.61710648936217,-0.69347657033171,0.0,-0.7204791783257647,3.929013079667063,3.929013079667063
-214.72787743512208,3258.0348825076576,-7.61710648936217,-202.04074402802814,3270.761119188452,-2.7057701637783254,-0.69347657033171,0.0,-0.7204791783257647,3.929013079667063,3.929013079667063
-201.43487471540104,3246.5905522420403,-4.966905221249604,-214.72787743512208,3258.0348825076576,-7.61710648936217,-0.69347657033171,0.0,-0.7204791783257647,3.929013079667063,3.929013079667063
-214.72787743512208,3258.0348825076576,-7.61710648936217,-228.02088015484307,3269.4792127732753,-10.267307757474732,-0.69347657033171,0.0,-0.7204791783257647,3.929013079667063,3.929013079667063
-228.02088015484307,3269.4792127732753,-10.267307757474747,-215.3337467477492,3282.2054494540694,-5.3559714318909055,-0.69347657033171,0.0,-0.7204791783257647,3.929013079667063,3.929013079667063
-215.3337467477492,3282.2054494540694,-5.3559714318909055,-202.64661334065528,3294.931686134864,-0.4446351063070608,-0.69347657033171,0.0,-0.7204791783257647,3.929013079667063,3.929013079667063
-202.04074402802814,3270.761119188452,-2.7057701637783396,-215.3337467477492,3282.2054494540694,-5.3559714318909055,-0.69347657033171,0.0,-0.7204791783257647,3.929013079667063,3.929013079667063
-215.3337467477492,3282.2054494540694,-5.3559714318909055,-228.6267494674702,3293.649779719687,-8.006172700003468,-0.69347657033171,0.0,-0.7204791783257647,3.929013079667063,3.929013079667063
-228.6267494674702,3293.649779719687,-8.006172700003468,-215.93961606037632,3306.376016400481,-3.094836374419627,-0.69347657033171,0.0,-0.7204791783257647,3.929013079667063,3.929013079667063
-215.93961606037632,3306.376016400481,-3.094836374419627,-203.2524826532824,3319.102253081276,1.8164999511642037,-0.69347657033171,0.0,-0.7204791783257647,3.929013079667063,3.929013079667063
-202.64661334065528,3294.931686134864,-0.4446351063070608,-215.93961606037632,3306.376016400481,-3.094836374419627,-0.69347657033171,0.0,-0.7204791783257647,3.929013079667063,3.929013079667063
-215.93961606037632,3306.376016400481,-3.094836374419627,-229.23261878009734,3317.8203466660993,-5.745037642532203,-0.69347657033171,0.0,-0.7204791783257647,3.929013079667063,3.929013079667063
-229.23261878009734,3317.820346666099,-5.745037642532203,-216.54548537300343,3330.546583346893,-0.8337013169483765,-0.69347657033171,0.0,-0.7204791783257647,3.929013079667063,3.929013079667063
-216.54548537300343,3330.546583346893,-0.8337013169483765,-203.85835196590952,3343.2728200276874,4.077635008635454,-0.69347657033171,0.0,-0.7204791783257647,3.929013079667063,3.929013079667063
-203.2524826532824,3319.1022530812756,1.8164999511642037,-216.54548537300343,3330.546583346893,-0.8337013169483765,-0.69347657033171,0.0,-0.7204791783257647,3.929013079667063,3.929013079667063
-216.54548537300343,3330.546583346893,-0.8337013169483765,-229.83848809272445,3341.9909136125107,-3.483902585060953,-0.69347657033171,0.0,-0.7204791783257647,3.929013079667063,3.929013079667063
-229.83848809272445,3341.9909136125107,-3.483902585060953,-217.15135468563057,3354.717150293305,1.427433740522888,-0.69347657033171,0.0,-0.7204791783257647,3.929013079667063,3.929013079667063
-217.15135468563057,3354.717150293305,1.427433740522888,-204.46422127853666,3367.4433869740997,6.338770066106733,-0.69347657033171,0.0,-0.7204791783257647,3.929013079667063,3.929013079667063
-203.85835196590952,3343.2728200276874,4.077635008635454,-217.15135468563057,3354.717150293305,1.427433740522888,-0.69347657033171,0.0,-0.7204791783257647,3.929013079667063,3.929013079667063
-217.15135468563057,3354.717150293305,1.427433740522888,-230.44435740535158,3366.161480558923,-1.2227675275896743,-0.69347657033171,0.0,-0.7204791783257647,3.929013079667063,3.929013079667063
-230.44435740535158,3366.161480558923,-1.2227675275896743,-217.7572239982577,3378.887717239717,3.688568797994167,-0.69347657033171,0.0,-0.7204791783257647,3.929013079667063,3.929013079667063
-217.7572239982577,3378.887717239717,3.688568797994167,-205.07009059116376,3391.6139539205114,8.599905123577983,-0.69347657033171,0.0,-0.7204791783257647,3.929013079667063,3.929013079667063
-204.46422127853666,3367.4433869740997,6.338770066106733,-217.7572239982577,3378.887717239717,3.688568797994167,-0.69347657033171,0.0,-0.7204791783257647,3.929013079667063,3.929013079667063
-217.7572239982577,3378.887717239717,3.688568797994167,-231.0502267179787,3390.3320475053347,1.038367529881576,-0.69347657033171,0.0,-0.7204791783257647,3.929013079667063,3.929013079667063
-231.0502267179787,3390.3320475053347,1.038367529881576,-218.3630933108848,3403.0582841861287,5.949703855465417,-0.69347657033171,0.0,-0.7204791783257647,3.929013079667063,3.929013079667063
-218.3630933108848,3403.0582841861287,5.949703855465417,-205.6759599037909,3415.7845208669232,10.861040181049262,-0.69347657033171,0.0,-0.7204791783257647,3.929013079667063,3.929013079667063
-205.07009059116376,3391.6139539205114,8.599905123577983,-218.3630933108848,3403.0582841861287,5.949703855465417,-0.69347657033171,0.0,-0.7204791783257647,3.929013079667063,3.929013079667063
-218.3630933108848,3403.0582841861287,5.949703855465417,-231.65609603060582,3414.5026144517465,3.2995025873528547,-0.69347657033171,0.0,-0.7204791783257647,3.929013079667063,3.929013079667063
-231.65609603060582,3414.5026144517465,3.2995025873528547,-218.96896262351194,3427.2288511325405,8.210838912936696,-0.69347657033171,0.0,-0.7204791783257647,3.929013079667063,3.929013079667063
-218.96896262351194,3427.2288511325405,8.210838912936696,-206.28182921641803,3439.955087813335,13.122175238520526,-0.69347657033171,0.0,-0.7204791783257647,3.929013079667063,3.929013079667063
-205.6759599037909,3415.7845208669232,10.861040181049262,-218.96896262351194,3427.2288511325405,8.210838912936696,-0.69347657033171,0.0,-0.7204791783257647,3.929013079667063,3.929013079667063
-218.96896262351194,3427.2288511325405,8.210838912936696,-232.26196534323296,3438.6731813981582,5.560637644824119,-0.69347657033171,0.0,-0.7204791783257647,3.929013079667063,3.929013079667063
-232.26196534323296,3438.6731813981582,5.560637644824119,-219.57483193613908,3451.3994180789523,10.47197397040796,-0.69347657033171,0.0,-0.7204791783257647,3.929013079667063,3.929013079667063
-219.57483193613908,3451.3994180789523,10.47197397040796,-206.88769852904517,3464.125654759747,15.383310295991805,-0.69347657033171,0.0,-0.7204791783257647,3.929013079667063,3.929013079667063
-206.28182921641803,3439.955087813335,13.122175238520526,-219.57483193613908,3451.3994180789523,10.47197397040796,-0.69347657033171,0.0,-0.7204791783257647,3.929013079667063,3.929013079667063
-219.57483193613908,3451.3994180789523,10.47197397040796,-232.8678346558601,3462.84374834457,7.821772702295398,-0.69347657033171,0.0,-0.7204791783257647,3.929013079667063,3.929013079667063
-198.556261859417,2352.2795752248016,-122.47066661783067,-202.07998872352823,2363.723905490419,-108.19998575087115,0.69347657033171,0.0,-0.7204791783257647,3.929013079667063,3.929013079667063
-202.07998872352823,2363.723905490419,-108.19998575087115,-205.60371558763944,2375.1682357560367,-93.92930488391161,0.69347657033171,0.0,-0.7204791783257647,3.929013079667063,3.929013079667063
-204.9978462750123,2350.997668809625,-96.19043994138288,-202.07998872352823,2363.723905490419,-108.19998575087115,0.69347657033171,0.0,-0.7204791783257647,3.929013079667063,3.929013079667063
-202.07998872352823,2363.723905490419,-108.19998575087115,-199.16213117204413,2376.4501421712134,-120.20953156035941,0.69347657033171,0.0,-0.7204791783257647,3.929013079667063,3.929013079667063
-199.16213117204413,2376.4501421712134,-120.20953156035941,-202.68585803615537,2387.8944724368307,-105.93885069339987,0.69347657033171,0.0,-0.7204791783257647,3.929013079667063,3.929013079667063
-202.68585803615537,2387.8944724368307,-105.93885069339987,-206.20958490026658,2399.3388027024484,-91.66816982644035,0.69347657033171,0.0,-0.7204791783257647,3.929013079667063,3.929013079667063
-205.60371558763944,2375.1682357560367,-93.92930488391161,-202.68585803615537,2387.8944724368307,-105.93885069339987,0.69347657033171,0.0,-0.7204791783257647,3.929013079667063,3.929013079667063
-202.68585803615537,2387.8944724368307,-105.93885069339987,-199.76800048467126,2400.620709117625,-117.94839650288814,0.69347657033171,0.0,-0.7204791783257647,3.929013079667063,3.929013079667063
-199.76800048467126,2400.620709117625,-117.94839650288814,-203.2917273487825,2412.0650393832425,-103.6777156359286,0.69347657033171,0.0,-0.7204791783257647,3.929013079667063,3.929013079667063
-203.2917273487825,2412.0650393832425,-103.6777156359286,-206.8154542128937,2423.5093696488602,-89.40703476896908,0.69347657033171,0.0,-0.7204791783257647,3.929013079667063,3.929013079667063
-206.20958490026658,2399.3388027024484,-91.66816982644035,-203.2917273487825,2412.0650393832425,-103.6777156359286,0.69347657033171,0.0,-0.7204791783257647,3.929013079667063,3.929013079667063
-203.2917273487825,2412.0650393832425,-103.6777156359286,-200.37386979729837,2424.791276064037,-115.68726144541688,0.69347657033171,0.0,-0.7204791783257647,3.929013079667063,3.929013079667063
-200.37386979729837,2424.791276064037,-115.68726144541688,-203.8975966614096,2436.2356063296543,-101.41658057845734,0.69347657033171,0.0,-0.7204791783257647,3.929013079667063,3.929013079667063
-203.8975966614096,2436.2356063296543,-101.41658057845734,-207.42132352552085,2447.679936595272,-87.1458997114978,0.69347657033171,0.0,-0.7204791783257647,3.929013079667063,3.929013079667063
-206.8154542128937,2423.5093696488602,-89.40703476896908,-203.8975966614096,2436.2356063296543,-101.41658057845734,0.69347657033171,0.0,-0.7204791783257647,3.929013079667063,3.929013079667063
-203.8975966614096,2436.2356063296543,-101.41658057845734,-200.9797391099255,2448.961843010449,-113.4261263879456,0.69347657033171,0.0,-0.7204791783257647,3.929013079667063,3.929013079667063
-200.9797391099255,2448.961843010449,-113.4261263879456,-204.50346597403674,2460.406173276066,-99.15544552098608,0.69347657033171,0.0,-0.7204791783257647,3.929013079667063,3.929013079667063
-204.50346597403674,2460.406173276066,-99.15544552098608,-208.02719283814798,2471.8505035416842,-84.88476465402654,0.69347657033171,0.0,-0.7204791783257647,3.929013079667063,3.929013079667063
-207.42132352552085,2447.679936595272,-87.1458997114978,-204.50346597403674,2460.406173276066,-99.15544552098608,0.69347657033171,0.0,-0.7204791783257647,3.929013079667063,3.929013079667063
-204.50346597403674,2460.406173276066,-99.15544552098608,-201.58560842255264,2473.132409956861,-111.16499133047434,0.69347657033171,0.0,-0.7204791783257647,3.929013079667063,3.929013079667063
-201.58560842255264,2473.132409956861,-111.16499133047434,-205.10933528666388,2484.5767402224783,-96.89431046351481,0.69347657033171,0.0,-0.7204791783257647,3.929013079667063,3.929013079667063
-205.10933528666388,2484.5767402224783,-96.89431046351481,-208.63306215077506,2496.021070488096,-82.62362959655528,0.69347657033171,0.0,-0.7204791783257647,3.929013079667063,3.929013079667063
-208.02719283814798,2471.8505035416842,-84.88476465402654,-205.10933528666388,2484.5767402224783,-96.89431046351481,0.69347657033171,0.0,-0.7204791783257647,3.929013079667063,3.929013079667063
-205.10933528666388,2484.5767402224783,-96.89431046351481,-202.19147773517975,2497.302976903273,-108.90385627300307,0.69347657033171,0.0,-0.7204791783257647,3.929013079667063,3.929013079667063
-202.19147773517975,2497.302976903273,-108.90385627300307,-205.71520459929098,2508.74730716889,-94.63317540604353,0.69347657033171,0.0,-0.7204791783257647,3.929013079667063,3.929013079667063
-205.71520459929098,2508.74730716889,-94.63317540604353,-209.2389314634022,2520.191637434508,-80.36249453908401,0.69347657033171,0.0,-0.7204791783257647,3.929013079667063,3.929013079667063
-208.63306215077506,2496.021070488096,-82.62362959655528,-205.71520459929098,2508.74730716889,-94.63317540604353,0.69347657033171,0.0,-0.7204791783257647,3.929013079667063,3.929013079667063
-205.71520459929098,2508.74730716889,-94.63317540604353,-202.79734704780688,2521.4735438496846,-106.64272121553181,0.69347657033171,0.0,-0.7204791783257647,3.929013079667063,3.929013079667063
-202.79734704780688,2521.4735438496846,-106.64272121553181,-206.32107391191812,2532.917874115302,-92.37204034857228,0.69347657033171,0.0,-0.7204791783257647,3.929013079667063,3.929013079667063
-206.32107391191812,2532.917874115302,-92.37204034857228,-209.84480077602933,2544.3622043809196,-78.10135948161275,0.69347657033171,0.0,-0.7204791783257647,3.929013079667063,3.929013079667063
-209.2389314634022,2520.191637434508,-80.36249453908401,-206.32107391191812,2532.917874115302,-92.37204034857228,0.69347657033171,0.0,-0.7204791783257647,3.929013079667063,3.929013079667063
-206.32107391191812,2532.917874115302,-92.37204034857228,-203.40321636043402,2545.6441107960964,-104.38158615806054,0.69347657033171,0.0,-0.7204791783257647,3.929013079667063,3.929013079667063
-203.40321636043402,2545.6441107960964,-104.38158615806054,-206.92694322454525,2557.0884410617136,-90.110905291101,0.69347657033171,0.0,-0.7204791783257647,3.929013079667063,3.929013079667063
-206.92694322454525,2557.0884410617136,-90.110905291101,-210.45067008865647,2568.5327713273314,-75.84022442414147,0.69347657033171,0.0,-0.7204791783257647,3.929013079667063,3.929013079667063
-209.84480077602933,2544.3622043809196,-78.10135948161275,-206.92694322454525,2557.0884410617136,-90.110905291101,0.69347657033171,0.0,-0.7204791783257647,3.929013079667063,3.929013079667063
-206.92694322454525,2557.0884410617136,-90.110905291101,-204.00908567306112,2569.814677742508,-102.12045110058926,0.69347657033171,0.0,-0.7204791783257647,3.929013079667063,3.929013079667063
-204.00908567306112,2569.814677742508,-102.12045110058926,-207.53281253717236,2581.2590080081254,-87.84977023362974,0.69347657033171,0.0,-0.7204791783257647,3.929013079667063,3.929013079667063
-207.53281253717236,2581.2590080081254,-87.84977023362974,-211.0565394012836,2592.703338273743,-73.5790893666702,0.69347657033171,0.0,-0.7204791783257647,3.929013079667063,3.929013079667063
-210.45067008865647,2568.5327713273314,-75.84022442414147,-207.53281253717236,2581.2590080081254,-87.84977023362974,0.69347657033171,0.0,-0.7204791783257647,3.929013079667063,3.929013079667063
-207.53281253717236,2581.2590080081254,-87.84977023362974,-204.61495498568826,2593.98524468892,-99.859316043118,0.69347657033171,0.0,-0.7204791783257647,3.929013079667063,3.929013079667063
-204.61495498568826,2593.98524468892,-99.85931604311801,-208.1386818497995,2605.429574954537,-85.58863517615848,0.69347657033171,0.0,-0.7204791783257647,3.929013079667063,3.929013079667063
-208.1386818497995,2605.429574954537,-85.58863517615848,-211.66240871391074,2616.8739052201554,-71.31795430919894,0.69347657033171,0.0,-0.7204791783257647,3.929013079667063,3.929013079667063
-211.0565394012836,2592.703338273743,-73.57908936667022,-208.1386818497995,2605.429574954537,-85.58863517615848,0.69347657033171,0.0,-0.7204791783257647,3.929013079667063,3.929013079667063
-208.1386818497995,2605.429574954537,-85.58863517615848,-205.2208242983154,2618.155811635332,-97.59818098564674,0.69347657033171,0.0,-0.7204791783257647,3.929013079667063,3.929013079667063
-205.2208242983154,2618.155811635332,-97.59818098564674,-208.74455116242663,2629.6001419009494,-83.3275001186872,0.69347657033171,0.0,-0.7204791783257647,3.929013079667063,3.929013079667063
-208.74455116242663,2629.6001419009494,-83.3275001186872,-212.2682780265378,2641.044472166567,-69.05681925172769,0.69347657033171,0.0,-0.7204791783257647,3.929013079667063,3.929013079667063
-211.66240871391074,2616.8739052201554,-71.31795430919894,-208.74455116242663,2629.6001419009494,-83.3275001186872,0.69347657033171,0.0,-0.7204791783257647,3.929013079667063,3.929013079667063
-208.74455116242663,2629.6001419009494,-83.3275001186872,-205.8266936109425,2642.326378581744,-95.33704592817548,0.69347657033171,0.0,-0.7204791783257647,3.929013079667063,3.929013079667063
-205.8266936109425,2642.326378581744,-95.33704592817547,-209.35042047505374,2653.770708847361,-81.06636506121595,0.69347657033171,0.0,-0.7204791783257647,3.929013079667063,3.929013079667063
-209.35042047505374,2653.770708847361,-81.06636506121595,-212.87414733916495,2665.215039112979,-66.79568419425641,0.69347657033171,0.0,-0.7204791783257647,3.929013079667063,3.929013079667063
-212.2682780265378,2641.044472166567,-69.05681925172767,-209.35042047505374,2653.770708847361,-81.06636506121595,0.69347657033171,0.0,-0.7204791783257647,3.929013079667063,3.929013079667063
-209.35042047505374,2653.770708847361,-81.06636506121595,-206.43256292356963,2666.4969455281557,-93.0759108707042,0.69347657033171,0.0,-0.7204791783257647,3.929013079667063,3.929013079667063
-206.43256292356963,2666.4969455281557,-93.0759108707042,-209.95628978768087,2677.941275793773,-78.80523000374467,0.69347657033171,0.0,-0.7204791783257647,3.929013079667063,3.929013079667063
-209.95628978768087,2677.941275793773,-78.80523000374467,-213.48001665179208,2689.3856060593907,-64.53454913678515,0.69347657033171,0.0,-0.7204791783257647,3.929013079667063,3.929013079667063
-212.87414733916495,2665.215039112979,-66.79568419425641,-209.95628978768087,2677.941275793773,-78.80523000374467,0.69347657033171,0.0,-0.7204791783257647,3.929013079667063,3.929013079667063
-209.95628978768087,2677.941275793773,-78.80523000374467,-207.03843223619677,2690.6675124745675,-90.81477581323294,0.69347657033171,0.0,-0.7204791783257647,3.929013079667063,3.929013079667063
-207.03843223619677,2690.6675124745675,-90.81477581323294,-210.562159100308,2702.111842740185,-76.5440949462734,0.69347657033171,0.0,-0.7204791783257647,3.929013079667063,3.929013079667063
-210.562159100308,2702.111842740185,-76.5440949462734,-214.08588596441922,2713.5561730058025,-62.27341407931388,0.69347657033171,0.0,-0.7204791783257647,3.929013079667063,3.929013079667063
-213.48001665179208,2689.3856060593907,-64.53454913678515,-210.562159100308,2702.111842740185,-76.5440949462734,0.69347657033171,0.0,-0.7204791783257647,3.929013079667063,3.929013079667063
-210.562159100308,2702.111842740185,-76.5440949462734,-207.64430154882388,2714.8380794209793,-88.55364075576168,0.69347657033171,0.0,-0.7204791783257647,3.929013079667063,3.929013079667063
-207.64430154882388,2714.8380794209793,-88.55364075576168,-211.16802841293512,2726.2824096865966,-74.28295988880214,0.69347657033171,0.0,-0.7204791783257647,3.929013079667063,3.929013079667063
-211.16802841293512,2726.2824096865966,-74.28295988880214,-214.69175527704635,2737.7267399522143,-60.0122790218426,0.69347657033171,0.0,-0.7204791783257647,3.929013079667063,3.929013079667063
-214.08588596441922,2713.5561730058025,-62.27341407931388,-211.16802841293512,2726.2824096865966,-74.28295988880214,0.69347657033171,0.0,-0.7204791783257647,3.929013079667063,3.929013079667063
-211.16802841293512,2726.2824096865966,-74.28295988880214,-208.250170861451,2739.008646367391,-86.2925056982904,0.69347657033171,0.0,-0.7204791783257647,3.929013079667063,3.929013079667063
-208.250170861451,2739.008646367391,-86.2925056982904,-211.77389772556225,2750.452976633009,-72.02182483133086,0.69347657033171,0.0,-0.7204791783257647,3.929013079667063,3.929013079667063
-211.77389772556225,2750.452976633009,-72.02182483133086,-215.2976245896735,2761.8973068986265,-57.75114396437135,0.69347657033171,0.0,-0.7204791783257647,3.929013079667063,3.929013079667063
-214.69175527704635,2737.7267399522143,-60.0122790218426,-211.77389772556225,2750.452976633009,-72.02182483133086,0.69347657033171,0.0,-0.7204791783257647,3.929013079667063,3.929013079667063
-211.77389772556225,2750.452976633009,-72.02182483133086,-208.85604017407815,2763.1792133138033,-84.03137064081915,0.69347657033171,0.0,-0.7204791783257647,3.929013079667063,3.929013079667063
-208.85604017407815,2763.1792133138033,-84.03137064081913,-212.37976703818936,2774.6235435794206,-69.76068977385961,0.69347657033171,0.0,-0.7204791783257647,3.929013079667063,3.929013079667063
-212.37976703818936,2774.6235435794206,-69.76068977385961,-215.90349390230057,2786.0678738450383,-55.49000890690007,0.69347657033171,0.0,-0.7204791783257647,3.929013079667063,3.929013079667063
-215.2976245896735,2761.8973068986265,-57.75114396437134,-212.37976703818936,2774.6235435794206,-69.76068977385961,0.69347657033171,0.0,-0.7204791783257647,3.929013079667063,3.929013079667063
-212.37976703818936,2774.6235435794206,-69.76068977385961,-209.46190948670525,2787.349780260215,-81.77023558334787,0.69347657033171,0.0,-0.7204791783257647,3.929013079667063,3.929013079667063
-209.46190948670525,2787.349780260215,-81.77023558334787,-212.9856363508165,2798.7941105258324,-67.49955471638833,0.69347657033171,0.0,-0.7204791783257647,3.929013079667063,3.929013079667063
-212.9856363508165,2798.7941105258324,-67.49955471638833,-216.5093632149277,2810.23844079145,-53.22887384942881,0.69347657033171,0.0,-0.7204791783257647,3.929013079667063,3.929013079667063
-215.90349390230057,2786.0678738450383,-55.49000890690007,-212.9856363508165,2798.7941105258324,-67.49955471638833,0.69347657033171,0.0,-0.7204791783257647,3.929013079667063,3.929013079667063
-212.9856363508165,2798.7941105258324,-67.49955471638833,-210.0677787993324,2811.520347206627,-79.5091005258766,0.69347657033171,0.0,-0.7204791783257647,3.929013079667063,3.929013079667063
-210.0677787993324,2811.520347206627,-79.5091005258766,-213.59150566344363,2822.964677472244,-65.23841965891707,0.69347657033171,0.0,-0.7204791783257647,3.929013079667063,3.929013079667063
-213.59150566344363,2822.964677472244,-65.23841965891707,-217.11523252755484,2834.409007737862,-50.96773879195755,0.69347657033171,0.0,-0.7204791783257647,3.929013079667063,3.929013079667063
-216.5093632149277,2810.23844079145,-53.22887384942881,-213.59150566344363,2822.964677472244,-65.23841965891707,0.69347657033171,0.0,-0.7204791783257647,3.929013079667063,3.929013079667063
-213.59150566344363,2822.964677472244,-65.23841965891707,-210.6736481119595,2835.6909141530386,-77.24796546840534,0.69347657033171,0.0,-0.7204791783257647,3.929013079667063,3.929013079667063
-210.67364811195952,2835.6909141530386,-77.24796546840534,-214.19737497607073,2847.135244418656,-62.97728460144581,0.69347657033171,0.0,-0.7204791783257647,3.929013079667063,3.929013079667063
-214.19737497607073,2847.135244418656,-62.97728460144581,-217.72110184018197,2858.5795746842737,-48.70660373448628,0.69347657033171,0.0,-0.7204791783257647,3.929013079667063,3.929013079667063
-217.11523252755484,2834.409007737862,-50.96773879195754,-214.19737497607073,2847.135244418656,-62.97728460144581,0.69347657033171,0.0,-0.7204791783257647,3.929013079667063,3.929013079667063
-214.19737497607073,2847.135244418656,-62.97728460144581,-211.27951742458663,2859.8614810994504,-74.98683041093408,0.69347657033171,0.0,-0.7204791783257647,3.929013079667063,3.929013079667063
-211.27951742458663,2859.8614810994504,-74.98683041093408,-214.80324428869787,2871.3058113650677,-60.71614954397454,0.69347657033171,0.0,-0.7204791783257647,3.929013079667063,3.929013079667063
-214.80324428869787,2871.3058113650677,-60.71614954397454,-218.3269711528091,2882.7501416306854,-46.445468677015015,0.69347657033171,0.0,-0.7204791783257647,3.929013079667063,3.929013079667063
-217.72110184018197,2858.5795746842737,-48.70660373448628,-214.80324428869787,2871.3058113650677,-60.71614954397454,0.69347657033171,0.0,-0.7204791783257647,3.929013079667063,3.929013079667063
-214.80324428869787,2871.3058113650677,-60.71614954397454,-211.88538673721376,2884.032048045862,-72.72569535346281,0.69347657033171,0.0,-0.7204791783257647,3.929013079667063,3.929013079667063
-211.88538673721376,2884.032048045862,-72.72569535346281,-215.409113601325,2895.4763783114795,-58.45501448650327,0.69347657033171,0.0,-0.7204791783257647,3.929013079667063,3.929013079667063
-215.409113601325,2895.4763783114795,-58.45501448650327,-218.93284046543624,2906.9207085770972,-44.18433361954374,0.69347657033171,0.0,-0.7204791783257647,3.929013079667063,3.929013079667063
-218.3269711528091,2882.7501416306854,-46.445468677015015,-215.409113601325,2895.4763783114795,-58.45501448650327,0.69347657033171,0.0,-0.7204791783257647,3.929013079667063,3.929013079667063
-215.409113601325,2895.4763783114795,-58.45501448650327,-212.4912560498409,2908.202614992274,-70.46456029599153,0.69347657033171,0.0,-0.7204791783257647,3.929013079667063,3.929013079667063
-212.49125604984087,2908.202614992274,-70.46456029599155,-216.0149829139521,2919.6469452578913,-56.193879429032016,0.69347657033171,0.0,-0.7204791783257647,3.929013079667063,3.929013079667063
-216.0149829139521,2919.6469452578913,-56.193879429032016,-219.53870977806332,2931.0912755235095,-41.92319856207248,0.69347657033171,0.0,-0.7204791783257647,3.929013079667063,3.929013079667063
-218.9328404654362,2906.9207085770972,-44.18433361954375,-216.0149829139521,2919.6469452578913,-56.193879429032016,0.69347657033171,0.0,-0.7204791783257647,3.929013079667063,3.929013079667063
-216.0149829139521,2919.6469452578913,-56.193879429032016,-213.097125362468,2932.3731819386862,-68.20342523852028,0.69347657033171,0.0,-0.7204791783257647,3.929013079667063,3.929013079667063
-213.097125362468,2932.3731819386862,-68.20342523852028,-216.62085222657925,2943.8175122043035,-53.93274437156074,0.69347657033171,0.0,-0.7204791783257647,3.929013079667063,3.929013079667063
-216.62085222657925,2943.8175122043035,-53.93274437156074,-220.14457909069046,2955.2618424699212,-39.66206350460121,0.69347657033171,0.0,-0.7204791783257647,3.929013079667063,3.929013079667063
-219.53870977806332,2931.0912755235095,-41.92319856207248,-216.62085222657925,2943.8175122043035,-53.93274437156074,0.69347657033171,0.0,-0.7204791783257647,3.929013079667063,3.929013079667063
-216.62085222657925,2943.8175122043035,-53.93274437156074,-213.70299467509514,2956.543748885098,-65.942290181049,0.69347657033171,0.0,-0.7204791783257647,3.929013079667063,3.929013079667063
-213.70299467509514,2956.543748885098,-65.942290181049,-217.22672153920638,2967.9880791507153,-51.67160931408948,0.69347657033171,0.0,-0.7204791783257647,3.929013079667063,3.929013079667063
-217.22672153920638,2967.9880791507153,-51.67160931408948,-220.7504484033176,2979.432409416333,-37.40092844712994,0.69347657033171,0.0,-0.7204791783257647,3.929013079667063,3.929013079667063
-220.14457909069046,2955.2618424699212,-39.662063504601214,-217.22672153920638,2967.9880791507153,-51.67160931408948,0.69347657033171,0.0,-0.7204791783257647,3.929013079667063,3.929013079667063
-217.22672153920638,2967.9880791507153,-51.67160931408948,-214.30886398772225,2980.71431583151,-63.68115512357774,0.69347657033171,0.0,-0.7204791783257647,3.929013079667063,3.929013079667063
-214.30886398772225,2980.71431583151,-63.68115512357774,-217.8325908518335,2992.158646097127,-49.4104742566182,0.69347657033171,0.0,-0.7204791783257647,3.929013079667063,3.929013079667063
-217.8325908518335,2992.158646097127,-49.4104742566182,-221.35631771594473,3003.602976362745,-35.139793389658664,0.69347657033171,0.0,-0.7204791783257647,3.929013079667063,3.929013079667063
-220.7504484033176,2979.432409416333,-37.40092844712994,-217.8325908518335,2992.158646097127,-49.4104742566182,0.69347657033171,0.0,-0.7204791783257647,3.929013079667063,3.929013079667063
-217.8325908518335,2992.158646097127,-49.4104742566182,-214.91473330034938,3004.8848827779216,-61.42002006610646,0.69347657033171,0.0,-0.7204791783257647,3.929013079667063,3.929013079667063
-214.91473330034938,3004.8848827779216,-61.420020066106474,-218.43846016446062,3016.329213043539,-47.14933919914694,0.69347657033171,0.0,-0.7204791783257647,3.929013079667063,3.929013079667063
-218.43846016446062,3016.329213043539,-47.14933919914694,-221.96218702857186,3027.773543309157,-32.87865833218741,0.69347657033171,0.0,-0.7204791783257647,3.929013079667063,3.929013079667063
-221.35631771594473,3003.602976362745,-35.13979338965868,-218.43846016446062,3016.329213043539,-47.14933919914694,0.69347657033171,0.0,-0.7204791783257647,3.929013079667063,3.929013079667063
-218.43846016446062,3016.329213043539,-47.14933919914694,-215.52060261297652,3029.055449724334,-59.15888500863521,0.69347657033171,0.0,-0.7204791783257647,3.929013079667063,3.929013079667063
-215.52060261297652,3029.0554497243334,-59.15888500863521,-219.04432947708776,3040.4997799899506,-44.888204141675686,0.69347657033171,0.0,-0.7204791783257647,3.929013079667063,3.929013079667063
-219.04432947708776,3040.4997799899506,-44.888204141675686,-222.568056341199,3051.944110255569,-30.61752327471615,0.69347657033171,0.0,-0.7204791783257647,3.929013079667063,3.929013079667063
-221.96218702857186,3027.7735433091566,-32.87865833218741,-219.04432947708776,3040.4997799899506,-44.888204141675686,0.69347657033171,0.0,-0.7204791783257647,3.929013079667063,3.929013079667063
-219.04432947708776,3040.4997799899506,-44.888204141675686,-216.12647192560365,3053.2260166707456,-56.897749951163945,0.69347657033171,0.0,-0.7204791783257647,3.929013079667063,3.929013079667063
-216.12647192560365,3053.2260166707456,-56.897749951163945,-219.65019878971486,3064.670346936363,-42.62706908420441,0.69347657033171,0.0,-0.7204791783257647,3.929013079667063,3.929013079667063
-219.65019878971486,3064.670346936363,-42.62706908420441,-223.17392565382607,3076.1146772019806,-28.35638821724487,0.69347657033171,0.0,-0.7204791783257647,3.929013079667063,3.929013079667063
-222.568056341199,3051.944110255569,-30.61752327471615,-219.65019878971486,3064.670346936363,-42.62706908420441,0.69347657033171,0.0,-0.7204791783257647,3.929013079667063,3.929013079667063
-219.65019878971486,3064.670346936363,-42.62706908420441,-216.73234123823076,3077.3965836171574,-54.636614893692666,0.69347657033171,0.0,-0.7204791783257647,3.929013079667063,3.929013079667063
-216.73234123823076,3077.3965836171574,-54.63661489369268,-220.256068102342,3088.8409138827747,-40.36593402673314,0.69347657033171,0.0,-0.7204791783257647,3.929013079667063,3.929013079667063
-220.256068102342,3088.8409138827747,-40.36593402673314,-223.7797949664532,3100.2852441483924,-26.095253159773605,0.69347657033171,0.0,-0.7204791783257647,3.929013079667063,3.929013079667063
-223.17392565382607,3076.1146772019806,-28.356388217244884,-220.256068102342,3088.8409138827747,-40.36593402673314,0.69347657033171,0.0,-0.7204791783257647,3.929013079667063,3.929013079667063
-220.256068102342,3088.8409138827747,-40.36593402673314,-217.3382105508579,3101.567150563569,-52.3754798362214,0.69347657033171,0.0,-0.7204791783257647,3.929013079667063,3.929013079667063
-217.3382105508579,3101.567150563569,-52.3754798362214,-220.86193741496913,3113.0114808291864,-38.10479896926188,0.69347657033171,0.0,-0.7204791783257647,3.929013079667063,3.929013079667063
-220.86193741496913,3113.0114808291864,-38.10479896926188,-224.38566427908034,3124.455811094804,-23.83411810230234,0.69347657033171,0.0,-0.7204791783257647,3.929013079667063,3.929013079667063
-223.7797949664532,3100.2852441483924,-26.095253159773605,-220.86193741496913,3113.0114808291864,-38.10479896926188,0.69347657033171,0.0,-0.7204791783257647,3.929013079667063,3.929013079667063
-220.86193741496913,3113.0114808291864,-38.10479896926188,-217.944079863485,3125.737717509981,-50.11434477875014,0.69347657033171,0.0,-0.7204791783257647,3.929013079667063,3.929013079667063
-217.944079863485,3125.737717509981,-50.11434477875014,-221.46780672759624,3137.182047775598,-35.843663911790614,0.69347657033171,0.0,-0.7204791783257647,3.929013079667063,3.929013079667063
-221.46780672759624,3137.182047775598,-35.843663911790614,-224.99153359170748,3148.626378041216,-21.572983044831076,0.69347657033171,0.0,-0.7204791783257647,3.929013079667063,3.929013079667063
-224.38566427908034,3124.455811094804,-23.83411810230234,-221.46780672759624,3137.182047775598,-35.843663911790614,0.69347657033171,0.0,-0.7204791783257647,3.929013079667063,3.929013079667063
-221.46780672759624,3137.182047775598,-35.843663911790614,-218.54994917611214,3149.9082844563927,-47.85320972127887,0.69347657033171,0.0,-0.7204791783257647,3.929013079667063,3.929013079667063
-218.54994917611214,3149.9082844563927,-47.85320972127889,-222.07367604022338,3161.35261472201,-33.58252885431935,0.69347657033171,0.0,-0.7204791783257647,3.929013079667063,3.929013079667063
-222.07367604022338,3161.35261472201,-33.58252885431935,-225.59740290433461,3172.7969449876277,-19.311847987359812,0.69347657033171,0.0,-0.7204791783257647,3.929013079667063,3.929013079667063
-224.99153359170748,3148.626378041216,-21.57298304483109,-222.07367604022338,3161.35261472201,-33.58252885431935,0.69347657033171,0.0,-0.7204791783257647,3.929013079667063,3.929013079667063
-222.07367604022338,3161.35261472201,-33.58252885431935,-219.15581848873927,3174.0788514028045,-45.59207466380761,0.69347657033171,0.0,-0.7204791783257647,3.929013079667063,3.929013079667063
-219.15581848873927,3174.0788514028045,-45.59207466380761,-222.6795453528505,3185.523181668422,-31.32139379684807,0.69347657033171,0.0,-0.7204791783257647,3.929013079667063,3.929013079667063
-222.6795453528505,3185.523181668422,-31.32139379684807,-226.2032722169617,3196.9675119340395,-17.050712929888533,0.69347657033171,0.0,-0.7204791783257647,3.929013079667063,3.929013079667063
-225.59740290433461,3172.7969449876277,-19.311847987359812,-222.6795453528505,3185.523181668422,-31.32139379684807,0.69347657033171,0.0,-0.7204791783257647,3.929013079667063,3.929013079667063
-222.6795453528505,3185.523181668422,-31.32139379684807,-219.76168780136638,3198.2494183492163,-43.33093960633633,0.69347657033171,0.0,-0.7204791783257647,3.929013079667063,3.929013079667063
-219.76168780136638,3198.2494183492163,-43.330939606336344,-223.28541466547762,3209.6937486148336,-29.060258739376806,0.69347657033171,0.0,-0.7204791783257647,3.929013079667063,3.929013079667063
-223.28541466547762,3209.6937486148336,-29.060258739376806,-226.80914152958883,3221.1380788804518,-14.789577872417283,0.69347657033171,0.0,-0.7204791783257647,3.929013079667063,3.929013079667063
-226.2032722169617,3196.9675119340395,-17.050712929888547,-223.28541466547762,3209.6937486148336,-29.060258739376806,0.69347657033171,0.0,-0.7204791783257647,3.929013079667063,3.929013079667063
-223.28541466547762,3209.6937486148336,-29.060258739376806,-220.3675571139935,3222.4199852956285,-41.06980454886508,0.69347657033171,0.0,-0.7204791783257647,3.929013079667063,3.929013079667063
-220.3675571139935,3222.4199852956285,-41.06980454886508,-223.89128397810475,3233.864315561246,-26.79912368190554,0.69347657033171,0.0,-0.7204791783257647,3.929013079667063,3.929013079667063
-223.89128397810475,3233.864315561246,-26.79912368190554,-227.41501084221596,3245.3086458268635,-12.528442814946004,0.69347657033171,0.0,-0.7204791783257647,3.929013079667063,3.929013079667063
-226.80914152958883,3221.1380788804518,-14.789577872417283,-223.89128397810475,3233.864315561246,-26.79912368190554,0.69347657033171,0.0,-0.7204791783257647,3.929013079667063,3.929013079667063
-223.89128397810475,3233.864315561246,-26.79912368190554,-220.97342642662065,3246.5905522420403,-38.8086694913938,0.69347657033171,0.0,-0.7204791783257647,3.929013079667063,3.929013079667063
-220.97342642662065,3246.5905522420403,-38.808669491393815,-224.4971532907319,3258.0348825076576,-24.537988624434277,0.69347657033171,0.0,-0.7204791783257647,3.929013079667063,3.929013079667063
-224.4971532907319,3258.0348825076576,-24.537988624434277,-228.0208801548431,3269.4792127732753,-10.26730775747474,0.69347657033171,0.0,-0.7204791783257647,3.929013079667063,3.929013079667063
-227.41501084221596,3245.3086458268635,-12.528442814946018,-224.4971532907319,3258.0348825076576,-24.537988624434277,0.69347657033171,0.0,-0.7204791783257647,3.929013079667063,3.929013079667063
-224.4971532907319,3258.0348825076576,-24.537988624434277,-221.57929573924775,3270.761119188452,-36.547534433922536,0.69347657033171,0.0,-0.7204791783257647,3.929013079667063,3.929013079667063
-221.57929573924775,3270.761119188452,-36.54753443392255,-225.103022603359,3282.2054494540694,-22.276853566963013,0.69347657033171,0.0,-0.7204791783257647,3.929013079667063,3.929013079667063
-225.103022603359,3282.2054494540694,-22.276853566963013,-228.62674946747023,3293.649779719687,-8.006172700003475,0.69347657033171,0.0,-0.7204791783257647,3.929013079667063,3.929013079667063
-228.0208801548431,3269.4792127732753,-10.267307757474754,-225.103022603359,3282.2054494540694,-22.276853566963013,0.69347657033171,0.0,-0.7204791783257647,3.929013079667063,3.929013079667063
-225.103022603359,3282.2054494540694,-22.276853566963013,-222.1851650518749,3294.931686134864,-34.28639937645127,0.69347657033171,0.0,-0.7204791783257647,3.929013079667063,3.929013079667063
-222.1851650518749,3294.931686134864,-34.28639937645127,-225.70889191598613,3306.376016400481,-20.015718509491734,0.69347657033171,0.0,-0.7204791783257647,3.929013079667063,3.929013079667063
-225.70889191598613,3306.376016400481,-20.015718509491734,-229.23261878009737,3317.8203466660993,-5.7450376425322105,0.69347657033171,0.0,-0.7204791783257647,3.929013079667063,3.929013079667063
-228.62674946747023,3293.649779719687,-8.006172700003475,-225.70889191598613,3306.376016400481,-20.015718509491734,0.69347657033171,0.0,-0.7204791783257647,3.929013079667063,3.929013079667063
-225.70889191598613,3306.376016400481,-20.015718509491734,-222.79103436450202,3319.102253081276,-32.02526431898001,0.69347657033171,0.0,-0.7204791783257647,3.929013079667063,3.929013079667063
-222.79103436450202,3319.1022530812756,-32.02526431898001,-226.31476122861324,3330.546583346893,-17.754583452020483,0.69347657033171,0.0,-0.7204791783257647,3.929013079667063,3.929013079667063
-226.31476122861324,3330.546583346893,-17.754583452020483,-229.83848809272445,3341.9909136125107,-3.48390258506096,0.69347657033171,0.0,-0.7204791783257647,3.929013079667063,3.929013079667063
-229.23261878009737,3317.820346666099,-5.7450376425322105,-226.31476122861324,3330.546583346893,-17.754583452020483,0.69347657033171,0.0,-0.7204791783257647,3.929013079667063,3.929013079667063
-226.31476122861324,3330.546583346893,-17.754583452020483,-223.39690367712913,3343.2728200276874,-29.764129261508756,0.69347657033171,0.0,-0.7204791783257647,3.929013079667063,3.929013079667063
-223.39690367712913,3343.2728200276874,-29.764129261508756,-226.92063054124037,3354.717150293305,-15.493448394549217,0.69347657033171,0.0,-0.7204791783257647,3.929013079667063,3.929013079667063
-226.92063054124037,3354.717150293305,-15.493448394549217,-230.44435740535158,3366.161480558923,-1.2227675275896814,0.69347657033171,0.0,-0.7204791783257647,3.929013079667063,3.929013079667063
-229.83848809272445,3341.9909136125107,-3.48390258506096,-226.92063054124037,3354.717150293305,-15.493448394549217,0.69347657033171,0.0,-0.7204791783257647,3.929013079667063,3.929013079667063
-226.92063054124037,3354.717150293305,-15.493448394549217,-224.00277298975627,3367.4433869740997,-27.502994204037478,0.69347657033171,0.0,-0.7204791783257647,3.929013079667063,3.929013079667063
-224.00277298975627,3367.4433869740997,-27.502994204037478,-227.5264998538675,3378.887717239717,-13.232313337077938,0.69347657033171,0.0,-0.7204791783257647,3.929013079667063,3.929013079667063
-227.5264998538675,3378.887717239717,-13.232313337077938,-231.05022671797872,3390.3320475053347,1.0383675298815689,0.69347657033171,0.0,-0.7204791783257647,3.929013079667063,3.929013079667063
-230.44435740535158,3366.161480558923,-1.2227675275896814,-227.5264998538675,3378.887717239717,-13.232313337077938,0.69347657033171,0.0,-0.7204791783257647,3.929013079667063,3.929013079667063
-227.5264998538675,3378.887717239717,-13.232313337077938,-224.60864230238337,3391.6139539205114,-25.241859146566227,0.69347657033171,0.0,-0.7204791783257647,3.929013079667063,3.929013079667063
-224.60864230238337,3391.6139539205114,-25.241859146566227,-228.1323691664946,3403.0582841861287,-10.971178279606688,0.69347657033171,0.0,-0.7204791783257647,3.929013079667063,3.929013079667063
-228.1323691664946,3403.0582841861287,-10.971178279606688,-231.65609603060585,3414.5026144517465,3.2995025873528476,0.69347657033171,0.0,-0.7204791783257647,3.929013079667063,3.929013079667063
-231.05022671797872,3390.3320475053347,1.0383675298815689,-228.1323691664946,3403.0582841861287,-10.971178279606688,0.69347657033171,0.0,-0.7204791783257647,3.929013079667063,3.929013079667063
-228.1323691664946,3403.0582841861287,-10.971178279606688,-225.2145116150105,3415.7845208669232,-22.98072408909495,0.69347657033171,0.0,-0.7204791783257647,3.929013079667063,3.929013079667063
-225.2145116150105,3415.7845208669232,-22.98072408909495,-228.73823847912175,3427.2288511325405,-8.71004322213541,0.69347657033171,0.0,-0.7204791783257647,3.929013079667063,3.929013079667063
-228.73823847912175,3427.2288511325405,-8.71004322213541,-232.261965343233,3438.6731813981582,5.560637644824112,0.69347657033171,0.0,-0.7204791783257647,3.929013079667063,3.929013079667063
-231.65609603060585,3414.5026144517465,3.2995025873528476,-228.73823847912175,3427.2288511325405,-8.71004322213541,0.69347657033171,0.0,-0.7204791783257647,3.929013079667063,3.929013079667063
-228.73823847912175,3427.2288511325405,-8.71004322213541,-225.82038092763764,3439.955087813335,-20.719589031623684,0.69347657033171,0.0,-0.7204791783257647,3.929013079667063,3.929013079667063
-225.82038092763764,3439.955087813335,-20.719589031623684,-229.34410779174888,3451.3994180789523,-6.448908164664145,0.69347657033171,0.0,-0.7204791783257647,3.929013079667063,3.929013079667063
-229.34410779174888,3451.3994180789523,-6.448908164664145,-232.86783465586012,3462.84374834457,7.821772702295391,0.69347657033171,0.0,-0.7204791783257647,3.929013079667063,3.929013079667063
-232.261965343233,3438.6731813981582,5.560637644824112,-229.34410779174888,3451.3994180789523,-6.448908164664145,0.69347657033171,0.0,-0.7204791783257647,3.929013079667063,3.929013079667063
-229.34410779174888,3451.3994180789523,-6.448908164664145,-226.42625024026478,3464.125654759747,-18.458453974152405,0.69347657033171,0.0,-0.7204791783257647,3.929013079667063,3.929013079667063
-187.9872385111394,2320.374426855538,-108.53448275862064,-195.9940743810467,2344.5449938019497,-119.09219780347672,0.0,0.0,1.0,3.929013079667063,3.929013079667063
-181.19214126648637,2344.5449938019497,-93.45449759882203,-189.19897713639364,2368.7155607483614,-104.01221264367811,0.0,0.0,1.0,3.929013079667063,3.929013079667063
-189.19897713639364,2368.7155607483614,-104.01221264367811,-197.20581300630093,2392.886127694773,-114.5699276885342,0.0,0.0,1.0,3.929013079667063,3.929013079667063
-195.9940743810467,2344.5449938019497,-119.09219780347672,-189.19897713639364,2368.7155607483614,-104.01221264367811,0.0,0.0,1.0,3.929013079667063,3.929013079667063
-189.19897713639364,2368.7155607483614,-104.01221264367811,-182.40387989174062,2392.886127694773,-88.9322274838795,0.0,0.0,1.0,3.929013079667063,3.929013079667063
-182.40387989174062,2392.886127694773,-88.9322274838795,-190.4107157616479,2417.0566946411855,-99.48994252873558,0.0,0.0,1.0,3.929013079667063,3.929013079667063
-190.4107157616479,2417.0566946411855,-99.48994252873558,-198.41755163155517,2441.2272615875972,-110.04765757359165,0.0,0.0,1.0,3.929013079667063,3.929013079667063
-197.20581300630093,2392.886127694773,-114.5699276885342,-190.4107157616479,2417.0566946411855,-99.48994252873558,0.0,0.0,1.0,3.929013079667063,3.929013079667063
-190.4107157616479,2417.0566946411855,-99.48994252873558,-183.61561851699486,2441.2272615875972,-84.40995736893696,0.0,0.0,1.0,3.929013079667063,3.929013079667063
-183.61561851699486,2441.2272615875972,-84.40995736893696,-191.62245438690215,2465.397828534009,-94.96767241379304,0.0,0.0,1.0,3.929013079667063,3.929013079667063
-191.62245438690215,2465.397828534009,-94.96767241379304,-199.62929025680944,2489.568395480421,-105.52538745864912,0.0,0.0,1.0,3.929013079667063,3.929013079667063
-198.41755163155517,2441.2272615875972,-110.04765757359165,-191.62245438690215,2465.397828534009,-94.96767241379304,0.0,0.0,1.0,3.929013079667063,3.929013079667063
-191.62245438690215,2465.397828534009,-94.96767241379304,-184.82735714224913,2489.568395480421,-79.88768725399443,0.0,0.0,1.0,3.929013079667063,3.929013079667063
-184.82735714224913,2489.568395480421,-79.88768725399443,-192.8341930121564,2513.7389624268326,-90.44540229885051,0.0,0.0,1.0,3.929013079667063,3.929013079667063
-192.8341930121564,2513.7389624268326,-90.44540229885051,-200.84102888206368,2537.9095293732444,-101.00311734370659,0.0,0.0,1.0,3.929013079667063,3.929013079667063
-199.62929025680944,2489.568395480421,-105.52538745864912,-192.8341930121564,2513.7389624268326,-90.44540229885051,0.0,0.0,1.0,3.929013079667063,3.929013079667063
-192.8341930121564,2513.7389624268326,-90.44540229885051,-186.03909576750337,2537.9095293732444,-75.3654171390519,0.0,0.0,1.0,3.929013079667063,3.929013079667063
-186.03909576750337,2537.9095293732444,-75.3654171390519,-194.04593163741066,2562.0800963196566,-85.92313218390798,0.0,0.0,1.0,3.929013079667063,3.929013079667063
-194.04593163741066,2562.0800963196566,-85.92313218390798,-202.05276750731792,2586.2506632660684,-96.48084722876406,0.0,0.0,1.0,3.929013079667063,3.929013079667063
-200.84102888206368,2537.9095293732444,-101.00311734370659,-194.04593163741066,2562.0800963196566,-85.92313218390798,0.0,0.0,1.0,3.929013079667063,3.929013079667063
-194.04593163741066,2562.0800963196566,-85.92313218390798,-187.2508343927576,2586.2506632660684,-70.84314702410937,0.0,0.0,1.0,3.929013079667063,3.929013079667063
-187.2508343927576,2586.2506632660684,-70.84314702410937,-195.2576702626649,2610.42123021248,-81.40086206896544,0.0,0.0,1.0,3.929013079667063,3.929013079667063
-195.2576702626649,2610.42123021248,-81.40086206896544,-203.26450613257217,2634.591797158892,-91.95857711382152,0.0,0.0,1.0,3.929013079667063,3.929013079667063
-202.05276750731792,2586.2506632660684,-96.48084722876406,-195.2576702626649,2610.42123021248,-81.40086206896544,0.0,0.0,1.0,3.929013079667063,3.929013079667063
-195.2576702626649,2610.42123021248,-81.40086206896544,-188.46257301801185,2634.591797158892,-66.32087690916683,0.0,0.0,1.0,3.929013079667063,3.929013079667063
-188.46257301801185,2634.591797158892,-66.32087690916683,-196.46940888791914,2658.7623641053037,-76.87859195402291,0.0,0.0,1.0,3.929013079667063,3.929013079667063
-196.46940888791914,2658.7623641053037,-76.87859195402291,-204.47624475782644,2682.9329310517155,-87.43630699887899,0.0,0.0,1.0,3.929013079667063,3.929013079667063
-203.26450613257217,2634.591797158892,-91.95857711382152,-196.46940888791914,2658.7623641053037,-76.87859195402291,0.0,0.0,1.0,3.929013079667063,3.929013079667063
-196.46940888791914,2658.7623641053037,-76.87859195402291,-189.67431164326612,2682.9329310517155,-61.79860679422429,0.0,0.0,1.0,3.929013079667063,3.929013079667063
-189.67431164326612,2682.9329310517155,-61.798606794224305,-197.68114751317339,2707.1034979981278,-72.35632183908038,0.0,0.0,1.0,3.929013079667063,3.929013079667063
-197.68114751317339,2707.1034979981278,-72.35632183908038,-205.68798338308068,2731.2740649445395,-82.91403688393646,0.0,0.0,1.0,3.929013079667063,3.929013079667063
-204.47624475782644,2682.9329310517155,-87.436306998879,-197.68114751317339,2707.1034979981278,-72.35632183908038,0.0,0.0,1.0,3.929013079667063,3.929013079667063
-197.68114751317339,2707.1034979981278,-72.35632183908038,-190.88605026852036,2731.2740649445395,-57.27633667928176,0.0,0.0,1.0,3.929013079667063,3.929013079667063
-190.88605026852036,2731.2740649445395,-57.27633667928176,-198.89288613842766,2755.4446318909513,-67.83405172413785,0.0,0.0,1.0,3.929013079667063,3.929013079667063
-198.89288613842766,2755.4446318909513,-67.83405172413785,-206.89972200833492,2779.615198837363,-78.39176676899392,0.0,0.0,1.0,3.929013079667063,3.929013079667063
-205.68798338308068,2731.2740649445395,-82.91403688393646,-198.89288613842766,2755.4446318909513,-67.83405172413785,0.0,0.0,1.0,3.929013079667063,3.929013079667063
-198.89288613842766,2755.4446318909513,-67.83405172413785,-192.0977888937746,2779.615198837363,-52.75406656433922,0.0,0.0,1.0,3.929013079667063,3.929013079667063
-192.0977888937746,2779.615198837363,-52.75406656433922,-200.1046247636819,2803.785765783775,-63.31178160919531,0.0,0.0,1.0,3.929013079667063,3.929013079667063
-200.1046247636819,2803.785765783775,-63.31178160919531,-208.1114606335892,2827.9563327301867,-73.86949665405139,0.0,0.0,1.0,3.929013079667063,3.929013079667063
-206.89972200833492,2779.615198837363,-78.39176676899392,-200.1046247636819,2803.785765783775,-63.31178160919531,0.0,0.0,1.0,3.929013079667063,3.929013079667063
-200.1046247636819,2803.785765783775,-63.31178160919531,-193.30952751902888,2827.9563327301867,-48.23179644939669,0.0,0.0,1.0,3.929013079667063,3.929013079667063
-193.30952751902888,2827.9563327301867,-48.23179644939669,-201.31636338893614,2852.1268996765984,-58.789511494252785,0.0,0.0,1.0,3.929013079667063,3.929013079667063
-201.31636338893614,2852.1268996765984,-58.789511494252785,-209.32319925884343,2876.2974666230107,-69.34722653910886,0.0,0.0,1.0,3.929013079667063,3.929013079667063
-208.1114606335892,2827.9563327301867,-73.86949665405139,-201.31636338893614,2852.1268996765984,-58.789511494252785,0.0,0.0,1.0,3.929013079667063,3.929013079667063
-201.31636338893614,2852.1268996765984,-58.789511494252785,-194.52126614428312,2876.2974666230107,-43.70952633445416,0.0,0.0,1.0,3.929013079667063,3.929013079667063
-194.52126614428312,2876.29746662301,-43.70952633445417,-202.5281020141904,2900.4680335694225,-54.26724137931025,0.0,0.0,1.0,3.929013079667063,3.929013079667063
-202.5281020141904,2900.4680335694225,-54.26724137931025,-210.53493788409767,2924.6386005158342,-64.82495642416633,0.0,0.0,1.0,3.929013079667063,3.929013079667063
-209.32319925884343,2876.29746662301,-69.34722653910887,-202.5281020141904,2900.4680335694225,-54.26724137931025,0.0,0.0,1.0,3.929013079667063,3.929013079667063
-202.5281020141904,2900.4680335694225,-54.26724137931025,-195.73300476953736,2924.6386005158342,-39.18725621951163,0.0,0.0,1.0,3.929013079667063,3.929013079667063
-195.73300476953736,2924.6386005158342,-39.187256219511625,-203.73984063944465,2948.809167462246,-49.74497126436771,0.0,0.0,1.0,3.929013079667063,3.929013079667063
-203.73984063944465,2948.809167462246,-49.74497126436771,-211.74667650935194,2972.979734408658,-60.3026863092238,0.0,0.0,1.0,3.929013079667063,3.929013079667063
-210.53493788409767,2924.6386005158342,-64.82495642416633,-203.73984063944465,2948.809167462246,-49.74497126436771,0.0,0.0,1.0,3.929013079667063,3.929013079667063
-203.73984063944465,2948.809167462246,-49.74497126436771,-196.94474339479163,2972.979734408658,-34.664986104569095,0.0,0.0,1.0,3.929013079667063,3.929013079667063
-196.94474339479163,2972.9797344086583,-34.66498610456909,-204.9515792646989,2997.15030135507,-45.22270114942518,0.0,0.0,1.0,3.929013079667063,3.929013079667063
-204.9515792646989,2997.15030135507,-45.22270114942518,-212.95841513460618,3021.320868301482,-55.780416194281266,0.0,0.0,1.0,3.929013079667063,3.929013079667063
-211.74667650935194,2972.9797344086583,-60.302686309223795,-204.9515792646989,2997.15030135507,-45.22270114942518,0.0,0.0,1.0,3.929013079667063,3.929013079667063
-204.9515792646989,2997.15030135507,-45.22270114942518,-198.15648202004587,3021.320868301482,-30.14271598962656,0.0,0.0,1.0,3.929013079667063,3.929013079667063
-198.15648202004587,3021.320868301482,-30.14271598962656,-206.16331788995313,3045.4914352478936,-40.70043103448265,0.0,0.0,1.0,3.929013079667063,3.929013079667063
-206.16331788995313,3045.4914352478936,-40.70043103448265,-214.17015375986043,3069.6620021943054,-51.25814607933874,0.0,0.0,1.0,3.929013079667063,3.929013079667063
-212.95841513460618,3021.320868301482,-55.780416194281266,-206.16331788995313,3045.4914352478936,-40.70043103448265,0.0,0.0,1.0,3.929013079667063,3.929013079667063
-206.16331788995313,3045.4914352478936,-40.70043103448265,-199.3682206453001,3069.6620021943054,-25.62044587468403,0.0,0.0,1.0,3.929013079667063,3.929013079667063
-199.3682206453001,3069.6620021943054,-25.62044587468403,-207.3750565152074,3093.832569140717,-36.17816091954012,0.0,0.0,1.0,3.929013079667063,3.929013079667063
-207.3750565152074,3093.832569140717,-36.17816091954012,-215.38189238511467,3118.003136087129,-46.73587596439621,0.0,0.0,1.0,3.929013079667063,3.929013079667063
-214.17015375986043,3069.6620021943054,-51.25814607933874,-207.3750565152074,3093.832569140717,-36.17816091954012,0.0,0.0,1.0,3.929013079667063,3.929013079667063
-207.3750565152074,3093.832569140717,-36.17816091954012,-200.57995927055435,3118.003136087129,-21.0981757597415,0.0,0.0,1.0,3.929013079667063,3.929013079667063
-200.57995927055438,3118.003136087129,-21.098175759741487,-208.58679514046165,3142.1737030335407,-31.655890804597576,0.0,0.0,1.0,3.929013079667063,3.929013079667063
-208.58679514046165,3142.1737030335407,-31.655890804597576,-216.59363101036894,3166.3442699799525,-42.21360584945368,0.0,0.0,1.0,3.929013079667063,3.929013079667063
-215.3818923851147,3118.003136087129,-46.73587596439619,-208.58679514046165,3142.1737030335407,-31.655890804597576,0.0,0.0,1.0,3.929013079667063,3.929013079667063
-208.58679514046165,3142.1737030335407,-31.655890804597576,-201.79169789580862,3166.3442699799525,-16.575905644798972,0.0,0.0,1.0,3.929013079667063,3.929013079667063
-201.79169789580862,3166.344269979953,-16.575905644798958,-209.7985337657159,3190.5148369263648,-27.133620689655046,0.0,0.0,1.0,3.929013079667063,3.929013079667063
-209.7985337657159,3190.5148369263648,-27.133620689655046,-217.80536963562318,3214.6854038727765,-37.691335734511135,0.0,0.0,1.0,3.929013079667063,3.929013079667063
-216.59363101036894,3166.344269979953,-42.213605849453664,-209.7985337657159,3190.5148369263648,-27.133620689655046,0.0,0.0,1.0,3.929013079667063,3.929013079667063
-209.7985337657159,3190.5148369263648,-27.133620689655046,-203.00343652106287,3214.6854038727765,-12.05363552985643,0.0,0.0,1.0,3.929013079667063,3.929013079667063
-203.00343652106287,3214.6854038727765,-12.053635529856416,-211.01027239097016,3238.8559708191883,-22.611350574712517,0.0,0.0,1.0,3.929013079667063,3.929013079667063
-211.01027239097016,3238.8559708191883,-22.611350574712517,-219.01710826087742,3263.0265377656,-33.169065619568606,0.0,0.0,1.0,3.929013079667063,3.929013079667063
-217.80536963562318,3214.6854038727765,-37.69133573451112,-211.01027239097016,3238.8559708191883,-22.611350574712517,0.0,0.0,1.0,3.929013079667063,3.929013079667063
-211.01027239097016,3238.8559708191883,-22.611350574712517,-204.2151751463171,3263.0265377656,-7.5313654149139015,0.0,0.0,1.0,3.929013079667063,3.929013079667063
-204.2151751463171,3263.0265377656,-7.5313654149139015,-212.2220110162244,3287.197104712012,-18.08908045976999,0.0,0.0,1.0,3.929013079667063,3.929013079667063
-212.2220110162244,3287.197104712012,-18.08908045976999,-220.2288468861317,3311.3676716584237,-28.646795504626077,0.0,0.0,1.0,3.929013079667063,3.929013079667063
-219.01710826087742,3263.0265377656,-33.169065619568606,-212.2220110162244,3287.197104712012,-18.08908045976999,0.0,0.0,1.0,3.929013079667063,3.929013079667063
-212.2220110162244,3287.197104712012,-18.08908045976999,-205.42691377157138,3311.3676716584237,-3.0090952999713725,0.0,0.0,1.0,3.929013079667063,3.929013079667063
-205.42691377157138,3311.367671658424,-3.0090952999713583,-213.43374964147864,3335.538238604836,-13.566810344827445,0.0,0.0,1.0,3.929013079667063,3.929013079667063
-213.43374964147864,3335.538238604836,-13.566810344827445,-221.44058551138593,3359.7088055512477,-24.124525389683548,0.0,0.0,1.0,3.929013079667063,3.929013079667063
-220.2288468861317,3311.367671658424,-28.646795504626063,-213.43374964147864,3335.538238604836,-13.566810344827445,0.0,0.0,1.0,3.929013079667063,3.929013079667063
-213.43374964147864,3335.538238604836,-13.566810344827445,-206.63865239682562,3359.7088055512477,1.5131748149711566,0.0,0.0,1.0,3.929013079667063,3.929013079667063
-206.63865239682562,3359.7088055512477,1.5131748149711708,-214.6454882667329,3383.8793724976595,-9.04454022988493,0.0,0.0,1.0,3.929013079667063,3.929013079667063
-214.6454882667329,3383.8793724976595,-9.04454022988493,-222.65232413664017,3408.0499394440712,-19.602255274741005,0.0,0.0,1.0,3.929013079667063,3.929013079667063
-221.44058551138593,3359.7088055512477,-24.124525389683534,-214.6454882667329,3383.8793724976595,-9.04454022988493,0.0,0.0,1.0,3.929013079667063,3.929013079667063
-214.6454882667329,3383.8793724976595,-9.04454022988493,-207.85039102207986,3408.0499394440712,6.0354449299137,0.0,0.0,1.0,3.929013079667063,3.929013079667063
-207.85039102207986,3408.0499394440712,6.035444929913671,-215.85722689198715,3432.220506390483,-4.522270114942401,0.0,0.0,1.0,3.929013079667063,3.929013079667063
-215.85722689198715,3432.220506390483,-4.522270114942401,-223.86406276189442,3456.391073336895,-15.079985159798474,0.0,0.0,1.0,3.929013079667063,3.929013079667063
-222.65232413664017,3408.0499394440712,-19.602255274741033,-215.85722689198715,3432.220506390483,-4.522270114942401,0.0,0.0,1.0,3.929013079667063,3.929013079667063
-215.85722689198715,3432.220506390483,-4.522270114942401,-209.0621296473341,3456.391073336895,10.557715044856229,0.0,0.0,1.0,3.929013079667063,3.929013079667063
-217.0689655172414,3480.5616402833066,1.4210854715202004e-13,-223.86406276189442,3456.391073336895,-15.079985159798474,0.0,0.0,1.0,3.929013079667063,3.929013079667063
-182.40387989174062,2392.886127694773,-88.9322274838795,-180.22944877345165,2400.620709117625,-84.10663223274393,0.0,0.0,1.0,3.929013079667063,3.929013079667063
-197.20581300630093,2392.886127694773,-114.5699276885342,-199.76800048467126,2400.620709117625,-117.94839650288814,0.0,0.0,1.0,3.929013079667063,3.929013079667063
-183.61561851699486,2441.2272615875972,-84.40995736893696,-181.4411873987059,2448.961843010449,-79.58436211780139,0.0,0.0,1.0,3.929013079667063,3.929013079667063
-198.41755163155517,2441.2272615875972,-110.04765757359165,-200.9797391099255,2448.961843010449,-113.4261263879456,0.0,0.0,1.0,3.929013079667063,3.929013079667063
-184.82735714224913,2489.568395480421,-79.88768725399443,-182.65292602396013,2497.302976903273,-75.06209200285886,0.0,0.0,1.0,3.929013079667063,3.929013079667063
-199.62929025680944,2489.568395480421,-105.52538745864912,-202.19147773517975,2497.302976903273,-108.90385627300307,0.0,0.0,1.0,3.929013079667063,3.929013079667063
-186.03909576750337,2537.9095293732444,-75.3654171390519,-183.8646646492144,2545.6441107960964,-70.53982188791633,0.0,0.0,1.0,3.929013079667063,3.929013079667063
-200.84102888206368,2537.9095293732444,-101.00311734370659,-203.40321636043402,2545.6441107960964,-104.38158615806054,0.0,0.0,1.0,3.929013079667063,3.929013079667063
-187.2508343927576,2586.2506632660684,-70.84314702410937,-185.07640327446865,2593.98524468892,-66.0175517729738,0.0,0.0,1.0,3.929013079667063,3.929013079667063
-202.05276750731792,2586.2506632660684,-96.48084722876406,-204.61495498568826,2593.98524468892,-99.85931604311801,0.0,0.0,1.0,3.929013079667063,3.929013079667063
-188.46257301801185,2634.591797158892,-66.32087690916683,-186.2881418997229,2642.326378581744,-61.495281658031274,0.0,0.0,1.0,3.929013079667063,3.929013079667063
-203.26450613257217,2634.591797158892,-91.95857711382152,-205.8266936109425,2642.326378581744,-95.33704592817548,0.0,0.0,1.0,3.929013079667063,3.929013079667063
-189.67431164326612,2682.9329310517155,-61.79860679422429,-187.49988052497716,2690.6675124745675,-56.97301154308873,0.0,0.0,1.0,3.929013079667063,3.929013079667063
-204.47624475782644,2682.9329310517155,-87.43630699887899,-207.03843223619677,2690.6675124745675,-90.81477581323294,0.0,0.0,1.0,3.929013079667063,3.929013079667063
-190.88605026852036,2731.2740649445395,-57.27633667928176,-188.7116191502314,2739.008646367391,-52.450741428146216,0.0,0.0,1.0,3.929013079667063,3.929013079667063
-205.68798338308068,2731.2740649445395,-82.91403688393646,-208.250170861451,2739.008646367391,-86.29250569829043,0.0,0.0,1.0,3.929013079667063,3.929013079667063
-192.0977888937746,2779.615198837363,-52.75406656433922,-189.92335777548564,2787.349780260215,-47.92847131320367,0.0,0.0,1.0,3.929013079667063,3.929013079667063
-206.89972200833492,2779.615198837363,-78.39176676899392,-209.46190948670525,2787.349780260215,-81.77023558334788,0.0,0.0,1.0,3.929013079667063,3.929013079667063
-193.30952751902888,2827.9563327301867,-48.23179644939669,-191.13509640073988,2835.6909141530386,-43.40620119826114,0.0,0.0,1.0,3.929013079667063,3.929013079667063
-208.1114606335892,2827.9563327301867,-73.86949665405139,-210.6736481119595,2835.6909141530386,-77.24796546840534,0.0,0.0,1.0,3.929013079667063,3.929013079667063
-194.52126614428312,2876.2974666230107,-43.70952633445416,-192.34683502599415,2884.032048045862,-38.8839310833186,0.0,0.0,1.0,3.929013079667063,3.929013079667063
-209.32319925884343,2876.2974666230107,-69.34722653910886,-211.88538673721376,2884.032048045862,-72.72569535346281,0.0,0.0,1.0,3.929013079667063,3.929013079667063
-195.73300476953736,2924.6386005158342,-39.18725621951163,-193.5585736512484,2932.373181938686,-34.36166096837607,0.0,0.0,1.0,3.929013079667063,3.929013079667063
-210.53493788409767,2924.6386005158342,-64.82495642416633,-213.097125362468,2932.373181938686,-68.20342523852028,0.0,0.0,1.0,3.929013079667063,3.929013079667063
-196.94474339479163,2972.979734408658,-34.664986104569095,-194.77031227650264,2980.71431583151,-29.839390853433542,0.0,0.0,1.0,3.929013079667063,3.929013079667063
-211.74667650935194,2972.979734408658,-60.3026863092238,-214.30886398772225,2980.71431583151,-63.68115512357775,0.0,0.0,1.0,3.929013079667063,3.929013079667063
-198.15648202004587,3021.320868301482,-30.14271598962656,-195.9820509017569,3029.0554497243334,-25.317120738491,0.0,0.0,1.0,3.929013079667063,3.929013079667063
-212.95841513460618,3021.320868301482,-55.780416194281266,-215.52060261297652,3029.0554497243334,-59.15888500863521,0.0,0.0,1.0,3.929013079667063,3.929013079667063
-199.3682206453001,3069.6620021943054,-25.62044587468403,-197.19378952701115,3077.396583617157,-20.794850623548484,0.0,0.0,1.0,3.929013079667063,3.929013079667063
-214.17015375986043,3069.6620021943054,-51.25814607933874,-216.73234123823076,3077.396583617157,-54.636614893692695,0.0,0.0,1.0,3.929013079667063,3.929013079667063
-200.57995927055435,3118.003136087129,-21.0981757597415,-198.4055281522654,3125.737717509981,-16.27258050860594,0.0,0.0,1.0,3.929013079667063,3.929013079667063
-215.38189238511467,3118.003136087129,-46.73587596439621,-217.944079863485,3125.737717509981,-50.11434477875015,0.0,0.0,1.0,3.929013079667063,3.929013079667063
-201.79169789580862,3166.3442699799525,-16.575905644798972,-199.61726677751966,3174.0788514028045,-11.750310393663412,0.0,0.0,1.0,3.929013079667063,3.929013079667063
-216.59363101036894,3166.3442699799525,-42.21360584945368,-219.15581848873927,3174.0788514028045,-45.59207466380762,0.0,0.0,1.0,3.929013079667063,3.929013079667063
-203.00343652106287,3214.6854038727765,-12.05363552985643,-200.8290054027739,3222.419985295628,-7.228040278720869,0.0,0.0,1.0,3.929013079667063,3.929013079667063
-217.80536963562318,3214.6854038727765,-37.691335734511135,-220.3675571139935,3222.419985295628,-41.06980454886508,0.0,0.0,1.0,3.929013079667063,3.929013079667063
-204.2151751463171,3263.0265377656,-7.5313654149139015,-202.04074402802814,3270.761119188452,-2.7057701637783396,0.0,0.0,1.0,3.929013079667063,3.929013079667063
-219.01710826087742,3263.0265377656,-33.169065619568606,-221.57929573924775,3270.761119188452,-36.54753443392255,0.0,0.0,1.0,3.929013079667063,3.929013079667063
-205.42691377157138,3311.3676716584237,-3.0090952999713725,-203.2524826532824,3319.1022530812756,1.8164999511641895,0.0,0.0,1.0,3.929013079667063,3.929013079667063
-220.2288468861317,3311.3676716584237,-28.646795504626077,-222.79103436450202,3319.1022530812756,-32.02526431898002,0.0,0.0,1.0,3.929013079667063,3.929013079667063
-206.63865239682562,3359.7088055512477,1.5131748149711566,-204.46422127853666,3367.443386974099,6.338770066106719,0.0,0.0,1.0,3.929013079667063,3.929013079667063
-221.44058551138593,3359.7088055512477,-24.124525389683548,-224.00277298975627,3367.443386974099,-27.502994204037492,0.0,0.0,1.0,3.929013079667063,3.929013079667063
-207.85039102207986,3408.0499394440712,6.0354449299137,-205.6759599037909,3415.7845208669232,10.861040181049262,0.0,0.0,1.0,3.929013079667063,3.929013079667063
-222.65232413664017,3408.0499394440712,-19.602255274741005,-225.2145116150105,3415.7845208669232,-22.98072408909495,0.0,0.0,1.0,3.929013079667063,3.929013079667063
-209.0621296473341,3456.391073336895,10.557715044856229,-206.88769852904514,3464.125654759747,15.383310295991777,0.0,0.0,1.0,3.929013079667063,3.929013079667063
-223.86406276189442,3456.391073336895,-15.079985159798474,-226.42625024026475,3464.125654759747,-18.458453974152434,0.0,0.0,1.0,3.929013079667063,3.929013079667063
-217.0689655172414,3480.5616402833066,1.4210854715202004e-13,-209.0621296473341,3456.391073336895,10.557715044856229,0.0,0.0,1.0,3.929013079667063,3.929013079667063
-130.94901364119875,2320.374426855538,-75.60344827586202,-129.79598102942091,2344.5449938019497,-61.85956627781614,0.0,0.0,1.0,3.929013079667063,3.929013079667063
-148.13499760502387,2353.172020949085,-77.12545132340878,-138.204487793449,2364.811081560149,-67.87000398681404,-0.6900981947236448,0.0,-0.7237157464358271,3.929013079667063,3.929013079667063
-138.204487793449,2364.811081560149,-67.87000398681404,-128.27397798187414,2376.4501421712134,-58.61455665021931,-0.6900981947236448,0.0,-0.7237157464358271,3.929013079667063,3.929013079667063
-129.427010593652,2352.2795752248016,-57.46152403844147,-138.204487793449,2364.811081560149,-67.87000398681404,-0.6900981947236448,0.0,-0.7237157464358271,3.929013079667063,3.929013079667063
-138.204487793449,2364.811081560149,-67.87000398681404,-146.981964993246,2377.3425878954968,-78.27848393518663,-0.6900981947236448,0.0,-0.7237157464358271,3.929013079667063,3.929013079667063
-146.981964993246,2377.3425878954968,-78.27848393518663,-137.05145518167114,2388.9816485065608,-69.02303659859189,-0.6900981947236448,0.0,-0.7237157464358271,3.929013079667063,3.929013079667063
-137.05145518167114,2388.9816485065608,-69.02303659859189,-127.12094537009631,2400.620709117625,-59.76758926199716,-0.6900981947236448,0.0,-0.7237157464358271,3.929013079667063,3.929013079667063
-128.27397798187414,2376.4501421712134,-58.61455665021931,-137.05145518167114,2388.9816485065608,-69.02303659859189,-0.6900981947236448,0.0,-0.7237157464358271,3.929013079667063,3.929013079667063
-137.05145518167114,2388.9816485065608,-69.02303659859189,-145.82893238146818,2401.5131548419085,-79.43151654696447,-0.6900981947236448,0.0,-0.7237157464358271,3.929013079667063,3.929013079667063
-145.82893238146818,2401.5131548419085,-79.43151654696447,-135.8984225698933,2413.1522154529725,-70.17606921036973,-0.6900981947236448,0.0,-0.7237157464358271,3.929013079667063,3.929013079667063
-135.8984225698933,2413.1522154529725,-70.17606921036973,-125.96791275831846,2424.791276064037,-60.920621873775005,-0.6900981947236448,0.0,-0.7237157464358271,3.929013079667063,3.929013079667063
-127.12094537009631,2400.620709117625,-59.76758926199716,-135.8984225698933,2413.1522154529725,-70.17606921036973,-0.6900981947236448,0.0,-0.7237157464358271,3.929013079667063,3.929013079667063
-135.8984225698933,2413.1522154529725,-70.17606921036973,-144.67589976969032,2425.6837217883203,-80.58454915874232,-0.6900981947236448,0.0,-0.7237157464358271,3.929013079667063,3.929013079667063
-144.67589976969032,2425.6837217883203,-80.58454915874232,-134.74538995811545,2437.3227823993843,-71.32910182214758,-0.6900981947236448,0.0,-0.7237157464358271,3.929013079667063,3.929013079667063
-134.74538995811545,2437.3227823993843,-71.32910182214758,-124.81488014654062,2448.961843010449,-62.07365448555285,-0.6900981947236448,0.0,-0.7237157464358271,3.929013079667063,3.929013079667063
-125.96791275831846,2424.791276064037,-60.920621873775005,-134.74538995811545,2437.3227823993843,-71.32910182214758,-0.6900981947236448,0.0,-0.7237157464358271,3.929013079667063,3.929013079667063
-134.74538995811545,2437.3227823993843,-71.32910182214758,-143.5228671579125,2449.854288734732,-81.73758177052017,-0.6900981947236448,0.0,-0.7237157464358271,3.929013079667063,3.929013079667063
-143.5228671579125,2449.854288734732,-81.73758177052017,-133.59235734633762,2461.4933493457966,-72.48213443392544,-0.6900981947236448,0.0,-0.7237157464358271,3.929013079667063,3.929013079667063
-133.59235734633762,2461.4933493457966,-72.48213443392544,-123.66184753476277,2473.132409956861,-63.2266870973307,-0.6900981947236448,0.0,-0.7237157464358271,3.929013079667063,3.929013079667063
-124.81488014654062,2448.961843010449,-62.07365448555285,-133.59235734633762,2461.4933493457966,-72.48213443392544,-0.6900981947236448,0.0,-0.7237157464358271,3.929013079667063,3.929013079667063
-133.59235734633762,2461.4933493457966,-72.48213443392544,-142.36983454613463,2474.0248556811443,-82.89061438229801,-0.6900981947236448,0.0,-0.7237157464358271,3.929013079667063,3.929013079667063
-142.36983454613463,2474.0248556811443,-82.89061438229801,-132.43932473455976,2485.6639162922083,-73.63516704570328,-0.6900981947236448,0.0,-0.7237157464358271,3.929013079667063,3.929013079667063
-132.43932473455976,2485.6639162922083,-73.63516704570328,-122.50881492298493,2497.302976903273,-64.37971970910854,-0.6900981947236448,0.0,-0.7237157464358271,3.929013079667063,3.929013079667063
-123.66184753476277,2473.132409956861,-63.2266870973307,-132.43932473455976,2485.6639162922083,-73.63516704570328,-0.6900981947236448,0.0,-0.7237157464358271,3.929013079667063,3.929013079667063
-132.43932473455976,2485.6639162922083,-73.63516704570328,-141.2168019343568,2498.195422627556,-84.04364699407586,-0.6900981947236448,0.0,-0.7237157464358271,3.929013079667063,3.929013079667063
-141.2168019343568,2498.195422627556,-84.04364699407586,-131.28629212278193,2509.83448323862,-74.78819965748113,-0.6900981947236448,0.0,-0.7237157464358271,3.929013079667063,3.929013079667063
-131.28629212278193,2509.83448323862,-74.78819965748113,-121.35578231120708,2521.4735438496846,-65.53275232088639,-0.6900981947236448,0.0,-0.7237157464358271,3.929013079667063,3.929013079667063
-122.50881492298493,2497.302976903273,-64.37971970910854,-131.28629212278193,2509.83448323862,-74.78819965748113,-0.6900981947236448,0.0,-0.7237157464358271,3.929013079667063,3.929013079667063
-131.28629212278193,2509.83448323862,-74.78819965748113,-140.06376932257893,2522.365989573968,-85.1966796058537,-0.6900981947236448,0.0,-0.7237157464358271,3.929013079667063,3.929013079667063
-140.06376932257893,2522.365989573968,-85.1966796058537,-130.1332595110041,2534.005050185032,-75.94123226925898,-0.6900981947236448,0.0,-0.7237157464358271,3.929013079667063,3.929013079667063
-130.1332595110041,2534.005050185032,-75.94123226925898,-120.20274969942923,2545.6441107960964,-66.68578493266423,-0.6900981947236448,0.0,-0.7237157464358271,3.929013079667063,3.929013079667063
-121.35578231120708,2521.4735438496846,-65.53275232088639,-130.1332595110041,2534.005050185032,-75.94123226925898,-0.6900981947236448,0.0,-0.7237157464358271,3.929013079667063,3.929013079667063
-130.1332595110041,2534.005050185032,-75.94123226925898,-138.9107367108011,2546.5365565203797,-86.34971221763155,-0.6900981947236448,0.0,-0.7237157464358271,3.929013079667063,3.929013079667063
-138.9107367108011,2546.5365565203797,-86.34971221763155,-128.98022689922624,2558.1756171314437,-77.09426488103682,-0.6900981947236448,0.0,-0.7237157464358271,3.929013079667063,3.929013079667063
-128.98022689922624,2558.1756171314437,-77.09426488103682,-119.04971708765139,2569.814677742508,-67.83881754444208,-0.6900981947236448,0.0,-0.7237157464358271,3.929013079667063,3.929013079667063
-120.20274969942923,2545.6441107960964,-66.68578493266423,-128.98022689922624,2558.1756171314437,-77.09426488103682,-0.6900981947236448,0.0,-0.7237157464358271,3.929013079667063,3.929013079667063
-128.98022689922624,2558.1756171314437,-77.09426488103682,-137.75770409902324,2570.7071234667915,-87.5027448294094,-0.6900981947236448,0.0,-0.7237157464358271,3.929013079667063,3.929013079667063
-137.75770409902324,2570.7071234667915,-87.50274482940941,-127.8271942874484,2582.3461840778555,-78.24729749281467,-0.6900981947236448,0.0,-0.7237157464358271,3.929013079667063,3.929013079667063
-127.8271942874484,2582.3461840778555,-78.24729749281467,-117.89668447587354,2593.98524468892,-68.99185015621993,-0.6900981947236448,0.0,-0.7237157464358271,3.929013079667063,3.929013079667063
-119.04971708765139,2569.814677742508,-67.8388175444421,-127.8271942874484,2582.3461840778555,-78.24729749281467,-0.6900981947236448,0.0,-0.7237157464358271,3.929013079667063,3.929013079667063
-127.8271942874484,2582.3461840778555,-78.24729749281467,-136.6046714872454,2594.8776904132033,-88.65577744118724,-0.6900981947236448,0.0,-0.7237157464358271,3.929013079667063,3.929013079667063
-136.6046714872454,2594.8776904132033,-88.65577744118724,-126.67416167567056,2606.5167510242677,-79.40033010459251,-0.6900981947236448,0.0,-0.7237157464358271,3.929013079667063,3.929013079667063
-126.67416167567056,2606.5167510242677,-79.40033010459251,-116.74365186409571,2618.155811635332,-70.14488276799779,-0.6900981947236448,0.0,-0.7237157464358271,3.929013079667063,3.929013079667063
-117.89668447587354,2593.98524468892,-68.99185015621993,-126.67416167567056,2606.5167510242677,-79.40033010459251,-0.6900981947236448,0.0,-0.7237157464358271,3.929013079667063,3.929013079667063
-126.67416167567056,2606.5167510242677,-79.40033010459251,-135.45163887546758,2619.0482573596155,-89.8088100529651,-0.6900981947236448,0.0,-0.7237157464358271,3.929013079667063,3.929013079667063
-135.45163887546758,2619.0482573596155,-89.8088100529651,-125.52112906389272,2630.6873179706795,-80.55336271637036,-0.6900981947236448,0.0,-0.7237157464358271,3.929013079667063,3.929013079667063
-125.52112906389272,2630.6873179706795,-80.55336271637036,-115.59061925231786,2642.326378581744,-71.29791537977562,-0.6900981947236448,0.0,-0.7237157464358271,3.929013079667063,3.929013079667063
-116.74365186409571,2618.155811635332,-70.14488276799779,-125.52112906389272,2630.6873179706795,-80.55336271637036,-0.6900981947236448,0.0,-0.7237157464358271,3.929013079667063,3.929013079667063
-125.52112906389272,2630.6873179706795,-80.55336271637036,-134.29860626368972,2643.2188243060273,-90.96184266474293,-0.6900981947236448,0.0,-0.7237157464358271,3.929013079667063,3.929013079667063
-134.29860626368972,2643.2188243060273,-90.96184266474293,-124.36809645211487,2654.8578849170913,-81.7063953281482,-0.6900981947236448,0.0,-0.7237157464358271,3.929013079667063,3.929013079667063
-124.36809645211487,2654.8578849170913,-81.7063953281482,-114.43758664054002,2666.4969455281557,-72.45094799155348,-0.6900981947236448,0.0,-0.7237157464358271,3.929013079667063,3.929013079667063
-115.59061925231786,2642.326378581744,-71.29791537977562,-124.36809645211487,2654.8578849170913,-81.7063953281482,-0.6900981947236448,0.0,-0.7237157464358271,3.929013079667063,3.929013079667063
-124.36809645211487,2654.8578849170913,-81.7063953281482,-133.1455736519119,2667.389391252439,-92.11487527652079,-0.6900981947236448,0.0,-0.7237157464358271,3.929013079667063,3.929013079667063
-133.1455736519119,2667.389391252439,-92.11487527652079,-123.21506384033702,2679.028451863503,-82.85942793992605,-0.6900981947236448,0.0,-0.7237157464358271,3.929013079667063,3.929013079667063
-123.21506384033702,2679.028451863503,-82.85942793992605,-113.28455402876217,2690.6675124745675,-73.60398060333131,-0.6900981947236448,0.0,-0.7237157464358271,3.929013079667063,3.929013079667063
-114.43758664054002,2666.4969455281557,-72.45094799155348,-123.21506384033702,2679.028451863503,-82.85942793992605,-0.6900981947236448,0.0,-0.7237157464358271,3.929013079667063,3.929013079667063
-123.21506384033702,2679.028451863503,-82.85942793992605,-131.99254104013403,2691.559958198851,-93.26790788829862,-0.6900981947236448,0.0,-0.7237157464358271,3.929013079667063,3.929013079667063
-131.99254104013403,2691.559958198851,-93.26790788829862,-122.06203122855919,2703.199018809915,-84.0124605517039,-0.6900981947236448,0.0,-0.7237157464358271,3.929013079667063,3.929013079667063
-122.06203122855919,2703.199018809915,-84.0124605517039,-112.13152141698433,2714.8380794209793,-74.75701321510917,-0.6900981947236448,0.0,-0.7237157464358271,3.929013079667063,3.929013079667063
-113.28455402876217,2690.6675124745675,-73.60398060333131,-122.06203122855919,2703.199018809915,-84.0124605517039,-0.6900981947236448,0.0,-0.7237157464358271,3.929013079667063,3.929013079667063
-122.06203122855919,2703.199018809915,-84.0124605517039,-130.8395084283562,2715.7305251452626,-94.42094050007648,-0.6900981947236448,0.0,-0.7237157464358271,3.929013079667063,3.929013079667063
-130.8395084283562,2715.730525145263,-94.42094050007648,-120.90899861678133,2727.369585756327,-85.16549316348176,-0.6900981947236448,0.0,-0.7237157464358271,3.929013079667063,3.929013079667063
-120.90899861678133,2727.369585756327,-85.16549316348176,-110.97848880520648,2739.0086463673915,-75.91004582688701,-0.6900981947236448,0.0,-0.7237157464358271,3.929013079667063,3.929013079667063
-112.13152141698433,2714.8380794209797,-74.75701321510917,-120.90899861678133,2727.369585756327,-85.16549316348176,-0.6900981947236448,0.0,-0.7237157464358271,3.929013079667063,3.929013079667063
-120.90899861678133,2727.369585756327,-85.16549316348176,-129.68647581657834,2739.901092091675,-95.57397311185433,-0.6900981947236448,0.0,-0.7237157464358271,3.929013079667063,3.929013079667063
-129.68647581657834,2739.901092091675,-95.57397311185433,-119.7559660050035,2751.540152702739,-86.31852577525959,-0.6900981947236448,0.0,-0.7237157464358271,3.929013079667063,3.929013079667063
-119.7559660050035,2751.540152702739,-86.31852577525959,-109.82545619342864,2763.1792133138033,-77.06307843866486,-0.6900981947236448,0.0,-0.7237157464358271,3.929013079667063,3.929013079667063
-110.97848880520648,2739.0086463673915,-75.91004582688701,-119.7559660050035,2751.540152702739,-86.31852577525959,-0.6900981947236448,0.0,-0.7237157464358271,3.929013079667063,3.929013079667063
-119.7559660050035,2751.540152702739,-86.31852577525959,-128.5334432048005,2764.0716590380866,-96.72700572363217,-0.6900981947236448,0.0,-0.7237157464358271,3.929013079667063,3.929013079667063
-128.5334432048005,2764.0716590380866,-96.72700572363217,-118.60293339322565,2775.7107196491506,-87.47155838703745,-0.6900981947236448,0.0,-0.7237157464358271,3.929013079667063,3.929013079667063
-118.60293339322565,2775.7107196491506,-87.47155838703745,-108.67242358165079,2787.349780260215,-78.2161110504427,-0.6900981947236448,0.0,-0.7237157464358271,3.929013079667063,3.929013079667063
-109.82545619342864,2763.1792133138033,-77.06307843866486,-118.60293339322565,2775.7107196491506,-87.47155838703745,-0.6900981947236448,0.0,-0.7237157464358271,3.929013079667063,3.929013079667063
-118.60293339322565,2775.7107196491506,-87.47155838703745,-127.38041059302266,2788.2422259844984,-97.88003833541002,-0.6900981947236448,0.0,-0.7237157464358271,3.929013079667063,3.929013079667063
-127.38041059302266,2788.2422259844984,-97.88003833541002,-117.44990078144781,2799.8812865955624,-88.62459099881528,-0.6900981947236448,0.0,-0.7237157464358271,3.929013079667063,3.929013079667063
-117.44990078144781,2799.8812865955624,-88.62459099881528,-107.51939096987294,2811.520347206627,-79.36914366222055,-0.6900981947236448,0.0,-0.7237157464358271,3.929013079667063,3.929013079667063
-108.67242358165079,2787.349780260215,-78.2161110504427,-117.44990078144781,2799.8812865955624,-88.62459099881528,-0.6900981947236448,0.0,-0.7237157464358271,3.929013079667063,3.929013079667063
-117.44990078144781,2799.8812865955624,-88.62459099881528,-126.22737798124481,2812.41279293091,-99.03307094718787,-0.6900981947236448,0.0,-0.7237157464358271,3.929013079667063,3.929013079667063
-126.22737798124481,2812.41279293091,-99.03307094718787,-116.29686816966996,2824.051853541974,-89.77762361059314,-0.6900981947236448,0.0,-0.7237157464358271,3.929013079667063,3.929013079667063
-116.29686816966996,2824.051853541974,-89.77762361059314,-106.36635835809511,2835.6909141530386,-80.5221762739984,-0.6900981947236448,0.0,-0.7237157464358271,3.929013079667063,3.929013079667063
-107.51939096987294,2811.520347206627,-79.36914366222055,-116.29686816966996,2824.051853541974,-89.77762361059314,-0.6900981947236448,0.0,-0.7237157464358271,3.929013079667063,3.929013079667063
-116.29686816966996,2824.051853541974,-89.77762361059314,-125.07434536946698,2836.583359877322,-100.18610355896571,-0.6900981947236448,0.0,-0.7237157464358271,3.929013079667063,3.929013079667063
-125.07434536946697,2836.583359877322,-100.18610355896571,-115.14383555789212,2848.222420488386,-90.93065622237098,-0.6900981947236448,0.0,-0.7237157464358271,3.929013079667063,3.929013079667063
-115.14383555789212,2848.222420488386,-90.93065622237098,-105.21332574631725,2859.8614810994504,-81.67520888577624,-0.6900981947236448,0.0,-0.7237157464358271,3.929013079667063,3.929013079667063
-106.3663583580951,2835.6909141530386,-80.5221762739984,-115.14383555789212,2848.222420488386,-90.93065622237098,-0.6900981947236448,0.0,-0.7237157464358271,3.929013079667063,3.929013079667063
-115.14383555789212,2848.222420488386,-90.93065622237098,-123.92131275768912,2860.7539268237338,-101.33913617074356,-0.6900981947236448,0.0,-0.7237157464358271,3.929013079667063,3.929013079667063
-123.92131275768912,2860.7539268237338,-101.33913617074356,-113.99080294611427,2872.3929874347978,-92.08368883414883,-0.6900981947236448,0.0,-0.7237157464358271,3.929013079667063,3.929013079667063
-113.99080294611427,2872.3929874347978,-92.08368883414883,-104.06029313453942,2884.0320480458627,-82.82824149755409,-0.6900981947236448,0.0,-0.7237157464358271,3.929013079667063,3.929013079667063
-105.21332574631725,2859.8614810994504,-81.67520888577624,-113.99080294611427,2872.3929874347978,-92.08368883414883,-0.6900981947236448,0.0,-0.7237157464358271,3.929013079667063,3.929013079667063
-113.99080294611427,2872.3929874347978,-92.08368883414883,-122.76828014591129,2884.924493770146,-102.4921687825214,-0.6900981947236448,0.0,-0.7237157464358271,3.929013079667063,3.929013079667063
-122.76828014591129,2884.924493770146,-102.4921687825214,-112.83777033433643,2896.56355438121,-93.23672144592668,-0.6900981947236448,0.0,-0.7237157464358271,3.929013079667063,3.929013079667063
-112.83777033433643,2896.56355438121,-93.23672144592668,-102.90726052276158,2908.2026149922744,-83.98127410933193,-0.6900981947236448,0.0,-0.7237157464358271,3.929013079667063,3.929013079667063
-104.06029313453942,2884.0320480458627,-82.82824149755409,-112.83777033433643,2896.56355438121,-93.23672144592668,-0.6900981947236448,0.0,-0.7237157464358271,3.929013079667063,3.929013079667063
-112.83777033433643,2896.56355438121,-93.23672144592668,-121.61524753413345,2909.095060716558,-103.64520139429925,-0.6900981947236448,0.0,-0.7237157464358271,3.929013079667063,3.929013079667063
-121.61524753413345,2909.095060716558,-103.64520139429925,-111.68473772255858,2920.734121327622,-94.38975405770452,-0.6900981947236448,0.0,-0.7237157464358271,3.929013079667063,3.929013079667063
-111.68473772255858,2920.734121327622,-94.38975405770452,-101.75422791098373,2932.3731819386862,-85.13430672110978,-0.6900981947236448,0.0,-0.7237157464358271,3.929013079667063,3.929013079667063
-102.90726052276158,2908.2026149922744,-83.98127410933193,-111.68473772255858,2920.734121327622,-94.38975405770452,-0.6900981947236448,0.0,-0.7237157464358271,3.929013079667063,3.929013079667063
-111.68473772255858,2920.734121327622,-94.38975405770452,-120.4622149223556,2933.2656276629696,-104.7982340060771,-0.6900981947236448,0.0,-0.7237157464358271,3.929013079667063,3.929013079667063
-120.4622149223556,2933.2656276629696,-104.7982340060771,-110.53170511078073,2944.9046882740336,-95.54278666948237,-0.6900981947236448,0.0,-0.7237157464358271,3.929013079667063,3.929013079667063
-110.53170511078073,2944.9046882740336,-95.54278666948237,-100.60119529920588,2956.543748885098,-86.28733933288763,-0.6900981947236448,0.0,-0.7237157464358271,3.929013079667063,3.929013079667063
-101.75422791098373,2932.3731819386862,-85.13430672110978,-110.53170511078073,2944.9046882740336,-95.54278666948237,-0.6900981947236448,0.0,-0.7237157464358271,3.929013079667063,3.929013079667063
-110.53170511078073,2944.9046882740336,-95.54278666948237,-119.30918231057775,2957.4361946093813,-105.95126661785494,-0.6900981947236448,0.0,-0.7237157464358271,3.929013079667063,3.929013079667063
-119.30918231057775,2957.4361946093813,-105.95126661785496,-109.37867249900289,2969.075255220446,-96.69581928126021,-0.6900981947236448,0.0,-0.7237157464358271,3.929013079667063,3.929013079667063
-109.37867249900289,2969.075255220446,-96.69581928126021,-99.44816268742804,2980.7143158315102,-87.44037194466549,-0.6900981947236448,0.0,-0.7237157464358271,3.929013079667063,3.929013079667063
-100.60119529920588,2956.543748885098,-86.28733933288764,-109.37867249900289,2969.075255220446,-96.69581928126021,-0.6900981947236448,0.0,-0.7237157464358271,3.929013079667063,3.929013079667063
-109.37867249900289,2969.075255220446,-96.69581928126021,-118.15614969879991,2981.6067615557936,-107.1042992296328,-0.6900981947236448,0.0,-0.7237157464358271,3.929013079667063,3.929013079667063
-118.15614969879991,2981.6067615557936,-107.1042992296328,-108.22563988722504,2993.2458221668576,-97.84885189303806,-0.6900981947236448,0.0,-0.7237157464358271,3.929013079667063,3.929013079667063
-108.22563988722504,2993.2458221668576,-97.84885189303806,-98.29513007565019,3004.884882777922,-88.59340455644332,-0.6900981947236448,0.0,-0.7237157464358271,3.929013079667063,3.929013079667063
-99.44816268742804,2980.7143158315102,-87.44037194466549,-108.22563988722504,2993.2458221668576,-97.84885189303806,-0.6900981947236448,0.0,-0.7237157464358271,3.929013079667063,3.929013079667063
-108.22563988722504,2993.2458221668576,-97.84885189303806,-117.00311708702206,3005.7773285022054,-108.25733184141063,-0.6900981947236448,0.0,-0.7237157464358271,3.929013079667063,3.929013079667063
-117.00311708702206,3005.7773285022054,-108.25733184141063,-107.07260727544721,3017.4163891132694,-99.0018845048159,-0.6900981947236448,0.0,-0.7237157464358271,3.929013079667063,3.929013079667063
-107.07260727544721,3017.4163891132694,-99.0018845048159,-97.14209746387235,3029.055449724334,-89.74643716822118,-0.6900981947236448,0.0,-0.7237157464358271,3.929013079667063,3.929013079667063
-98.29513007565019,3004.884882777922,-88.59340455644332,-107.07260727544721,3017.4163891132694,-99.0018845048159,-0.6900981947236448,0.0,-0.7237157464358271,3.929013079667063,3.929013079667063
-107.07260727544721,3017.4163891132694,-99.0018845048159,-115.85008447524422,3029.947895448617,-109.41036445318849,-0.6900981947236448,0.0,-0.7237157464358271,3.929013079667063,3.929013079667063
-115.85008447524422,3029.947895448617,-109.41036445318849,-105.91957466366935,3041.586956059681,-100.15491711659375,-0.6900981947236448,0.0,-0.7237157464358271,3.929013079667063,3.929013079667063
-105.91957466366935,3041.586956059681,-100.15491711659375,-95.98906485209451,3053.2260166707456,-90.89946977999901,-0.6900981947236448,0.0,-0.7237157464358271,3.929013079667063,3.929013079667063
-97.14209746387235,3029.055449724334,-89.74643716822118,-105.91957466366935,3041.586956059681,-100.15491711659375,-0.6900981947236448,0.0,-0.7237157464358271,3.929013079667063,3.929013079667063
-105.91957466366935,3041.586956059681,-100.15491711659375,-114.69705186346638,3054.118462395029,-110.56339706496632,-0.6900981947236448,0.0,-0.7237157464358271,3.929013079667063,3.929013079667063
-114.69705186346638,3054.118462395029,-110.56339706496632,-104.76654205189152,3065.757523006093,-101.3079497283716,-0.6900981947236448,0.0,-0.7237157464358271,3.929013079667063,3.929013079667063
-104.76654205189152,3065.757523006093,-101.3079497283716,-94.83603224031665,3077.3965836171574,-92.05250239177687,-0.6900981947236448,0.0,-0.7237157464358271,3.929013079667063,3.929013079667063
-95.98906485209451,3053.2260166707456,-90.89946977999901,-104.76654205189152,3065.757523006093,-101.3079497283716,-0.6900981947236448,0.0,-0.7237157464358271,3.929013079667063,3.929013079667063
-104.76654205189152,3065.757523006093,-101.3079497283716,-113.54401925168852,3078.2890293414407,-111.71642967674418,-0.6900981947236448,0.0,-0.7237157464358271,3.929013079667063,3.929013079667063
-113.54401925168852,3078.2890293414407,-111.71642967674418,-103.61350944011366,3089.9280899525047,-102.46098234014946,-0.6900981947236448,0.0,-0.7237157464358271,3.929013079667063,3.929013079667063
-103.61350944011366,3089.9280899525047,-102.46098234014946,-93.68299962853881,3101.567150563569,-93.20553500355471,-0.6900981947236448,0.0,-0.7237157464358271,3.929013079667063,3.929013079667063
-94.83603224031665,3077.3965836171574,-92.05250239177687,-103.61350944011366,3089.9280899525047,-102.46098234014946,-0.6900981947236448,0.0,-0.7237157464358271,3.929013079667063,3.929013079667063
-103.61350944011366,3089.9280899525047,-102.46098234014946,-112.39098663991068,3102.4595962878525,-112.86946228852203,-0.6900981947236448,0.0,-0.7237157464358271,3.929013079667063,3.929013079667063
-112.39098663991068,3102.4595962878525,-112.86946228852203,-102.46047682833583,3114.0986568989165,-103.61401495192729,-0.6900981947236448,0.0,-0.7237157464358271,3.929013079667063,3.929013079667063
-102.46047682833583,3114.0986568989165,-103.61401495192729,-92.52996701676096,3125.737717509981,-94.35856761533256,-0.6900981947236448,0.0,-0.7237157464358271,3.929013079667063,3.929013079667063
-93.68299962853881,3101.567150563569,-93.20553500355471,-102.46047682833583,3114.0986568989165,-103.61401495192729,-0.6900981947236448,0.0,-0.7237157464358271,3.929013079667063,3.929013079667063
-102.46047682833583,3114.0986568989165,-103.61401495192729,-111.23795402813283,3126.6301632342643,-114.02249490029988,-0.6900981947236448,0.0,-0.7237157464358271,3.929013079667063,3.929013079667063
-111.23795402813283,3126.6301632342643,-114.02249490029988,-101.30744421655798,3138.2692238453283,-104.76704756370515,-0.6900981947236448,0.0,-0.7237157464358271,3.929013079667063,3.929013079667063
-101.30744421655798,3138.2692238453283,-104.76704756370515,-91.37693440498313,3149.908284456393,-95.5116002271104,-0.6900981947236448,0.0,-0.7237157464358271,3.929013079667063,3.929013079667063
-92.52996701676096,3125.737717509981,-94.35856761533256,-101.30744421655798,3138.2692238453283,-104.76704756370515,-0.6900981947236448,0.0,-0.7237157464358271,3.929013079667063,3.929013079667063
-101.30744421655798,3138.2692238453283,-104.76704756370515,-110.084921416355,3150.8007301806765,-115.17552751207772,-0.6900981947236448,0.0,-0.7237157464358271,3.929013079667063,3.929013079667063
-110.084921416355,3150.8007301806765,-115.17552751207772,-100.15441160478014,3162.4397907917405,-105.92008017548298,-0.6900981947236448,0.0,-0.7237157464358271,3.929013079667063,3.929013079667063
-100.15441160478014,3162.4397907917405,-105.92008017548298,-90.22390179320527,3174.078851402805,-96.66463283888825,-0.6900981947236448,0.0,-0.7237157464358271,3.929013079667063,3.929013079667063
-91.37693440498313,3149.908284456393,-95.5116002271104,-100.15441160478014,3162.4397907917405,-105.92008017548298,-0.6900981947236448,0.0,-0.7237157464358271,3.929013079667063,3.929013079667063
-100.15441160478014,3162.4397907917405,-105.92008017548298,-108.93188880457714,3174.9712971270883,-116.32856012385557,-0.6900981947236448,0.0,-0.7237157464358271,3.929013079667063,3.929013079667063
-108.93188880457714,3174.9712971270883,-116.32856012385557,-99.0013789930023,3186.6103577381523,-107.07311278726084,-0.6900981947236448,0.0,-0.7237157464358271,3.929013079667063,3.929013079667063
-99.0013789930023,3186.6103577381523,-107.07311278726084,-89.07086918142744,3198.2494183492167,-97.8176654506661,-0.6900981947236448,0.0,-0.7237157464358271,3.929013079667063,3.929013079667063
-90.22390179320527,3174.078851402805,-96.66463283888825,-99.0013789930023,3186.6103577381523,-107.07311278726084,-0.6900981947236448,0.0,-0.7237157464358271,3.929013079667063,3.929013079667063
-99.0013789930023,3186.6103577381523,-107.07311278726084,-107.77885619279931,3199.1418640735,-117.48159273563341,-0.6900981947236448,0.0,-0.7237157464358271,3.929013079667063,3.929013079667063
-107.77885619279931,3199.1418640735,-117.48159273563343,-97.84834638122445,3210.780924684564,-108.22614539903869,-0.6900981947236448,0.0,-0.7237157464358271,3.929013079667063,3.929013079667063
-97.84834638122445,3210.780924684564,-108.22614539903869,-87.91783656964958,3222.4199852956285,-98.97069806244394,-0.6900981947236448,0.0,-0.7237157464358271,3.929013079667063,3.929013079667063
-89.07086918142744,3198.2494183492167,-97.81766545066611,-97.84834638122445,3210.780924684564,-108.22614539903869,-0.6900981947236448,0.0,-0.7237157464358271,3.929013079667063,3.929013079667063
-97.84834638122445,3210.780924684564,-108.22614539903869,-106.62582358102145,3223.312431019912,-118.63462534741126,-0.6900981947236448,0.0,-0.7237157464358271,3.929013079667063,3.929013079667063
-106.62582358102145,3223.312431019912,-118.63462534741126,-96.6953137694466,3234.9514916309763,-109.37917801081653,-0.6900981947236448,0.0,-0.7237157464358271,3.929013079667063,3.929013079667063
-96.6953137694466,3234.9514916309763,-109.37917801081653,-86.76480395787175,3246.5905522420408,-100.1237306742218,-0.6900981947236448,0.0,-0.7237157464358271,3.929013079667063,3.929013079667063
-87.91783656964958,3222.4199852956285,-98.97069806244394,-96.6953137694466,3234.9514916309763,-109.37917801081653,-0.6900981947236448,0.0,-0.7237157464358271,3.929013079667063,3.929013079667063
-96.6953137694466,3234.9514916309763,-109.37917801081653,-105.47279096924362,3247.482997966324,-119.78765795918912,-0.6900981947236448,0.0,-0.7237157464358271,3.929013079667063,3.929013079667063
-105.47279096924362,3247.482997966324,-119.78765795918912,-95.54228115766875,3259.122058577388,-110.53221062259438,-0.6900981947236448,0.0,-0.7237157464358271,3.929013079667063,3.929013079667063
-95.54228115766875,3259.122058577388,-110.53221062259438,-85.6117713460939,3270.7611191884525,-101.27676328599964,-0.6900981947236448,0.0,-0.7237157464358271,3.929013079667063,3.929013079667063
-86.76480395787175,3246.5905522420408,-100.1237306742218,-95.54228115766875,3259.122058577388,-110.53221062259438,-0.6900981947236448,0.0,-0.7237157464358271,3.929013079667063,3.929013079667063
-95.54228115766875,3259.122058577388,-110.53221062259438,-104.31975835746577,3271.653564912736,-120.94069057096695,-0.6900981947236448,0.0,-0.7237157464358271,3.929013079667063,3.929013079667063
-104.31975835746577,3271.653564912736,-120.94069057096695,-94.38924854589092,3283.2926255238,-111.68524323437222,-0.6900981947236448,0.0,-0.7237157464358271,3.929013079667063,3.929013079667063
-94.38924854589092,3283.2926255238,-111.68524323437222,-84.45873873431606,3294.9316861348643,-102.4297958977775,-0.6900981947236448,0.0,-0.7237157464358271,3.929013079667063,3.929013079667063
-85.6117713460939,3270.7611191884525,-101.27676328599964,-94.38924854589092,3283.2926255238,-111.68524323437222,-0.6900981947236448,0.0,-0.7237157464358271,3.929013079667063,3.929013079667063
-94.38924854589092,3283.2926255238,-111.68524323437222,-103.16672574568793,3295.8241318591477,-122.09372318274481,-0.6900981947236448,0.0,-0.7237157464358271,3.929013079667063,3.929013079667063
-103.16672574568793,3295.8241318591477,-122.09372318274481,-93.23621593411306,3307.4631924702117,-112.83827584615007,-0.6900981947236448,0.0,-0.7237157464358271,3.929013079667063,3.929013079667063
-93.23621593411306,3307.4631924702117,-112.83827584615007,-83.30570612253823,3319.102253081276,-103.58282850955533,-0.6900981947236448,0.0,-0.7237157464358271,3.929013079667063,3.929013079667063
-84.45873873431606,3294.9316861348643,-102.4297958977775,-93.23621593411306,3307.4631924702117,-112.83827584615007,-0.6900981947236448,0.0,-0.7237157464358271,3.929013079667063,3.929013079667063
-93.23621593411306,3307.4631924702117,-112.83827584615007,-102.0136931339101,3319.9946988055594,-123.24675579452264,-0.6900981947236448,0.0,-0.7237157464358271,3.929013079667063,3.929013079667063
-102.01369313391008,3319.9946988055594,-123.24675579452266,-92.08318332233523,3331.6337594166234,-113.99130845792791,-0.6900981947236448,0.0,-0.7237157464358271,3.929013079667063,3.929013079667063
-92.08318332233523,3331.6337594166234,-113.99130845792791,-82.15267351076037,3343.272820027688,-104.73586112133319,-0.6900981947236448,0.0,-0.7237157464358271,3.929013079667063,3.929013079667063
-83.30570612253821,3319.102253081276,-103.58282850955534,-92.08318332233523,3331.6337594166234,-113.99130845792791,-0.6900981947236448,0.0,-0.7237157464358271,3.929013079667063,3.929013079667063
-92.08318332233523,3331.6337594166234,-113.99130845792791,-100.86066052213224,3344.165265751971,-124.3997884063005,-0.6900981947236448,0.0,-0.7237157464358271,3.929013079667063,3.929013079667063
-100.86066052213224,3344.165265751971,-124.3997884063005,-90.93015071055737,3355.804326363035,-115.14434106970577,-0.6900981947236448,0.0,-0.7237157464358271,3.929013079667063,3.929013079667063
-90.93015071055737,3355.804326363035,-115.14434106970577,-80.99964089898252,3367.4433869740997,-105.88889373311103,-0.6900981947236448,0.0,-0.7237157464358271,3.929013079667063,3.929013079667063
-82.15267351076037,3343.272820027688,-104.73586112133319,-90.93015071055737,3355.804326363035,-115.14434106970577,-0.6900981947236448,0.0,-0.7237157464358271,3.929013079667063,3.929013079667063
-90.93015071055737,3355.804326363035,-115.14434106970577,-99.70762791035439,3368.335832698383,-125.55282101807835,-0.6900981947236448,0.0,-0.7237157464358271,3.929013079667063,3.929013079667063
-99.70762791035439,3368.335832698383,-125.55282101807835,-89.77711809877954,3379.974893309447,-116.2973736814836,-0.6900981947236448,0.0,-0.7237157464358271,3.929013079667063,3.929013079667063
-89.77711809877954,3379.974893309447,-116.2973736814836,-79.84660828720467,3391.6139539205114,-107.04192634488888,-0.6900981947236448,0.0,-0.7237157464358271,3.929013079667063,3.929013079667063
-80.99964089898252,3367.4433869740997,-105.88889373311103,-89.77711809877954,3379.974893309447,-116.2973736814836,-0.6900981947236448,0.0,-0.7237157464358271,3.929013079667063,3.929013079667063
-89.77711809877954,3379.974893309447,-116.2973736814836,-98.55459529857654,3392.506399644795,-126.7058536298562,-0.6900981947236448,0.0,-0.7237157464358271,3.929013079667063,3.929013079667063
-98.55459529857654,3392.506399644795,-126.7058536298562,-88.6240854870017,3404.145460255859,-117.45040629326147,-0.6900981947236448,0.0,-0.7237157464358271,3.929013079667063,3.929013079667063
-88.6240854870017,3404.145460255859,-117.45040629326147,-78.69357567542684,3415.7845208669232,-108.19495895666672,-0.6900981947236448,0.0,-0.7237157464358271,3.929013079667063,3.929013079667063
-79.84660828720467,3391.6139539205114,-107.04192634488888,-88.6240854870017,3404.145460255859,-117.45040629326147,-0.6900981947236448,0.0,-0.7237157464358271,3.929013079667063,3.929013079667063
-88.6240854870017,3404.145460255859,-117.45040629326147,-97.40156268679871,3416.6769665912066,-127.85888624163404,-0.6900981947236448,0.0,-0.7237157464358271,3.929013079667063,3.929013079667063
-97.40156268679871,3416.6769665912066,-127.85888624163404,-87.47105287522385,3428.3160272022706,-118.6034389050393,-0.6900981947236448,0.0,-0.7237157464358271,3.929013079667063,3.929013079667063
-87.47105287522385,3428.3160272022706,-118.6034389050393,-77.54054306364898,3439.9550878133355,-109.34799156844457,-0.6900981947236448,0.0,-0.7237157464358271,3.929013079667063,3.929013079667063
-78.69357567542684,3415.7845208669232,-108.19495895666672,-87.47105287522385,3428.3160272022706,-118.6034389050393,-0.6900981947236448,0.0,-0.7237157464358271,3.929013079667063,3.929013079667063
-87.47105287522385,3428.3160272022706,-118.6034389050393,-96.24853007502085,3440.847533537619,-129.01191885341188,-0.6900981947236448,0.0,-0.7237157464358271,3.929013079667063,3.929013079667063
-96.24853007502085,3440.847533537619,-129.01191885341188,-86.31802026344602,3452.486594148683,-119.75647151681716,-0.6900981947236448,0.0,-0.7237157464358271,3.929013079667063,3.929013079667063
-86.31802026344602,3452.486594148683,-119.75647151681716,-76.38751045187115,3464.1256547597472,-110.50102418022243,-0.6900981947236448,0.0,-0.7237157464358271,3.929013079667063,3.929013079667063
-77.54054306364898,3439.9550878133355,-109.34799156844457,-86.31802026344602,3452.486594148683,-119.75647151681716,-0.6900981947236448,0.0,-0.7237157464358271,3.929013079667063,3.929013079667063
-86.31802026344602,3452.486594148683,-119.75647151681716,-95.09549746324302,3465.0181004840306,-130.16495146518974,-0.6900981947236448,0.0,-0.7237157464358271,3.929013079667063,3.929013079667063
-129.427010593652,2352.2795752248016,-96.7893786083761,-138.204487793449,2364.811081560149,-87.53393127178136,0.6900981947236448,0.0,-0.7237157464358271,3.929013079667063,3.929013079667063
-138.204487793449,2364.811081560149,-87.53393127178136,-146.981964993246,2377.3425878954968,-78.27848393518663,0.6900981947236448,0.0,-0.7237157464358271,3.929013079667063,3.929013079667063
-148.13499760502387,2353.172020949085,-77.12545132340878,-138.204487793449,2364.811081560149,-87.53393127178136,0.6900981947236448,0.0,-0.7237157464358271,3.929013079667063,3.929013079667063
-138.204487793449,2364.811081560149,-87.53393127178136,-128.27397798187414,2376.4501421712134,-97.94241122015394,0.6900981947236448,0.0,-0.7237157464358271,3.929013079667063,3.929013079667063
-128.27397798187414,2376.4501421712134,-97.94241122015394,-137.05145518167114,2388.9816485065608,-88.6869638835592,0.6900981947236448,0.0,-0.7237157464358271,3.929013079667063,3.929013079667063
-137.05145518167114,2388.9816485065608,-88.6869638835592,-145.82893238146818,2401.5131548419085,-79.43151654696447,0.6900981947236448,0.0,-0.7237157464358271,3.929013079667063,3.929013079667063
-146.981964993246,2377.3425878954968,-78.27848393518663,-137.05145518167114,2388.9816485065608,-88.6869638835592,0.6900981947236448,0.0,-0.7237157464358271,3.929013079667063,3.929013079667063
-137.05145518167114,2388.9816485065608,-88.6869638835592,-127.12094537009631,2400.620709117625,-99.09544383193179,0.6900981947236448,0.0,-0.7237157464358271,3.929013079667063,3.929013079667063
-127.12094537009631,2400.620709117625,-99.09544383193179,-135.8984225698933,2413.1522154529725,-89.83999649533705,0.6900981947236448,0.0,-0.7237157464358271,3.929013079667063,3.929013079667063
-135.8984225698933,2413.1522154529725,-89.83999649533705,-144.67589976969032,2425.6837217883203,-80.58454915874232,0.6900981947236448,0.0,-0.7237157464358271,3.929013079667063,3.929013079667063
-145.82893238146818,2401.5131548419085,-79.43151654696447,-135.8984225698933,2413.1522154529725,-89.83999649533705,0.6900981947236448,0.0,-0.7237157464358271,3.929013079667063,3.929013079667063
-135.8984225698933,2413.1522154529725,-89.83999649533705,-125.96791275831846,2424.791276064037,-100.24847644370963,0.6900981947236448,0.0,-0.7237157464358271,3.929013079667063,3.929013079667063
-125.96791275831846,2424.791276064037,-100.24847644370963,-134.74538995811545,2437.3227823993843,-90.9930291071149,0.6900981947236448,0.0,-0.7237157464358271,3.929013079667063,3.929013079667063
-134.74538995811545,2437.3227823993843,-90.9930291071149,-143.5228671579125,2449.854288734732,-81.73758177052017,0.6900981947236448,0.0,-0.7237157464358271,3.929013079667063,3.929013079667063
-144.67589976969032,2425.6837217883203,-80.58454915874232,-134.74538995811545,2437.3227823993843,-90.9930291071149,0.6900981947236448,0.0,-0.7237157464358271,3.929013079667063,3.929013079667063
-134.74538995811545,2437.3227823993843,-90.9930291071149,-124.81488014654062,2448.961843010449,-101.40150905548748,0.6900981947236448,0.0,-0.7237157464358271,3.929013079667063,3.929013079667063
-124.81488014654062,2448.961843010449,-101.40150905548748,-133.59235734633762,2461.4933493457966,-92.14606171889275,0.6900981947236448,0.0,-0.7237157464358271,3.929013079667063,3.929013079667063
-133.59235734633762,2461.4933493457966,-92.14606171889275,-142.36983454613463,2474.0248556811443,-82.89061438229801,0.6900981947236448,0.0,-0.7237157464358271,3.929013079667063,3.929013079667063
-143.5228671579125,2449.854288734732,-81.73758177052017,-133.59235734633762,2461.4933493457966,-92.14606171889275,0.6900981947236448,0.0,-0.7237157464358271,3.929013079667063,3.929013079667063
-133.59235734633762,2461.4933493457966,-92.14606171889275,-123.66184753476277,2473.132409956861,-102.55454166726533,0.6900981947236448,0.0,-0.7237157464358271,3.929013079667063,3.929013079667063
-123.66184753476277,2473.132409956861,-102.55454166726533,-132.43932473455976,2485.6639162922083,-93.2990943306706,0.6900981947236448,0.0,-0.7237157464358271,3.929013079667063,3.929013079667063
-132.43932473455976,2485.6639162922083,-93.2990943306706,-141.2168019343568,2498.195422627556,-84.04364699407586,0.6900981947236448,0.0,-0.7237157464358271,3.929013079667063,3.929013079667063
-142.36983454613463,2474.0248556811443,-82.89061438229801,-132.43932473455976,2485.6639162922083,-93.2990943306706,0.6900981947236448,0.0,-0.7237157464358271,3.929013079667063,3.929013079667063
-132.43932473455976,2485.6639162922083,-93.2990943306706,-122.50881492298493,2497.302976903273,-103.70757427904317,0.6900981947236448,0.0,-0.7237157464358271,3.929013079667063,3.929013079667063
-122.50881492298493,2497.302976903273,-103.70757427904317,-131.28629212278193,2509.83448323862,-94.45212694244844,0.6900981947236448,0.0,-0.7237157464358271,3.929013079667063,3.929013079667063
-131.28629212278193,2509.83448323862,-94.45212694244844,-140.06376932257893,2522.365989573968,-85.1966796058537,0.6900981947236448,0.0,-0.7237157464358271,3.929013079667063,3.929013079667063
-141.2168019343568,2498.195422627556,-84.04364699407586,-131.28629212278193,2509.83448323862,-94.45212694244844,0.6900981947236448,0.0,-0.7237157464358271,3.929013079667063,3.929013079667063
-131.28629212278193,2509.83448323862,-94.45212694244844,-121.35578231120708,2521.4735438496846,-104.86060689082102,0.6900981947236448,0.0,-0.7237157464358271,3.929013079667063,3.929013079667063
-121.35578231120708,2521.4735438496846,-104.86060689082102,-130.1332595110041,2534.005050185032,-95.60515955422629,0.6900981947236448,0.0,-0.7237157464358271,3.929013079667063,3.929013079667063
-130.1332595110041,2534.005050185032,-95.60515955422629,-138.9107367108011,2546.5365565203797,-86.34971221763155,0.6900981947236448,0.0,-0.7237157464358271,3.929013079667063,3.929013079667063
-140.06376932257893,2522.365989573968,-85.1966796058537,-130.1332595110041,2534.005050185032,-95.60515955422629,0.6900981947236448,0.0,-0.7237157464358271,3.929013079667063,3.929013079667063
-130.1332595110041,2534.005050185032,-95.60515955422629,-120.20274969942923,2545.6441107960964,-106.01363950259886,0.6900981947236448,0.0,-0.7237157464358271,3.929013079667063,3.929013079667063
-120.20274969942923,2545.6441107960964,-106.01363950259886,-128.98022689922624,2558.1756171314437,-96.75819216600414,0.6900981947236448,0.0,-0.7237157464358271,3.929013079667063,3.929013079667063
-128.98022689922624,2558.1756171314437,-96.75819216600414,-137.75770409902324,2570.7071234667915,-87.5027448294094,0.6900981947236448,0.0,-0.7237157464358271,3.929013079667063,3.929013079667063
-138.9107367108011,2546.5365565203797,-86.34971221763155,-128.98022689922624,2558.1756171314437,-96.75819216600414,0.6900981947236448,0.0,-0.7237157464358271,3.929013079667063,3.929013079667063
-128.98022689922624,2558.1756171314437,-96.75819216600414,-119.04971708765139,2569.814677742508,-107.16667211437671,0.6900981947236448,0.0,-0.7237157464358271,3.929013079667063,3.929013079667063
-119.04971708765139,2569.814677742508,-107.16667211437672,-127.8271942874484,2582.3461840778555,-97.91122477778198,0.6900981947236448,0.0,-0.7237157464358271,3.929013079667063,3.929013079667063
-127.8271942874484,2582.3461840778555,-97.91122477778198,-136.6046714872454,2594.8776904132033,-88.65577744118724,0.6900981947236448,0.0,-0.7237157464358271,3.929013079667063,3.929013079667063
-137.75770409902324,2570.7071234667915,-87.50274482940941,-127.8271942874484,2582.3461840778555,-97.91122477778198,0.6900981947236448,0.0,-0.7237157464358271,3.929013079667063,3.929013079667063
-127.8271942874484,2582.3461840778555,-97.91122477778198,-117.89668447587354,2593.98524468892,-108.31970472615455,0.6900981947236448,0.0,-0.7237157464358271,3.929013079667063,3.929013079667063
-117.89668447587354,2593.98524468892,-108.31970472615455,-126.67416167567056,2606.5167510242677,-99.06425738955983,0.6900981947236448,0.0,-0.7237157464358271,3.929013079667063,3.929013079667063
-126.67416167567056,2606.5167510242677,-99.06425738955983,-135.45163887546758,2619.0482573596155,-89.8088100529651,0.6900981947236448,0.0,-0.7237157464358271,3.929013079667063,3.929013079667063
-136.6046714872454,2594.8776904132033,-88.65577744118724,-126.67416167567056,2606.5167510242677,-99.06425738955983,0.6900981947236448,0.0,-0.7237157464358271,3.929013079667063,3.929013079667063
-126.67416167567056,2606.5167510242677,-99.06425738955983,-116.74365186409571,2618.155811635332,-109.47273733793241,0.6900981947236448,0.0,-0.7237157464358271,3.929013079667063,3.929013079667063
-116.74365186409571,2618.155811635332,-109.47273733793241,-125.52112906389272,2630.6873179706795,-100.21729000133767,0.6900981947236448,0.0,-0.7237157464358271,3.929013079667063,3.929013079667063
-125.52112906389272,2630.6873179706795,-100.21729000133767,-134.29860626368972,2643.2188243060273,-90.96184266474293,0.6900981947236448,0.0,-0.7237157464358271,3.929013079667063,3.929013079667063
-135.45163887546758,2619.0482573596155,-89.8088100529651,-125.52112906389272,2630.6873179706795,-100.21729000133767,0.6900981947236448,0.0,-0.7237157464358271,3.929013079667063,3.929013079667063
-125.52112906389272,2630.6873179706795,-100.21729000133767,-115.59061925231786,2642.326378581744,-110.62576994971025,0.6900981947236448,0.0,-0.7237157464358271,3.929013079667063,3.929013079667063
-115.59061925231786,2642.326378581744,-110.62576994971025,-124.36809645211487,2654.8578849170913,-101.37032261311552,0.6900981947236448,0.0,-0.7237157464358271,3.929013079667063,3.929013079667063
-124.36809645211487,2654.8578849170913,-101.37032261311552,-133.1455736519119,2667.389391252439,-92.11487527652079,0.6900981947236448,0.0,-0.7237157464358271,3.929013079667063,3.929013079667063
-134.29860626368972,2643.2188243060273,-90.96184266474293,-124.36809645211487,2654.8578849170913,-101.37032261311552,0.6900981947236448,0.0,-0.7237157464358271,3.929013079667063,3.929013079667063
-124.36809645211487,2654.8578849170913,-101.37032261311552,-114.43758664054002,2666.4969455281557,-111.7788025614881,0.6900981947236448,0.0,-0.7237157464358271,3.929013079667063,3.929013079667063
-114.43758664054002,2666.4969455281557,-111.7788025614881,-123.21506384033702,2679.028451863503,-102.52335522489336,0.6900981947236448,0.0,-0.7237157464358271,3.929013079667063,3.929013079667063
-123.21506384033702,2679.028451863503,-102.52335522489336,-131.99254104013403,2691.559958198851,-93.26790788829862,0.6900981947236448,0.0,-0.7237157464358271,3.929013079667063,3.929013079667063
-133.1455736519119,2667.389391252439,-92.11487527652079,-123.21506384033702,2679.028451863503,-102.52335522489336,0.6900981947236448,0.0,-0.7237157464358271,3.929013079667063,3.929013079667063
-123.21506384033702,2679.028451863503,-102.52335522489336,-113.28455402876217,2690.6675124745675,-112.93183517326594,0.6900981947236448,0.0,-0.7237157464358271,3.929013079667063,3.929013079667063
-113.28455402876217,2690.6675124745675,-112.93183517326594,-122.06203122855919,2703.199018809915,-103.67638783667121,0.6900981947236448,0.0,-0.7237157464358271,3.929013079667063,3.929013079667063
-122.06203122855919,2703.199018809915,-103.67638783667121,-130.8395084283562,2715.7305251452626,-94.42094050007648,0.6900981947236448,0.0,-0.7237157464358271,3.929013079667063,3.929013079667063
-131.99254104013403,2691.559958198851,-93.26790788829862,-122.06203122855919,2703.199018809915,-103.67638783667121,0.6900981947236448,0.0,-0.7237157464358271,3.929013079667063,3.929013079667063
-122.06203122855919,2703.199018809915,-103.67638783667121,-112.13152141698433,2714.8380794209793,-114.0848677850438,0.6900981947236448,0.0,-0.7237157464358271,3.929013079667063,3.929013079667063
-112.13152141698433,2714.8380794209797,-114.0848677850438,-120.90899861678133,2727.369585756327,-104.82942044844907,0.6900981947236448,0.0,-0.7237157464358271,3.929013079667063,3.929013079667063
-120.90899861678133,2727.369585756327,-104.82942044844907,-129.68647581657834,2739.901092091675,-95.57397311185433,0.6900981947236448,0.0,-0.7237157464358271,3.929013079667063,3.929013079667063
-130.8395084283562,2715.730525145263,-94.42094050007648,-120.90899861678133,2727.369585756327,-104.82942044844907,0.6900981947236448,0.0,-0.7237157464358271,3.929013079667063,3.929013079667063
-120.90899861678133,2727.369585756327,-104.82942044844907,-110.97848880520648,2739.0086463673915,-115.23790039682164,0.6900981947236448,0.0,-0.7237157464358271,3.929013079667063,3.929013079667063
-110.97848880520648,2739.0086463673915,-115.23790039682164,-119.7559660050035,2751.540152702739,-105.9824530602269,0.6900981947236448,0.0,-0.7237157464358271,3.929013079667063,3.929013079667063
-119.7559660050035,2751.540152702739,-105.9824530602269,-128.5334432048005,2764.0716590380866,-96.72700572363217,0.6900981947236448,0.0,-0.7237157464358271,3.929013079667063,3.929013079667063
-129.68647581657834,2739.901092091675,-95.57397311185433,-119.7559660050035,2751.540152702739,-105.9824530602269,0.6900981947236448,0.0,-0.7237157464358271,3.929013079667063,3.929013079667063
-119.7559660050035,2751.540152702739,-105.9824530602269,-109.82545619342864,2763.1792133138033,-116.39093300859949,0.6900981947236448,0.0,-0.7237157464358271,3.929013079667063,3.929013079667063
-109.82545619342864,2763.1792133138033,-116.39093300859949,-118.60293339322565,2775.7107196491506,-107.13548567200476,0.6900981947236448,0.0,-0.7237157464358271,3.929013079667063,3.929013079667063
-118.60293339322565,2775.7107196491506,-107.13548567200476,-127.38041059302266,2788.2422259844984,-97.88003833541002,0.6900981947236448,0.0,-0.7237157464358271,3.929013079667063,3.929013079667063
-128.5334432048005,2764.0716590380866,-96.72700572363217,-118.60293339322565,2775.7107196491506,-107.13548567200476,0.6900981947236448,0.0,-0.7237157464358271,3.929013079667063,3.929013079667063
-118.60293339322565,2775.7107196491506,-107.13548567200476,-108.67242358165079,2787.349780260215,-117.54396562037734,0.6900981947236448,0.0,-0.7237157464358271,3.929013079667063,3.929013079667063
-108.67242358165079,2787.349780260215,-117.54396562037734,-117.44990078144781,2799.8812865955624,-108.2885182837826,0.6900981947236448,0.0,-0.7237157464358271,3.929013079667063,3.929013079667063
-117.44990078144781,2799.8812865955624,-108.2885182837826,-126.22737798124481,2812.41279293091,-99.03307094718787,0.6900981947236448,0.0,-0.7237157464358271,3.929013079667063,3.929013079667063
-127.38041059302266,2788.2422259844984,-97.88003833541002,-117.44990078144781,2799.8812865955624,-108.2885182837826,0.6900981947236448,0.0,-0.7237157464358271,3.929013079667063,3.929013079667063
-117.44990078144781,2799.8812865955624,-108.2885182837826,-107.51939096987294,2811.520347206627,-118.69699823215518,0.6900981947236448,0.0,-0.7237157464358271,3.929013079667063,3.929013079667063
-107.51939096987294,2811.520347206627,-118.69699823215518,-116.29686816966996,2824.051853541974,-109.44155089556045,0.6900981947236448,0.0,-0.7237157464358271,3.929013079667063,3.929013079667063
-116.29686816966996,2824.051853541974,-109.44155089556045,-125.07434536946698,2836.583359877322,-100.18610355896571,0.6900981947236448,0.0,-0.7237157464358271,3.929013079667063,3.929013079667063
-126.22737798124481,2812.41279293091,-99.03307094718787,-116.29686816966996,2824.051853541974,-109.44155089556045,0.6900981947236448,0.0,-0.7237157464358271,3.929013079667063,3.929013079667063
-116.29686816966996,2824.051853541974,-109.44155089556045,-106.36635835809511,2835.6909141530386,-119.85003084393303,0.6900981947236448,0.0,-0.7237157464358271,3.929013079667063,3.929013079667063
-106.3663583580951,2835.6909141530386,-119.85003084393303,-115.14383555789212,2848.222420488386,-110.5945835073383,0.6900981947236448,0.0,-0.7237157464358271,3.929013079667063,3.929013079667063
-115.14383555789212,2848.222420488386,-110.5945835073383,-123.92131275768912,2860.7539268237338,-101.33913617074356,0.6900981947236448,0.0,-0.7237157464358271,3.929013079667063,3.929013079667063
-125.07434536946697,2836.583359877322,-100.18610355896571,-115.14383555789212,2848.222420488386,-110.5945835073383,0.6900981947236448,0.0,-0.7237157464358271,3.929013079667063,3.929013079667063
-115.14383555789212,2848.222420488386,-110.5945835073383,-105.21332574631725,2859.8614810994504,-121.00306345571087,0.6900981947236448,0.0,-0.7237157464358271,3.929013079667063,3.929013079667063
-105.21332574631725,2859.8614810994504,-121.00306345571087,-113.99080294611427,2872.3929874347978,-111.74761611911615,0.6900981947236448,0.0,-0.7237157464358271,3.929013079667063,3.929013079667063
-113.99080294611427,2872.3929874347978,-111.74761611911615,-122.76828014591129,2884.924493770146,-102.4921687825214,0.6900981947236448,0.0,-0.7237157464358271,3.929013079667063,3.929013079667063
-123.92131275768912,2860.7539268237338,-101.33913617074356,-113.99080294611427,2872.3929874347978,-111.74761611911615,0.6900981947236448,0.0,-0.7237157464358271,3.929013079667063,3.929013079667063
-113.99080294611427,2872.3929874347978,-111.74761611911615,-104.06029313453942,2884.0320480458627,-122.15609606748872,0.6900981947236448,0.0,-0.7237157464358271,3.929013079667063,3.929013079667063
-104.06029313453942,2884.0320480458627,-122.15609606748872,-112.83777033433643,2896.56355438121,-112.90064873089399,0.6900981947236448,0.0,-0.7237157464358271,3.929013079667063,3.929013079667063
-112.83777033433643,2896.56355438121,-112.90064873089399,-121.61524753413345,2909.095060716558,-103.64520139429925,0.6900981947236448,0.0,-0.7237157464358271,3.929013079667063,3.929013079667063
-122.76828014591129,2884.924493770146,-102.4921687825214,-112.83777033433643,2896.56355438121,-112.90064873089399,0.6900981947236448,0.0,-0.7237157464358271,3.929013079667063,3.929013079667063
-112.83777033433643,2896.56355438121,-112.90064873089399,-102.90726052276158,2908.2026149922744,-123.30912867926656,0.6900981947236448,0.0,-0.7237157464358271,3.929013079667063,3.929013079667063
-102.90726052276158,2908.2026149922744,-123.30912867926656,-111.68473772255858,2920.734121327622,-114.05368134267184,0.6900981947236448,0.0,-0.7237157464358271,3.929013079667063,3.929013079667063
-111.68473772255858,2920.734121327622,-114.05368134267184,-120.4622149223556,2933.2656276629696,-104.7982340060771,0.6900981947236448,0.0,-0.7237157464358271,3.929013079667063,3.929013079667063
-121.61524753413345,2909.095060716558,-103.64520139429925,-111.68473772255858,2920.734121327622,-114.05368134267184,0.6900981947236448,0.0,-0.7237157464358271,3.929013079667063,3.929013079667063
-111.68473772255858,2920.734121327622,-114.05368134267184,-101.75422791098373,2932.3731819386862,-124.46216129104441,0.6900981947236448,0.0,-0.7237157464358271,3.929013079667063,3.929013079667063
-101.75422791098373,2932.3731819386862,-124.46216129104441,-110.53170511078073,2944.9046882740336,-115.20671395444968,0.6900981947236448,0.0,-0.7237157464358271,3.929013079667063,3.929013079667063
-110.53170511078073,2944.9046882740336,-115.20671395444968,-119.30918231057775,2957.4361946093813,-105.95126661785494,0.6900981947236448,0.0,-0.7237157464358271,3.929013079667063,3.929013079667063
-120.4622149223556,2933.2656276629696,-104.7982340060771,-110.53170511078073,2944.9046882740336,-115.20671395444968,0.6900981947236448,0.0,-0.7237157464358271,3.929013079667063,3.929013079667063
-110.53170511078073,2944.9046882740336,-115.20671395444968,-100.60119529920588,2956.543748885098,-125.61519390282226,0.6900981947236448,0.0,-0.7237157464358271,3.929013079667063,3.929013079667063
-100.60119529920588,2956.543748885098,-125.61519390282227,-109.37867249900289,2969.075255220446,-116.35974656622753,0.6900981947236448,0.0,-0.7237157464358271,3.929013079667063,3.929013079667063
-109.37867249900289,2969.075255220446,-116.35974656622753,-118.15614969879991,2981.6067615557936,-107.1042992296328,0.6900981947236448,0.0,-0.7237157464358271,3.929013079667063,3.929013079667063
-119.30918231057775,2957.4361946093813,-105.95126661785496,-109.37867249900289,2969.075255220446,-116.35974656622753,0.6900981947236448,0.0,-0.7237157464358271,3.929013079667063,3.929013079667063
-109.37867249900289,2969.075255220446,-116.35974656622753,-99.44816268742804,2980.7143158315102,-126.76822651460012,0.6900981947236448,0.0,-0.7237157464358271,3.929013079667063,3.929013079667063
-99.44816268742804,2980.7143158315102,-126.76822651460012,-108.22563988722504,2993.2458221668576,-117.51277917800537,0.6900981947236448,0.0,-0.7237157464358271,3.929013079667063,3.929013079667063
-108.22563988722504,2993.2458221668576,-117.51277917800537,-117.00311708702206,3005.7773285022054,-108.25733184141063,0.6900981947236448,0.0,-0.7237157464358271,3.929013079667063,3.929013079667063
-118.15614969879991,2981.6067615557936,-107.1042992296328,-108.22563988722504,2993.2458221668576,-117.51277917800537,0.6900981947236448,0.0,-0.7237157464358271,3.929013079667063,3.929013079667063
-108.22563988722504,2993.2458221668576,-117.51277917800537,-98.29513007565019,3004.884882777922,-127.92125912637795,0.6900981947236448,0.0,-0.7237157464358271,3.929013079667063,3.929013079667063
-98.29513007565019,3004.884882777922,-127.92125912637795,-107.07260727544721,3017.4163891132694,-118.66581178978322,0.6900981947236448,0.0,-0.7237157464358271,3.929013079667063,3.929013079667063
-107.07260727544721,3017.4163891132694,-118.66581178978322,-115.85008447524422,3029.947895448617,-109.41036445318849,0.6900981947236448,0.0,-0.7237157464358271,3.929013079667063,3.929013079667063
-117.00311708702206,3005.7773285022054,-108.25733184141063,-107.07260727544721,3017.4163891132694,-118.66581178978322,0.6900981947236448,0.0,-0.7237157464358271,3.929013079667063,3.929013079667063
-107.07260727544721,3017.4163891132694,-118.66581178978322,-97.14209746387235,3029.055449724334,-129.0742917381558,0.6900981947236448,0.0,-0.7237157464358271,3.929013079667063,3.929013079667063
-97.14209746387235,3029.055449724334,-129.0742917381558,-105.91957466366935,3041.586956059681,-119.81884440156107,0.6900981947236448,0.0,-0.7237157464358271,3.929013079667063,3.929013079667063
-105.91957466366935,3041.586956059681,-119.81884440156107,-114.69705186346638,3054.118462395029,-110.56339706496632,0.6900981947236448,0.0,-0.7237157464358271,3.929013079667063,3.929013079667063
-115.85008447524422,3029.947895448617,-109.41036445318849,-105.91957466366935,3041.586956059681,-119.81884440156107,0.6900981947236448,0.0,-0.7237157464358271,3.929013079667063,3.929013079667063
-105.91957466366935,3041.586956059681,-119.81884440156107,-95.98906485209451,3053.2260166707456,-130.22732434993364,0.6900981947236448,0.0,-0.7237157464358271,3.929013079667063,3.929013079667063
-95.98906485209451,3053.2260166707456,-130.22732434993364,-104.76654205189152,3065.757523006093,-120.97187701333891,0.6900981947236448,0.0,-0.7237157464358271,3.929013079667063,3.929013079667063
-104.76654205189152,3065.757523006093,-120.97187701333891,-113.54401925168852,3078.2890293414407,-111.71642967674418,0.6900981947236448,0.0,-0.7237157464358271,3.929013079667063,3.929013079667063
-114.69705186346638,3054.118462395029,-110.56339706496632,-104.76654205189152,3065.757523006093,-120.97187701333891,0.6900981947236448,0.0,-0.7237157464358271,3.929013079667063,3.929013079667063
-104.76654205189152,3065.757523006093,-120.97187701333891,-94.83603224031665,3077.3965836171574,-131.3803569617115,0.6900981947236448,0.0,-0.7237157464358271,3.929013079667063,3.929013079667063
-94.83603224031665,3077.3965836171574,-131.3803569617115,-103.61350944011366,3089.9280899525047,-122.12490962511677,0.6900981947236448,0.0,-0.7237157464358271,3.929013079667063,3.929013079667063
-103.61350944011366,3089.9280899525047,-122.12490962511677,-112.39098663991068,3102.4595962878525,-112.86946228852203,0.6900981947236448,0.0,-0.7237157464358271,3.929013079667063,3.929013079667063
-113.54401925168852,3078.2890293414407,-111.71642967674418,-103.61350944011366,3089.9280899525047,-122.12490962511677,0.6900981947236448,0.0,-0.7237157464358271,3.929013079667063,3.929013079667063
-103.61350944011366,3089.9280899525047,-122.12490962511677,-93.68299962853881,3101.567150563569,-132.53338957348933,0.6900981947236448,0.0,-0.7237157464358271,3.929013079667063,3.929013079667063
-93.68299962853881,3101.567150563569,-132.53338957348933,-102.46047682833583,3114.0986568989165,-123.2779422368946,0.6900981947236448,0.0,-0.7237157464358271,3.929013079667063,3.929013079667063
-102.46047682833583,3114.0986568989165,-123.2779422368946,-111.23795402813283,3126.6301632342643,-114.02249490029988,0.6900981947236448,0.0,-0.7237157464358271,3.929013079667063,3.929013079667063
-112.39098663991068,3102.4595962878525,-112.86946228852203,-102.46047682833583,3114.0986568989165,-123.2779422368946,0.6900981947236448,0.0,-0.7237157464358271,3.929013079667063,3.929013079667063
-102.46047682833583,3114.0986568989165,-123.2779422368946,-92.52996701676096,3125.737717509981,-133.6864221852672,0.6900981947236448,0.0,-0.7237157464358271,3.929013079667063,3.929013079667063
-92.52996701676096,3125.737717509981,-133.6864221852672,-101.30744421655798,3138.2692238453283,-124.43097484867246,0.6900981947236448,0.0,-0.7237157464358271,3.929013079667063,3.929013079667063
-101.30744421655798,3138.2692238453283,-124.43097484867246,-110.084921416355,3150.8007301806765,-115.17552751207772,0.6900981947236448,0.0,-0.7237157464358271,3.929013079667063,3.929013079667063
-111.23795402813283,3126.6301632342643,-114.02249490029988,-101.30744421655798,3138.2692238453283,-124.43097484867246,0.6900981947236448,0.0,-0.7237157464358271,3.929013079667063,3.929013079667063
-101.30744421655798,3138.2692238453283,-124.43097484867246,-91.37693440498313,3149.908284456393,-134.83945479704505,0.6900981947236448,0.0,-0.7237157464358271,3.929013079667063,3.929013079667063
-91.37693440498313,3149.908284456393,-134.83945479704505,-100.15441160478014,3162.4397907917405,-125.5840074604503,0.6900981947236448,0.0,-0.7237157464358271,3.929013079667063,3.929013079667063
-100.15441160478014,3162.4397907917405,-125.5840074604503,-108.93188880457714,3174.9712971270883,-116.32856012385557,0.6900981947236448,0.0,-0.7237157464358271,3.929013079667063,3.929013079667063
-110.084921416355,3150.8007301806765,-115.17552751207772,-100.15441160478014,3162.4397907917405,-125.5840074604503,0.6900981947236448,0.0,-0.7237157464358271,3.929013079667063,3.929013079667063
-100.15441160478014,3162.4397907917405,-125.5840074604503,-90.22390179320527,3174.078851402805,-135.99248740882288,0.6900981947236448,0.0,-0.7237157464358271,3.929013079667063,3.929013079667063
-90.22390179320527,3174.078851402805,-135.99248740882288,-99.0013789930023,3186.6103577381523,-126.73704007222815,0.6900981947236448,0.0,-0.7237157464358271,3.929013079667063,3.929013079667063
-99.0013789930023,3186.6103577381523,-126.73704007222815,-107.77885619279931,3199.1418640735,-117.48159273563341,0.6900981947236448,0.0,-0.7237157464358271,3.929013079667063,3.929013079667063
-108.93188880457714,3174.9712971270883,-116.32856012385557,-99.0013789930023,3186.6103577381523,-126.73704007222815,0.6900981947236448,0.0,-0.7237157464358271,3.929013079667063,3.929013079667063
-99.0013789930023,3186.6103577381523,-126.73704007222815,-89.07086918142744,3198.2494183492167,-137.1455200206007,0.6900981947236448,0.0,-0.7237157464358271,3.929013079667063,3.929013079667063
-89.07086918142744,3198.2494183492167,-137.14552002060074,-97.84834638122445,3210.780924684564,-127.890072684006,0.6900981947236448,0.0,-0.7237157464358271,3.929013079667063,3.929013079667063
-97.84834638122445,3210.780924684564,-127.890072684006,-106.62582358102145,3223.312431019912,-118.63462534741126,0.6900981947236448,0.0,-0.7237157464358271,3.929013079667063,3.929013079667063
-107.77885619279931,3199.1418640735,-117.48159273563343,-97.84834638122445,3210.780924684564,-127.890072684006,0.6900981947236448,0.0,-0.7237157464358271,3.929013079667063,3.929013079667063
-97.84834638122445,3210.780924684564,-127.890072684006,-87.91783656964958,3222.4199852956285,-138.29855263237857,0.6900981947236448,0.0,-0.7237157464358271,3.929013079667063,3.929013079667063
-87.91783656964958,3222.4199852956285,-138.29855263237857,-96.6953137694466,3234.9514916309763,-129.04310529578385,0.6900981947236448,0.0,-0.7237157464358271,3.929013079667063,3.929013079667063
-96.6953137694466,3234.9514916309763,-129.04310529578385,-105.47279096924362,3247.482997966324,-119.78765795918912,0.6900981947236448,0.0,-0.7237157464358271,3.929013079667063,3.929013079667063
-106.62582358102145,3223.312431019912,-118.63462534741126,-96.6953137694466,3234.9514916309763,-129.04310529578385,0.6900981947236448,0.0,-0.7237157464358271,3.929013079667063,3.929013079667063
-96.6953137694466,3234.9514916309763,-129.04310529578385,-86.76480395787175,3246.5905522420408,-139.45158524415643,0.6900981947236448,0.0,-0.7237157464358271,3.929013079667063,3.929013079667063
-86.76480395787175,3246.5905522420408,-139.45158524415643,-95.54228115766875,3259.122058577388,-130.1961379075617,0.6900981947236448,0.0,-0.7237157464358271,3.929013079667063,3.929013079667063
-95.54228115766875,3259.122058577388,-130.1961379075617,-104.31975835746577,3271.653564912736,-120.94069057096695,0.6900981947236448,0.0,-0.7237157464358271,3.929013079667063,3.929013079667063
-105.47279096924362,3247.482997966324,-119.78765795918912,-95.54228115766875,3259.122058577388,-130.1961379075617,0.6900981947236448,0.0,-0.7237157464358271,3.929013079667063,3.929013079667063
-95.54228115766875,3259.122058577388,-130.1961379075617,-85.6117713460939,3270.7611191884525,-140.60461785593426,0.6900981947236448,0.0,-0.7237157464358271,3.929013079667063,3.929013079667063
-85.6117713460939,3270.7611191884525,-140.60461785593426,-94.38924854589092,3283.2926255238,-131.34917051933954,0.6900981947236448,0.0,-0.7237157464358271,3.929013079667063,3.929013079667063
-94.38924854589092,3283.2926255238,-131.34917051933954,-103.16672574568793,3295.8241318591477,-122.09372318274481,0.6900981947236448,0.0,-0.7237157464358271,3.929013079667063,3.929013079667063
-104.31975835746577,3271.653564912736,-120.94069057096695,-94.38924854589092,3283.2926255238,-131.34917051933954,0.6900981947236448,0.0,-0.7237157464358271,3.929013079667063,3.929013079667063
-94.38924854589092,3283.2926255238,-131.34917051933954,-84.45873873431606,3294.9316861348643,-141.75765046771212,0.6900981947236448,0.0,-0.7237157464358271,3.929013079667063,3.929013079667063
-84.45873873431606,3294.9316861348643,-141.75765046771212,-93.23621593411306,3307.4631924702117,-132.5022031311174,0.6900981947236448,0.0,-0.7237157464358271,3.929013079667063,3.929013079667063
-93.23621593411306,3307.4631924702117,-132.5022031311174,-102.0136931339101,3319.9946988055594,-123.24675579452264,0.6900981947236448,0.0,-0.7237157464358271,3.929013079667063,3.929013079667063
-103.16672574568793,3295.8241318591477,-122.09372318274481,-93.23621593411306,3307.4631924702117,-132.5022031311174,0.6900981947236448,0.0,-0.7237157464358271,3.929013079667063,3.929013079667063
-93.23621593411306,3307.4631924702117,-132.5022031311174,-83.30570612253823,3319.102253081276,-142.91068307948996,0.6900981947236448,0.0,-0.7237157464358271,3.929013079667063,3.929013079667063
-83.30570612253821,3319.102253081276,-142.91068307948996,-92.08318332233523,3331.6337594166234,-133.65523574289523,0.6900981947236448,0.0,-0.7237157464358271,3.929013079667063,3.929013079667063
-92.08318332233523,3331.6337594166234,-133.65523574289523,-100.86066052213224,3344.165265751971,-124.3997884063005,0.6900981947236448,0.0,-0.7237157464358271,3.929013079667063,3.929013079667063
-102.01369313391008,3319.9946988055594,-123.24675579452266,-92.08318332233523,3331.6337594166234,-133.65523574289523,0.6900981947236448,0.0,-0.7237157464358271,3.929013079667063,3.929013079667063
-92.08318332233523,3331.6337594166234,-133.65523574289523,-82.15267351076037,3343.272820027688,-144.06371569126782,0.6900981947236448,0.0,-0.7237157464358271,3.929013079667063,3.929013079667063
-82.15267351076037,3343.272820027688,-144.06371569126782,-90.93015071055737,3355.804326363035,-134.8082683546731,0.6900981947236448,0.0,-0.7237157464358271,3.929013079667063,3.929013079667063
-90.93015071055737,3355.804326363035,-134.8082683546731,-99.70762791035439,3368.335832698383,-125.55282101807835,0.6900981947236448,0.0,-0.7237157464358271,3.929013079667063,3.929013079667063
-100.86066052213224,3344.165265751971,-124.3997884063005,-90.93015071055737,3355.804326363035,-134.8082683546731,0.6900981947236448,0.0,-0.7237157464358271,3.929013079667063,3.929013079667063
-90.93015071055737,3355.804326363035,-134.8082683546731,-80.99964089898252,3367.4433869740997,-145.21674830304568,0.6900981947236448,0.0,-0.7237157464358271,3.929013079667063,3.929013079667063
-80.99964089898252,3367.4433869740997,-145.21674830304568,-89.77711809877954,3379.974893309447,-135.96130096645092,0.6900981947236448,0.0,-0.7237157464358271,3.929013079667063,3.929013079667063
-89.77711809877954,3379.974893309447,-135.96130096645092,-98.55459529857654,3392.506399644795,-126.7058536298562,0.6900981947236448,0.0,-0.7237157464358271,3.929013079667063,3.929013079667063
-99.70762791035439,3368.335832698383,-125.55282101807835,-89.77711809877954,3379.974893309447,-135.96130096645092,0.6900981947236448,0.0,-0.7237157464358271,3.929013079667063,3.929013079667063
-89.77711809877954,3379.974893309447,-135.96130096645092,-79.84660828720467,3391.6139539205114,-146.3697809148235,0.6900981947236448,0.0,-0.7237157464358271,3.929013079667063,3.929013079667063
-79.84660828720467,3391.6139539205114,-146.3697809148235,-88.6240854870017,3404.145460255859,-137.11433357822878,0.6900981947236448,0.0,-0.7237157464358271,3.929013079667063,3.929013079667063
-88.6240854870017,3404.145460255859,-137.11433357822878,-97.40156268679871,3416.6769665912066,-127.85888624163404,0.6900981947236448,0.0,-0.7237157464358271,3.929013079667063,3.929013079667063
-98.55459529857654,3392.506399644795,-126.7058536298562,-88.6240854870017,3404.145460255859,-137.11433357822878,0.6900981947236448,0.0,-0.7237157464358271,3.929013079667063,3.929013079667063
-88.6240854870017,3404.145460255859,-137.11433357822878,-78.69357567542684,3415.7845208669232,-147.52281352660134,0.6900981947236448,0.0,-0.7237157464358271,3.929013079667063,3.929013079667063
-78.69357567542684,3415.7845208669232,-147.52281352660134,-87.47105287522385,3428.3160272022706,-138.2673661900066,0.6900981947236448,0.0,-0.7237157464358271,3.929013079667063,3.929013079667063
-87.47105287522385,3428.3160272022706,-138.2673661900066,-96.24853007502085,3440.847533537619,-129.01191885341188,0.6900981947236448,0.0,-0.7237157464358271,3.929013079667063,3.929013079667063
-97.40156268679871,3416.6769665912066,-127.85888624163404,-87.47105287522385,3428.3160272022706,-138.2673661900066,0.6900981947236448,0.0,-0.7237157464358271,3.929013079667063,3.929013079667063
-87.47105287522385,3428.3160272022706,-138.2673661900066,-77.54054306364898,3439.9550878133355,-148.6758461383792,0.6900981947236448,0.0,-0.7237157464358271,3.929013079667063,3.929013079667063
-77.54054306364898,3439.9550878133355,-148.6758461383792,-86.31802026344602,3452.486594148683,-139.42039880178447,0.6900981947236448,0.0,-0.7237157464358271,3.929013079667063,3.929013079667063
-86.31802026344602,3452.486594148683,-139.42039880178447,-95.09549746324302,3465.0181004840306,-130.16495146518974,0.6900981947236448,0.0,-0.7237157464358271,3.929013079667063,3.929013079667063
-96.24853007502085,3440.847533537619,-129.01191885341188,-86.31802026344602,3452.486594148683,-139.42039880178447,0.6900981947236448,0.0,-0.7237157464358271,3.929013079667063,3.929013079667063
-86.31802026344602,3452.486594148683,-139.42039880178447,-76.38751045187115,3464.1256547597472,-149.82887875015706,0.6900981947236448,0.0,-0.7237157464358271,3.929013079667063,3.929013079667063
-130.94901364119875,2320.374426855538,-75.60344827586202,-129.79598102942091,2344.5449938019497,-91.65339549746359,0.0,0.0,1.0,3.929013079667063,3.929013079667063
-129.79598102942091,2344.5449938019497,-61.85956627781614,-128.64294841764305,2368.7155607483614,-77.90951349941771,0.0,0.0,1.0,3.929013079667063,3.929013079667063
-128.64294841764305,2368.7155607483614,-77.90951349941771,-127.48991580586521,2392.886127694773,-93.95946072101928,0.0,0.0,1.0,3.929013079667063,3.929013079667063
-129.79598102942091,2344.5449938019497,-91.65339549746359,-128.64294841764305,2368.7155607483614,-77.90951349941771,0.0,0.0,1.0,3.929013079667063,3.929013079667063
-128.64294841764305,2368.7155607483614,-77.90951349941771,-127.48991580586521,2392.886127694773,-64.16563150137183,0.0,0.0,1.0,3.929013079667063,3.929013079667063
-127.48991580586521,2392.886127694773,-64.16563150137183,-126.33688319408736,2417.0566946411855,-80.2155787229734,0.0,0.0,1.0,3.929013079667063,3.929013079667063
-126.33688319408736,2417.0566946411855,-80.2155787229734,-125.18385058230953,2441.2272615875972,-96.26552594457497,0.0,0.0,1.0,3.929013079667063,3.929013079667063
-127.48991580586521,2392.886127694773,-93.95946072101928,-126.33688319408736,2417.0566946411855,-80.2155787229734,0.0,0.0,1.0,3.929013079667063,3.929013079667063
-126.33688319408736,2417.0566946411855,-80.2155787229734,-125.18385058230953,2441.2272615875972,-66.47169672492753,0.0,0.0,1.0,3.929013079667063,3.929013079667063
-125.18385058230953,2441.2272615875972,-66.47169672492753,-124.03081797053169,2465.397828534009,-82.5216439465291,0.0,0.0,1.0,3.929013079667063,3.929013079667063
-124.03081797053169,2465.397828534009,-82.5216439465291,-122.87778535875384,2489.568395480421,-98.57159116813067,0.0,0.0,1.0,3.929013079667063,3.929013079667063
-125.18385058230953,2441.2272615875972,-96.26552594457497,-124.03081797053169,2465.397828534009,-82.5216439465291,0.0,0.0,1.0,3.929013079667063,3.929013079667063
-124.03081797053169,2465.397828534009,-82.5216439465291,-122.87778535875384,2489.568395480421,-68.77776194848322,0.0,0.0,1.0,3.929013079667063,3.929013079667063
-122.87778535875384,2489.568395480421,-68.77776194848322,-121.724752746976,2513.7389624268326,-84.82770917008479,0.0,0.0,1.0,3.929013079667063,3.929013079667063
-121.724752746976,2513.7389624268326,-84.82770917008479,-120.57172013519815,2537.9095293732444,-100.87765639168636,0.0,0.0,1.0,3.929013079667063,3.929013079667063
-122.87778535875384,2489.568395480421,-98.57159116813067,-121.724752746976,2513.7389624268326,-84.82770917008479,0.0,0.0,1.0,3.929013079667063,3.929013079667063
-121.724752746976,2513.7389624268326,-84.82770917008479,-120.57172013519815,2537.9095293732444,-71.08382717203891,0.0,0.0,1.0,3.929013079667063,3.929013079667063
-120.57172013519815,2537.9095293732444,-71.08382717203891,-119.4186875234203,2562.0800963196566,-87.1337743936405,0.0,0.0,1.0,3.929013079667063,3.929013079667063
-119.4186875234203,2562.0800963196566,-87.1337743936405,-118.26565491164246,2586.2506632660684,-103.18372161524205,0.0,0.0,1.0,3.929013079667063,3.929013079667063
-120.57172013519815,2537.9095293732444,-100.87765639168636,-119.4186875234203,2562.0800963196566,-87.1337743936405,0.0,0.0,1.0,3.929013079667063,3.929013079667063
-119.4186875234203,2562.0800963196566,-87.1337743936405,-118.26565491164246,2586.2506632660684,-73.3898923955946,0.0,0.0,1.0,3.929013079667063,3.929013079667063
-118.26565491164246,2586.2506632660684,-73.3898923955946,-117.11262229986463,2610.42123021248,-89.43983961719618,0.0,0.0,1.0,3.929013079667063,3.929013079667063
-117.11262229986463,2610.42123021248,-89.43983961719618,-115.95958968808678,2634.591797158892,-105.48978683879774,0.0,0.0,1.0,3.929013079667063,3.929013079667063
-118.26565491164246,2586.2506632660684,-103.18372161524205,-117.11262229986463,2610.42123021248,-89.43983961719618,0.0,0.0,1.0,3.929013079667063,3.929013079667063
-117.11262229986463,2610.42123021248,-89.43983961719618,-115.95958968808678,2634.591797158892,-75.69595761915029,0.0,0.0,1.0,3.929013079667063,3.929013079667063
-115.95958968808678,2634.591797158892,-75.69595761915029,-114.80655707630893,2658.7623641053037,-91.74590484075188,0.0,0.0,1.0,3.929013079667063,3.929013079667063
-114.80655707630893,2658.7623641053037,-91.74590484075188,-113.65352446453109,2682.9329310517155,-107.79585206235343,0.0,0.0,1.0,3.929013079667063,3.929013079667063
-115.95958968808678,2634.591797158892,-105.48978683879774,-114.80655707630893,2658.7623641053037,-91.74590484075188,0.0,0.0,1.0,3.929013079667063,3.929013079667063
-114.80655707630893,2658.7623641053037,-91.74590484075188,-113.65352446453109,2682.9329310517155,-78.00202284270598,0.0,0.0,1.0,3.929013079667063,3.929013079667063
-113.65352446453109,2682.9329310517155,-78.002022842706,-112.50049185275324,2707.1034979981278,-94.05197006430757,0.0,0.0,1.0,3.929013079667063,3.929013079667063
-112.50049185275324,2707.1034979981278,-94.05197006430757,-111.3474592409754,2731.2740649445395,-110.10191728590914,0.0,0.0,1.0,3.929013079667063,3.929013079667063
-113.65352446453109,2682.9329310517155,-107.79585206235345,-112.50049185275324,2707.1034979981278,-94.05197006430757,0.0,0.0,1.0,3.929013079667063,3.929013079667063
-112.50049185275324,2707.1034979981278,-94.05197006430757,-111.3474592409754,2731.2740649445395,-80.30808806626169,0.0,0.0,1.0,3.929013079667063,3.929013079667063
-111.3474592409754,2731.2740649445395,-80.30808806626169,-110.19442662919755,2755.4446318909513,-96.35803528786326,0.0,0.0,1.0,3.929013079667063,3.929013079667063
-110.19442662919755,2755.4446318909513,-96.35803528786326,-109.04139401741972,2779.615198837363,-112.40798250946483,0.0,0.0,1.0,3.929013079667063,3.929013079667063
-111.3474592409754,2731.2740649445395,-110.10191728590914,-110.19442662919755,2755.4446318909513,-96.35803528786326,0.0,0.0,1.0,3.929013079667063,3.929013079667063
-110.19442662919755,2755.4446318909513,-96.35803528786326,-109.04139401741972,2779.615198837363,-82.61415328981738,0.0,0.0,1.0,3.929013079667063,3.929013079667063
-109.04139401741972,2779.615198837363,-82.61415328981738,-107.88836140564187,2803.785765783775,-98.66410051141895,0.0,0.0,1.0,3.929013079667063,3.929013079667063
-107.88836140564187,2803.785765783775,-98.66410051141895,-106.73532879386403,2827.9563327301867,-114.71404773302052,0.0,0.0,1.0,3.929013079667063,3.929013079667063
-109.04139401741972,2779.615198837363,-112.40798250946483,-107.88836140564187,2803.785765783775,-98.66410051141895,0.0,0.0,1.0,3.929013079667063,3.929013079667063
-107.88836140564187,2803.785765783775,-98.66410051141895,-106.73532879386403,2827.9563327301867,-84.92021851337307,0.0,0.0,1.0,3.929013079667063,3.929013079667063
-106.73532879386403,2827.9563327301867,-84.92021851337307,-105.58229618208618,2852.1268996765984,-100.97016573497464,0.0,0.0,1.0,3.929013079667063,3.929013079667063
-105.58229618208618,2852.1268996765984,-100.97016573497464,-104.42926357030834,2876.29746662301,-117.02011295657621,0.0,0.0,1.0,3.929013079667063,3.929013079667063
-106.73532879386403,2827.9563327301867,-114.71404773302052,-105.58229618208618,2852.1268996765984,-100.97016573497464,0.0,0.0,1.0,3.929013079667063,3.929013079667063
-105.58229618208618,2852.1268996765984,-100.97016573497464,-104.42926357030834,2876.29746662301,-87.22628373692876,0.0,0.0,1.0,3.929013079667063,3.929013079667063
-104.42926357030834,2876.29746662301,-87.22628373692876,-103.27623095853049,2900.4680335694225,-103.27623095853033,0.0,0.0,1.0,3.929013079667063,3.929013079667063
-103.27623095853049,2900.4680335694225,-103.27623095853033,-102.12319834675264,2924.6386005158342,-119.3261781801319,0.0,0.0,1.0,3.929013079667063,3.929013079667063
-104.42926357030834,2876.29746662301,-117.02011295657621,-103.27623095853049,2900.4680335694225,-103.27623095853033,0.0,0.0,1.0,3.929013079667063,3.929013079667063
-103.27623095853049,2900.4680335694225,-103.27623095853033,-102.12319834675264,2924.6386005158342,-89.53234896048446,0.0,0.0,1.0,3.929013079667063,3.929013079667063
-102.12319834675264,2924.6386005158342,-89.53234896048446,-100.97016573497481,2948.809167462246,-105.58229618208603,0.0,0.0,1.0,3.929013079667063,3.929013079667063
-100.97016573497481,2948.809167462246,-105.58229618208603,-99.81713312319695,2972.979734408658,-121.6322434036876,0.0,0.0,1.0,3.929013079667063,3.929013079667063
-102.12319834675264,2924.6386005158342,-119.3261781801319,-100.97016573497481,2948.809167462246,-105.58229618208603,0.0,0.0,1.0,3.929013079667063,3.929013079667063
-100.97016573497481,2948.809167462246,-105.58229618208603,-99.81713312319695,2972.979734408658,-91.83841418404015,0.0,0.0,1.0,3.929013079667063,3.929013079667063
-99.81713312319695,2972.979734408658,-91.83841418404015,-98.66410051141912,2997.1503013550696,-107.88836140564172,0.0,0.0,1.0,3.929013079667063,3.929013079667063
-98.66410051141912,2997.1503013550696,-107.88836140564172,-97.51106789964128,3021.320868301482,-123.93830862724329,0.0,0.0,1.0,3.929013079667063,3.929013079667063
-99.81713312319695,2972.979734408658,-121.6322434036876,-98.66410051141912,2997.1503013550696,-107.88836140564172,0.0,0.0,1.0,3.929013079667063,3.929013079667063
-98.66410051141912,2997.1503013550696,-107.88836140564172,-97.51106789964128,3021.320868301482,-94.14447940759584,0.0,0.0,1.0,3.929013079667063,3.929013079667063
-97.51106789964126,3021.320868301482,-94.14447940759585,-96.35803528786343,3045.4914352478936,-110.19442662919741,0.0,0.0,1.0,3.929013079667063,3.929013079667063
-96.35803528786343,3045.4914352478936,-110.19442662919741,-95.20500267608558,3069.6620021943054,-126.244373850799,0.0,0.0,1.0,3.929013079667063,3.929013079667063
-97.51106789964126,3021.320868301482,-123.9383086272433,-96.35803528786343,3045.4914352478936,-110.19442662919741,0.0,0.0,1.0,3.929013079667063,3.929013079667063
-96.35803528786343,3045.4914352478936,-110.19442662919741,-95.20500267608558,3069.6620021943054,-96.45054463115154,0.0,0.0,1.0,3.929013079667063,3.929013079667063
-95.20500267608558,3069.6620021943054,-96.45054463115154,-94.05197006430774,3093.832569140717,-112.5004918527531,0.0,0.0,1.0,3.929013079667063,3.929013079667063
-94.05197006430774,3093.832569140717,-112.5004918527531,-92.89893745252989,3118.003136087129,-128.55043907435467,0.0,0.0,1.0,3.929013079667063,3.929013079667063
-95.20500267608558,3069.6620021943054,-126.244373850799,-94.05197006430774,3093.832569140717,-112.5004918527531,0.0,0.0,1.0,3.929013079667063,3.929013079667063
-94.05197006430774,3093.832569140717,-112.5004918527531,-92.89893745252989,3118.003136087129,-98.75660985470724,0.0,0.0,1.0,3.929013079667063,3.929013079667063
-92.89893745252989,3118.003136087129,-98.75660985470724,-91.74590484075205,3142.1737030335407,-114.80655707630879,0.0,0.0,1.0,3.929013079667063,3.929013079667063
-91.74590484075205,3142.1737030335407,-114.80655707630879,-90.59287222897422,3166.3442699799525,-130.85650429791036,0.0,0.0,1.0,3.929013079667063,3.929013079667063
-92.89893745252989,3118.003136087129,-128.55043907435467,-91.74590484075205,3142.1737030335407,-114.80655707630879,0.0,0.0,1.0,3.929013079667063,3.929013079667063
-91.74590484075205,3142.1737030335407,-114.80655707630879,-90.59287222897422,3166.3442699799525,-101.06267507826293,0.0,0.0,1.0,3.929013079667063,3.929013079667063
-90.59287222897422,3166.3442699799525,-101.06267507826293,-89.43983961719636,3190.5148369263648,-117.11262229986448,0.0,0.0,1.0,3.929013079667063,3.929013079667063
-89.43983961719636,3190.5148369263648,-117.11262229986448,-88.28680700541852,3214.6854038727765,-133.16256952146605,0.0,0.0,1.0,3.929013079667063,3.929013079667063
-90.59287222897422,3166.3442699799525,-130.85650429791036,-89.43983961719636,3190.5148369263648,-117.11262229986448,0.0,0.0,1.0,3.929013079667063,3.929013079667063
-89.43983961719636,3190.5148369263648,-117.11262229986448,-88.28680700541852,3214.6854038727765,-103.36874030181862,0.0,0.0,1.0,3.929013079667063,3.929013079667063
-88.28680700541852,3214.6854038727765,-103.36874030181862,-87.13377439364068,3238.8559708191883,-119.41868752342018,0.0,0.0,1.0,3.929013079667063,3.929013079667063
-87.13377439364068,3238.8559708191883,-119.41868752342018,-85.98074178186283,3263.0265377656,-135.46863474502175,0.0,0.0,1.0,3.929013079667063,3.929013079667063
-88.28680700541852,3214.6854038727765,-133.16256952146605,-87.13377439364068,3238.8559708191883,-119.41868752342018,0.0,0.0,1.0,3.929013079667063,3.929013079667063
-87.13377439364068,3238.8559708191883,-119.41868752342018,-85.98074178186283,3263.0265377656,-105.67480552537431,0.0,0.0,1.0,3.929013079667063,3.929013079667063
-85.98074178186283,3263.0265377656,-105.67480552537431,-84.82770917008499,3287.1971047120123,-121.72475274697588,0.0,0.0,1.0,3.929013079667063,3.929013079667063
-84.82770917008499,3287.1971047120123,-121.72475274697588,-83.67467655830714,3311.367671658424,-137.77469996857744,0.0,0.0,1.0,3.929013079667063,3.929013079667063
-85.98074178186283,3263.0265377656,-135.46863474502175,-84.82770917008499,3287.1971047120123,-121.72475274697588,0.0,0.0,1.0,3.929013079667063,3.929013079667063
-84.82770917008499,3287.1971047120123,-121.72475274697588,-83.67467655830714,3311.367671658424,-107.98087074893,0.0,0.0,1.0,3.929013079667063,3.929013079667063
-83.67467655830714,3311.367671658424,-107.98087074893,-82.5216439465293,3335.538238604836,-124.03081797053157,0.0,0.0,1.0,3.929013079667063,3.929013079667063
-82.5216439465293,3335.538238604836,-124.03081797053157,-81.36861133475145,3359.7088055512477,-140.08076519213313,0.0,0.0,1.0,3.929013079667063,3.929013079667063
-83.67467655830714,3311.367671658424,-137.77469996857744,-82.5216439465293,3335.538238604836,-124.03081797053157,0.0,0.0,1.0,3.929013079667063,3.929013079667063
-82.5216439465293,3335.538238604836,-124.03081797053157,-81.36861133475145,3359.7088055512477,-110.2869359724857,0.0,0.0,1.0,3.929013079667063,3.929013079667063
-81.36861133475145,3359.7088055512477,-110.2869359724857,-80.21557872297362,3383.8793724976595,-126.33688319408726,0.0,0.0,1.0,3.929013079667063,3.929013079667063
-80.21557872297362,3383.8793724976595,-126.33688319408726,-79.06254611119576,3408.0499394440712,-142.38683041568882,0.0,0.0,1.0,3.929013079667063,3.929013079667063
-81.36861133475145,3359.7088055512477,-140.08076519213313,-80.21557872297362,3383.8793724976595,-126.33688319408726,0.0,0.0,1.0,3.929013079667063,3.929013079667063
-80.21557872297362,3383.8793724976595,-126.33688319408726,-79.06254611119576,3408.0499394440712,-112.59300119604139,0.0,0.0,1.0,3.929013079667063,3.929013079667063
-79.06254611119576,3408.0499394440712,-112.59300119604139,-77.90951349941793,3432.220506390483,-128.64294841764297,0.0,0.0,1.0,3.929013079667063,3.929013079667063
-77.90951349941793,3432.220506390483,-128.64294841764297,-76.75648088764008,3456.391073336895,-144.6928956392445,0.0,0.0,1.0,3.929013079667063,3.929013079667063
-79.06254611119576,3408.0499394440712,-142.38683041568882,-77.90951349941793,3432.220506390483,-128.64294841764297,0.0,0.0,1.0,3.929013079667063,3.929013079667063
-77.90951349941793,3432.220506390483,-128.64294841764297,-76.75648088764008,3456.391073336895,-114.89906641959708,0.0,0.0,1.0,3.929013079667063,3.929013079667063
-75.60344827586223,3480.5616402833066,-130.94901364119863,-76.75648088764008,3456.391073336895,-144.6928956392445,0.0,0.0,1.0,3.929013079667063,3.929013079667063
-127.48991580586521,2392.886127694773,-64.16563150137183,-127.12094537009631,2400.620709117625,-59.76758926199716,0.0,0.0,1.0,3.929013079667063,3.929013079667063
-127.48991580586521,2392.886127694773,-93.95946072101928,-127.12094537009631,2400.620709117625,-99.09544383193179,0.0,0.0,1.0,3.929013079667063,3.929013079667063
-125.18385058230953,2441.2272615875972,-66.47169672492753,-124.81488014654062,2448.961843010449,-62.07365448555285,0.0,0.0,1.0,3.929013079667063,3.929013079667063
-125.18385058230953,2441.2272615875972,-96.26552594457497,-124.81488014654062,2448.961843010449,-101.40150905548748,0.0,0.0,1.0,3.929013079667063,3.929013079667063
-122.87778535875384,2489.568395480421,-68.77776194848322,-122.50881492298493,2497.302976903273,-64.37971970910854,0.0,0.0,1.0,3.929013079667063,3.929013079667063
-122.87778535875384,2489.568395480421,-98.57159116813067,-122.50881492298493,2497.302976903273,-103.70757427904317,0.0,0.0,1.0,3.929013079667063,3.929013079667063
-120.57172013519815,2537.9095293732444,-71.08382717203891,-120.20274969942923,2545.6441107960964,-66.68578493266423,0.0,0.0,1.0,3.929013079667063,3.929013079667063
-120.57172013519815,2537.9095293732444,-100.87765639168636,-120.20274969942923,2545.6441107960964,-106.01363950259886,0.0,0.0,1.0,3.929013079667063,3.929013079667063
-118.26565491164246,2586.2506632660684,-73.3898923955946,-117.89668447587356,2593.98524468892,-68.99185015621993,0.0,0.0,1.0,3.929013079667063,3.929013079667063
-118.26565491164246,2586.2506632660684,-103.18372161524205,-117.89668447587356,2593.98524468892,-108.31970472615455,0.0,0.0,1.0,3.929013079667063,3.929013079667063
-115.95958968808678,2634.591797158892,-75.69595761915029,-115.59061925231786,2642.3263785817435,-71.29791537977562,0.0,0.0,1.0,3.929013079667063,3.929013079667063
-115.95958968808678,2634.591797158892,-105.48978683879774,-115.59061925231786,2642.3263785817435,-110.62576994971025,0.0,0.0,1.0,3.929013079667063,3.929013079667063
-113.65352446453109,2682.9329310517155,-78.00202284270598,-113.28455402876219,2690.6675124745675,-73.60398060333131,0.0,0.0,1.0,3.929013079667063,3.929013079667063
-113.65352446453109,2682.9329310517155,-107.79585206235343,-113.28455402876219,2690.6675124745675,-112.93183517326594,0.0,0.0,1.0,3.929013079667063,3.929013079667063
-111.3474592409754,2731.2740649445395,-80.30808806626169,-110.97848880520648,2739.008646367391,-75.910045826887,0.0,0.0,1.0,3.929013079667063,3.929013079667063
-111.3474592409754,2731.2740649445395,-110.10191728590914,-110.97848880520648,2739.008646367391,-115.23790039682163,0.0,0.0,1.0,3.929013079667063,3.929013079667063
-109.04139401741972,2779.615198837363,-82.61415328981738,-108.6724235816508,2787.349780260215,-78.21611105044269,0.0,0.0,1.0,3.929013079667063,3.929013079667063
-109.04139401741972,2779.615198837363,-112.40798250946483,-108.6724235816508,2787.349780260215,-117.54396562037732,0.0,0.0,1.0,3.929013079667063,3.929013079667063
-106.73532879386403,2827.9563327301867,-84.92021851337307,-106.36635835809511,2835.6909141530386,-80.52217627399838,0.0,0.0,1.0,3.929013079667063,3.929013079667063
-106.73532879386403,2827.9563327301867,-114.71404773302052,-106.36635835809511,2835.6909141530386,-119.85003084393301,0.0,0.0,1.0,3.929013079667063,3.929013079667063
-104.42926357030834,2876.29746662301,-87.22628373692876,-104.06029313453942,2884.032048045862,-82.82824149755407,0.0,0.0,1.0,3.929013079667063,3.929013079667063
-104.42926357030834,2876.29746662301,-117.02011295657621,-104.06029313453942,2884.032048045862,-122.1560960674887,0.0,0.0,1.0,3.929013079667063,3.929013079667063
-102.12319834675264,2924.6386005158342,-89.53234896048446,-101.75422791098374,2932.373181938686,-85.13430672110977,0.0,0.0,1.0,3.929013079667063,3.929013079667063
-102.12319834675264,2924.6386005158342,-119.3261781801319,-101.75422791098374,2932.373181938686,-124.4621612910444,0.0,0.0,1.0,3.929013079667063,3.929013079667063
-99.81713312319695,2972.979734408658,-91.83841418404015,-99.44816268742805,2980.71431583151,-87.44037194466546,0.0,0.0,1.0,3.929013079667063,3.929013079667063
-99.81713312319695,2972.979734408658,-121.6322434036876,-99.44816268742805,2980.71431583151,-126.76822651460009,0.0,0.0,1.0,3.929013079667063,3.929013079667063
-97.51106789964128,3021.320868301482,-94.14447940759584,-97.14209746387237,3029.0554497243334,-89.74643716822115,0.0,0.0,1.0,3.929013079667063,3.929013079667063
-97.51106789964128,3021.320868301482,-123.93830862724329,-97.14209746387237,3029.0554497243334,-129.07429173815578,0.0,0.0,1.0,3.929013079667063,3.929013079667063
-95.20500267608558,3069.6620021943054,-96.45054463115154,-94.83603224031667,3077.3965836171574,-92.05250239177686,0.0,0.0,1.0,3.929013079667063,3.929013079667063
-95.20500267608558,3069.6620021943054,-126.244373850799,-94.83603224031667,3077.3965836171574,-131.38035696171147,0.0,0.0,1.0,3.929013079667063,3.929013079667063
-92.89893745252989,3118.003136087129,-98.75660985470724,-92.52996701676099,3125.737717509981,-94.35856761533255,0.0,0.0,1.0,3.929013079667063,3.929013079667063
-92.89893745252989,3118.003136087129,-128.55043907435467,-92.52996701676099,3125.737717509981,-133.6864221852672,0.0,0.0,1.0,3.929013079667063,3.929013079667063
-90.59287222897422,3166.3442699799525,-101.06267507826293,-90.2239017932053,3174.0788514028045,-96.66463283888824,0.0,0.0,1.0,3.929013079667063,3.929013079667063
-90.59287222897422,3166.3442699799525,-130.85650429791036,-90.2239017932053,3174.0788514028045,-135.99248740882285,0.0,0.0,1.0,3.929013079667063,3.929013079667063
-88.28680700541852,3214.6854038727765,-103.36874030181862,-87.91783656964961,3222.419985295628,-98.97069806244393,0.0,0.0,1.0,3.929013079667063,3.929013079667063
-88.28680700541852,3214.6854038727765,-133.16256952146605,-87.91783656964961,3222.419985295628,-138.29855263237857,0.0,0.0,1.0,3.929013079667063,3.929013079667063
-85.98074178186283,3263.0265377656,-105.67480552537431,-85.61177134609392,3270.7611191884516,-101.27676328599962,0.0,0.0,1.0,3.929013079667063,3.929013079667063
-85.98074178186283,3263.0265377656,-135.46863474502175,-85.61177134609392,3270.7611191884516,-140.60461785593424,0.0,0.0,1.0,3.929013079667063,3.929013079667063
-83.67467655830714,3311.367671658424,-107.98087074893,-83.30570612253823,3319.1022530812756,-103.58282850955533,0.0,0.0,1.0,3.929013079667063,3.929013079667063
-83.67467655830714,3311.367671658424,-137.77469996857744,-83.30570612253823,3319.1022530812756,-142.91068307948996,0.0,0.0,1.0,3.929013079667063,3.929013079667063
-81.36861133475145,3359.7088055512477,-110.2869359724857,-80.99964089898255,3367.4433869740997,-105.88889373311102,0.0,0.0,1.0,3.929013079667063,3.929013079667063
-81.36861133475145,3359.7088055512477,-140.08076519213313,-80.99964089898255,3367.4433869740997,-145.21674830304565,0.0,0.0,1.0,3.929013079667063,3.929013079667063
-79.06254611119576,3408.0499394440712,-112.59300119604139,-78.69357567542686,3415.7845208669232,-108.19495895666671,0.0,0.0,1.0,3.929013079667063,3.929013079667063
-79.06254611119576,3408.0499394440712,-142.38683041568882,-78.69357567542686,3415.7845208669232,-147.52281352660134,0.0,0.0,1.0,3.929013079667063,3.929013079667063
-76.75648088764008,3456.391073336895,-114.89906641959708,-76.38751045187118,3464.125654759747,-110.5010241802224,0.0,0.0,1.0,3.929013079667063,3.929013079667063
-76.75648088764008,3456.391073336895,-144.6928956392445,-76.38751045187118,3464.125654759747,-149.82887875015703,0.0,0.0,1.0,3.929013079667063,3.929013079667063
-75.60344827586223,3480.5616402833066,-130.94901364119863,-76.75648088764008,3456.391073336895,-114.89906641959708,0.0,0.0,1.0,3.929013079667063,3.929013079667063
-92.06896551724161,3480.5616402833066,-159.46812607616891,92.06896551724137,3480.5616402833066,-159.46812607616906,0.0,0.0,1.0,3.929013079667063,3.929013079667063
-92.06896551724161,3480.5616402833066,-159.46812607616891,-108.53448275862097,3480.5616402833066,-187.98723851113922,0.0,0.0,1.0,3.929013079667063,3.929013079667063
-92.06896551724161,3480.5616402833066,-159.46812607616891,-75.60344827586225,3480.5616402833066,-130.94901364119863,0.0,0.0,1.0,3.929013079667063,3.929013079667063
-108.53448275862097,3480.5616402833066,-187.98723851113922,108.53448275862067,3480.5616402833066,-187.9872385111394,0.0,0.0,1.0,3.929013079667063,3.929013079667063
-75.60344827586225,3480.5616402833066,-130.94901364119863,75.60344827586205,3480.5616402833066,-130.94901364119875,0.0,0.0,1.0,3.929013079667063,3.929013079667063
-2.3267089283128196e-13,2320.374426855538,-217.0689655172414,-9.66210161475165,2344.5449938019497,-203.6442461022869,0.0,0.0,1.0,3.929013079667063,3.929013079667063
-19.19555854706744,2350.997668809625,-225.62856256594927,-17.105333868005406,2363.723905490419,-212.1855145714118,-0.69347657033171,0.0,-0.7204791783257647,3.929013079667063,3.929013079667063
-17.105333868005406,2363.723905490419,-212.1855145714118,-15.01510918894337,2376.4501421712134,-198.74246657687436,-0.69347657033171,0.0,-0.7204791783257647,3.929013079667063,3.929013079667063
-12.753974131472104,2352.2795752248016,-199.34833588950147,-17.105333868005406,2363.723905490419,-212.1855145714118,-0.69347657033171,0.0,-0.7204791783257647,3.929013079667063,3.929013079667063
-17.105333868005406,2363.723905490419,-212.1855145714118,-21.456693604538707,2375.1682357560367,-225.02269325332216,-0.69347657033171,0.0,-0.7204791783257647,3.929013079667063,3.929013079667063
-21.456693604538707,2375.1682357560367,-225.02269325332216,-19.36646892547667,2387.8944724368307,-211.5796452587847,-0.69347657033171,0.0,-0.7204791783257647,3.929013079667063,3.929013079667063
-19.36646892547667,2387.8944724368307,-211.5796452587847,-17.276244246414635,2400.620709117625,-198.13659726424723,-0.69347657033171,0.0,-0.7204791783257647,3.929013079667063,3.929013079667063
-15.01510918894337,2376.4501421712134,-198.74246657687436,-19.36646892547667,2387.8944724368307,-211.5796452587847,-0.69347657033171,0.0,-0.7204791783257647,3.929013079667063,3.929013079667063
-19.36646892547667,2387.8944724368307,-211.5796452587847,-23.71782866200997,2399.3388027024484,-224.41682394069502,-0.69347657033171,0.0,-0.7204791783257647,3.929013079667063,3.929013079667063
-23.71782866200997,2399.3388027024484,-224.41682394069502,-21.62760398294794,2412.0650393832425,-210.97377594615756,-0.69347657033171,0.0,-0.7204791783257647,3.929013079667063,3.929013079667063
-21.62760398294794,2412.0650393832425,-210.97377594615756,-19.537379303885903,2424.791276064037,-197.5307279516201,-0.69347657033171,0.0,-0.7204791783257647,3.929013079667063,3.929013079667063
-17.276244246414635,2400.620709117625,-198.13659726424723,-21.62760398294794,2412.0650393832425,-210.97377594615756,-0.69347657033171,0.0,-0.7204791783257647,3.929013079667063,3.929013079667063
-21.62760398294794,2412.0650393832425,-210.97377594615756,-25.978963719481236,2423.5093696488602,-223.8109546280679,-0.69347657033171,0.0,-0.7204791783257647,3.929013079667063,3.929013079667063
-25.978963719481236,2423.5093696488602,-223.8109546280679,-23.888739040419203,2436.2356063296543,-210.36790663353042,-0.69347657033171,0.0,-0.7204791783257647,3.929013079667063,3.929013079667063
-23.888739040419203,2436.2356063296543,-210.36790663353042,-21.79851436135717,2448.961843010449,-196.92485863899296,-0.69347657033171,0.0,-0.7204791783257647,3.929013079667063,3.929013079667063
-19.537379303885903,2424.791276064037,-197.5307279516201,-23.888739040419203,2436.2356063296543,-210.36790663353042,-0.69347657033171,0.0,-0.7204791783257647,3.929013079667063,3.929013079667063
-23.888739040419203,2436.2356063296543,-210.36790663353042,-28.240098776952507,2447.679936595272,-223.20508531544075,-0.69347657033171,0.0,-0.7204791783257647,3.929013079667063,3.929013079667063
-28.240098776952507,2447.679936595272,-223.20508531544075,-26.149874097890468,2460.406173276066,-209.7620373209033,-0.69347657033171,0.0,-0.7204791783257647,3.929013079667063,3.929013079667063
-26.149874097890468,2460.406173276066,-209.7620373209033,-24.059649418828435,2473.132409956861,-196.31898932636582,-0.69347657033171,0.0,-0.7204791783257647,3.929013079667063,3.929013079667063
-21.79851436135717,2448.961843010449,-196.92485863899296,-26.149874097890468,2460.406173276066,-209.7620373209033,-0.69347657033171,0.0,-0.7204791783257647,3.929013079667063,3.929013079667063
-26.149874097890468,2460.406173276066,-209.7620373209033,-30.501233834423772,2471.8505035416842,-222.59921600281362,-0.69347657033171,0.0,-0.7204791783257647,3.929013079667063,3.929013079667063
-30.501233834423772,2471.8505035416842,-222.59921600281362,-28.411009155361736,2484.5767402224783,-209.15616800827618,-0.69347657033171,0.0,-0.7204791783257647,3.929013079667063,3.929013079667063
-28.411009155361736,2484.5767402224783,-209.15616800827618,-26.3207844762997,2497.302976903273,-195.71312001373872,-0.69347657033171,0.0,-0.7204791783257647,3.929013079667063,3.929013079667063
-24.059649418828435,2473.132409956861,-196.31898932636582,-28.411009155361736,2484.5767402224783,-209.15616800827618,-0.69347657033171,0.0,-0.7204791783257647,3.929013079667063,3.929013079667063
-28.411009155361736,2484.5767402224783,-209.15616800827618,-32.762368891895036,2496.021070488096,-221.9933466901865,-0.69347657033171,0.0,-0.7204791783257647,3.929013079667063,3.929013079667063
-32.762368891895036,2496.021070488096,-221.9933466901865,-30.672144212833004,2508.74730716889,-208.55029869564905,-0.69347657033171,0.0,-0.7204791783257647,3.929013079667063,3.929013079667063
-30.672144212833004,2508.74730716889,-208.55029869564905,-28.581919533770964,2521.4735438496846,-195.10725070111158,-0.69347657033171,0.0,-0.7204791783257647,3.929013079667063,3.929013079667063
-26.3207844762997,2497.302976903273,-195.71312001373872,-30.672144212833004,2508.74730716889,-208.55029869564905,-0.69347657033171,0.0,-0.7204791783257647,3.929013079667063,3.929013079667063
-30.672144212833004,2508.74730716889,-208.55029869564905,-35.0235039493663,2520.191637434508,-221.38747737755938,-0.69347657033171,0.0,-0.7204791783257647,3.929013079667063,3.929013079667063
-35.0235039493663,2520.191637434508,-221.38747737755938,-32.93327927030427,2532.917874115302,-207.9444293830219,-0.69347657033171,0.0,-0.7204791783257647,3.929013079667063,3.929013079667063
-32.93327927030427,2532.917874115302,-207.9444293830219,-30.843054591242236,2545.6441107960964,-194.50138138848445,-0.69347657033171,0.0,-0.7204791783257647,3.929013079667063,3.929013079667063
-28.581919533770964,2521.4735438496846,-195.10725070111158,-32.93327927030427,2532.917874115302,-207.9444293830219,-0.69347657033171,0.0,-0.7204791783257647,3.929013079667063,3.929013079667063
-32.93327927030427,2532.917874115302,-207.9444293830219,-37.284639006837565,2544.3622043809196,-220.78160806493224,-0.69347657033171,0.0,-0.7204791783257647,3.929013079667063,3.929013079667063
-37.284639006837565,2544.3622043809196,-220.78160806493224,-35.19441432777553,2557.0884410617136,-207.33856007039478,-0.69347657033171,0.0,-0.7204791783257647,3.929013079667063,3.929013079667063
-35.19441432777553,2557.0884410617136,-207.33856007039478,-33.1041896487135,2569.814677742508,-193.8955120758573,-0.69347657033171,0.0,-0.7204791783257647,3.929013079667063,3.929013079667063
-30.843054591242236,2545.6441107960964,-194.50138138848445,-35.19441432777553,2557.0884410617136,-207.33856007039478,-0.69347657033171,0.0,-0.7204791783257647,3.929013079667063,3.929013079667063
-35.19441432777553,2557.0884410617136,-207.33856007039478,-39.54577406430884,2568.5327713273314,-220.1757387523051,-0.69347657033171,0.0,-0.7204791783257647,3.929013079667063,3.929013079667063
-39.54577406430884,2568.5327713273314,-220.1757387523051,-37.455549385246805,2581.2590080081254,-206.73269075776764,-0.69347657033171,0.0,-0.7204791783257647,3.929013079667063,3.929013079667063
-37.455549385246805,2581.2590080081254,-206.73269075776764,-35.36532470618477,2593.98524468892,-193.2896427632302,-0.69347657033171,0.0,-0.7204791783257647,3.929013079667063,3.929013079667063
-33.1041896487135,2569.814677742508,-193.8955120758573,-37.455549385246805,2581.2590080081254,-206.73269075776764,-0.69347657033171,0.0,-0.7204791783257647,3.929013079667063,3.929013079667063
-37.455549385246805,2581.2590080081254,-206.73269075776764,-41.80690912178011,2592.703338273743,-219.569869439678,-0.69347657033171,0.0,-0.7204791783257647,3.929013079667063,3.929013079667063
-41.806909121780095,2592.703338273743,-219.569869439678,-39.71668444271807,2605.429574954537,-206.12682144514054,-0.69347657033171,0.0,-0.7204791783257647,3.929013079667063,3.929013079667063
-39.71668444271807,2605.429574954537,-206.12682144514054,-37.62645976365604,2618.155811635332,-192.68377345060307,-0.69347657033171,0.0,-0.7204791783257647,3.929013079667063,3.929013079667063
-35.365324706184765,2593.98524468892,-193.2896427632302,-39.71668444271807,2605.429574954537,-206.12682144514054,-0.69347657033171,0.0,-0.7204791783257647,3.929013079667063,3.929013079667063
-39.71668444271807,2605.429574954537,-206.12682144514054,-44.06804417925137,2616.8739052201554,-218.96400012705087,-0.69347657033171,0.0,-0.7204791783257647,3.929013079667063,3.929013079667063
-44.06804417925137,2616.8739052201554,-218.96400012705087,-41.97781950018934,2629.6001419009494,-205.5209521325134,-0.69347657033171,0.0,-0.7204791783257647,3.929013079667063,3.929013079667063
-41.97781950018934,2629.6001419009494,-205.5209521325134,-39.887594821127294,2642.326378581744,-192.07790413797593,-0.69347657033171,0.0,-0.7204791783257647,3.929013079667063,3.929013079667063
-37.62645976365604,2618.155811635332,-192.68377345060307,-41.97781950018934,2629.6001419009494,-205.5209521325134,-0.69347657033171,0.0,-0.7204791783257647,3.929013079667063,3.929013079667063
-41.97781950018934,2629.6001419009494,-205.5209521325134,-46.32917923672263,2641.044472166567,-218.35813081442373,-0.69347657033171,0.0,-0.7204791783257647,3.929013079667063,3.929013079667063
-46.32917923672264,2641.044472166567,-218.35813081442373,-44.2389545576606,2653.770708847361,-204.91508281988627,-0.69347657033171,0.0,-0.7204791783257647,3.929013079667063,3.929013079667063
-44.2389545576606,2653.770708847361,-204.91508281988627,-42.14872987859857,2666.4969455281557,-191.4720348253488,-0.69347657033171,0.0,-0.7204791783257647,3.929013079667063,3.929013079667063
-39.88759482112731,2642.326378581744,-192.07790413797593,-44.2389545576606,2653.770708847361,-204.91508281988627,-0.69347657033171,0.0,-0.7204791783257647,3.929013079667063,3.929013079667063
-44.2389545576606,2653.770708847361,-204.91508281988627,-48.59031429419391,2665.215039112979,-217.7522615017966,-0.69347657033171,0.0,-0.7204791783257647,3.929013079667063,3.929013079667063
-48.59031429419391,2665.215039112979,-217.7522615017966,-46.50008961513188,2677.941275793773,-204.30921350725913,-0.69347657033171,0.0,-0.7204791783257647,3.929013079667063,3.929013079667063
-46.50008961513188,2677.941275793773,-204.30921350725913,-44.40986493606983,2690.6675124745675,-190.86616551272166,-0.69347657033171,0.0,-0.7204791783257647,3.929013079667063,3.929013079667063
-42.14872987859857,2666.4969455281557,-191.4720348253488,-46.50008961513188,2677.941275793773,-204.30921350725913,-0.69347657033171,0.0,-0.7204791783257647,3.929013079667063,3.929013079667063
-46.50008961513188,2677.941275793773,-204.30921350725913,-50.85144935166517,2689.3856060593907,-217.14639218916946,-0.69347657033171,0.0,-0.7204791783257647,3.929013079667063,3.929013079667063
-50.85144935166517,2689.3856060593907,-217.14639218916946,-48.76122467260314,2702.111842740185,-203.70334419463202,-0.69347657033171,0.0,-0.7204791783257647,3.929013079667063,3.929013079667063
-48.76122467260314,2702.111842740185,-203.70334419463202,-46.670999993541095,2714.8380794209793,-190.26029620009456,-0.69347657033171,0.0,-0.7204791783257647,3.929013079667063,3.929013079667063
-44.40986493606983,2690.6675124745675,-190.86616551272166,-48.76122467260314,2702.111842740185,-203.70334419463202,-0.69347657033171,0.0,-0.7204791783257647,3.929013079667063,3.929013079667063
-48.76122467260314,2702.111842740185,-203.70334419463202,-53.11258440913643,2713.5561730058025,-216.54052287654235,-0.69347657033171,0.0,-0.7204791783257647,3.929013079667063,3.929013079667063
-53.11258440913644,2713.5561730058025,-216.54052287654235,-51.022359730074406,2726.2824096865966,-203.0974748820049,-0.69347657033171,0.0,-0.7204791783257647,3.929013079667063,3.929013079667063
-51.022359730074406,2726.2824096865966,-203.0974748820049,-48.93213505101237,2739.008646367391,-189.65442688746742,-0.69347657033171,0.0,-0.7204791783257647,3.929013079667063,3.929013079667063
-46.6709999935411,2714.8380794209793,-190.26029620009456,-51.022359730074406,2726.2824096865966,-203.0974748820049,-0.69347657033171,0.0,-0.7204791783257647,3.929013079667063,3.929013079667063
-51.022359730074406,2726.2824096865966,-203.0974748820049,-55.3737194666077,2737.7267399522143,-215.93465356391522,-0.69347657033171,0.0,-0.7204791783257647,3.929013079667063,3.929013079667063
-55.3737194666077,2737.7267399522143,-215.93465356391522,-53.28349478754568,2750.452976633009,-202.49160556937775,-0.69347657033171,0.0,-0.7204791783257647,3.929013079667063,3.929013079667063
-53.28349478754568,2750.452976633009,-202.49160556937775,-51.19327010848363,2763.1792133138033,-189.0485575748403,-0.69347657033171,0.0,-0.7204791783257647,3.929013079667063,3.929013079667063
-48.93213505101237,2739.008646367391,-189.65442688746742,-53.28349478754568,2750.452976633009,-202.49160556937775,-0.69347657033171,0.0,-0.7204791783257647,3.929013079667063,3.929013079667063
-53.28349478754568,2750.452976633009,-202.49160556937775,-57.63485452407897,2761.8973068986265,-215.32878425128808,-0.69347657033171,0.0,-0.7204791783257647,3.929013079667063,3.929013079667063
-57.634854524078975,2761.8973068986265,-215.32878425128808,-55.544629845016935,2774.6235435794206,-201.88573625675062,-0.69347657033171,0.0,-0.7204791783257647,3.929013079667063,3.929013079667063
-55.544629845016935,2774.6235435794206,-201.88573625675062,-53.4544051659549,2787.349780260215,-188.44268826221315,-0.69347657033171,0.0,-0.7204791783257647,3.929013079667063,3.929013079667063
-51.19327010848364,2763.1792133138033,-189.0485575748403,-55.544629845016935,2774.6235435794206,-201.88573625675062,-0.69347657033171,0.0,-0.7204791783257647,3.929013079667063,3.929013079667063
-55.544629845016935,2774.6235435794206,-201.88573625675062,-59.89598958155024,2786.0678738450383,-214.72291493866095,-0.69347657033171,0.0,-0.7204791783257647,3.929013079667063,3.929013079667063
-59.89598958155024,2786.0678738450383,-214.72291493866095,-57.805764902488214,2798.7941105258324,-201.27986694412348,-0.69347657033171,0.0,-0.7204791783257647,3.929013079667063,3.929013079667063
-57.805764902488214,2798.7941105258324,-201.27986694412348,-55.71554022342617,2811.520347206627,-187.83681894958605,-0.69347657033171,0.0,-0.7204791783257647,3.929013079667063,3.929013079667063
-53.4544051659549,2787.349780260215,-188.44268826221315,-57.805764902488214,2798.7941105258324,-201.27986694412348,-0.69347657033171,0.0,-0.7204791783257647,3.929013079667063,3.929013079667063
-57.805764902488214,2798.7941105258324,-201.27986694412348,-62.157124639021504,2810.23844079145,-214.11704562603384,-0.69347657033171,0.0,-0.7204791783257647,3.929013079667063,3.929013079667063
-62.157124639021504,2810.23844079145,-214.11704562603384,-60.06689995995947,2822.964677472244,-200.67399763149638,-0.69347657033171,0.0,-0.7204791783257647,3.929013079667063,3.929013079667063
-60.06689995995947,2822.964677472244,-200.67399763149638,-57.976675280897425,2835.6909141530386,-187.2309496369589,-0.69347657033171,0.0,-0.7204791783257647,3.929013079667063,3.929013079667063
-55.71554022342617,2811.520347206627,-187.83681894958605,-60.06689995995947,2822.964677472244,-200.67399763149638,-0.69347657033171,0.0,-0.7204791783257647,3.929013079667063,3.929013079667063
-60.06689995995947,2822.964677472244,-200.67399763149638,-64.41825969649275,2834.409007737862,-213.5111763134067,-0.69347657033171,0.0,-0.7204791783257647,3.929013079667063,3.929013079667063
-64.41825969649278,2834.409007737862,-213.5111763134067,-62.328035017430736,2847.135244418656,-200.06812831886924,-0.69347657033171,0.0,-0.7204791783257647,3.929013079667063,3.929013079667063
-62.328035017430736,2847.135244418656,-200.06812831886924,-60.237810338368696,2859.8614810994504,-186.62508032433178,-0.69347657033171,0.0,-0.7204791783257647,3.929013079667063,3.929013079667063
-57.97667528089744,2835.6909141530386,-187.2309496369589,-62.328035017430736,2847.135244418656,-200.06812831886924,-0.69347657033171,0.0,-0.7204791783257647,3.929013079667063,3.929013079667063
-62.328035017430736,2847.135244418656,-200.06812831886924,-66.67939475396403,2858.5795746842737,-212.90530700077957,-0.69347657033171,0.0,-0.7204791783257647,3.929013079667063,3.929013079667063
-66.67939475396403,2858.5795746842737,-212.90530700077957,-64.589170074902,2871.3058113650677,-199.4622590062421,-0.69347657033171,0.0,-0.7204791783257647,3.929013079667063,3.929013079667063
-64.589170074902,2871.3058113650677,-199.4622590062421,-62.49894539583996,2884.032048045862,-186.01921101170464,-0.69347657033171,0.0,-0.7204791783257647,3.929013079667063,3.929013079667063
-60.237810338368696,2859.8614810994504,-186.62508032433178,-64.589170074902,2871.3058113650677,-199.4622590062421,-0.69347657033171,0.0,-0.7204791783257647,3.929013079667063,3.929013079667063
-64.589170074902,2871.3058113650677,-199.4622590062421,-68.9405298114353,2882.7501416306854,-212.29943768815244,-0.69347657033171,0.0,-0.7204791783257647,3.929013079667063,3.929013079667063
-68.9405298114353,2882.7501416306854,-212.29943768815244,-66.85030513237326,2895.4763783114795,-198.85638969361497,-0.69347657033171,0.0,-0.7204791783257647,3.929013079667063,3.929013079667063
-66.85030513237326,2895.4763783114795,-198.85638969361497,-64.76008045331123,2908.202614992274,-185.4133416990775,-0.69347657033171,0.0,-0.7204791783257647,3.929013079667063,3.929013079667063
-62.49894539583996,2884.032048045862,-186.01921101170464,-66.85030513237326,2895.4763783114795,-198.85638969361497,-0.69347657033171,0.0,-0.7204791783257647,3.929013079667063,3.929013079667063
-66.85030513237326,2895.4763783114795,-198.85638969361497,-71.20166486890656,2906.9207085770972,-211.6935683755253,-0.69347657033171,0.0,-0.7204791783257647,3.929013079667063,3.929013079667063
-71.20166486890656,2906.9207085770972,-211.6935683755253,-69.11144018984453,2919.6469452578913,-198.25052038098787,-0.69347657033171,0.0,-0.7204791783257647,3.929013079667063,3.929013079667063
-69.11144018984453,2919.6469452578913,-198.25052038098787,-67.0212155107825,2932.3731819386862,-184.8074723864504,-0.69347657033171,0.0,-0.7204791783257647,3.929013079667063,3.929013079667063
-64.76008045331123,2908.202614992274,-185.4133416990775,-69.11144018984453,2919.6469452578913,-198.25052038098787,-0.69347657033171,0.0,-0.7204791783257647,3.929013079667063,3.929013079667063
-69.11144018984453,2919.6469452578913,-198.25052038098787,-73.46279992637784,2931.0912755235095,-211.0876990628982,-0.69347657033171,0.0,-0.7204791783257647,3.929013079667063,3.929013079667063
-73.46279992637784,2931.0912755235095,-211.0876990628982,-71.3725752473158,2943.8175122043035,-197.64465106836073,-0.69347657033171,0.0,-0.7204791783257647,3.929013079667063,3.929013079667063
-71.3725752473158,2943.8175122043035,-197.64465106836073,-69.28235056825378,2956.543748885098,-184.20160307382326,-0.69347657033171,0.0,-0.7204791783257647,3.929013079667063,3.929013079667063
-67.0212155107825,2932.3731819386862,-184.8074723864504,-71.3725752473158,2943.8175122043035,-197.64465106836073,-0.69347657033171,0.0,-0.7204791783257647,3.929013079667063,3.929013079667063
-71.3725752473158,2943.8175122043035,-197.64465106836073,-75.7239349838491,2955.2618424699212,-210.48182975027106,-0.69347657033171,0.0,-0.7204791783257647,3.929013079667063,3.929013079667063
-75.72393498384909,2955.2618424699212,-210.48182975027106,-73.63371030478706,2967.9880791507153,-197.0387817557336,-0.69347657033171,0.0,-0.7204791783257647,3.929013079667063,3.929013079667063
-73.63371030478706,2967.9880791507153,-197.0387817557336,-71.54348562572504,2980.71431583151,-183.59573376119613,-0.69347657033171,0.0,-0.7204791783257647,3.929013079667063,3.929013079667063
-69.28235056825376,2956.543748885098,-184.20160307382326,-73.63371030478706,2967.9880791507153,-197.0387817557336,-0.69347657033171,0.0,-0.7204791783257647,3.929013079667063,3.929013079667063
-73.63371030478706,2967.9880791507153,-197.0387817557336,-77.98507004132037,2979.432409416333,-209.87596043764393,-0.69347657033171,0.0,-0.7204791783257647,3.929013079667063,3.929013079667063
-77.98507004132037,2979.432409416333,-209.87596043764393,-75.89484536225834,2992.158646097127,-196.43291244310646,-0.69347657033171,0.0,-0.7204791783257647,3.929013079667063,3.929013079667063
-75.89484536225834,2992.158646097127,-196.43291244310646,-73.8046206831963,3004.8848827779216,-182.989864448569,-0.69347657033171,0.0,-0.7204791783257647,3.929013079667063,3.929013079667063
-71.54348562572504,2980.71431583151,-183.59573376119613,-75.89484536225834,2992.158646097127,-196.43291244310646,-0.69347657033171,0.0,-0.7204791783257647,3.929013079667063,3.929013079667063
-75.89484536225834,2992.158646097127,-196.43291244310646,-80.24620509879163,3003.602976362745,-209.2700911250168,-0.69347657033171,0.0,-0.7204791783257647,3.929013079667063,3.929013079667063
-80.24620509879162,3003.602976362745,-209.2700911250168,-78.15598041972959,3016.329213043539,-195.82704313047932,-0.69347657033171,0.0,-0.7204791783257647,3.929013079667063,3.929013079667063
-78.15598041972959,3016.329213043539,-195.82704313047932,-76.06575574066757,3029.055449724334,-182.3839951359419,-0.69347657033171,0.0,-0.7204791783257647,3.929013079667063,3.929013079667063
-73.80462068319629,3004.8848827779216,-182.989864448569,-78.15598041972959,3016.329213043539,-195.82704313047932,-0.69347657033171,0.0,-0.7204791783257647,3.929013079667063,3.929013079667063
-78.15598041972959,3016.329213043539,-195.82704313047932,-82.5073401562629,3027.773543309157,-208.66422181238968,-0.69347657033171,0.0,-0.7204791783257647,3.929013079667063,3.929013079667063
-82.50734015626288,3027.7735433091566,-208.66422181238968,-80.41711547720085,3040.4997799899506,-195.22117381785222,-0.69347657033171,0.0,-0.7204791783257647,3.929013079667063,3.929013079667063
-80.41711547720085,3040.4997799899506,-195.22117381785222,-78.32689079813883,3053.2260166707456,-181.77812582331475,-0.69347657033171,0.0,-0.7204791783257647,3.929013079667063,3.929013079667063
-76.06575574066756,3029.0554497243334,-182.3839951359419,-80.41711547720085,3040.4997799899506,-195.22117381785222,-0.69347657033171,0.0,-0.7204791783257647,3.929013079667063,3.929013079667063
-80.41711547720085,3040.4997799899506,-195.22117381785222,-84.76847521373416,3051.944110255569,-208.05835249976255,-0.69347657033171,0.0,-0.7204791783257647,3.929013079667063,3.929013079667063
-84.76847521373416,3051.944110255569,-208.05835249976255,-82.67825053467212,3064.670346936363,-194.61530450522508,-0.69347657033171,0.0,-0.7204791783257647,3.929013079667063,3.929013079667063
-82.67825053467212,3064.670346936363,-194.61530450522508,-80.5880258556101,3077.3965836171574,-181.17225651068762,-0.69347657033171,0.0,-0.7204791783257647,3.929013079667063,3.929013079667063
-78.32689079813883,3053.2260166707456,-181.77812582331475,-82.67825053467212,3064.670346936363,-194.61530450522508,-0.69347657033171,0.0,-0.7204791783257647,3.929013079667063,3.929013079667063
-82.67825053467212,3064.670346936363,-194.61530450522508,-87.02961027120543,3076.1146772019806,-207.4524831871354,-0.69347657033171,0.0,-0.7204791783257647,3.929013079667063,3.929013079667063
-87.02961027120541,3076.1146772019806,-207.4524831871354,-84.93938559214338,3088.8409138827747,-194.00943519259795,-0.69347657033171,0.0,-0.7204791783257647,3.929013079667063,3.929013079667063
-84.93938559214338,3088.8409138827747,-194.00943519259795,-82.84916091308136,3101.567150563569,-180.56638719806048,-0.69347657033171,0.0,-0.7204791783257647,3.929013079667063,3.929013079667063
-80.58802585561008,3077.3965836171574,-181.17225651068762,-84.93938559214338,3088.8409138827747,-194.00943519259795,-0.69347657033171,0.0,-0.7204791783257647,3.929013079667063,3.929013079667063
-84.93938559214338,3088.8409138827747,-194.00943519259795,-89.29074532867669,3100.2852441483924,-206.84661387450828,-0.69347657033171,0.0,-0.7204791783257647,3.929013079667063,3.929013079667063
-89.29074532867669,3100.2852441483924,-206.84661387450828,-87.20052064961466,3113.0114808291864,-193.4035658799708,-0.69347657033171,0.0,-0.7204791783257647,3.929013079667063,3.929013079667063
-87.20052064961466,3113.0114808291864,-193.4035658799708,-85.11029597055263,3125.737717509981,-179.96051788543335,-0.69347657033171,0.0,-0.7204791783257647,3.929013079667063,3.929013079667063
-82.84916091308136,3101.567150563569,-180.56638719806048,-87.20052064961466,3113.0114808291864,-193.4035658799708,-0.69347657033171,0.0,-0.7204791783257647,3.929013079667063,3.929013079667063
-87.20052064961466,3113.0114808291864,-193.4035658799708,-91.55188038614796,3124.455811094804,-206.24074456188114,-0.69347657033171,0.0,-0.7204791783257647,3.929013079667063,3.929013079667063
-91.55188038614796,3124.455811094804,-206.24074456188114,-89.46165570708592,3137.182047775598,-192.7976965673437,-0.69347657033171,0.0,-0.7204791783257647,3.929013079667063,3.929013079667063
-89.46165570708592,3137.182047775598,-192.7976965673437,-87.37143102802389,3149.9082844563927,-179.35464857280624,-0.69347657033171,0.0,-0.7204791783257647,3.929013079667063,3.929013079667063
-85.11029597055263,3125.737717509981,-179.96051788543335,-89.46165570708592,3137.182047775598,-192.7976965673437,-0.69347657033171,0.0,-0.7204791783257647,3.929013079667063,3.929013079667063
-89.46165570708592,3137.182047775598,-192.7976965673437,-93.81301544361922,3148.626378041216,-205.63487524925404,-0.69347657033171,0.0,-0.7204791783257647,3.929013079667063,3.929013079667063
-93.81301544361922,3148.626378041216,-205.63487524925404,-91.72279076455717,3161.35261472201,-192.19182725471657,-0.69347657033171,0.0,-0.7204791783257647,3.929013079667063,3.929013079667063
-91.72279076455717,3161.35261472201,-192.19182725471657,-89.63256608549516,3174.0788514028045,-178.7487792601791,-0.69347657033171,0.0,-0.7204791783257647,3.929013079667063,3.929013079667063
-87.37143102802389,3149.9082844563927,-179.35464857280624,-91.72279076455717,3161.35261472201,-192.19182725471657,-0.69347657033171,0.0,-0.7204791783257647,3.929013079667063,3.929013079667063
-91.72279076455717,3161.35261472201,-192.19182725471657,-96.07415050109049,3172.7969449876277,-205.0290059366269,-0.69347657033171,0.0,-0.7204791783257647,3.929013079667063,3.929013079667063
-96.07415050109049,3172.7969449876277,-205.0290059366269,-93.98392582202845,3185.523181668422,-191.58595794208944,-0.69347657033171,0.0,-0.7204791783257647,3.929013079667063,3.929013079667063
-93.98392582202845,3185.523181668422,-191.58595794208944,-91.89370114296644,3198.2494183492163,-178.14290994755197,-0.69347657033171,0.0,-0.7204791783257647,3.929013079667063,3.929013079667063
-89.63256608549516,3174.0788514028045,-178.7487792601791,-93.98392582202845,3185.523181668422,-191.58595794208944,-0.69347657033171,0.0,-0.7204791783257647,3.929013079667063,3.929013079667063
-93.98392582202845,3185.523181668422,-191.58595794208944,-98.33528555856176,3196.9675119340395,-204.42313662399977,-0.69347657033171,0.0,-0.7204791783257647,3.929013079667063,3.929013079667063
-98.33528555856175,3196.9675119340395,-204.42313662399977,-96.24506087949972,3209.6937486148336,-190.9800886294623,-0.69347657033171,0.0,-0.7204791783257647,3.929013079667063,3.929013079667063
-96.24506087949972,3209.6937486148336,-190.9800886294623,-94.1548362004377,3222.4199852956285,-177.53704063492484,-0.69347657033171,0.0,-0.7204791783257647,3.929013079667063,3.929013079667063
-91.89370114296642,3198.2494183492163,-178.14290994755197,-96.24506087949972,3209.6937486148336,-190.9800886294623,-0.69347657033171,0.0,-0.7204791783257647,3.929013079667063,3.929013079667063
-96.24506087949972,3209.6937486148336,-190.9800886294623,-100.59642061603303,3221.1380788804518,-203.81726731137263,-0.69347657033171,0.0,-0.7204791783257647,3.929013079667063,3.929013079667063
-100.59642061603303,3221.1380788804518,-203.81726731137263,-98.50619593697098,3233.864315561246,-190.37421931683517,-0.69347657033171,0.0,-0.7204791783257647,3.929013079667063,3.929013079667063
-98.50619593697098,3233.864315561246,-190.37421931683517,-96.41597125790896,3246.5905522420403,-176.93117132229773,-0.69347657033171,0.0,-0.7204791783257647,3.929013079667063,3.929013079667063
-94.1548362004377,3222.4199852956285,-177.53704063492484,-98.50619593697098,3233.864315561246,-190.37421931683517,-0.69347657033171,0.0,-0.7204791783257647,3.929013079667063,3.929013079667063
-98.50619593697098,3233.864315561246,-190.37421931683517,-102.8575556735043,3245.3086458268635,-203.21139799874553,-0.69347657033171,0.0,-0.7204791783257647,3.929013079667063,3.929013079667063
-102.85755567350428,3245.3086458268635,-203.21139799874553,-100.76733099444225,3258.0348825076576,-189.76835000420806,-0.69347657033171,0.0,-0.7204791783257647,3.929013079667063,3.929013079667063
-100.76733099444225,3258.0348825076576,-189.76835000420806,-98.67710631538023,3270.761119188452,-176.3253020096706,-0.69347657033171,0.0,-0.7204791783257647,3.929013079667063,3.929013079667063
-96.41597125790895,3246.5905522420403,-176.93117132229773,-100.76733099444225,3258.0348825076576,-189.76835000420806,-0.69347657033171,0.0,-0.7204791783257647,3.929013079667063,3.929013079667063
-100.76733099444225,3258.0348825076576,-189.76835000420806,-105.11869073097556,3269.4792127732753,-202.6055286861184,-0.69347657033171,0.0,-0.7204791783257647,3.929013079667063,3.929013079667063
-105.11869073097554,3269.4792127732753,-202.6055286861184,-103.02846605191351,3282.2054494540694,-189.16248069158092,-0.69347657033171,0.0,-0.7204791783257647,3.929013079667063,3.929013079667063
-103.02846605191351,3282.2054494540694,-189.16248069158092,-100.9382413728515,3294.931686134864,-175.71943269704346,-0.69347657033171,0.0,-0.7204791783257647,3.929013079667063,3.929013079667063
-98.67710631538021,3270.761119188452,-176.3253020096706,-103.02846605191351,3282.2054494540694,-189.16248069158092,-0.69347657033171,0.0,-0.7204791783257647,3.929013079667063,3.929013079667063
-103.02846605191351,3282.2054494540694,-189.16248069158092,-107.37982578844682,3293.649779719687,-201.99965937349126,-0.69347657033171,0.0,-0.7204791783257647,3.929013079667063,3.929013079667063
-107.37982578844682,3293.649779719687,-201.99965937349126,-105.28960110938479,3306.376016400481,-188.5566113789538,-0.69347657033171,0.0,-0.7204791783257647,3.929013079667063,3.929013079667063
-105.28960110938479,3306.376016400481,-188.5566113789538,-103.19937643032276,3319.102253081276,-175.11356338441632,-0.69347657033171,0.0,-0.7204791783257647,3.929013079667063,3.929013079667063
-100.9382413728515,3294.931686134864,-175.71943269704346,-105.28960110938479,3306.376016400481,-188.5566113789538,-0.69347657033171,0.0,-0.7204791783257647,3.929013079667063,3.929013079667063
-105.28960110938479,3306.376016400481,-188.5566113789538,-109.64096084591809,3317.8203466660993,-201.39379006086412,-0.69347657033171,0.0,-0.7204791783257647,3.929013079667063,3.929013079667063
-109.64096084591809,3317.820346666099,-201.39379006086412,-107.55073616685604,3330.546583346893,-187.95074206632665,-0.69347657033171,0.0,-0.7204791783257647,3.929013079667063,3.929013079667063
-107.55073616685604,3330.546583346893,-187.95074206632665,-105.46051148779401,3343.2728200276874,-174.5076940717892,-0.69347657033171,0.0,-0.7204791783257647,3.929013079667063,3.929013079667063
-103.19937643032276,3319.1022530812756,-175.11356338441632,-107.55073616685604,3330.546583346893,-187.95074206632665,-0.69347657033171,0.0,-0.7204791783257647,3.929013079667063,3.929013079667063
-107.55073616685604,3330.546583346893,-187.95074206632665,-111.90209590338934,3341.9909136125107,-200.78792074823698,-0.69347657033171,0.0,-0.7204791783257647,3.929013079667063,3.929013079667063
-111.90209590338934,3341.9909136125107,-200.78792074823698,-109.8118712243273,3354.717150293305,-187.34487275369955,-0.69347657033171,0.0,-0.7204791783257647,3.929013079667063,3.929013079667063
-109.8118712243273,3354.717150293305,-187.34487275369955,-107.72164654526529,3367.4433869740997,-173.90182475916208,-0.69347657033171,0.0,-0.7204791783257647,3.929013079667063,3.929013079667063
-105.46051148779401,3343.2728200276874,-174.5076940717892,-109.8118712243273,3354.717150293305,-187.34487275369955,-0.69347657033171,0.0,-0.7204791783257647,3.929013079667063,3.929013079667063
-109.8118712243273,3354.717150293305,-187.34487275369955,-114.16323096086062,3366.161480558923,-200.18205143560988,-0.69347657033171,0.0,-0.7204791783257647,3.929013079667063,3.929013079667063
-114.16323096086062,3366.161480558923,-200.18205143560988,-112.07300628179858,3378.887717239717,-186.7390034410724,-0.69347657033171,0.0,-0.7204791783257647,3.929013079667063,3.929013079667063
-112.07300628179858,3378.887717239717,-186.7390034410724,-109.98278160273654,3391.6139539205114,-173.29595544653495,-0.69347657033171,0.0,-0.7204791783257647,3.929013079667063,3.929013079667063
-107.72164654526529,3367.4433869740997,-173.90182475916208,-112.07300628179858,3378.887717239717,-186.7390034410724,-0.69347657033171,0.0,-0.7204791783257647,3.929013079667063,3.929013079667063
-112.07300628179858,3378.887717239717,-186.7390034410724,-116.42436601833187,3390.3320475053347,-199.57618212298274,-0.69347657033171,0.0,-0.7204791783257647,3.929013079667063,3.929013079667063
-116.42436601833187,3390.3320475053347,-199.57618212298274,-114.33414133926983,3403.0582841861287,-186.13313412844528,-0.69347657033171,0.0,-0.7204791783257647,3.929013079667063,3.929013079667063
-114.33414133926983,3403.0582841861287,-186.13313412844528,-112.24391666020782,3415.7845208669232,-172.6900861339078,-0.69347657033171,0.0,-0.7204791783257647,3.929013079667063,3.929013079667063
-109.98278160273654,3391.6139539205114,-173.29595544653495,-114.33414133926983,3403.0582841861287,-186.13313412844528,-0.69347657033171,0.0,-0.7204791783257647,3.929013079667063,3.929013079667063
-114.33414133926983,3403.0582841861287,-186.13313412844528,-118.68550107580315,3414.5026144517465,-198.9703128103556,-0.69347657033171,0.0,-0.7204791783257647,3.929013079667063,3.929013079667063
-118.68550107580315,3414.5026144517465,-198.9703128103556,-116.5952763967411,3427.2288511325405,-185.52726481581814,-0.69347657033171,0.0,-0.7204791783257647,3.929013079667063,3.929013079667063
-116.5952763967411,3427.2288511325405,-185.52726481581814,-114.50505171767908,3439.955087813335,-172.08421682128068,-0.69347657033171,0.0,-0.7204791783257647,3.929013079667063,3.929013079667063
-112.24391666020782,3415.7845208669232,-172.6900861339078,-116.5952763967411,3427.2288511325405,-185.52726481581814,-0.69347657033171,0.0,-0.7204791783257647,3.929013079667063,3.929013079667063
-116.5952763967411,3427.2288511325405,-185.52726481581814,-120.94663613327441,3438.6731813981582,-198.36444349772847,-0.69347657033171,0.0,-0.7204791783257647,3.929013079667063,3.929013079667063
-120.94663613327441,3438.6731813981582,-198.36444349772847,-118.85641145421238,3451.3994180789523,-184.921395503191,-0.69347657033171,0.0,-0.7204791783257647,3.929013079667063,3.929013079667063
-118.85641145421238,3451.3994180789523,-184.921395503191,-116.76618677515036,3464.125654759747,-171.47834750865357,-0.69347657033171,0.0,-0.7204791783257647,3.929013079667063,3.929013079667063
-114.50505171767908,3439.955087813335,-172.08421682128068,-118.85641145421238,3451.3994180789523,-184.921395503191,-0.69347657033171,0.0,-0.7204791783257647,3.929013079667063,3.929013079667063
-118.85641145421238,3451.3994180789523,-184.921395503191,-123.20777119074569,3462.84374834457,-197.75857418510137,-0.69347657033171,0.0,-0.7204791783257647,3.929013079667063,3.929013079667063
6.784577579747497,2352.2795752248016,-233.19010015964568,-7.336058012395603,2363.723905490419,-229.1063967064839,0.69347657033171,0.0,-0.7204791783257647,3.929013079667063,3.929013079667063
-7.336058012395603,2363.723905490419,-229.1063967064839,-21.456693604538707,2375.1682357560367,-225.02269325332216,0.69347657033171,0.0,-0.7204791783257647,3.929013079667063,3.929013079667063
-19.19555854706744,2350.997668809625,-225.62856256594927,-7.336058012395603,2363.723905490419,-229.1063967064839,0.69347657033171,0.0,-0.7204791783257647,3.929013079667063,3.929013079667063
-7.336058012395603,2363.723905490419,-229.1063967064839,4.5234425222762304,2376.4501421712134,-232.58423084701857,0.69347657033171,0.0,-0.7204791783257647,3.929013079667063,3.929013079667063
4.5234425222762304,2376.4501421712134,-232.58423084701857,-9.597193069866869,2387.8944724368307,-228.5005273938568,0.69347657033171,0.0,-0.7204791783257647,3.929013079667063,3.929013079667063
-9.597193069866869,2387.8944724368307,-228.5005273938568,-23.71782866200997,2399.3388027024484,-224.41682394069502,0.69347657033171,0.0,-0.7204791783257647,3.929013079667063,3.929013079667063
-21.456693604538707,2375.1682357560367,-225.02269325332216,-9.597193069866869,2387.8944724368307,-228.5005273938568,0.69347657033171,0.0,-0.7204791783257647,3.929013079667063,3.929013079667063
-9.597193069866869,2387.8944724368307,-228.5005273938568,2.262307464804964,2400.620709117625,-231.97836153439144,0.69347657033171,0.0,-0.7204791783257647,3.929013079667063,3.929013079667063
2.262307464804964,2400.620709117625,-231.97836153439144,-11.858328127338135,2412.0650393832425,-227.89465808122966,0.69347657033171,0.0,-0.7204791783257647,3.929013079667063,3.929013079667063
-11.858328127338135,2412.0650393832425,-227.89465808122966,-25.978963719481236,2423.5093696488602,-223.8109546280679,0.69347657033171,0.0,-0.7204791783257647,3.929013079667063,3.929013079667063
-23.71782866200997,2399.3388027024484,-224.41682394069502,-11.858328127338135,2412.0650393832425,-227.89465808122966,0.69347657033171,0.0,-0.7204791783257647,3.929013079667063,3.929013079667063
-11.858328127338135,2412.0650393832425,-227.89465808122966,0.0011724073336978336,2424.791276064037,-231.3724922217643,0.69347657033171,0.0,-0.7204791783257647,3.929013079667063,3.929013079667063
0.0011724073336978336,2424.791276064037,-231.3724922217643,-14.119463184809403,2436.2356063296543,-227.28878876860253,0.69347657033171,0.0,-0.7204791783257647,3.929013079667063,3.929013079667063
-14.119463184809403,2436.2356063296543,-227.28878876860253,-28.240098776952507,2447.679936595272,-223.20508531544075,0.69347657033171,0.0,-0.7204791783257647,3.929013079667063,3.929013079667063
-25.978963719481236,2423.5093696488602,-223.8109546280679,-14.119463184809403,2436.2356063296543,-227.28878876860253,0.69347657033171,0.0,-0.7204791783257647,3.929013079667063,3.929013079667063
-14.119463184809403,2436.2356063296543,-227.28878876860253,-2.2599626501375703,2448.961843010449,-230.76662290913717,0.69347657033171,0.0,-0.7204791783257647,3.929013079667063,3.929013079667063
-2.2599626501375703,2448.961843010449,-230.76662290913717,-16.38059824228067,2460.406173276066,-226.6829194559754,0.69347657033171,0.0,-0.7204791783257647,3.929013079667063,3.929013079667063
-16.38059824228067,2460.406173276066,-226.6829194559754,-30.501233834423772,2471.8505035416842,-222.59921600281362,0.69347657033171,0.0,-0.7204791783257647,3.929013079667063,3.929013079667063
-28.240098776952507,2447.679936595272,-223.20508531544075,-16.38059824228067,2460.406173276066,-226.6829194559754,0.69347657033171,0.0,-0.7204791783257647,3.929013079667063,3.929013079667063
-16.38059824228067,2460.406173276066,-226.6829194559754,-4.521097707608837,2473.132409956861,-230.16075359651003,0.69347657033171,0.0,-0.7204791783257647,3.929013079667063,3.929013079667063
-4.521097707608835,2473.132409956861,-230.16075359651003,-18.641733299751934,2484.5767402224783,-226.0770501433483,0.69347657033171,0.0,-0.7204791783257647,3.929013079667063,3.929013079667063
-18.641733299751934,2484.5767402224783,-226.0770501433483,-32.762368891895036,2496.021070488096,-221.9933466901865,0.69347657033171,0.0,-0.7204791783257647,3.929013079667063,3.929013079667063
-30.501233834423772,2471.8505035416842,-222.59921600281362,-18.641733299751934,2484.5767402224783,-226.0770501433483,0.69347657033171,0.0,-0.7204791783257647,3.929013079667063,3.929013079667063
-18.641733299751934,2484.5767402224783,-226.0770501433483,-6.782232765080101,2497.302976903273,-229.55488428388293,0.69347657033171,0.0,-0.7204791783257647,3.929013079667063,3.929013079667063
-6.782232765080101,2497.302976903273,-229.55488428388293,-20.9028683572232,2508.74730716889,-225.47118083072115,0.69347657033171,0.0,-0.7204791783257647,3.929013079667063,3.929013079667063
-20.9028683572232,2508.74730716889,-225.47118083072115,-35.0235039493663,2520.191637434508,-221.38747737755938,0.69347657033171,0.0,-0.7204791783257647,3.929013079667063,3.929013079667063
-32.762368891895036,2496.021070488096,-221.9933466901865,-20.9028683572232,2508.74730716889,-225.47118083072115,0.69347657033171,0.0,-0.7204791783257647,3.929013079667063,3.929013079667063
-20.9028683572232,2508.74730716889,-225.47118083072115,-9.043367822551366,2521.4735438496846,-228.9490149712558,0.69347657033171,0.0,-0.7204791783257647,3.929013079667063,3.929013079667063
-9.043367822551366,2521.4735438496846,-228.9490149712558,-23.164003414694463,2532.917874115302,-224.86531151809402,0.69347657033171,0.0,-0.7204791783257647,3.929013079667063,3.929013079667063
-23.164003414694463,2532.917874115302,-224.86531151809402,-37.284639006837565,2544.3622043809196,-220.78160806493224,0.69347657033171,0.0,-0.7204791783257647,3.929013079667063,3.929013079667063
-35.0235039493663,2520.191637434508,-221.38747737755938,-23.164003414694463,2532.917874115302,-224.86531151809402,0.69347657033171,0.0,-0.7204791783257647,3.929013079667063,3.929013079667063
-23.164003414694463,2532.917874115302,-224.86531151809402,-11.304502880022634,2545.6441107960964,-228.34314565862866,0.69347657033171,0.0,-0.7204791783257647,3.929013079667063,3.929013079667063
-11.304502880022634,2545.6441107960964,-228.34314565862866,-25.425138472165735,2557.0884410617136,-224.25944220546688,0.69347657033171,0.0,-0.7204791783257647,3.929013079667063,3.929013079667063
-25.425138472165735,2557.0884410617136,-224.25944220546688,-39.54577406430884,2568.5327713273314,-220.1757387523051,0.69347657033171,0.0,-0.7204791783257647,3.929013079667063,3.929013079667063
-37.284639006837565,2544.3622043809196,-220.78160806493224,-25.425138472165735,2557.0884410617136,-224.25944220546688,0.69347657033171,0.0,-0.7204791783257647,3.929013079667063,3.929013079667063
-25.425138472165735,2557.0884410617136,-224.25944220546688,-13.565637937493902,2569.814677742508,-227.73727634600152,0.69347657033171,0.0,-0.7204791783257647,3.929013079667063,3.929013079667063
-13.565637937493902,2569.814677742508,-227.73727634600152,-27.686273529637,2581.2590080081254,-223.65357289283975,0.69347657033171,0.0,-0.7204791783257647,3.929013079667063,3.929013079667063
-27.686273529637,2581.2590080081254,-223.65357289283975,-41.80690912178011,2592.703338273743,-219.569869439678,0.69347657033171,0.0,-0.7204791783257647,3.929013079667063,3.929013079667063
-39.54577406430884,2568.5327713273314,-220.1757387523051,-27.686273529637,2581.2590080081254,-223.65357289283975,0.69347657033171,0.0,-0.7204791783257647,3.929013079667063,3.929013079667063
-27.686273529637,2581.2590080081254,-223.65357289283975,-15.826772994965173,2593.98524468892,-227.13140703337442,0.69347657033171,0.0,-0.7204791783257647,3.929013079667063,3.929013079667063
-15.826772994965163,2593.98524468892,-227.13140703337442,-29.947408587108264,2605.429574954537,-223.04770358021264,0.69347657033171,0.0,-0.7204791783257647,3.929013079667063,3.929013079667063
-29.947408587108264,2605.429574954537,-223.04770358021264,-44.06804417925137,2616.8739052201554,-218.96400012705087,0.69347657033171,0.0,-0.7204791783257647,3.929013079667063,3.929013079667063
-41.806909121780095,2592.703338273743,-219.569869439678,-29.947408587108264,2605.429574954537,-223.04770358021264,0.69347657033171,0.0,-0.7204791783257647,3.929013079667063,3.929013079667063
-29.947408587108264,2605.429574954537,-223.04770358021264,-18.087908052436433,2618.155811635332,-226.52553772074728,0.69347657033171,0.0,-0.7204791783257647,3.929013079667063,3.929013079667063
-18.087908052436433,2618.155811635332,-226.52553772074728,-32.208543644579535,2629.6001419009494,-222.4418342675855,0.69347657033171,0.0,-0.7204791783257647,3.929013079667063,3.929013079667063
-32.208543644579535,2629.6001419009494,-222.4418342675855,-46.32917923672263,2641.044472166567,-218.35813081442373,0.69347657033171,0.0,-0.7204791783257647,3.929013079667063,3.929013079667063
-44.06804417925137,2616.8739052201554,-218.96400012705087,-32.208543644579535,2629.6001419009494,-222.4418342675855,0.69347657033171,0.0,-0.7204791783257647,3.929013079667063,3.929013079667063
-32.208543644579535,2629.6001419009494,-222.4418342675855,-20.349043109907697,2642.326378581744,-225.91966840812015,0.69347657033171,0.0,-0.7204791783257647,3.929013079667063,3.929013079667063
-20.349043109907704,2642.326378581744,-225.91966840812015,-34.4696787020508,2653.770708847361,-221.83596495495837,0.69347657033171,0.0,-0.7204791783257647,3.929013079667063,3.929013079667063
-34.4696787020508,2653.770708847361,-221.83596495495837,-48.59031429419391,2665.215039112979,-217.7522615017966,0.69347657033171,0.0,-0.7204791783257647,3.929013079667063,3.929013079667063
-46.32917923672264,2641.044472166567,-218.35813081442373,-34.4696787020508,2653.770708847361,-221.83596495495837,0.69347657033171,0.0,-0.7204791783257647,3.929013079667063,3.929013079667063
-34.4696787020508,2653.770708847361,-221.83596495495837,-22.610178167378976,2666.4969455281557,-225.313799095493,0.69347657033171,0.0,-0.7204791783257647,3.929013079667063,3.929013079667063
-22.610178167378976,2666.4969455281557,-225.313799095493,-36.73081375952207,2677.941275793773,-221.23009564233124,0.69347657033171,0.0,-0.7204791783257647,3.929013079667063,3.929013079667063
-36.73081375952207,2677.941275793773,-221.23009564233124,-50.85144935166517,2689.3856060593907,-217.14639218916946,0.69347657033171,0.0,-0.7204791783257647,3.929013079667063,3.929013079667063
-48.59031429419391,2665.215039112979,-217.7522615017966,-36.73081375952207,2677.941275793773,-221.23009564233124,0.69347657033171,0.0,-0.7204791783257647,3.929013079667063,3.929013079667063
-36.73081375952207,2677.941275793773,-221.23009564233124,-24.871313224850233,2690.6675124745675,-224.70792978286588,0.69347657033171,0.0,-0.7204791783257647,3.929013079667063,3.929013079667063
-24.871313224850233,2690.6675124745675,-224.70792978286588,-38.991948816993336,2702.111842740185,-220.62422632970413,0.69347657033171,0.0,-0.7204791783257647,3.929013079667063,3.929013079667063
-38.991948816993336,2702.111842740185,-220.62422632970413,-53.11258440913643,2713.5561730058025,-216.54052287654235,0.69347657033171,0.0,-0.7204791783257647,3.929013079667063,3.929013079667063
-50.85144935166517,2689.3856060593907,-217.14639218916946,-38.991948816993336,2702.111842740185,-220.62422632970413,0.69347657033171,0.0,-0.7204791783257647,3.929013079667063,3.929013079667063
-38.991948816993336,2702.111842740185,-220.62422632970413,-27.132448282321498,2714.8380794209793,-224.10206047023877,0.69347657033171,0.0,-0.7204791783257647,3.929013079667063,3.929013079667063
-27.132448282321505,2714.8380794209793,-224.10206047023877,-41.2530838744646,2726.2824096865966,-220.018357017077,0.69347657033171,0.0,-0.7204791783257647,3.929013079667063,3.929013079667063
-41.2530838744646,2726.2824096865966,-220.018357017077,-55.3737194666077,2737.7267399522143,-215.93465356391522,0.69347657033171,0.0,-0.7204791783257647,3.929013079667063,3.929013079667063
-53.11258440913644,2713.5561730058025,-216.54052287654235,-41.2530838744646,2726.2824096865966,-220.018357017077,0.69347657033171,0.0,-0.7204791783257647,3.929013079667063,3.929013079667063
-41.2530838744646,2726.2824096865966,-220.018357017077,-29.39358333979277,2739.008646367391,-223.49619115761163,0.69347657033171,0.0,-0.7204791783257647,3.929013079667063,3.929013079667063
-29.39358333979277,2739.008646367391,-223.49619115761163,-43.51421893193587,2750.452976633009,-219.41248770444986,0.69347657033171,0.0,-0.7204791783257647,3.929013079667063,3.929013079667063
-43.51421893193587,2750.452976633009,-219.41248770444986,-57.63485452407897,2761.8973068986265,-215.32878425128808,0.69347657033171,0.0,-0.7204791783257647,3.929013079667063,3.929013079667063
-55.3737194666077,2737.7267399522143,-215.93465356391522,-43.51421893193587,2750.452976633009,-219.41248770444986,0.69347657033171,0.0,-0.7204791783257647,3.929013079667063,3.929013079667063
-43.51421893193587,2750.452976633009,-219.41248770444986,-31.654718397264034,2763.1792133138033,-222.8903218449845,0.69347657033171,0.0,-0.7204791783257647,3.929013079667063,3.929013079667063
-31.65471839726404,2763.1792133138033,-222.8903218449845,-45.77535398940713,2774.6235435794206,-218.80661839182272,0.69347657033171,0.0,-0.7204791783257647,3.929013079667063,3.929013079667063
-45.77535398940713,2774.6235435794206,-218.80661839182272,-59.89598958155024,2786.0678738450383,-214.72291493866095,0.69347657033171,0.0,-0.7204791783257647,3.929013079667063,3.929013079667063
-57.634854524078975,2761.8973068986265,-215.32878425128808,-45.77535398940713,2774.6235435794206,-218.80661839182272,0.69347657033171,0.0,-0.7204791783257647,3.929013079667063,3.929013079667063
-45.77535398940713,2774.6235435794206,-218.80661839182272,-33.915853454735306,2787.349780260215,-222.28445253235736,0.69347657033171,0.0,-0.7204791783257647,3.929013079667063,3.929013079667063
-33.915853454735306,2787.349780260215,-222.28445253235736,-48.03648904687841,2798.7941105258324,-218.2007490791956,0.69347657033171,0.0,-0.7204791783257647,3.929013079667063,3.929013079667063
-48.03648904687841,2798.7941105258324,-218.2007490791956,-62.157124639021504,2810.23844079145,-214.11704562603384,0.69347657033171,0.0,-0.7204791783257647,3.929013079667063,3.929013079667063
-59.89598958155024,2786.0678738450383,-214.72291493866095,-48.03648904687841,2798.7941105258324,-218.2007490791956,0.69347657033171,0.0,-0.7204791783257647,3.929013079667063,3.929013079667063
-48.03648904687841,2798.7941105258324,-218.2007490791956,-36.17698851220657,2811.520347206627,-221.67858321973026,0.69347657033171,0.0,-0.7204791783257647,3.929013079667063,3.929013079667063
-36.17698851220657,2811.520347206627,-221.67858321973026,-50.297624104349666,2822.964677472244,-217.59487976656848,0.69347657033171,0.0,-0.7204791783257647,3.929013079667063,3.929013079667063
-50.297624104349666,2822.964677472244,-217.59487976656848,-64.41825969649275,2834.409007737862,-213.5111763134067,0.69347657033171,0.0,-0.7204791783257647,3.929013079667063,3.929013079667063
-62.157124639021504,2810.23844079145,-214.11704562603384,-50.297624104349666,2822.964677472244,-217.59487976656848,0.69347657033171,0.0,-0.7204791783257647,3.929013079667063,3.929013079667063
-50.297624104349666,2822.964677472244,-217.59487976656848,-38.43812356967783,2835.6909141530386,-221.07271390710312,0.69347657033171,0.0,-0.7204791783257647,3.929013079667063,3.929013079667063
-38.43812356967784,2835.6909141530386,-221.07271390710312,-52.55875916182093,2847.135244418656,-216.98901045394135,0.69347657033171,0.0,-0.7204791783257647,3.929013079667063,3.929013079667063
-52.55875916182093,2847.135244418656,-216.98901045394135,-66.67939475396403,2858.5795746842737,-212.90530700077957,0.69347657033171,0.0,-0.7204791783257647,3.929013079667063,3.929013079667063
-64.41825969649278,2834.409007737862,-213.5111763134067,-52.55875916182093,2847.135244418656,-216.98901045394135,0.69347657033171,0.0,-0.7204791783257647,3.929013079667063,3.929013079667063
-52.55875916182093,2847.135244418656,-216.98901045394135,-40.6992586271491,2859.8614810994504,-220.466844594476,0.69347657033171,0.0,-0.7204791783257647,3.929013079667063,3.929013079667063
-40.6992586271491,2859.8614810994504,-220.466844594476,-54.8198942192922,2871.3058113650677,-216.3831411413142,0.69347657033171,0.0,-0.7204791783257647,3.929013079667063,3.929013079667063
-54.8198942192922,2871.3058113650677,-216.3831411413142,-68.9405298114353,2882.7501416306854,-212.29943768815244,0.69347657033171,0.0,-0.7204791783257647,3.929013079667063,3.929013079667063
-66.67939475396403,2858.5795746842737,-212.90530700077957,-54.8198942192922,2871.3058113650677,-216.3831411413142,0.69347657033171,0.0,-0.7204791783257647,3.929013079667063,3.929013079667063
-54.8198942192922,2871.3058113650677,-216.3831411413142,-42.960393684620364,2884.032048045862,-219.86097528184885,0.69347657033171,0.0,-0.7204791783257647,3.929013079667063,3.929013079667063
-42.960393684620364,2884.032048045862,-219.86097528184885,-57.081029276763466,2895.4763783114795,-215.77727182868708,0.69347657033171,0.0,-0.7204791783257647,3.929013079667063,3.929013079667063
-57.081029276763466,2895.4763783114795,-215.77727182868708,-71.20166486890656,2906.9207085770972,-211.6935683755253,0.69347657033171,0.0,-0.7204791783257647,3.929013079667063,3.929013079667063
-68.9405298114353,2882.7501416306854,-212.29943768815244,-57.081029276763466,2895.4763783114795,-215.77727182868708,0.69347657033171,0.0,-0.7204791783257647,3.929013079667063,3.929013079667063
-57.081029276763466,2895.4763783114795,-215.77727182868708,-45.221528742091635,2908.202614992274,-219.25510596922172,0.69347657033171,0.0,-0.7204791783257647,3.929013079667063,3.929013079667063
-45.22152874209163,2908.202614992274,-219.25510596922172,-59.342164334234724,2919.6469452578913,-215.17140251605997,0.69347657033171,0.0,-0.7204791783257647,3.929013079667063,3.929013079667063
-59.342164334234724,2919.6469452578913,-215.17140251605997,-73.46279992637784,2931.0912755235095,-211.0876990628982,0.69347657033171,0.0,-0.7204791783257647,3.929013079667063,3.929013079667063
-71.20166486890656,2906.9207085770972,-211.6935683755253,-59.342164334234724,2919.6469452578913,-215.17140251605997,0.69347657033171,0.0,-0.7204791783257647,3.929013079667063,3.929013079667063
-59.342164334234724,2919.6469452578913,-215.17140251605997,-47.4826637995629,2932.3731819386862,-218.6492366565946,0.69347657033171,0.0,-0.7204791783257647,3.929013079667063,3.929013079667063
-47.4826637995629,2932.3731819386862,-218.6492366565946,-61.603299391705995,2943.8175122043035,-214.56553320343284,0.69347657033171,0.0,-0.7204791783257647,3.929013079667063,3.929013079667063
-61.603299391705995,2943.8175122043035,-214.56553320343284,-75.7239349838491,2955.2618424699212,-210.48182975027106,0.69347657033171,0.0,-0.7204791783257647,3.929013079667063,3.929013079667063
-73.46279992637784,2931.0912755235095,-211.0876990628982,-61.603299391705995,2943.8175122043035,-214.56553320343284,0.69347657033171,0.0,-0.7204791783257647,3.929013079667063,3.929013079667063
-61.603299391705995,2943.8175122043035,-214.56553320343284,-49.74379885703417,2956.543748885098,-218.04336734396747,0.69347657033171,0.0,-0.7204791783257647,3.929013079667063,3.929013079667063
-49.74379885703416,2956.543748885098,-218.04336734396747,-63.86443444917726,2967.9880791507153,-213.9596638908057,0.69347657033171,0.0,-0.7204791783257647,3.929013079667063,3.929013079667063
-63.86443444917726,2967.9880791507153,-213.9596638908057,-77.98507004132037,2979.432409416333,-209.87596043764393,0.69347657033171,0.0,-0.7204791783257647,3.929013079667063,3.929013079667063
-75.72393498384909,2955.2618424699212,-210.48182975027106,-63.86443444917726,2967.9880791507153,-213.9596638908057,0.69347657033171,0.0,-0.7204791783257647,3.929013079667063,3.929013079667063
-63.86443444917726,2967.9880791507153,-213.9596638908057,-52.004933914505436,2980.71431583151,-217.43749803134034,0.69347657033171,0.0,-0.7204791783257647,3.929013079667063,3.929013079667063
-52.004933914505436,2980.71431583151,-217.43749803134034,-66.12556950664853,2992.158646097127,-213.35379457817857,0.69347657033171,0.0,-0.7204791783257647,3.929013079667063,3.929013079667063
-66.12556950664853,2992.158646097127,-213.35379457817857,-80.24620509879163,3003.602976362745,-209.2700911250168,0.69347657033171,0.0,-0.7204791783257647,3.929013079667063,3.929013079667063
-77.98507004132037,2979.432409416333,-209.87596043764393,-66.12556950664853,2992.158646097127,-213.35379457817857,0.69347657033171,0.0,-0.7204791783257647,3.929013079667063,3.929013079667063
-66.12556950664853,2992.158646097127,-213.35379457817857,-54.2660689719767,3004.8848827779216,-216.8316287187132,0.69347657033171,0.0,-0.7204791783257647,3.929013079667063,3.929013079667063
-54.266068971976686,3004.8848827779216,-216.8316287187132,-68.3867045641198,3016.329213043539,-212.74792526555143,0.69347657033171,0.0,-0.7204791783257647,3.929013079667063,3.929013079667063
-68.3867045641198,3016.329213043539,-212.74792526555143,-82.5073401562629,3027.773543309157,-208.66422181238968,0.69347657033171,0.0,-0.7204791783257647,3.929013079667063,3.929013079667063
-80.24620509879162,3003.602976362745,-209.2700911250168,-68.3867045641198,3016.329213043539,-212.74792526555143,0.69347657033171,0.0,-0.7204791783257647,3.929013079667063,3.929013079667063
-68.3867045641198,3016.329213043539,-212.74792526555143,-56.527204029447965,3029.055449724334,-216.2257594060861,0.69347657033171,0.0,-0.7204791783257647,3.929013079667063,3.929013079667063
-56.52720402944795,3029.0554497243334,-216.2257594060861,-70.64783962159106,3040.4997799899506,-212.14205595292432,0.69347657033171,0.0,-0.7204791783257647,3.929013079667063,3.929013079667063
-70.64783962159106,3040.4997799899506,-212.14205595292432,-84.76847521373416,3051.944110255569,-208.05835249976255,0.69347657033171,0.0,-0.7204791783257647,3.929013079667063,3.929013079667063
-82.50734015626288,3027.7735433091566,-208.66422181238968,-70.64783962159106,3040.4997799899506,-212.14205595292432,0.69347657033171,0.0,-0.7204791783257647,3.929013079667063,3.929013079667063
-70.64783962159106,3040.4997799899506,-212.14205595292432,-58.78833908691923,3053.2260166707456,-215.61989009345896,0.69347657033171,0.0,-0.7204791783257647,3.929013079667063,3.929013079667063
-58.78833908691923,3053.2260166707456,-215.61989009345896,-72.90897467906233,3064.670346936363,-211.5361866402972,0.69347657033171,0.0,-0.7204791783257647,3.929013079667063,3.929013079667063
-72.90897467906233,3064.670346936363,-211.5361866402972,-87.02961027120543,3076.1146772019806,-207.4524831871354,0.69347657033171,0.0,-0.7204791783257647,3.929013079667063,3.929013079667063
-84.76847521373416,3051.944110255569,-208.05835249976255,-72.90897467906233,3064.670346936363,-211.5361866402972,0.69347657033171,0.0,-0.7204791783257647,3.929013079667063,3.929013079667063
-72.90897467906233,3064.670346936363,-211.5361866402972,-61.049474144390494,3077.3965836171574,-215.01402078083183,0.69347657033171,0.0,-0.7204791783257647,3.929013079667063,3.929013079667063
-61.04947414439048,3077.3965836171574,-215.01402078083183,-75.17010973653359,3088.8409138827747,-210.93031732767005,0.69347657033171,0.0,-0.7204791783257647,3.929013079667063,3.929013079667063
-75.17010973653359,3088.8409138827747,-210.93031732767005,-89.29074532867669,3100.2852441483924,-206.84661387450828,0.69347657033171,0.0,-0.7204791783257647,3.929013079667063,3.929013079667063
-87.02961027120541,3076.1146772019806,-207.4524831871354,-75.17010973653359,3088.8409138827747,-210.93031732767005,0.69347657033171,0.0,-0.7204791783257647,3.929013079667063,3.929013079667063
-75.17010973653359,3088.8409138827747,-210.93031732767005,-63.31060920186176,3101.567150563569,-214.4081514682047,0.69347657033171,0.0,-0.7204791783257647,3.929013079667063,3.929013079667063
-63.31060920186176,3101.567150563569,-214.4081514682047,-77.43124479400487,3113.0114808291864,-210.32444801504292,0.69347657033171,0.0,-0.7204791783257647,3.929013079667063,3.929013079667063
-77.43124479400487,3113.0114808291864,-210.32444801504292,-91.55188038614796,3124.455811094804,-206.24074456188114,0.69347657033171,0.0,-0.7204791783257647,3.929013079667063,3.929013079667063
-89.29074532867669,3100.2852441483924,-206.84661387450828,-77.43124479400487,3113.0114808291864,-210.32444801504292,0.69347657033171,0.0,-0.7204791783257647,3.929013079667063,3.929013079667063
-77.43124479400487,3113.0114808291864,-210.32444801504292,-65.57174425933302,3125.737717509981,-213.80228215557756,0.69347657033171,0.0,-0.7204791783257647,3.929013079667063,3.929013079667063
-65.57174425933302,3125.737717509981,-213.80228215557756,-79.69237985147613,3137.182047775598,-209.7185787024158,0.69347657033171,0.0,-0.7204791783257647,3.929013079667063,3.929013079667063
-79.69237985147613,3137.182047775598,-209.7185787024158,-93.81301544361922,3148.626378041216,-205.63487524925404,0.69347657033171,0.0,-0.7204791783257647,3.929013079667063,3.929013079667063
-91.55188038614796,3124.455811094804,-206.24074456188114,-79.69237985147613,3137.182047775598,-209.7185787024158,0.69347657033171,0.0,-0.7204791783257647,3.929013079667063,3.929013079667063
-79.69237985147613,3137.182047775598,-209.7185787024158,-67.83287931680428,3149.9082844563927,-213.19641284295045,0.69347657033171,0.0,-0.7204791783257647,3.929013079667063,3.929013079667063
-67.83287931680428,3149.9082844563927,-213.19641284295045,-81.95351490894738,3161.35261472201,-209.11270938978868,0.69347657033171,0.0,-0.7204791783257647,3.929013079667063,3.929013079667063
-81.95351490894738,3161.35261472201,-209.11270938978868,-96.07415050109049,3172.7969449876277,-205.0290059366269,0.69347657033171,0.0,-0.7204791783257647,3.929013079667063,3.929013079667063
-93.81301544361922,3148.626378041216,-205.63487524925404,-81.95351490894738,3161.35261472201,-209.11270938978868,0.69347657033171,0.0,-0.7204791783257647,3.929013079667063,3.929013079667063
-81.95351490894738,3161.35261472201,-209.11270938978868,-70.09401437427555,3174.0788514028045,-212.59054353032332,0.69347657033171,0.0,-0.7204791783257647,3.929013079667063,3.929013079667063
-70.09401437427555,3174.0788514028045,-212.59054353032332,-84.21464996641866,3185.523181668422,-208.50684007716154,0.69347657033171,0.0,-0.7204791783257647,3.929013079667063,3.929013079667063
-84.21464996641866,3185.523181668422,-208.50684007716154,-98.33528555856176,3196.9675119340395,-204.42313662399977,0.69347657033171,0.0,-0.7204791783257647,3.929013079667063,3.929013079667063
-96.07415050109049,3172.7969449876277,-205.0290059366269,-84.21464996641866,3185.523181668422,-208.50684007716154,0.69347657033171,0.0,-0.7204791783257647,3.929013079667063,3.929013079667063
-84.21464996641866,3185.523181668422,-208.50684007716154,-72.35514943174682,3198.2494183492163,-211.98467421769618,0.69347657033171,0.0,-0.7204791783257647,3.929013079667063,3.929013079667063
-72.35514943174681,3198.2494183492163,-211.98467421769618,-86.47578502388993,3209.6937486148336,-207.9009707645344,0.69347657033171,0.0,-0.7204791783257647,3.929013079667063,3.929013079667063
-86.47578502388993,3209.6937486148336,-207.9009707645344,-100.59642061603303,3221.1380788804518,-203.81726731137263,0.69347657033171,0.0,-0.7204791783257647,3.929013079667063,3.929013079667063
-98.33528555856175,3196.9675119340395,-204.42313662399977,-86.47578502388993,3209.6937486148336,-207.9009707645344,0.69347657033171,0.0,-0.7204791783257647,3.929013079667063,3.929013079667063
-86.47578502388993,3209.6937486148336,-207.9009707645344,-74.61628448921809,3222.4199852956285,-211.37880490506905,0.69347657033171,0.0,-0.7204791783257647,3.929013079667063,3.929013079667063
-74.61628448921809,3222.4199852956285,-211.37880490506905,-88.73692008136119,3233.864315561246,-207.29510145190727,0.69347657033171,0.0,-0.7204791783257647,3.929013079667063,3.929013079667063
-88.73692008136119,3233.864315561246,-207.29510145190727,-102.8575556735043,3245.3086458268635,-203.21139799874553,0.69347657033171,0.0,-0.7204791783257647,3.929013079667063,3.929013079667063
-100.59642061603303,3221.1380788804518,-203.81726731137263,-88.73692008136119,3233.864315561246,-207.29510145190727,0.69347657033171,0.0,-0.7204791783257647,3.929013079667063,3.929013079667063
-88.73692008136119,3233.864315561246,-207.29510145190727,-76.87741954668935,3246.5905522420403,-210.77293559244194,0.69347657033171,0.0,-0.7204791783257647,3.929013079667063,3.929013079667063
-76.87741954668934,3246.5905522420403,-210.77293559244194,-90.99805513883246,3258.0348825076576,-206.68923213928016,0.69347657033171,0.0,-0.7204791783257647,3.929013079667063,3.929013079667063
-90.99805513883246,3258.0348825076576,-206.68923213928016,-105.11869073097556,3269.4792127732753,-202.6055286861184,0.69347657033171,0.0,-0.7204791783257647,3.929013079667063,3.929013079667063
-102.85755567350428,3245.3086458268635,-203.21139799874553,-90.99805513883246,3258.0348825076576,-206.68923213928016,0.69347657033171,0.0,-0.7204791783257647,3.929013079667063,3.929013079667063
-90.99805513883246,3258.0348825076576,-206.68923213928016,-79.13855460416062,3270.761119188452,-210.1670662798148,0.69347657033171,0.0,-0.7204791783257647,3.929013079667063,3.929013079667063
-79.1385546041606,3270.761119188452,-210.1670662798148,-93.25919019630372,3282.2054494540694,-206.08336282665303,0.69347657033171,0.0,-0.7204791783257647,3.929013079667063,3.929013079667063
-93.25919019630372,3282.2054494540694,-206.08336282665303,-107.37982578844682,3293.649779719687,-201.99965937349126,0.69347657033171,0.0,-0.7204791783257647,3.929013079667063,3.929013079667063
-105.11869073097554,3269.4792127732753,-202.6055286861184,-93.25919019630372,3282.2054494540694,-206.08336282665303,0.69347657033171,0.0,-0.7204791783257647,3.929013079667063,3.929013079667063
-93.25919019630372,3282.2054494540694,-206.08336282665303,-81.39968966163188,3294.931686134864,-209.56119696718767,0.69347657033171,0.0,-0.7204791783257647,3.929013079667063,3.929013079667063
-81.39968966163188,3294.931686134864,-209.56119696718767,-95.520325253775,3306.376016400481,-205.4774935140259,0.69347657033171,0.0,-0.7204791783257647,3.929013079667063,3.929013079667063
-95.520325253775,3306.376016400481,-205.4774935140259,-109.64096084591809,3317.8203466660993,-201.39379006086412,0.69347657033171,0.0,-0.7204791783257647,3.929013079667063,3.929013079667063
-107.37982578844682,3293.649779719687,-201.99965937349126,-95.520325253775,3306.376016400481,-205.4774935140259,0.69347657033171,0.0,-0.7204791783257647,3.929013079667063,3.929013079667063
-95.520325253775,3306.376016400481,-205.4774935140259,-83.66082471910315,3319.102253081276,-208.95532765456053,0.69347657033171,0.0,-0.7204791783257647,3.929013079667063,3.929013079667063
-83.66082471910315,3319.1022530812756,-208.95532765456053,-97.78146031124625,3330.546583346893,-204.87162420139876,0.69347657033171,0.0,-0.7204791783257647,3.929013079667063,3.929013079667063
-97.78146031124625,3330.546583346893,-204.87162420139876,-111.90209590338934,3341.9909136125107,-200.78792074823698,0.69347657033171,0.0,-0.7204791783257647,3.929013079667063,3.929013079667063
-109.64096084591809,3317.820346666099,-201.39379006086412,-97.78146031124625,3330.546583346893,-204.87162420139876,0.69347657033171,0.0,-0.7204791783257647,3.929013079667063,3.929013079667063
-97.78146031124625,3330.546583346893,-204.87162420139876,-85.9219597765744,3343.2728200276874,-208.3494583419334,0.69347657033171,0.0,-0.7204791783257647,3.929013079667063,3.929013079667063
-85.9219597765744,3343.2728200276874,-208.3494583419334,-100.04259536871751,3354.717150293305,-204.26575488877165,0.69347657033171,0.0,-0.7204791783257647,3.929013079667063,3.929013079667063
-100.04259536871751,3354.717150293305,-204.26575488877165,-114.16323096086062,3366.161480558923,-200.18205143560988,0.69347657033171,0.0,-0.7204791783257647,3.929013079667063,3.929013079667063
-111.90209590338934,3341.9909136125107,-200.78792074823698,-100.04259536871751,3354.717150293305,-204.26575488877165,0.69347657033171,0.0,-0.7204791783257647,3.929013079667063,3.929013079667063
-100.04259536871751,3354.717150293305,-204.26575488877165,-88.18309483404568,3367.4433869740997,-207.7435890293063,0.69347657033171,0.0,-0.7204791783257647,3.929013079667063,3.929013079667063
-88.18309483404568,3367.4433869740997,-207.7435890293063,-102.30373042618879,3378.887717239717,-203.65988557614452,0.69347657033171,0.0,-0.7204791783257647,3.929013079667063,3.929013079667063
-102.30373042618879,3378.887717239717,-203.65988557614452,-116.42436601833187,3390.3320475053347,-199.57618212298274,0.69347657033171,0.0,-0.7204791783257647,3.929013079667063,3.929013079667063
-114.16323096086062,3366.161480558923,-200.18205143560988,-102.30373042618879,3378.887717239717,-203.65988557614452,0.69347657033171,0.0,-0.7204791783257647,3.929013079667063,3.929013079667063
-102.30373042618879,3378.887717239717,-203.65988557614452,-90.44422989151693,3391.6139539205114,-207.13771971667916,0.69347657033171,0.0,-0.7204791783257647,3.929013079667063,3.929013079667063
-90.44422989151693,3391.6139539205114,-207.13771971667916,-104.56486548366004,3403.0582841861287,-203.05401626351738,0.69347657033171,0.0,-0.7204791783257647,3.929013079667063,3.929013079667063
-104.56486548366004,3403.0582841861287,-203.05401626351738,-118.68550107580315,3414.5026144517465,-198.9703128103556,0.69347657033171,0.0,-0.7204791783257647,3.929013079667063,3.929013079667063
-116.42436601833187,3390.3320475053347,-199.57618212298274,-104.56486548366004,3403.0582841861287,-203.05401626351738,0.69347657033171,0.0,-0.7204791783257647,3.929013079667063,3.929013079667063
-104.56486548366004,3403.0582841861287,-203.05401626351738,-92.7053649489882,3415.7845208669232,-206.53185040405202,0.69347657033171,0.0,-0.7204791783257647,3.929013079667063,3.929013079667063
-92.7053649489882,3415.7845208669232,-206.53185040405202,-106.82600054113131,3427.2288511325405,-202.44814695089025,0.69347657033171,0.0,-0.7204791783257647,3.929013079667063,3.929013079667063
-106.82600054113131,3427.2288511325405,-202.44814695089025,-120.94663613327441,3438.6731813981582,-198.36444349772847,0.69347657033171,0.0,-0.7204791783257647,3.929013079667063,3.929013079667063
-118.68550107580315,3414.5026144517465,-198.9703128103556,-106.82600054113131,3427.2288511325405,-202.44814695089025,0.69347657033171,0.0,-0.7204791783257647,3.929013079667063,3.929013079667063
-106.82600054113131,3427.2288511325405,-202.44814695089025,-94.96650000645947,3439.955087813335,-205.9259810914249,0.69347657033171,0.0,-0.7204791783257647,3.929013079667063,3.929013079667063
-94.96650000645947,3439.955087813335,-205.9259810914249,-109.08713559860259,3451.3994180789523,-201.8422776382631,0.69347657033171,0.0,-0.7204791783257647,3.929013079667063,3.929013079667063
-109.08713559860259,3451.3994180789523,-201.8422776382631,-123.20777119074569,3462.84374834457,-197.75857418510137,0.69347657033171,0.0,-0.7204791783257647,3.929013079667063,3.929013079667063
-120.94663613327441,3438.6731813981582,-198.36444349772847,-109.08713559860259,3451.3994180789523,-201.8422776382631,0.69347657033171,0.0,-0.7204791783257647,3.929013079667063,3.929013079667063
-109.08713559860259,3451.3994180789523,-201.8422776382631,-97.22763506393075,3464.125654759747,-205.32011177879778,0.69347657033171,0.0,-0.7204791783257647,3.929013079667063,3.929013079667063
-2.3267089283128196e-13,2320.374426855538,-217.0689655172414,5.139831499808654,2344.5449938019497,-229.28194630694162,0.0,0.0,1.0,3.929013079667063,3.929013079667063
-9.66210161475165,2344.5449938019497,-203.6442461022869,-4.522270114942764,2368.7155607483614,-215.85722689198712,0.0,0.0,1.0,3.929013079667063,3.929013079667063
-4.522270114942764,2368.7155607483614,-215.85722689198712,0.6175613848661214,2392.886127694773,-228.07020768168738,0.0,0.0,1.0,3.929013079667063,3.929013079667063
5.139831499808654,2344.5449938019497,-229.28194630694162,-4.522270114942764,2368.7155607483614,-215.85722689198712,0.0,0.0,1.0,3.929013079667063,3.929013079667063
-4.522270114942764,2368.7155607483614,-215.85722689198712,-14.184371729694183,2392.886127694773,-202.43250747703266,0.0,0.0,1.0,3.929013079667063,3.929013079667063
-14.184371729694183,2392.886127694773,-202.43250747703266,-9.044540229885296,2417.0566946411855,-214.64548826673288,0.0,0.0,1.0,3.929013079667063,3.929013079667063
-9.044540229885296,2417.0566946411855,-214.64548826673288,-3.9047087300764103,2441.2272615875972,-226.8584690564331,0.0,0.0,1.0,3.929013079667063,3.929013079667063
0.6175613848661214,2392.886127694773,-228.07020768168738,-9.044540229885296,2417.0566946411855,-214.64548826673288,0.0,0.0,1.0,3.929013079667063,3.929013079667063
-9.044540229885296,2417.0566946411855,-214.64548826673288,-18.706641844636714,2441.2272615875972,-201.2207688517784,0.0,0.0,1.0,3.929013079667063,3.929013079667063
-18.706641844636714,2441.2272615875972,-201.2207688517784,-13.566810344827829,2465.397828534009,-213.4337496414786,0.0,0.0,1.0,3.929013079667063,3.929013079667063
-13.566810344827829,2465.397828534009,-213.4337496414786,-8.42697884501894,2489.568395480421,-225.64673043117887,0.0,0.0,1.0,3.929013079667063,3.929013079667063
-3.9047087300764103,2441.2272615875972,-226.8584690564331,-13.566810344827829,2465.397828534009,-213.4337496414786,0.0,0.0,1.0,3.929013079667063,3.929013079667063
-13.566810344827829,2465.397828534009,-213.4337496414786,-23.228911959579246,2489.568395480421,-200.00903022652415,0.0,0.0,1.0,3.929013079667063,3.929013079667063
-23.228911959579246,2489.568395480421,-200.00903022652415,-18.089080459770358,2513.7389624268326,-212.22201101622437,0.0,0.0,1.0,3.929013079667063,3.929013079667063
-18.089080459770358,2513.7389624268326,-212.22201101622437,-12.94924895996147,2537.9095293732444,-224.4349918059246,0.0,0.0,1.0,3.929013079667063,3.929013079667063
-8.42697884501894,2489.568395480421,-225.64673043117887,-18.089080459770358,2513.7389624268326,-212.22201101622437,0.0,0.0,1.0,3.929013079667063,3.929013079667063
-18.089080459770358,2513.7389624268326,-212.22201101622437,-27.751182074521775,2537.9095293732444,-198.79729160126988,0.0,0.0,1.0,3.929013079667063,3.929013079667063
-27.751182074521775,2537.9095293732444,-198.79729160126988,-22.61135057471289,2562.0800963196566,-211.0102723909701,0.0,0.0,1.0,3.929013079667063,3.929013079667063
-22.61135057471289,2562.0800963196566,-211.0102723909701,-17.471519074904002,2586.2506632660684,-223.22325318067033,0.0,0.0,1.0,3.929013079667063,3.929013079667063
-12.94924895996147,2537.9095293732444,-224.4349918059246,-22.61135057471289,2562.0800963196566,-211.0102723909701,0.0,0.0,1.0,3.929013079667063,3.929013079667063
-22.61135057471289,2562.0800963196566,-211.0102723909701,-32.27345218946431,2586.2506632660684,-197.5855529760156,0.0,0.0,1.0,3.929013079667063,3.929013079667063
-32.27345218946431,2586.2506632660684,-197.5855529760156,-27.133620689655423,2610.42123021248,-209.79853376571586,0.0,0.0,1.0,3.929013079667063,3.929013079667063
-27.133620689655423,2610.42123021248,-209.79853376571586,-21.993789189846538,2634.591797158892,-222.01151455541608,0.0,0.0,1.0,3.929013079667063,3.929013079667063
-17.471519074904002,2586.2506632660684,-223.22325318067033,-27.133620689655423,2610.42123021248,-209.79853376571586,0.0,0.0,1.0,3.929013079667063,3.929013079667063
-27.133620689655423,2610.42123021248,-209.79853376571586,-36.795722304406844,2634.591797158892,-196.37381435076136,0.0,0.0,1.0,3.929013079667063,3.929013079667063
-36.795722304406844,2634.591797158892,-196.37381435076136,-31.655890804597952,2658.7623641053037,-208.5867951404616,0.0,0.0,1.0,3.929013079667063,3.929013079667063
-31.655890804597952,2658.7623641053037,-208.5867951404616,-26.516059304789078,2682.9329310517155,-220.79977593016181,0.0,0.0,1.0,3.929013079667063,3.929013079667063
-21.993789189846538,2634.591797158892,-222.01151455541608,-31.655890804597952,2658.7623641053037,-208.5867951404616,0.0,0.0,1.0,3.929013079667063,3.929013079667063
-31.655890804597952,2658.7623641053037,-208.5867951404616,-41.31799241934938,2682.9329310517155,-195.1620757255071,0.0,0.0,1.0,3.929013079667063,3.929013079667063
-41.317992419349366,2682.9329310517155,-195.1620757255071,-36.17816091954049,2707.1034979981278,-207.37505651520735,0.0,0.0,1.0,3.929013079667063,3.929013079667063
-36.17816091954049,2707.1034979981278,-207.37505651520735,-31.0383294197316,2731.2740649445395,-219.58803730490757,0.0,0.0,1.0,3.929013079667063,3.929013079667063
-26.516059304789064,2682.9329310517155,-220.79977593016181,-36.17816091954049,2707.1034979981278,-207.37505651520735,0.0,0.0,1.0,3.929013079667063,3.929013079667063
-36.17816091954049,2707.1034979981278,-207.37505651520735,-45.8402625342919,2731.2740649445395,-193.95033710025285,0.0,0.0,1.0,3.929013079667063,3.929013079667063
-45.8402625342919,2731.2740649445395,-193.95033710025285,-40.700431034483024,2755.4446318909513,-206.16331788995308,0.0,0.0,1.0,3.929013079667063,3.929013079667063
-40.700431034483024,2755.4446318909513,-206.16331788995308,-35.56059953467414,2779.615198837363,-218.3762986796533,0.0,0.0,1.0,3.929013079667063,3.929013079667063
-31.0383294197316,2731.2740649445395,-219.58803730490757,-40.700431034483024,2755.4446318909513,-206.16331788995308,0.0,0.0,1.0,3.929013079667063,3.929013079667063
-40.700431034483024,2755.4446318909513,-206.16331788995308,-50.36253264923444,2779.615198837363,-192.73859847499858,0.0,0.0,1.0,3.929013079667063,3.929013079667063
-50.36253264923444,2779.615198837363,-192.73859847499858,-45.22270114942556,2803.785765783775,-204.9515792646988,0.0,0.0,1.0,3.929013079667063,3.929013079667063
-45.22270114942556,2803.785765783775,-204.9515792646988,-40.082869649616676,2827.9563327301867,-217.16456005439906,0.0,0.0,1.0,3.929013079667063,3.929013079667063
-35.56059953467414,2779.615198837363,-218.3762986796533,-45.22270114942556,2803.785765783775,-204.9515792646988,0.0,0.0,1.0,3.929013079667063,3.929013079667063
-45.22270114942556,2803.785765783775,-204.9515792646988,-54.884802764176975,2827.9563327301867,-191.52685984974434,0.0,0.0,1.0,3.929013079667063,3.929013079667063
-54.884802764176975,2827.9563327301867,-191.52685984974434,-49.74497126436808,2852.1268996765984,-203.73984063944457,0.0,0.0,1.0,3.929013079667063,3.929013079667063
-49.74497126436808,2852.1268996765984,-203.73984063944457,-44.605139764559205,2876.2974666230107,-215.9528214291448,0.0,0.0,1.0,3.929013079667063,3.929013079667063
-40.082869649616676,2827.9563327301867,-217.16456005439906,-49.74497126436808,2852.1268996765984,-203.73984063944457,0.0,0.0,1.0,3.929013079667063,3.929013079667063
-49.74497126436808,2852.1268996765984,-203.73984063944457,-59.407072879119504,2876.2974666230107,-190.31512122449007,0.0,0.0,1.0,3.929013079667063,3.929013079667063
-59.4070728791195,2876.29746662301,-190.31512122449007,-54.26724137931062,2900.4680335694225,-202.5281020141903,0.0,0.0,1.0,3.929013079667063,3.929013079667063
-54.26724137931062,2900.4680335694225,-202.5281020141903,-49.127409879501734,2924.6386005158342,-214.74108280389055,0.0,0.0,1.0,3.929013079667063,3.929013079667063
-44.6051397645592,2876.29746662301,-215.9528214291448,-54.26724137931062,2900.4680335694225,-202.5281020141903,0.0,0.0,1.0,3.929013079667063,3.929013079667063
-54.26724137931062,2900.4680335694225,-202.5281020141903,-63.92934299406203,2924.6386005158342,-189.10338259923583,0.0,0.0,1.0,3.929013079667063,3.929013079667063
-63.92934299406204,2924.6386005158342,-189.10338259923583,-58.789511494253155,2948.809167462246,-201.31636338893605,0.0,0.0,1.0,3.929013079667063,3.929013079667063
-58.789511494253155,2948.809167462246,-201.31636338893605,-53.64967999444426,2972.979734408658,-213.52934417863628,0.0,0.0,1.0,3.929013079667063,3.929013079667063
-49.12740987950174,2924.6386005158342,-214.74108280389055,-58.789511494253155,2948.809167462246,-201.31636338893605,0.0,0.0,1.0,3.929013079667063,3.929013079667063
-58.789511494253155,2948.809167462246,-201.31636338893605,-68.45161310900457,2972.979734408658,-187.89164397398156,0.0,0.0,1.0,3.929013079667063,3.929013079667063
-68.45161310900458,2972.9797344086583,-187.89164397398156,-63.31178160919569,2997.15030135507,-200.10462476368178,0.0,0.0,1.0,3.929013079667063,3.929013079667063
-63.31178160919569,2997.15030135507,-200.10462476368178,-58.17195010938679,3021.320868301482,-212.317605553382,0.0,0.0,1.0,3.929013079667063,3.929013079667063
-53.64967999444428,2972.9797344086583,-213.52934417863628,-63.31178160919569,2997.15030135507,-200.10462476368178,0.0,0.0,1.0,3.929013079667063,3.929013079667063
-63.31178160919569,2997.15030135507,-200.10462476368178,-72.9738832239471,3021.320868301482,-186.6799053487273,0.0,0.0,1.0,3.929013079667063,3.929013079667063
-72.9738832239471,3021.320868301482,-186.6799053487273,-67.8340517241382,3045.4914352478936,-198.89288613842754,0.0,0.0,1.0,3.929013079667063,3.929013079667063
-67.8340517241382,3045.4914352478936,-198.89288613842754,-62.69422022432932,3069.6620021943054,-211.10586692812777,0.0,0.0,1.0,3.929013079667063,3.929013079667063
-58.17195010938679,3021.320868301482,-212.317605553382,-67.8340517241382,3045.4914352478936,-198.89288613842754,0.0,0.0,1.0,3.929013079667063,3.929013079667063
-67.8340517241382,3045.4914352478936,-198.89288613842754,-77.49615333888963,3069.6620021943054,-185.46816672347305,0.0,0.0,1.0,3.929013079667063,3.929013079667063
-77.49615333888964,3069.6620021943054,-185.46816672347305,-72.35632183908074,3093.832569140717,-197.68114751317327,0.0,0.0,1.0,3.929013079667063,3.929013079667063
-72.35632183908074,3093.832569140717,-197.68114751317327,-67.21649033927184,3118.003136087129,-209.89412830287353,0.0,0.0,1.0,3.929013079667063,3.929013079667063
-62.694220224329335,3069.6620021943054,-211.10586692812777,-72.35632183908074,3093.832569140717,-197.68114751317327,0.0,0.0,1.0,3.929013079667063,3.929013079667063
-72.35632183908074,3093.832569140717,-197.68114751317327,-82.01842345383216,3118.003136087129,-184.2564280982188,0.0,0.0,1.0,3.929013079667063,3.929013079667063
-82.01842345383217,3118.003136087129,-184.25642809821878,-76.87859195402328,3142.1737030335407,-196.46940888791903,0.0,0.0,1.0,3.929013079667063,3.929013079667063
-76.87859195402328,3142.1737030335407,-196.46940888791903,-71.73876045421439,3166.3442699799525,-208.68238967761926,0.0,0.0,1.0,3.929013079667063,3.929013079667063
-67.21649033927186,3118.003136087129,-209.8941283028735,-76.87859195402328,3142.1737030335407,-196.46940888791903,0.0,0.0,1.0,3.929013079667063,3.929013079667063
-76.87859195402328,3142.1737030335407,-196.46940888791903,-86.5406935687747,3166.3442699799525,-183.04468947296454,0.0,0.0,1.0,3.929013079667063,3.929013079667063
-86.5406935687747,3166.344269979953,-183.04468947296454,-81.40086206896581,3190.5148369263648,-195.25767026266476,0.0,0.0,1.0,3.929013079667063,3.929013079667063
-81.40086206896581,3190.5148369263648,-195.25767026266476,-76.26103056915692,3214.6854038727765,-207.47065105236499,0.0,0.0,1.0,3.929013079667063,3.929013079667063
-71.73876045421439,3166.344269979953,-208.68238967761926,-81.40086206896581,3190.5148369263648,-195.25767026266476,0.0,0.0,1.0,3.929013079667063,3.929013079667063
-81.40086206896581,3190.5148369263648,-195.25767026266476,-91.06296368371723,3214.6854038727765,-181.83295084771026,0.0,0.0,1.0,3.929013079667063,3.929013079667063
-91.06296368371724,3214.6854038727765,-181.83295084771026,-85.92313218390835,3238.8559708191883,-194.0459316374105,0.0,0.0,1.0,3.929013079667063,3.929013079667063
-85.92313218390835,3238.8559708191883,-194.0459316374105,-80.78330068409944,3263.0265377656,-206.25891242711074,0.0,0.0,1.0,3.929013079667063,3.929013079667063
-76.26103056915693,3214.6854038727765,-207.47065105236499,-85.92313218390835,3238.8559708191883,-194.0459316374105,0.0,0.0,1.0,3.929013079667063,3.929013079667063
-85.92313218390835,3238.8559708191883,-194.0459316374105,-95.58523379865976,3263.0265377656,-180.62121222245602,0.0,0.0,1.0,3.929013079667063,3.929013079667063
-95.58523379865976,3263.0265377656,-180.62121222245602,-90.44540229885087,3287.197104712012,-192.83419301215625,0.0,0.0,1.0,3.929013079667063,3.929013079667063
-90.44540229885087,3287.197104712012,-192.83419301215625,-85.30557079904197,3311.3676716584237,-205.04717380185647,0.0,0.0,1.0,3.929013079667063,3.929013079667063
-80.78330068409944,3263.0265377656,-206.25891242711074,-90.44540229885087,3287.197104712012,-192.83419301215625,0.0,0.0,1.0,3.929013079667063,3.929013079667063
-90.44540229885087,3287.197104712012,-192.83419301215625,-100.10750391360229,3311.3676716584237,-179.40947359720175,0.0,0.0,1.0,3.929013079667063,3.929013079667063
-100.1075039136023,3311.367671658424,-179.40947359720175,-94.96767241379341,3335.538238604836,-191.62245438690198,0.0,0.0,1.0,3.929013079667063,3.929013079667063
-94.96767241379341,3335.538238604836,-191.62245438690198,-89.8278409139845,3359.7088055512477,-203.83543517660223,0.0,0.0,1.0,3.929013079667063,3.929013079667063
-85.30557079904199,3311.367671658424,-205.04717380185647,-94.96767241379341,3335.538238604836,-191.62245438690198,0.0,0.0,1.0,3.929013079667063,3.929013079667063
-94.96767241379341,3335.538238604836,-191.62245438690198,-104.62977402854482,3359.7088055512477,-178.1977349719475,0.0,0.0,1.0,3.929013079667063,3.929013079667063
-104.62977402854483,3359.7088055512477,-178.1977349719475,-99.48994252873592,3383.8793724976595,-190.41071576164774,0.0,0.0,1.0,3.929013079667063,3.929013079667063
-99.48994252873592,3383.8793724976595,-190.41071576164774,-94.35011102892705,3408.0499394440712,-202.62369655134796,0.0,0.0,1.0,3.929013079667063,3.929013079667063
-89.82784091398452,3359.7088055512477,-203.83543517660223,-99.48994252873592,3383.8793724976595,-190.41071576164774,0.0,0.0,1.0,3.929013079667063,3.929013079667063
-99.48994252873592,3383.8793724976595,-190.41071576164774,-109.15204414348736,3408.0499394440712,-176.98599634669324,0.0,0.0,1.0,3.929013079667063,3.929013079667063
-109.15204414348733,3408.0499394440712,-176.98599634669324,-104.01221264367845,3432.220506390483,-189.19897713639347,0.0,0.0,1.0,3.929013079667063,3.929013079667063
-104.01221264367845,3432.220506390483,-189.19897713639347,-98.87238114386956,3456.391073336895,-201.41195792609372,0.0,0.0,1.0,3.929013079667063,3.929013079667063
-94.35011102892702,3408.0499394440712,-202.62369655134796,-104.01221264367845,3432.220506390483,-189.19897713639347,0.0,0.0,1.0,3.929013079667063,3.929013079667063
-104.01221264367845,3432.220506390483,-189.19897713639347,-113.67431425842987,3456.391073336895,-175.774257721439,0.0,0.0,1.0,3.929013079667063,3.929013079667063
-108.534482758621,3480.5616402833066,-187.98723851113922,-98.87238114386956,3456.391073336895,-201.41195792609372,0.0,0.0,1.0,3.929013079667063,3.929013079667063
-14.184371729694183,2392.886127694773,-202.43250747703266,-17.276244246414635,2400.620709117625,-198.13659726424723,0.0,0.0,1.0,3.929013079667063,3.929013079667063
0.6175613848661214,2392.886127694773,-228.07020768168738,2.262307464804964,2400.620709117625,-231.97836153439144,0.0,0.0,1.0,3.929013079667063,3.929013079667063
-18.706641844636714,2441.2272615875972,-201.2207688517784,-21.79851436135717,2448.961843010449,-196.92485863899296,0.0,0.0,1.0,3.929013079667063,3.929013079667063
-3.9047087300764103,2441.2272615875972,-226.8584690564331,-2.2599626501375703,2448.961843010449,-230.76662290913717,0.0,0.0,1.0,3.929013079667063,3.929013079667063
-23.228911959579246,2489.568395480421,-200.00903022652415,-26.3207844762997,2497.302976903273,-195.71312001373872,0.0,0.0,1.0,3.929013079667063,3.929013079667063
-8.42697884501894,2489.568395480421,-225.64673043117887,-6.782232765080101,2497.302976903273,-229.55488428388293,0.0,0.0,1.0,3.929013079667063,3.929013079667063
-27.751182074521775,2537.9095293732444,-198.79729160126988,-30.84305459124223,2545.6441107960964,-194.50138138848445,0.0,0.0,1.0,3.929013079667063,3.929013079667063
-12.94924895996147,2537.9095293732444,-224.4349918059246,-11.30450288002263,2545.6441107960964,-228.34314565862866,0.0,0.0,1.0,3.929013079667063,3.929013079667063
-32.27345218946431,2586.2506632660684,-197.5855529760156,-35.365324706184765,2593.98524468892,-193.2896427632302,0.0,0.0,1.0,3.929013079667063,3.929013079667063
-17.471519074904002,2586.2506632660684,-223.22325318067033,-15.826772994965163,2593.98524468892,-227.13140703337442,0.0,0.0,1.0,3.929013079667063,3.929013079667063
-36.795722304406844,2634.591797158892,-196.37381435076136,-39.887594821127294,2642.326378581744,-192.07790413797593,0.0,0.0,1.0,3.929013079667063,3.929013079667063
-21.993789189846538,2634.591797158892,-222.01151455541608,-20.349043109907697,2642.326378581744,-225.91966840812015,0.0,0.0,1.0,3.929013079667063,3.929013079667063
-41.31799241934938,2682.9329310517155,-195.1620757255071,-44.40986493606983,2690.6675124745675,-190.86616551272166,0.0,0.0,1.0,3.929013079667063,3.929013079667063
-26.516059304789078,2682.9329310517155,-220.79977593016181,-24.871313224850233,2690.6675124745675,-224.70792978286588,0.0,0.0,1.0,3.929013079667063,3.929013079667063
-45.8402625342919,2731.2740649445395,-193.95033710025285,-48.93213505101236,2739.008646367391,-189.65442688746742,0.0,0.0,1.0,3.929013079667063,3.929013079667063
-31.0383294197316,2731.2740649445395,-219.58803730490757,-29.393583339792762,2739.008646367391,-223.49619115761163,0.0,0.0,1.0,3.929013079667063,3.929013079667063
-50.36253264923444,2779.615198837363,-192.73859847499858,-53.45440516595489,2787.349780260215,-188.44268826221315,0.0,0.0,1.0,3.929013079667063,3.929013079667063
-35.56059953467414,2779.615198837363,-218.3762986796533,-33.91585345473529,2787.349780260215,-222.28445253235736,0.0,0.0,1.0,3.929013079667063,3.929013079667063
-54.884802764176975,2827.9563327301867,-191.52685984974434,-57.976675280897425,2835.6909141530386,-187.2309496369589,0.0,0.0,1.0,3.929013079667063,3.929013079667063
-40.082869649616676,2827.9563327301867,-217.16456005439906,-38.43812356967783,2835.6909141530386,-221.07271390710312,0.0,0.0,1.0,3.929013079667063,3.929013079667063
-59.407072879119504,2876.2974666230107,-190.31512122449007,-62.49894539583996,2884.032048045862,-186.01921101170464,0.0,0.0,1.0,3.929013079667063,3.929013079667063
-44.605139764559205,2876.2974666230107,-215.9528214291448,-42.960393684620364,2884.032048045862,-219.86097528184885,0.0,0.0,1.0,3.929013079667063,3.929013079667063
-63.92934299406203,2924.6386005158342,-189.10338259923583,-67.02121551078248,2932.373181938686,-184.8074723864504,0.0,0.0,1.0,3.929013079667063,3.929013079667063
-49.127409879501734,2924.6386005158342,-214.74108280389055,-47.482663799562886,2932.373181938686,-218.6492366565946,0.0,0.0,1.0,3.929013079667063,3.929013079667063
-68.45161310900457,2972.979734408658,-187.89164397398156,-71.54348562572503,2980.71431583151,-183.59573376119613,0.0,0.0,1.0,3.929013079667063,3.929013079667063
-53.64967999444426,2972.979734408658,-213.52934417863628,-52.00493391450542,2980.71431583151,-217.43749803134034,0.0,0.0,1.0,3.929013079667063,3.929013079667063
-72.9738832239471,3021.320868301482,-186.6799053487273,-76.06575574066756,3029.0554497243334,-182.3839951359419,0.0,0.0,1.0,3.929013079667063,3.929013079667063
-58.17195010938679,3021.320868301482,-212.317605553382,-56.52720402944795,3029.0554497243334,-216.2257594060861,0.0,0.0,1.0,3.929013079667063,3.929013079667063
-77.49615333888963,3069.6620021943054,-185.46816672347305,-80.58802585561008,3077.396583617157,-181.17225651068762,0.0,0.0,1.0,3.929013079667063,3.929013079667063
-62.69422022432932,3069.6620021943054,-211.10586692812777,-61.04947414439048,3077.396583617157,-215.01402078083183,0.0,0.0,1.0,3.929013079667063,3.929013079667063
-82.01842345383216,3118.003136087129,-184.2564280982188,-85.11029597055261,3125.737717509981,-179.96051788543338,0.0,0.0,1.0,3.929013079667063,3.929013079667063
-67.21649033927184,3118.003136087129,-209.89412830287353,-65.571744259333,3125.737717509981,-213.8022821555776,0.0,0.0,1.0,3.929013079667063,3.929013079667063
-86.5406935687747,3166.3442699799525,-183.04468947296454,-89.63256608549514,3174.0788514028045,-178.7487792601791,0.0,0.0,1.0,3.929013079667063,3.929013079667063
-71.73876045421439,3166.3442699799525,-208.68238967761926,-70.09401437427553,3174.0788514028045,-212.59054353032332,0.0,0.0,1.0,3.929013079667063,3.929013079667063
-91.06296368371723,3214.6854038727765,-181.83295084771026,-94.15483620043769,3222.419985295628,-177.53704063492484,0.0,0.0,1.0,3.929013079667063,3.929013079667063
-76.26103056915692,3214.6854038727765,-207.47065105236499,-74.61628448921807,3222.419985295628,-211.37880490506905,0.0,0.0,1.0,3.929013079667063,3.929013079667063
-95.58523379865976,3263.0265377656,-180.62121222245602,-98.67710631538021,3270.761119188452,-176.3253020096706,0.0,0.0,1.0,3.929013079667063,3.929013079667063
-80.78330068409944,3263.0265377656,-206.25891242711074,-79.1385546041606,3270.761119188452,-210.1670662798148,0.0,0.0,1.0,3.929013079667063,3.929013079667063
-100.10750391360229,3311.3676716584237,-179.40947359720175,-103.19937643032274,3319.1022530812756,-175.11356338441632,0.0,0.0,1.0,3.929013079667063,3.929013079667063
-85.30557079904197,3311.3676716584237,-205.04717380185647,-83.66082471910313,3319.1022530812756,-208.95532765456053,0.0,0.0,1.0,3.929013079667063,3.929013079667063
-104.62977402854482,3359.7088055512477,-178.1977349719475,-107.72164654526526,3367.443386974099,-173.90182475916208,0.0,0.0,1.0,3.929013079667063,3.929013079667063
-89.8278409139845,3359.7088055512477,-203.83543517660223,-88.18309483404565,3367.443386974099,-207.7435890293063,0.0,0.0,1.0,3.929013079667063,3.929013079667063
-109.15204414348736,3408.0499394440712,-176.98599634669324,-112.24391666020782,3415.7845208669232,-172.6900861339078,0.0,0.0,1.0,3.929013079667063,3.929013079667063
-94.35011102892705,3408.0499394440712,-202.62369655134796,-92.7053649489882,3415.7845208669232,-206.53185040405202,0.0,0.0,1.0,3.929013079667063,3.929013079667063
-113.67431425842987,3456.391073336895,-175.774257721439,-116.76618677515033,3464.125654759747,-171.47834750865357,0.0,0.0,1.0,3.929013079667063,3.929013079667063
-98.87238114386956,3456.391073336895,-201.41195792609372,-97.22763506393072,3464.125654759747,-205.32011177879778,0.0,0.0,1.0,3.929013079667063,3.929013079667063
-108.534482758621,3480.5616402833066,-187.98723851113922,-113.67431425842987,3456.391073336895,-175.774257721439,0.0,0.0,1.0,3.929013079667063,3.929013079667063
-1.6207495870773174e-13,2320.374426855538,-151.20689655172413,-11.326034651034586,2344.5449938019497,-143.33640001950965,0.0,0.0,1.0,3.929013079667063,3.929013079667063
-7.274898678099901,2353.172020949085,-166.851396777202,-10.32509628919252,2364.811081560149,-153.6235993395502,-0.6900981947236448,0.0,-0.7237157464358271,3.929013079667063,3.929013079667063
-10.32509628919252,2364.811081560149,-153.6235993395502,-13.37529390028514,2376.4501421712134,-140.3958019018984,-0.6900981947236448,0.0,-0.7237157464358271,3.929013079667063,3.929013079667063
-14.950365739365605,2352.2795752248016,-140.817841129201,-10.32509628919252,2364.811081560149,-153.6235993395502,-0.6900981947236448,0.0,-0.7237157464358271,3.929013079667063,3.929013079667063
-10.32509628919252,2364.811081560149,-153.6235993395502,-5.699826839019437,2377.3425878954968,-166.4293575498994,-0.6900981947236448,0.0,-0.7237157464358271,3.929013079667063,3.929013079667063
-5.699826839019437,2377.3425878954968,-166.4293575498994,-8.750024450112058,2388.9816485065608,-153.2015601122476,-0.6900981947236448,0.0,-0.7237157464358271,3.929013079667063,3.929013079667063
-8.750024450112058,2388.9816485065608,-153.2015601122476,-11.800222061204675,2400.620709117625,-139.9737626745958,-0.6900981947236448,0.0,-0.7237157464358271,3.929013079667063,3.929013079667063
-13.37529390028514,2376.4501421712134,-140.3958019018984,-8.750024450112058,2388.9816485065608,-153.2015601122476,-0.6900981947236448,0.0,-0.7237157464358271,3.929013079667063,3.929013079667063
-8.750024450112058,2388.9816485065608,-153.2015601122476,-4.124754999938973,2401.5131548419085,-166.0073183225968,-0.6900981947236448,0.0,-0.7237157464358271,3.929013079667063,3.929013079667063
-4.124754999938973,2401.5131548419085,-166.0073183225968,-7.1749526110315935,2413.1522154529725,-152.779520884945,-0.6900981947236448,0.0,-0.7237157464358271,3.929013079667063,3.929013079667063
-7.1749526110315935,2413.1522154529725,-152.779520884945,-10.225150222124212,2424.791276064037,-139.5517234472932,-0.6900981947236448,0.0,-0.7237157464358271,3.929013079667063,3.929013079667063
-11.800222061204675,2400.620709117625,-139.9737626745958,-7.1749526110315935,2413.1522154529725,-152.779520884945,-0.6900981947236448,0.0,-0.7237157464358271,3.929013079667063,3.929013079667063
-7.1749526110315935,2413.1522154529725,-152.779520884945,-2.5496831608585087,2425.6837217883203,-165.5852790952942,-0.6900981947236448,0.0,-0.7237157464358271,3.929013079667063,3.929013079667063
-2.5496831608585104,2425.6837217883203,-165.5852790952942,-5.5998807719511285,2437.3227823993843,-152.35748165764235,-0.6900981947236448,0.0,-0.7237157464358271,3.929013079667063,3.929013079667063
-5.5998807719511285,2437.3227823993843,-152.35748165764235,-8.65007838304375,2448.961843010449,-139.12968421999057,-0.6900981947236448,0.0,-0.7237157464358271,3.929013079667063,3.929013079667063
-10.225150222124213,2424.791276064037,-139.5517234472932,-5.5998807719511285,2437.3227823993843,-152.35748165764235,-0.6900981947236448,0.0,-0.7237157464358271,3.929013079667063,3.929013079667063
-5.5998807719511285,2437.3227823993843,-152.35748165764235,-0.9746113217780472,2449.854288734732,-165.16323986799156,-0.6900981947236448,0.0,-0.7237157464358271,3.929013079667063,3.929013079667063
-0.9746113217780472,2449.854288734732,-165.16323986799156,-4.024808932870664,2461.4933493457966,-151.93544243033975,-0.6900981947236448,0.0,-0.7237157464358271,3.929013079667063,3.929013079667063
-4.024808932870664,2461.4933493457966,-151.93544243033975,-7.075006543963285,2473.132409956861,-138.70764499268796,-0.6900981947236448,0.0,-0.7237157464358271,3.929013079667063,3.929013079667063
-8.65007838304375,2448.961843010449,-139.12968421999057,-4.024808932870664,2461.4933493457966,-151.93544243033975,-0.6900981947236448,0.0,-0.7237157464358271,3.929013079667063,3.929013079667063
-4.024808932870664,2461.4933493457966,-151.93544243033975,0.6004605173024178,2474.0248556811443,-164.74120064068896,-0.6900981947236448,0.0,-0.7237157464358271,3.929013079667063,3.929013079667063
0.6004605173024178,2474.0248556811443,-164.74120064068896,-2.449737093790201,2485.6639162922083,-151.51340320303714,-0.6900981947236448,0.0,-0.7237157464358271,3.929013079667063,3.929013079667063
-2.449737093790201,2485.6639162922083,-151.51340320303714,-5.49993470488282,2497.302976903273,-138.28560576538536,-0.6900981947236448,0.0,-0.7237157464358271,3.929013079667063,3.929013079667063
-7.075006543963285,2473.132409956861,-138.70764499268796,-2.449737093790201,2485.6639162922083,-151.51340320303714,-0.6900981947236448,0.0,-0.7237157464358271,3.929013079667063,3.929013079667063
-2.449737093790201,2485.6639162922083,-151.51340320303714,2.175532356382883,2498.195422627556,-164.31916141338635,-0.6900981947236448,0.0,-0.7237157464358271,3.929013079667063,3.929013079667063
2.175532356382883,2498.195422627556,-164.31916141338635,-0.874665254709738,2509.83448323862,-151.09136397573454,-0.6900981947236448,0.0,-0.7237157464358271,3.929013079667063,3.929013079667063
-0.874665254709738,2509.83448323862,-151.09136397573454,-3.9248628658023588,2521.4735438496846,-137.86356653808275,-0.6900981947236448,0.0,-0.7237157464358271,3.929013079667063,3.929013079667063
-5.49993470488282,2497.302976903273,-138.28560576538536,-0.874665254709738,2509.83448323862,-151.09136397573454,-0.6900981947236448,0.0,-0.7237157464358271,3.929013079667063,3.929013079667063
-0.874665254709738,2509.83448323862,-151.09136397573454,3.7506041954633442,2522.365989573968,-163.89712218608375,-0.6900981947236448,0.0,-0.7237157464358271,3.929013079667063,3.929013079667063
3.750604195463346,2522.365989573968,-163.89712218608372,0.7004065843707252,2534.005050185032,-150.6693247484319,-0.6900981947236448,0.0,-0.7237157464358271,3.929013079667063,3.929013079667063
0.7004065843707252,2534.005050185032,-150.6693247484319,-2.3497910267218938,2545.6441107960964,-137.44152731078012,-0.6900981947236448,0.0,-0.7237157464358271,3.929013079667063,3.929013079667063
-3.924862865802357,2521.4735438496846,-137.86356653808272,0.7004065843707252,2534.005050185032,-150.6693247484319,-0.6900981947236448,0.0,-0.7237157464358271,3.929013079667063,3.929013079667063
0.7004065843707252,2534.005050185032,-150.6693247484319,5.325676034543809,2546.5365565203797,-163.47508295878112,-0.6900981947236448,0.0,-0.7237157464358271,3.929013079667063,3.929013079667063
5.325676034543811,2546.5365565203797,-163.47508295878112,2.2754784234511902,2558.1756171314437,-150.2472855211293,-0.6900981947236448,0.0,-0.7237157464358271,3.929013079667063,3.929013079667063
2.2754784234511902,2558.1756171314437,-150.2472855211293,-0.7747191876414306,2569.814677742508,-137.0194880834775,-0.6900981947236448,0.0,-0.7237157464358271,3.929013079667063,3.929013079667063
-2.349791026721892,2545.6441107960964,-137.44152731078012,2.2754784234511902,2558.1756171314437,-150.2472855211293,-0.6900981947236448,0.0,-0.7237157464358271,3.929013079667063,3.929013079667063
2.2754784234511902,2558.1756171314437,-150.2472855211293,6.900747873624272,2570.7071234667915,-163.0530437314785,-0.6900981947236448,0.0,-0.7237157464358271,3.929013079667063,3.929013079667063
6.900747873624272,2570.7071234667915,-163.0530437314785,3.8505502625316534,2582.3461840778555,-149.8252462938267,-0.6900981947236448,0.0,-0.7237157464358271,3.929013079667063,3.929013079667063
3.8505502625316534,2582.3461840778555,-149.8252462938267,0.8003526514390309,2593.98524468892,-136.5974488561749,-0.6900981947236448,0.0,-0.7237157464358271,3.929013079667063,3.929013079667063
-0.7747191876414306,2569.814677742508,-137.0194880834775,3.8505502625316534,2582.3461840778555,-149.8252462938267,-0.6900981947236448,0.0,-0.7237157464358271,3.929013079667063,3.929013079667063
3.8505502625316534,2582.3461840778555,-149.8252462938267,8.475819712704734,2594.8776904132033,-162.6310045041759,-0.6900981947236448,0.0,-0.7237157464358271,3.929013079667063,3.929013079667063
8.475819712704734,2594.8776904132033,-162.6310045041759,5.425622101612115,2606.5167510242677,-149.4032070665241,-0.6900981947236448,0.0,-0.7237157464358271,3.929013079667063,3.929013079667063
5.425622101612115,2606.5167510242677,-149.4032070665241,2.375424490519496,2618.155811635332,-136.17540962887227,-0.6900981947236448,0.0,-0.7237157464358271,3.929013079667063,3.929013079667063
0.8003526514390309,2593.98524468892,-136.5974488561749,5.425622101612115,2606.5167510242677,-149.4032070665241,-0.6900981947236448,0.0,-0.7237157464358271,3.929013079667063,3.929013079667063
5.425622101612115,2606.5167510242677,-149.4032070665241,10.050891551785199,2619.0482573596155,-162.20896527687327,-0.6900981947236448,0.0,-0.7237157464358271,3.929013079667063,3.929013079667063
10.050891551785199,2619.0482573596155,-162.20896527687327,7.000693940692576,2630.6873179706795,-148.98116783922146,-0.6900981947236448,0.0,-0.7237157464358271,3.929013079667063,3.929013079667063
7.000693940692576,2630.6873179706795,-148.98116783922146,3.9504963295999573,2642.326378581744,-135.75337040156967,-0.6900981947236448,0.0,-0.7237157464358271,3.929013079667063,3.929013079667063
2.375424490519496,2618.155811635332,-136.17540962887227,7.000693940692576,2630.6873179706795,-148.98116783922146,-0.6900981947236448,0.0,-0.7237157464358271,3.929013079667063,3.929013079667063
7.000693940692576,2630.6873179706795,-148.98116783922146,11.62596339086566,2643.2188243060273,-161.78692604957067,-0.6900981947236448,0.0,-0.7237157464358271,3.929013079667063,3.929013079667063
11.62596339086566,2643.2188243060273,-161.78692604957067,8.575765779773038,2654.8578849170913,-148.55912861191885,-0.6900981947236448,0.0,-0.7237157464358271,3.929013079667063,3.929013079667063
8.575765779773038,2654.8578849170913,-148.55912861191885,5.525568168680419,2666.4969455281557,-135.33133117426706,-0.6900981947236448,0.0,-0.7237157464358271,3.929013079667063,3.929013079667063
3.9504963295999573,2642.326378581744,-135.75337040156967,8.575765779773038,2654.8578849170913,-148.55912861191885,-0.6900981947236448,0.0,-0.7237157464358271,3.929013079667063,3.929013079667063
8.575765779773038,2654.8578849170913,-148.55912861191885,13.201035229946122,2667.389391252439,-161.36488682226806,-0.6900981947236448,0.0,-0.7237157464358271,3.929013079667063,3.929013079667063
13.201035229946122,2667.389391252439,-161.36488682226806,10.150837618853503,2679.028451863503,-148.13708938461625,-0.6900981947236448,0.0,-0.7237157464358271,3.929013079667063,3.929013079667063
10.150837618853503,2679.028451863503,-148.13708938461625,7.10064000776088,2690.6675124745675,-134.90929194696446,-0.6900981947236448,0.0,-0.7237157464358271,3.929013079667063,3.929013079667063
5.525568168680419,2666.4969455281557,-135.33133117426706,10.150837618853503,2679.028451863503,-148.13708938461625,-0.6900981947236448,0.0,-0.7237157464358271,3.929013079667063,3.929013079667063
10.150837618853503,2679.028451863503,-148.13708938461625,14.776107069026583,2691.559958198851,-160.94284759496546,-0.6900981947236448,0.0,-0.7237157464358271,3.929013079667063,3.929013079667063
14.776107069026583,2691.559958198851,-160.94284759496546,11.725909457933964,2703.199018809915,-147.71505015731364,-0.6900981947236448,0.0,-0.7237157464358271,3.929013079667063,3.929013079667063
11.725909457933964,2703.199018809915,-147.71505015731364,8.675711846841345,2714.8380794209793,-134.48725271966183,-0.6900981947236448,0.0,-0.7237157464358271,3.929013079667063,3.929013079667063
7.10064000776088,2690.6675124745675,-134.90929194696446,11.725909457933964,2703.199018809915,-147.71505015731364,-0.6900981947236448,0.0,-0.7237157464358271,3.929013079667063,3.929013079667063
11.725909457933964,2703.199018809915,-147.71505015731364,16.351178908107048,2715.7305251452626,-160.52080836766282,-0.6900981947236448,0.0,-0.7237157464358271,3.929013079667063,3.929013079667063
16.351178908107055,2715.730525145263,-160.52080836766282,13.300981297014433,2727.369585756327,-147.293010930011,-0.6900981947236448,0.0,-0.7237157464358271,3.929013079667063,3.929013079667063
13.300981297014433,2727.369585756327,-147.293010930011,10.250783685921814,2739.0086463673915,-134.06521349235922,-0.6900981947236448,0.0,-0.7237157464358271,3.929013079667063,3.929013079667063
8.675711846841352,2714.8380794209797,-134.48725271966183,13.300981297014433,2727.369585756327,-147.293010930011,-0.6900981947236448,0.0,-0.7237157464358271,3.929013079667063,3.929013079667063
13.300981297014433,2727.369585756327,-147.293010930011,17.926250747187517,2739.901092091675,-160.09876914036022,-0.6900981947236448,0.0,-0.7237157464358271,3.929013079667063,3.929013079667063
17.926250747187517,2739.901092091675,-160.09876914036022,14.876053136094894,2751.540152702739,-146.8709717027084,-0.6900981947236448,0.0,-0.7237157464358271,3.929013079667063,3.929013079667063
14.876053136094894,2751.540152702739,-146.8709717027084,11.825855525002275,2763.1792133138033,-133.64317426505662,-0.6900981947236448,0.0,-0.7237157464358271,3.929013079667063,3.929013079667063
10.250783685921814,2739.0086463673915,-134.06521349235922,14.876053136094894,2751.540152702739,-146.8709717027084,-0.6900981947236448,0.0,-0.7237157464358271,3.929013079667063,3.929013079667063
14.876053136094894,2751.540152702739,-146.8709717027084,19.501322586267978,2764.0716590380866,-159.6767299130576,-0.6900981947236448,0.0,-0.7237157464358271,3.929013079667063,3.929013079667063
19.501322586267978,2764.0716590380866,-159.6767299130576,16.45112497517536,2775.7107196491506,-146.4489324754058,-0.6900981947236448,0.0,-0.7237157464358271,3.929013079667063,3.929013079667063
16.45112497517536,2775.7107196491506,-146.4489324754058,13.400927364082737,2787.349780260215,-133.221135037754,-0.6900981947236448,0.0,-0.7237157464358271,3.929013079667063,3.929013079667063
11.825855525002275,2763.1792133138033,-133.64317426505662,16.45112497517536,2775.7107196491506,-146.4489324754058,-0.6900981947236448,0.0,-0.7237157464358271,3.929013079667063,3.929013079667063
16.45112497517536,2775.7107196491506,-146.4489324754058,21.07639442534844,2788.2422259844984,-159.254690685755,-0.6900981947236448,0.0,-0.7237157464358271,3.929013079667063,3.929013079667063
21.07639442534844,2788.2422259844984,-159.254690685755,18.02619681425582,2799.8812865955624,-146.0268932481032,-0.6900981947236448,0.0,-0.7237157464358271,3.929013079667063,3.929013079667063
18.02619681425582,2799.8812865955624,-146.0268932481032,14.975999203163202,2811.520347206627,-132.79909581045138,-0.6900981947236448,0.0,-0.7237157464358271,3.929013079667063,3.929013079667063
13.400927364082737,2787.349780260215,-133.221135037754,18.02619681425582,2799.8812865955624,-146.0268932481032,-0.6900981947236448,0.0,-0.7237157464358271,3.929013079667063,3.929013079667063
18.02619681425582,2799.8812865955624,-146.0268932481032,22.651466264428905,2812.41279293091,-158.83265145845237,-0.6900981947236448,0.0,-0.7237157464358271,3.929013079667063,3.929013079667063
22.651466264428905,2812.41279293091,-158.83265145845237,19.601268653336284,2824.051853541974,-145.60485402080056,-0.6900981947236448,0.0,-0.7237157464358271,3.929013079667063,3.929013079667063
19.601268653336284,2824.051853541974,-145.60485402080056,16.55107104224366,2835.6909141530386,-132.37705658314877,-0.6900981947236448,0.0,-0.7237157464358271,3.929013079667063,3.929013079667063
14.975999203163202,2811.520347206627,-132.79909581045138,19.601268653336284,2824.051853541974,-145.60485402080056,-0.6900981947236448,0.0,-0.7237157464358271,3.929013079667063,3.929013079667063
19.601268653336284,2824.051853541974,-145.60485402080056,24.226538103509363,2836.583359877322,-158.41061223114977,-0.6900981947236448,0.0,-0.7237157464358271,3.929013079667063,3.929013079667063
24.22653810350937,2836.583359877322,-158.41061223114977,21.17634049241675,2848.222420488386,-145.18281479349795,-0.6900981947236448,0.0,-0.7237157464358271,3.929013079667063,3.929013079667063
21.17634049241675,2848.222420488386,-145.18281479349795,18.12614288132413,2859.8614810994504,-131.95501735584617,-0.6900981947236448,0.0,-0.7237157464358271,3.929013079667063,3.929013079667063
16.551071042243667,2835.6909141530386,-132.37705658314877,21.17634049241675,2848.222420488386,-145.18281479349795,-0.6900981947236448,0.0,-0.7237157464358271,3.929013079667063,3.929013079667063
21.17634049241675,2848.222420488386,-145.18281479349795,25.801609942589835,2860.7539268237338,-157.98857300384716,-0.6900981947236448,0.0,-0.7237157464358271,3.929013079667063,3.929013079667063
25.801609942589835,2860.7539268237338,-157.98857300384716,22.751412331497214,2872.3929874347978,-144.76077556619535,-0.6900981947236448,0.0,-0.7237157464358271,3.929013079667063,3.929013079667063
22.751412331497214,2872.3929874347978,-144.76077556619535,19.701214720404597,2884.0320480458627,-131.53297812854356,-0.6900981947236448,0.0,-0.7237157464358271,3.929013079667063,3.929013079667063
18.12614288132413,2859.8614810994504,-131.95501735584617,22.751412331497214,2872.3929874347978,-144.76077556619535,-0.6900981947236448,0.0,-0.7237157464358271,3.929013079667063,3.929013079667063
22.751412331497214,2872.3929874347978,-144.76077556619535,27.3766817816703,2884.924493770146,-157.56653377654456,-0.6900981947236448,0.0,-0.7237157464358271,3.929013079667063,3.929013079667063
27.3766817816703,2884.924493770146,-157.56653377654456,24.32648417057768,2896.56355438121,-144.33873633889274,-0.6900981947236448,0.0,-0.7237157464358271,3.929013079667063,3.929013079667063
24.32648417057768,2896.56355438121,-144.33873633889274,21.276286559485055,2908.2026149922744,-131.11093890124093,-0.6900981947236448,0.0,-0.7237157464358271,3.929013079667063,3.929013079667063
19.701214720404597,2884.0320480458627,-131.53297812854356,24.32648417057768,2896.56355438121,-144.33873633889274,-0.6900981947236448,0.0,-0.7237157464358271,3.929013079667063,3.929013079667063
24.32648417057768,2896.56355438121,-144.33873633889274,28.951753620750758,2909.095060716558,-157.14449454924193,-0.6900981947236448,0.0,-0.7237157464358271,3.929013079667063,3.929013079667063
28.951753620750758,2909.095060716558,-157.14449454924193,25.901556009658137,2920.734121327622,-143.9166971115901,-0.6900981947236448,0.0,-0.7237157464358271,3.929013079667063,3.929013079667063
25.901556009658137,2920.734121327622,-143.9166971115901,22.85135839856552,2932.3731819386862,-130.68889967393832,-0.6900981947236448,0.0,-0.7237157464358271,3.929013079667063,3.929013079667063
21.276286559485055,2908.2026149922744,-131.11093890124093,25.901556009658137,2920.734121327622,-143.9166971115901,-0.6900981947236448,0.0,-0.7237157464358271,3.929013079667063,3.929013079667063
25.901556009658137,2920.734121327622,-143.9166971115901,30.526825459831223,2933.2656276629696,-156.72245532193932,-0.6900981947236448,0.0,-0.7237157464358271,3.929013079667063,3.929013079667063
30.526825459831223,2933.2656276629696,-156.72245532193932,27.4766278487386,2944.9046882740336,-143.4946578842875,-0.6900981947236448,0.0,-0.7237157464358271,3.929013079667063,3.929013079667063
27.4766278487386,2944.9046882740336,-143.4946578842875,24.426430237645985,2956.543748885098,-130.26686044663572,-0.6900981947236448,0.0,-0.7237157464358271,3.929013079667063,3.929013079667063
22.85135839856552,2932.3731819386862,-130.68889967393832,27.4766278487386,2944.9046882740336,-143.4946578842875,-0.6900981947236448,0.0,-0.7237157464358271,3.929013079667063,3.929013079667063
27.4766278487386,2944.9046882740336,-143.4946578842875,32.10189729891169,2957.4361946093813,-156.30041609463672,-0.6900981947236448,0.0,-0.7237157464358271,3.929013079667063,3.929013079667063
32.101897298911695,2957.4361946093813,-156.30041609463672,29.051699687819067,2969.075255220446,-143.0726186569849,-0.6900981947236448,0.0,-0.7237157464358271,3.929013079667063,3.929013079667063
29.051699687819067,2969.075255220446,-143.0726186569849,26.00150207672645,2980.7143158315102,-129.8448212193331,-0.6900981947236448,0.0,-0.7237157464358271,3.929013079667063,3.929013079667063
24.42643023764599,2956.543748885098,-130.26686044663572,29.051699687819067,2969.075255220446,-143.0726186569849,-0.6900981947236448,0.0,-0.7237157464358271,3.929013079667063,3.929013079667063
29.051699687819067,2969.075255220446,-143.0726186569849,33.67696913799215,2981.6067615557936,-155.8783768673341,-0.6900981947236448,0.0,-0.7237157464358271,3.929013079667063,3.929013079667063
33.67696913799215,2981.6067615557936,-155.8783768673341,30.62677152689953,2993.2458221668576,-142.65057942968227,-0.6900981947236448,0.0,-0.7237157464358271,3.929013079667063,3.929013079667063
30.62677152689953,2993.2458221668576,-142.65057942968227,27.576573915806915,3004.884882777922,-129.42278199203048,-0.6900981947236448,0.0,-0.7237157464358271,3.929013079667063,3.929013079667063
26.00150207672645,2980.7143158315102,-129.8448212193331,30.62677152689953,2993.2458221668576,-142.65057942968227,-0.6900981947236448,0.0,-0.7237157464358271,3.929013079667063,3.929013079667063
30.62677152689953,2993.2458221668576,-142.65057942968227,35.25204097707262,3005.7773285022054,-155.45633764003148,-0.6900981947236448,0.0,-0.7237157464358271,3.929013079667063,3.929013079667063
35.25204097707262,3005.7773285022054,-155.45633764003148,32.20184336598,3017.4163891132694,-142.22854020237966,-0.6900981947236448,0.0,-0.7237157464358271,3.929013079667063,3.929013079667063
32.20184336598,3017.4163891132694,-142.22854020237966,29.151645754887372,3029.055449724334,-129.00074276472787,-0.6900981947236448,0.0,-0.7237157464358271,3.929013079667063,3.929013079667063
27.576573915806915,3004.884882777922,-129.42278199203048,32.20184336598,3017.4163891132694,-142.22854020237966,-0.6900981947236448,0.0,-0.7237157464358271,3.929013079667063,3.929013079667063
32.20184336598,3017.4163891132694,-142.22854020237966,36.827112816153075,3029.947895448617,-155.03429841272887,-0.6900981947236448,0.0,-0.7237157464358271,3.929013079667063,3.929013079667063
36.827112816153075,3029.947895448617,-155.03429841272887,33.776915205060455,3041.586956059681,-141.80650097507706,-0.6900981947236448,0.0,-0.7237157464358271,3.929013079667063,3.929013079667063
33.776915205060455,3041.586956059681,-141.80650097507706,30.726717593967837,3053.2260166707456,-128.57870353742527,-0.6900981947236448,0.0,-0.7237157464358271,3.929013079667063,3.929013079667063
29.151645754887372,3029.055449724334,-129.00074276472787,33.776915205060455,3041.586956059681,-141.80650097507706,-0.6900981947236448,0.0,-0.7237157464358271,3.929013079667063,3.929013079667063
33.776915205060455,3041.586956059681,-141.80650097507706,38.40218465523354,3054.118462395029,-154.61225918542627,-0.6900981947236448,0.0,-0.7237157464358271,3.929013079667063,3.929013079667063
38.40218465523354,3054.118462395029,-154.61225918542627,35.35198704414092,3065.757523006093,-141.38446174777445,-0.6900981947236448,0.0,-0.7237157464358271,3.929013079667063,3.929013079667063
35.35198704414092,3065.757523006093,-141.38446174777445,32.3017894330483,3077.3965836171574,-128.15666431012266,-0.6900981947236448,0.0,-0.7237157464358271,3.929013079667063,3.929013079667063
30.726717593967837,3053.2260166707456,-128.57870353742527,35.35198704414092,3065.757523006093,-141.38446174777445,-0.6900981947236448,0.0,-0.7237157464358271,3.929013079667063,3.929013079667063
35.35198704414092,3065.757523006093,-141.38446174777445,39.977256494314005,3078.2890293414407,-154.19021995812366,-0.6900981947236448,0.0,-0.7237157464358271,3.929013079667063,3.929013079667063
39.97725649431401,3078.2890293414407,-154.19021995812363,36.92705888322139,3089.9280899525047,-140.96242252047182,-0.6900981947236448,0.0,-0.7237157464358271,3.929013079667063,3.929013079667063
36.92705888322139,3089.9280899525047,-140.96242252047182,33.876861272128764,3101.567150563569,-127.73462508282002,-0.6900981947236448,0.0,-0.7237157464358271,3.929013079667063,3.929013079667063
32.30178943304831,3077.3965836171574,-128.15666431012264,36.92705888322139,3089.9280899525047,-140.96242252047182,-0.6900981947236448,0.0,-0.7237157464358271,3.929013079667063,3.929013079667063
36.92705888322139,3089.9280899525047,-140.96242252047182,41.55232833339447,3102.4595962878525,-153.76818073082103,-0.6900981947236448,0.0,-0.7237157464358271,3.929013079667063,3.929013079667063
41.55232833339447,3102.4595962878525,-153.76818073082103,38.50213072230185,3114.0986568989165,-140.5403832931692,-0.6900981947236448,0.0,-0.7237157464358271,3.929013079667063,3.929013079667063
38.50213072230185,3114.0986568989165,-140.5403832931692,35.45193311120923,3125.737717509981,-127.31258585551741,-0.6900981947236448,0.0,-0.7237157464358271,3.929013079667063,3.929013079667063
33.876861272128764,3101.567150563569,-127.73462508282002,38.50213072230185,3114.0986568989165,-140.5403832931692,-0.6900981947236448,0.0,-0.7237157464358271,3.929013079667063,3.929013079667063
38.50213072230185,3114.0986568989165,-140.5403832931692,43.127400172474935,3126.6301632342643,-153.34614150351842,-0.6900981947236448,0.0,-0.7237157464358271,3.929013079667063,3.929013079667063
43.127400172474935,3126.6301632342643,-153.34614150351842,40.077202561382315,3138.2692238453283,-140.1183440658666,-0.6900981947236448,0.0,-0.7237157464358271,3.929013079667063,3.929013079667063
40.077202561382315,3138.2692238453283,-140.1183440658666,37.027004950289694,3149.908284456393,-126.8905466282148,-0.6900981947236448,0.0,-0.7237157464358271,3.929013079667063,3.929013079667063
35.45193311120923,3125.737717509981,-127.31258585551741,40.077202561382315,3138.2692238453283,-140.1183440658666,-0.6900981947236448,0.0,-0.7237157464358271,3.929013079667063,3.929013079667063
40.077202561382315,3138.2692238453283,-140.1183440658666,44.7024720115554,3150.8007301806765,-152.92410227621582,-0.6900981947236448,0.0,-0.7237157464358271,3.929013079667063,3.929013079667063
44.7024720115554,3150.8007301806765,-152.92410227621582,41.65227440046277,3162.4397907917405,-139.696304838564,-0.6900981947236448,0.0,-0.7237157464358271,3.929013079667063,3.929013079667063
41.65227440046277,3162.4397907917405,-139.696304838564,38.60207678937016,3174.078851402805,-126.4685074009122,-0.6900981947236448,0.0,-0.7237157464358271,3.929013079667063,3.929013079667063
37.027004950289694,3149.908284456393,-126.8905466282148,41.65227440046277,3162.4397907917405,-139.696304838564,-0.6900981947236448,0.0,-0.7237157464358271,3.929013079667063,3.929013079667063
41.65227440046277,3162.4397907917405,-139.696304838564,46.27754385063586,3174.9712971270883,-152.50206304891321,-0.6900981947236448,0.0,-0.7237157464358271,3.929013079667063,3.929013079667063
46.27754385063586,3174.9712971270883,-152.50206304891321,43.22734623954324,3186.6103577381523,-139.27426561126137,-0.6900981947236448,0.0,-0.7237157464358271,3.929013079667063,3.929013079667063
43.22734623954324,3186.6103577381523,-139.27426561126137,40.177148628450624,3198.2494183492167,-126.04646817360957,-0.6900981947236448,0.0,-0.7237157464358271,3.929013079667063,3.929013079667063
38.60207678937016,3174.078851402805,-126.4685074009122,43.22734623954324,3186.6103577381523,-139.27426561126137,-0.6900981947236448,0.0,-0.7237157464358271,3.929013079667063,3.929013079667063
43.22734623954324,3186.6103577381523,-139.27426561126137,47.85261568971632,3199.1418640735,-152.08002382161058,-0.6900981947236448,0.0,-0.7237157464358271,3.929013079667063,3.929013079667063
47.85261568971633,3199.1418640735,-152.08002382161058,44.80241807862371,3210.780924684564,-138.85222638395877,-0.6900981947236448,0.0,-0.7237157464358271,3.929013079667063,3.929013079667063
44.80241807862371,3210.780924684564,-138.85222638395877,41.75222046753109,3222.4199852956285,-125.62442894630696,-0.6900981947236448,0.0,-0.7237157464358271,3.929013079667063,3.929013079667063
40.177148628450624,3198.2494183492167,-126.04646817360957,44.80241807862371,3210.780924684564,-138.85222638395877,-0.6900981947236448,0.0,-0.7237157464358271,3.929013079667063,3.929013079667063
44.80241807862371,3210.780924684564,-138.85222638395877,49.427687528796795,3223.312431019912,-151.65798459430798,-0.6900981947236448,0.0,-0.7237157464358271,3.929013079667063,3.929013079667063
49.427687528796795,3223.312431019912,-151.65798459430798,46.37748991770417,3234.9514916309763,-138.43018715665616,-0.6900981947236448,0.0,-0.7237157464358271,3.929013079667063,3.929013079667063
46.37748991770417,3234.9514916309763,-138.43018715665616,43.327292306611554,3246.5905522420408,-125.20238971900436,-0.6900981947236448,0.0,-0.7237157464358271,3.929013079667063,3.929013079667063
41.75222046753109,3222.4199852956285,-125.62442894630696,46.37748991770417,3234.9514916309763,-138.43018715665616,-0.6900981947236448,0.0,-0.7237157464358271,3.929013079667063,3.929013079667063
46.37748991770417,3234.9514916309763,-138.43018715665616,51.00275936787725,3247.482997966324,-151.23594536700537,-0.6900981947236448,0.0,-0.7237157464358271,3.929013079667063,3.929013079667063
51.00275936787725,3247.482997966324,-151.23594536700537,47.95256175678463,3259.122058577388,-138.00814792935356,-0.6900981947236448,0.0,-0.7237157464358271,3.929013079667063,3.929013079667063
47.95256175678463,3259.122058577388,-138.00814792935356,44.90236414569202,3270.7611191884525,-124.78035049170172,-0.6900981947236448,0.0,-0.7237157464358271,3.929013079667063,3.929013079667063
43.327292306611554,3246.5905522420408,-125.20238971900436,47.95256175678463,3259.122058577388,-138.00814792935356,-0.6900981947236448,0.0,-0.7237157464358271,3.929013079667063,3.929013079667063
47.95256175678463,3259.122058577388,-138.00814792935356,52.57783120695772,3271.653564912736,-150.81390613970274,-0.6900981947236448,0.0,-0.7237157464358271,3.929013079667063,3.929013079667063
52.57783120695772,3271.653564912736,-150.81390613970274,49.5276335958651,3283.2926255238,-137.58610870205092,-0.6900981947236448,0.0,-0.7237157464358271,3.929013079667063,3.929013079667063
49.5276335958651,3283.2926255238,-137.58610870205092,46.47743598477247,3294.9316861348643,-124.35831126439912,-0.6900981947236448,0.0,-0.7237157464358271,3.929013079667063,3.929013079667063
44.90236414569202,3270.7611191884525,-124.78035049170172,49.5276335958651,3283.2926255238,-137.58610870205092,-0.6900981947236448,0.0,-0.7237157464358271,3.929013079667063,3.929013079667063
49.5276335958651,3283.2926255238,-137.58610870205092,54.152903046038176,3295.8241318591477,-150.39186691240013,-0.6900981947236448,0.0,-0.7237157464358271,3.929013079667063,3.929013079667063
54.152903046038176,3295.8241318591477,-150.39186691240013,51.10270543494557,3307.4631924702117,-137.16406947474832,-0.6900981947236448,0.0,-0.7237157464358271,3.929013079667063,3.929013079667063
51.10270543494557,3307.4631924702117,-137.16406947474832,48.05250782385295,3319.102253081276,-123.93627203709651,-0.6900981947236448,0.0,-0.7237157464358271,3.929013079667063,3.929013079667063
46.47743598477247,3294.9316861348643,-124.35831126439912,51.10270543494557,3307.4631924702117,-137.16406947474832,-0.6900981947236448,0.0,-0.7237157464358271,3.929013079667063,3.929013079667063
51.10270543494557,3307.4631924702117,-137.16406947474832,55.727974885118655,3319.9946988055594,-149.96982768509753,-0.6900981947236448,0.0,-0.7237157464358271,3.929013079667063,3.929013079667063
55.727974885118655,3319.9946988055594,-149.96982768509753,52.677777274026035,3331.6337594166234,-136.7420302474457,-0.6900981947236448,0.0,-0.7237157464358271,3.929013079667063,3.929013079667063
52.677777274026035,3331.6337594166234,-136.7420302474457,49.627579662933414,3343.272820027688,-123.51423280979391,-0.6900981947236448,0.0,-0.7237157464358271,3.929013079667063,3.929013079667063
48.05250782385295,3319.102253081276,-123.93627203709651,52.677777274026035,3331.6337594166234,-136.7420302474457,-0.6900981947236448,0.0,-0.7237157464358271,3.929013079667063,3.929013079667063
52.677777274026035,3331.6337594166234,-136.7420302474457,57.30304672419912,3344.165265751971,-149.54778845779492,-0.6900981947236448,0.0,-0.7237157464358271,3.929013079667063,3.929013079667063
57.30304672419912,3344.165265751971,-149.54778845779492,54.2528491131065,3355.804326363035,-136.31999102014308,-0.6900981947236448,0.0,-0.7237157464358271,3.929013079667063,3.929013079667063
54.2528491131065,3355.804326363035,-136.31999102014308,51.20265150201388,3367.4433869740997,-123.0921935824913,-0.6900981947236448,0.0,-0.7237157464358271,3.929013079667063,3.929013079667063
49.627579662933414,3343.272820027688,-123.51423280979391,54.2528491131065,3355.804326363035,-136.31999102014308,-0.6900981947236448,0.0,-0.7237157464358271,3.929013079667063,3.929013079667063
54.2528491131065,3355.804326363035,-136.31999102014308,58.878118563279585,3368.335832698383,-149.12574923049232,-0.6900981947236448,0.0,-0.7237157464358271,3.929013079667063,3.929013079667063
58.878118563279585,3368.335832698383,-149.12574923049232,55.827920952186965,3379.974893309447,-135.89795179284047,-0.6900981947236448,0.0,-0.7237157464358271,3.929013079667063,3.929013079667063
55.827920952186965,3379.974893309447,-135.89795179284047,52.77772334109433,3391.6139539205114,-122.67015435518867,-0.6900981947236448,0.0,-0.7237157464358271,3.929013079667063,3.929013079667063
51.20265150201388,3367.4433869740997,-123.0921935824913,55.827920952186965,3379.974893309447,-135.89795179284047,-0.6900981947236448,0.0,-0.7237157464358271,3.929013079667063,3.929013079667063
55.827920952186965,3379.974893309447,-135.89795179284047,60.453190402360036,3392.506399644795,-148.70371000318968,-0.6900981947236448,0.0,-0.7237157464358271,3.929013079667063,3.929013079667063
60.453190402360036,3392.506399644795,-148.70371000318968,57.402992791267415,3404.145460255859,-135.47591256553787,-0.6900981947236448,0.0,-0.7237157464358271,3.929013079667063,3.929013079667063
57.402992791267415,3404.145460255859,-135.47591256553787,54.352795180174795,3415.7845208669232,-122.24811512788607,-0.6900981947236448,0.0,-0.7237157464358271,3.929013079667063,3.929013079667063
52.77772334109433,3391.6139539205114,-122.67015435518867,57.402992791267415,3404.145460255859,-135.47591256553787,-0.6900981947236448,0.0,-0.7237157464358271,3.929013079667063,3.929013079667063
57.402992791267415,3404.145460255859,-135.47591256553787,62.0282622414405,3416.6769665912066,-148.28167077588708,-0.6900981947236448,0.0,-0.7237157464358271,3.929013079667063,3.929013079667063
62.0282622414405,3416.6769665912066,-148.28167077588708,58.97806463034788,3428.3160272022706,-135.05387333823526,-0.6900981947236448,0.0,-0.7237157464358271,3.929013079667063,3.929013079667063
58.97806463034788,3428.3160272022706,-135.05387333823526,55.92786701925526,3439.9550878133355,-121.82607590058346,-0.6900981947236448,0.0,-0.7237157464358271,3.929013079667063,3.929013079667063
54.352795180174795,3415.7845208669232,-122.24811512788607,58.97806463034788,3428.3160272022706,-135.05387333823526,-0.6900981947236448,0.0,-0.7237157464358271,3.929013079667063,3.929013079667063
58.97806463034788,3428.3160272022706,-135.05387333823526,63.603334080520966,3440.847533537619,-147.85963154858447,-0.6900981947236448,0.0,-0.7237157464358271,3.929013079667063,3.929013079667063
63.603334080520966,3440.847533537619,-147.85963154858447,60.553136469428345,3452.486594148683,-134.63183411093266,-0.6900981947236448,0.0,-0.7237157464358271,3.929013079667063,3.929013079667063
60.553136469428345,3452.486594148683,-134.63183411093266,57.502938858335725,3464.1256547597472,-121.40403667328083,-0.6900981947236448,0.0,-0.7237157464358271,3.929013079667063,3.929013079667063
55.92786701925526,3439.9550878133355,-121.82607590058346,60.553136469428345,3452.486594148683,-134.63183411093266,-0.6900981947236448,0.0,-0.7237157464358271,3.929013079667063,3.929013079667063
60.553136469428345,3452.486594148683,-134.63183411093266,65.17840591960143,3465.0181004840306,-147.43759232128184,-0.6900981947236448,0.0,-0.7237157464358271,3.929013079667063,3.929013079667063
19.1085553945377,2352.2795752248016,-160.48176841416833,6.704364277759135,2364.811081560149,-163.45556298203388,0.6900981947236448,0.0,-0.7237157464358271,3.929013079667063,3.929013079667063
6.704364277759135,2364.811081560149,-163.45556298203388,-5.69982683901943,2377.3425878954968,-166.4293575498994,0.6900981947236448,0.0,-0.7237157464358271,3.929013079667063,3.929013079667063
-7.274898678099894,2353.172020949085,-166.851396777202,6.704364277759135,2364.811081560149,-163.45556298203388,0.6900981947236448,0.0,-0.7237157464358271,3.929013079667063,3.929013079667063
6.704364277759135,2364.811081560149,-163.45556298203388,20.683627233618164,2376.4501421712134,-160.05972918686572,0.6900981947236448,0.0,-0.7237157464358271,3.929013079667063,3.929013079667063
20.683627233618164,2376.4501421712134,-160.05972918686572,8.279436116839598,2388.9816485065608,-163.03352375473128,0.6900981947236448,0.0,-0.7237157464358271,3.929013079667063,3.929013079667063
8.279436116839598,2388.9816485065608,-163.03352375473128,-4.124754999938966,2401.5131548419085,-166.0073183225968,0.6900981947236448,0.0,-0.7237157464358271,3.929013079667063,3.929013079667063
-5.69982683901943,2377.3425878954968,-166.4293575498994,8.279436116839598,2388.9816485065608,-163.03352375473128,0.6900981947236448,0.0,-0.7237157464358271,3.929013079667063,3.929013079667063
8.279436116839598,2388.9816485065608,-163.03352375473128,22.25869907269863,2400.620709117625,-159.63768995956312,0.6900981947236448,0.0,-0.7237157464358271,3.929013079667063,3.929013079667063
22.25869907269863,2400.620709117625,-159.63768995956312,9.854507955920063,2413.1522154529725,-162.61148452742867,0.6900981947236448,0.0,-0.7237157464358271,3.929013079667063,3.929013079667063
9.854507955920063,2413.1522154529725,-162.61148452742867,-2.5496831608585016,2425.6837217883203,-165.5852790952942,0.6900981947236448,0.0,-0.7237157464358271,3.929013079667063,3.929013079667063
-4.124754999938966,2401.5131548419085,-166.0073183225968,9.854507955920063,2413.1522154529725,-162.61148452742867,0.6900981947236448,0.0,-0.7237157464358271,3.929013079667063,3.929013079667063
9.854507955920063,2413.1522154529725,-162.61148452742867,23.83377091177909,2424.791276064037,-159.2156507322605,0.6900981947236448,0.0,-0.7237157464358271,3.929013079667063,3.929013079667063
23.83377091177909,2424.791276064037,-159.2156507322605,11.429579795000528,2437.3227823993843,-162.18944530012604,0.6900981947236448,0.0,-0.7237157464358271,3.929013079667063,3.929013079667063
11.429579795000528,2437.3227823993843,-162.18944530012604,-0.9746113217780401,2449.854288734732,-165.16323986799156,0.6900981947236448,0.0,-0.7237157464358271,3.929013079667063,3.929013079667063
-2.5496831608585033,2425.6837217883203,-165.5852790952942,11.429579795000528,2437.3227823993843,-162.18944530012604,0.6900981947236448,0.0,-0.7237157464358271,3.929013079667063,3.929013079667063
11.429579795000528,2437.3227823993843,-162.18944530012604,25.408842750859556,2448.961843010449,-158.79361150495788,0.6900981947236448,0.0,-0.7237157464358271,3.929013079667063,3.929013079667063
25.408842750859556,2448.961843010449,-158.79361150495788,13.004651634080991,2461.4933493457966,-161.76740607282343,0.6900981947236448,0.0,-0.7237157464358271,3.929013079667063,3.929013079667063
13.004651634080991,2461.4933493457966,-161.76740607282343,0.6004605173024249,2474.0248556811443,-164.74120064068896,0.6900981947236448,0.0,-0.7237157464358271,3.929013079667063,3.929013079667063
-0.9746113217780401,2449.854288734732,-165.16323986799156,13.004651634080991,2461.4933493457966,-161.76740607282343,0.6900981947236448,0.0,-0.7237157464358271,3.929013079667063,3.929013079667063
13.004651634080991,2461.4933493457966,-161.76740607282343,26.98391458994002,2473.132409956861,-158.37157227765528,0.6900981947236448,0.0,-0.7237157464358271,3.929013079667063,3.929013079667063
26.98391458994002,2473.132409956861,-158.37157227765528,14.579723473161454,2485.6639162922083,-161.34536684552083,0.6900981947236448,0.0,-0.7237157464358271,3.929013079667063,3.929013079667063
14.579723473161454,2485.6639162922083,-161.34536684552083,2.17553235638289,2498.195422627556,-164.31916141338635,0.6900981947236448,0.0,-0.7237157464358271,3.929013079667063,3.929013079667063
0.6004605173024249,2474.0248556811443,-164.74120064068896,14.579723473161454,2485.6639162922083,-161.34536684552083,0.6900981947236448,0.0,-0.7237157464358271,3.929013079667063,3.929013079667063
14.579723473161454,2485.6639162922083,-161.34536684552083,28.558986429020486,2497.302976903273,-157.94953305035267,0.6900981947236448,0.0,-0.7237157464358271,3.929013079667063,3.929013079667063
28.558986429020486,2497.302976903273,-157.94953305035267,16.154795312241916,2509.83448323862,-160.92332761821822,0.6900981947236448,0.0,-0.7237157464358271,3.929013079667063,3.929013079667063
16.154795312241916,2509.83448323862,-160.92332761821822,3.7506041954633513,2522.365989573968,-163.89712218608375,0.6900981947236448,0.0,-0.7237157464358271,3.929013079667063,3.929013079667063
2.17553235638289,2498.195422627556,-164.31916141338635,16.154795312241916,2509.83448323862,-160.92332761821822,0.6900981947236448,0.0,-0.7237157464358271,3.929013079667063,3.929013079667063
16.154795312241916,2509.83448323862,-160.92332761821822,30.134058268100944,2521.4735438496846,-157.52749382305007,0.6900981947236448,0.0,-0.7237157464358271,3.929013079667063,3.929013079667063
30.134058268100947,2521.4735438496846,-157.52749382305004,17.72986715132238,2534.005050185032,-160.5012883909156,0.6900981947236448,0.0,-0.7237157464358271,3.929013079667063,3.929013079667063
17.72986715132238,2534.005050185032,-160.5012883909156,5.325676034543816,2546.5365565203797,-163.47508295878112,0.6900981947236448,0.0,-0.7237157464358271,3.929013079667063,3.929013079667063
3.750604195463353,2522.365989573968,-163.89712218608372,17.72986715132238,2534.005050185032,-160.5012883909156,0.6900981947236448,0.0,-0.7237157464358271,3.929013079667063,3.929013079667063
17.72986715132238,2534.005050185032,-160.5012883909156,31.70913010718141,2545.6441107960964,-157.10545459574743,0.6900981947236448,0.0,-0.7237157464358271,3.929013079667063,3.929013079667063
31.709130107181412,2545.6441107960964,-157.10545459574743,19.304938990402846,2558.1756171314437,-160.07924916361299,0.6900981947236448,0.0,-0.7237157464358271,3.929013079667063,3.929013079667063
19.304938990402846,2558.1756171314437,-160.07924916361299,6.9007478736242795,2570.7071234667915,-163.0530437314785,0.6900981947236448,0.0,-0.7237157464358271,3.929013079667063,3.929013079667063
5.325676034543818,2546.5365565203797,-163.47508295878112,19.304938990402846,2558.1756171314437,-160.07924916361299,0.6900981947236448,0.0,-0.7237157464358271,3.929013079667063,3.929013079667063
19.304938990402846,2558.1756171314437,-160.07924916361299,33.284201946261874,2569.814677742508,-156.68341536844483,0.6900981947236448,0.0,-0.7237157464358271,3.929013079667063,3.929013079667063
33.284201946261874,2569.814677742508,-156.68341536844483,20.88001082948331,2582.3461840778555,-159.65720993631038,0.6900981947236448,0.0,-0.7237157464358271,3.929013079667063,3.929013079667063
20.88001082948331,2582.3461840778555,-159.65720993631038,8.475819712704741,2594.8776904132033,-162.6310045041759,0.6900981947236448,0.0,-0.7237157464358271,3.929013079667063,3.929013079667063
6.9007478736242795,2570.7071234667915,-163.0530437314785,20.88001082948331,2582.3461840778555,-159.65720993631038,0.6900981947236448,0.0,-0.7237157464358271,3.929013079667063,3.929013079667063
20.88001082948331,2582.3461840778555,-159.65720993631038,34.85927378534234,2593.98524468892,-156.26137614114222,0.6900981947236448,0.0,-0.7237157464358271,3.929013079667063,3.929013079667063
34.85927378534234,2593.98524468892,-156.26137614114222,22.45508266856377,2606.5167510242677,-159.23517070900778,0.6900981947236448,0.0,-0.7237157464358271,3.929013079667063,3.929013079667063
22.45508266856377,2606.5167510242677,-159.23517070900778,10.050891551785206,2619.0482573596155,-162.20896527687327,0.6900981947236448,0.0,-0.7237157464358271,3.929013079667063,3.929013079667063
8.475819712704741,2594.8776904132033,-162.6310045041759,22.45508266856377,2606.5167510242677,-159.23517070900778,0.6900981947236448,0.0,-0.7237157464358271,3.929013079667063,3.929013079667063
22.45508266856377,2606.5167510242677,-159.23517070900778,36.434345624422804,2618.155811635332,-155.8393369138396,0.6900981947236448,0.0,-0.7237157464358271,3.929013079667063,3.929013079667063
36.434345624422804,2618.155811635332,-155.8393369138396,24.030154507644234,2630.6873179706795,-158.81313148170514,0.6900981947236448,0.0,-0.7237157464358271,3.929013079667063,3.929013079667063
24.030154507644234,2630.6873179706795,-158.81313148170514,11.625963390865667,2643.2188243060273,-161.78692604957067,0.6900981947236448,0.0,-0.7237157464358271,3.929013079667063,3.929013079667063
10.050891551785206,2619.0482573596155,-162.20896527687327,24.030154507644234,2630.6873179706795,-158.81313148170514,0.6900981947236448,0.0,-0.7237157464358271,3.929013079667063,3.929013079667063
24.030154507644234,2630.6873179706795,-158.81313148170514,38.00941746350326,2642.326378581744,-155.41729768653698,0.6900981947236448,0.0,-0.7237157464358271,3.929013079667063,3.929013079667063
38.00941746350326,2642.326378581744,-155.41729768653698,25.60522634672469,2654.8578849170913,-158.39109225440254,0.6900981947236448,0.0,-0.7237157464358271,3.929013079667063,3.929013079667063
25.60522634672469,2654.8578849170913,-158.39109225440254,13.201035229946129,2667.389391252439,-161.36488682226806,0.6900981947236448,0.0,-0.7237157464358271,3.929013079667063,3.929013079667063
11.625963390865667,2643.2188243060273,-161.78692604957067,25.60522634672469,2654.8578849170913,-158.39109225440254,0.6900981947236448,0.0,-0.7237157464358271,3.929013079667063,3.929013079667063
25.60522634672469,2654.8578849170913,-158.39109225440254,39.58448930258372,2666.4969455281557,-154.99525845923438,0.6900981947236448,0.0,-0.7237157464358271,3.929013079667063,3.929013079667063
39.58448930258372,2666.4969455281557,-154.99525845923438,27.180298185805157,2679.028451863503,-157.96905302709993,0.6900981947236448,0.0,-0.7237157464358271,3.929013079667063,3.929013079667063
27.180298185805157,2679.028451863503,-157.96905302709993,14.77610706902659,2691.559958198851,-160.94284759496546,0.6900981947236448,0.0,-0.7237157464358271,3.929013079667063,3.929013079667063
13.201035229946129,2667.389391252439,-161.36488682226806,27.180298185805157,2679.028451863503,-157.96905302709993,0.6900981947236448,0.0,-0.7237157464358271,3.929013079667063,3.929013079667063
27.180298185805157,2679.028451863503,-157.96905302709993,41.159561141664184,2690.6675124745675,-154.57321923193177,0.6900981947236448,0.0,-0.7237157464358271,3.929013079667063,3.929013079667063
41.159561141664184,2690.6675124745675,-154.57321923193177,28.75537002488562,2703.199018809915,-157.54701379979733,0.6900981947236448,0.0,-0.7237157464358271,3.929013079667063,3.929013079667063
28.75537002488562,2703.199018809915,-157.54701379979733,16.351178908107055,2715.7305251452626,-160.52080836766282,0.6900981947236448,0.0,-0.7237157464358271,3.929013079667063,3.929013079667063
14.77610706902659,2691.559958198851,-160.94284759496546,28.75537002488562,2703.199018809915,-157.54701379979733,0.6900981947236448,0.0,-0.7237157464358271,3.929013079667063,3.929013079667063
28.75537002488562,2703.199018809915,-157.54701379979733,42.73463298074465,2714.8380794209793,-154.15118000462914,0.6900981947236448,0.0,-0.7237157464358271,3.929013079667063,3.929013079667063
42.73463298074466,2714.8380794209797,-154.15118000462914,30.330441863966087,2727.369585756327,-157.1249745724947,0.6900981947236448,0.0,-0.7237157464358271,3.929013079667063,3.929013079667063
30.330441863966087,2727.369585756327,-157.1249745724947,17.926250747187524,2739.901092091675,-160.09876914036022,0.6900981947236448,0.0,-0.7237157464358271,3.929013079667063,3.929013079667063
16.351178908107062,2715.730525145263,-160.52080836766282,30.330441863966087,2727.369585756327,-157.1249745724947,0.6900981947236448,0.0,-0.7237157464358271,3.929013079667063,3.929013079667063
30.330441863966087,2727.369585756327,-157.1249745724947,44.309704819825114,2739.0086463673915,-153.72914077732653,0.6900981947236448,0.0,-0.7237157464358271,3.929013079667063,3.929013079667063
44.309704819825114,2739.0086463673915,-153.72914077732653,31.90551370304655,2751.540152702739,-156.7029353451921,0.6900981947236448,0.0,-0.7237157464358271,3.929013079667063,3.929013079667063
31.90551370304655,2751.540152702739,-156.7029353451921,19.501322586267985,2764.0716590380866,-159.6767299130576,0.6900981947236448,0.0,-0.7237157464358271,3.929013079667063,3.929013079667063
17.926250747187524,2739.901092091675,-160.09876914036022,31.90551370304655,2751.540152702739,-156.7029353451921,0.6900981947236448,0.0,-0.7237157464358271,3.929013079667063,3.929013079667063
31.90551370304655,2751.540152702739,-156.7029353451921,45.88477665890558,2763.1792133138033,-153.30710155002393,0.6900981947236448,0.0,-0.7237157464358271,3.929013079667063,3.929013079667063
45.88477665890558,2763.1792133138033,-153.30710155002393,33.48058554212702,2775.7107196491506,-156.28089611788948,0.6900981947236448,0.0,-0.7237157464358271,3.929013079667063,3.929013079667063
33.48058554212702,2775.7107196491506,-156.28089611788948,21.076394425348447,2788.2422259844984,-159.254690685755,0.6900981947236448,0.0,-0.7237157464358271,3.929013079667063,3.929013079667063
19.501322586267985,2764.0716590380866,-159.6767299130576,33.48058554212702,2775.7107196491506,-156.28089611788948,0.6900981947236448,0.0,-0.7237157464358271,3.929013079667063,3.929013079667063
33.48058554212702,2775.7107196491506,-156.28089611788948,47.459848497986044,2787.349780260215,-152.88506232272132,0.6900981947236448,0.0,-0.7237157464358271,3.929013079667063,3.929013079667063
47.459848497986044,2787.349780260215,-152.88506232272132,35.055657381207475,2799.8812865955624,-155.85885689058688,0.6900981947236448,0.0,-0.7237157464358271,3.929013079667063,3.929013079667063
35.055657381207475,2799.8812865955624,-155.85885689058688,22.65146626442891,2812.41279293091,-158.83265145845237,0.6900981947236448,0.0,-0.7237157464358271,3.929013079667063,3.929013079667063
21.076394425348447,2788.2422259844984,-159.254690685755,35.055657381207475,2799.8812865955624,-155.85885689058688,0.6900981947236448,0.0,-0.7237157464358271,3.929013079667063,3.929013079667063
35.055657381207475,2799.8812865955624,-155.85885689058688,49.03492033706651,2811.520347206627,-152.4630230954187,0.6900981947236448,0.0,-0.7237157464358271,3.929013079667063,3.929013079667063
49.03492033706651,2811.520347206627,-152.4630230954187,36.63072922028794,2824.051853541974,-155.43681766328424,0.6900981947236448,0.0,-0.7237157464358271,3.929013079667063,3.929013079667063
36.63072922028794,2824.051853541974,-155.43681766328424,24.22653810350937,2836.583359877322,-158.41061223114977,0.6900981947236448,0.0,-0.7237157464358271,3.929013079667063,3.929013079667063
22.65146626442891,2812.41279293091,-158.83265145845237,36.63072922028794,2824.051853541974,-155.43681766328424,0.6900981947236448,0.0,-0.7237157464358271,3.929013079667063,3.929013079667063
36.63072922028794,2824.051853541974,-155.43681766328424,50.60999217614696,2835.6909141530386,-152.0409838681161,0.6900981947236448,0.0,-0.7237157464358271,3.929013079667063,3.929013079667063
50.609992176146974,2835.6909141530386,-152.0409838681161,38.205801059368405,2848.222420488386,-155.01477843598164,0.6900981947236448,0.0,-0.7237157464358271,3.929013079667063,3.929013079667063
38.205801059368405,2848.222420488386,-155.01477843598164,25.80160994258984,2860.7539268237338,-157.98857300384716,0.6900981947236448,0.0,-0.7237157464358271,3.929013079667063,3.929013079667063
24.226538103509377,2836.583359877322,-158.41061223114977,38.205801059368405,2848.222420488386,-155.01477843598164,0.6900981947236448,0.0,-0.7237157464358271,3.929013079667063,3.929013079667063
38.205801059368405,2848.222420488386,-155.01477843598164,52.18506401522744,2859.8614810994504,-151.61894464081348,0.6900981947236448,0.0,-0.7237157464358271,3.929013079667063,3.929013079667063
52.18506401522744,2859.8614810994504,-151.61894464081348,39.78087289844887,2872.3929874347978,-154.59273920867903,0.6900981947236448,0.0,-0.7237157464358271,3.929013079667063,3.929013079667063
39.78087289844887,2872.3929874347978,-154.59273920867903,27.376681781670307,2884.924493770146,-157.56653377654456,0.6900981947236448,0.0,-0.7237157464358271,3.929013079667063,3.929013079667063
25.80160994258984,2860.7539268237338,-157.98857300384716,39.78087289844887,2872.3929874347978,-154.59273920867903,0.6900981947236448,0.0,-0.7237157464358271,3.929013079667063,3.929013079667063
39.78087289844887,2872.3929874347978,-154.59273920867903,53.760135854307904,2884.0320480458627,-151.19690541351088,0.6900981947236448,0.0,-0.7237157464358271,3.929013079667063,3.929013079667063
53.760135854307904,2884.0320480458627,-151.19690541351088,41.355944737529335,2896.56355438121,-154.17069998137643,0.6900981947236448,0.0,-0.7237157464358271,3.929013079667063,3.929013079667063
41.355944737529335,2896.56355438121,-154.17069998137643,28.951753620750765,2909.095060716558,-157.14449454924193,0.6900981947236448,0.0,-0.7237157464358271,3.929013079667063,3.929013079667063
27.376681781670307,2884.924493770146,-157.56653377654456,41.355944737529335,2896.56355438121,-154.17069998137643,0.6900981947236448,0.0,-0.7237157464358271,3.929013079667063,3.929013079667063
41.355944737529335,2896.56355438121,-154.17069998137643,55.335207693388355,2908.2026149922744,-150.77486618620824,0.6900981947236448,0.0,-0.7237157464358271,3.929013079667063,3.929013079667063
55.335207693388355,2908.2026149922744,-150.77486618620824,42.93101657660979,2920.734121327622,-153.7486607540738,0.6900981947236448,0.0,-0.7237157464358271,3.929013079667063,3.929013079667063
42.93101657660979,2920.734121327622,-153.7486607540738,30.52682545983123,2933.2656276629696,-156.72245532193932,0.6900981947236448,0.0,-0.7237157464358271,3.929013079667063,3.929013079667063
28.951753620750765,2909.095060716558,-157.14449454924193,42.93101657660979,2920.734121327622,-153.7486607540738,0.6900981947236448,0.0,-0.7237157464358271,3.929013079667063,3.929013079667063
42.93101657660979,2920.734121327622,-153.7486607540738,56.91027953246882,2932.3731819386862,-150.35282695890564,0.6900981947236448,0.0,-0.7237157464358271,3.929013079667063,3.929013079667063
56.91027953246882,2932.3731819386862,-150.35282695890564,44.50608841569026,2944.9046882740336,-153.3266215267712,0.6900981947236448,0.0,-0.7237157464358271,3.929013079667063,3.929013079667063
44.50608841569026,2944.9046882740336,-153.3266215267712,32.101897298911695,2957.4361946093813,-156.30041609463672,0.6900981947236448,0.0,-0.7237157464358271,3.929013079667063,3.929013079667063
30.52682545983123,2933.2656276629696,-156.72245532193932,44.50608841569026,2944.9046882740336,-153.3266215267712,0.6900981947236448,0.0,-0.7237157464358271,3.929013079667063,3.929013079667063
44.50608841569026,2944.9046882740336,-153.3266215267712,58.485351371549285,2956.543748885098,-149.93078773160303,0.6900981947236448,0.0,-0.7237157464358271,3.929013079667063,3.929013079667063
58.4853513715493,2956.543748885098,-149.93078773160303,46.08116025477072,2969.075255220446,-152.9045822994686,0.6900981947236448,0.0,-0.7237157464358271,3.929013079667063,3.929013079667063
46.08116025477072,2969.075255220446,-152.9045822994686,33.67696913799216,2981.6067615557936,-155.8783768673341,0.6900981947236448,0.0,-0.7237157464358271,3.929013079667063,3.929013079667063
32.1018972989117,2957.4361946093813,-156.30041609463672,46.08116025477072,2969.075255220446,-152.9045822994686,0.6900981947236448,0.0,-0.7237157464358271,3.929013079667063,3.929013079667063
46.08116025477072,2969.075255220446,-152.9045822994686,60.06042321062975,2980.7143158315102,-149.50874850430043,0.6900981947236448,0.0,-0.7237157464358271,3.929013079667063,3.929013079667063
60.06042321062975,2980.7143158315102,-149.50874850430043,47.65623209385119,2993.2458221668576,-152.48254307216595,0.6900981947236448,0.0,-0.7237157464358271,3.929013079667063,3.929013079667063
47.65623209385119,2993.2458221668576,-152.48254307216595,35.252040977072625,3005.7773285022054,-155.45633764003148,0.6900981947236448,0.0,-0.7237157464358271,3.929013079667063,3.929013079667063
33.67696913799216,2981.6067615557936,-155.8783768673341,47.65623209385119,2993.2458221668576,-152.48254307216595,0.6900981947236448,0.0,-0.7237157464358271,3.929013079667063,3.929013079667063
47.65623209385119,2993.2458221668576,-152.48254307216595,61.635495049710215,3004.884882777922,-149.0867092769978,0.6900981947236448,0.0,-0.7237157464358271,3.929013079667063,3.929013079667063
61.635495049710215,3004.884882777922,-149.0867092769978,49.23130393293165,3017.4163891132694,-152.06050384486335,0.6900981947236448,0.0,-0.7237157464358271,3.929013079667063,3.929013079667063
49.23130393293165,3017.4163891132694,-152.06050384486335,36.82711281615308,3029.947895448617,-155.03429841272887,0.6900981947236448,0.0,-0.7237157464358271,3.929013079667063,3.929013079667063
35.252040977072625,3005.7773285022054,-155.45633764003148,49.23130393293165,3017.4163891132694,-152.06050384486335,0.6900981947236448,0.0,-0.7237157464358271,3.929013079667063,3.929013079667063
49.23130393293165,3017.4163891132694,-152.06050384486335,63.21056688879068,3029.055449724334,-148.6646700496952,0.6900981947236448,0.0,-0.7237157464358271,3.929013079667063,3.929013079667063
63.21056688879068,3029.055449724334,-148.6646700496952,50.80637577201211,3041.586956059681,-151.63846461756074,0.6900981947236448,0.0,-0.7237157464358271,3.929013079667063,3.929013079667063
50.80637577201211,3041.586956059681,-151.63846461756074,38.40218465523355,3054.118462395029,-154.61225918542627,0.6900981947236448,0.0,-0.7237157464358271,3.929013079667063,3.929013079667063
36.82711281615308,3029.947895448617,-155.03429841272887,50.80637577201211,3041.586956059681,-151.63846461756074,0.6900981947236448,0.0,-0.7237157464358271,3.929013079667063,3.929013079667063
50.80637577201211,3041.586956059681,-151.63846461756074,64.78563872787115,3053.2260166707456,-148.24263082239258,0.6900981947236448,0.0,-0.7237157464358271,3.929013079667063,3.929013079667063
64.78563872787115,3053.2260166707456,-148.24263082239258,52.381447611092575,3065.757523006093,-151.21642539025814,0.6900981947236448,0.0,-0.7237157464358271,3.929013079667063,3.929013079667063
52.381447611092575,3065.757523006093,-151.21642539025814,39.97725649431401,3078.2890293414407,-154.19021995812366,0.6900981947236448,0.0,-0.7237157464358271,3.929013079667063,3.929013079667063
38.40218465523355,3054.118462395029,-154.61225918542627,52.381447611092575,3065.757523006093,-151.21642539025814,0.6900981947236448,0.0,-0.7237157464358271,3.929013079667063,3.929013079667063
52.381447611092575,3065.757523006093,-151.21642539025814,66.36071056695161,3077.3965836171574,-147.82059159508998,0.6900981947236448,0.0,-0.7237157464358271,3.929013079667063,3.929013079667063
66.36071056695161,3077.3965836171574,-147.82059159508995,53.95651945017305,3089.9280899525047,-150.7943861629555,0.6900981947236448,0.0,-0.7237157464358271,3.929013079667063,3.929013079667063
53.95651945017305,3089.9280899525047,-150.7943861629555,41.55232833339448,3102.4595962878525,-153.76818073082103,0.6900981947236448,0.0,-0.7237157464358271,3.929013079667063,3.929013079667063
39.97725649431402,3078.2890293414407,-154.19021995812363,53.95651945017305,3089.9280899525047,-150.7943861629555,0.6900981947236448,0.0,-0.7237157464358271,3.929013079667063,3.929013079667063
53.95651945017305,3089.9280899525047,-150.7943861629555,67.93578240603208,3101.567150563569,-147.39855236778735,0.6900981947236448,0.0,-0.7237157464358271,3.929013079667063,3.929013079667063
67.93578240603208,3101.567150563569,-147.39855236778735,55.531591289253505,3114.0986568989165,-150.3723469356529,0.6900981947236448,0.0,-0.7237157464358271,3.929013079667063,3.929013079667063
55.531591289253505,3114.0986568989165,-150.3723469356529,43.12740017247494,3126.6301632342643,-153.34614150351842,0.6900981947236448,0.0,-0.7237157464358271,3.929013079667063,3.929013079667063
41.55232833339448,3102.4595962878525,-153.76818073082103,55.531591289253505,3114.0986568989165,-150.3723469356529,0.6900981947236448,0.0,-0.7237157464358271,3.929013079667063,3.929013079667063
55.531591289253505,3114.0986568989165,-150.3723469356529,69.51085424511254,3125.737717509981,-146.97651314048474,0.6900981947236448,0.0,-0.7237157464358271,3.929013079667063,3.929013079667063
69.51085424511254,3125.737717509981,-146.97651314048474,57.10666312833397,3138.2692238453283,-149.9503077083503,0.6900981947236448,0.0,-0.7237157464358271,3.929013079667063,3.929013079667063
57.10666312833397,3138.2692238453283,-149.9503077083503,44.70247201155541,3150.8007301806765,-152.92410227621582,0.6900981947236448,0.0,-0.7237157464358271,3.929013079667063,3.929013079667063
43.12740017247494,3126.6301632342643,-153.34614150351842,57.10666312833397,3138.2692238453283,-149.9503077083503,0.6900981947236448,0.0,-0.7237157464358271,3.929013079667063,3.929013079667063
57.10666312833397,3138.2692238453283,-149.9503077083503,71.085926084193,3149.908284456393,-146.55447391318214,0.6900981947236448,0.0,-0.7237157464358271,3.929013079667063,3.929013079667063
71.085926084193,3149.908284456393,-146.55447391318214,58.68173496741443,3162.4397907917405,-149.5282684810477,0.6900981947236448,0.0,-0.7237157464358271,3.929013079667063,3.929013079667063
58.68173496741443,3162.4397907917405,-149.5282684810477,46.277543850635865,3174.9712971270883,-152.50206304891321,0.6900981947236448,0.0,-0.7237157464358271,3.929013079667063,3.929013079667063
44.70247201155541,3150.8007301806765,-152.92410227621582,58.68173496741443,3162.4397907917405,-149.5282684810477,0.6900981947236448,0.0,-0.7237157464358271,3.929013079667063,3.929013079667063
58.68173496741443,3162.4397907917405,-149.5282684810477,72.66099792327346,3174.078851402805,-146.13243468587953,0.6900981947236448,0.0,-0.7237157464358271,3.929013079667063,3.929013079667063
72.66099792327346,3174.078851402805,-146.13243468587953,60.25680680649489,3186.6103577381523,-149.10622925374506,0.6900981947236448,0.0,-0.7237157464358271,3.929013079667063,3.929013079667063
60.25680680649489,3186.6103577381523,-149.10622925374506,47.85261568971633,3199.1418640735,-152.08002382161058,0.6900981947236448,0.0,-0.7237157464358271,3.929013079667063,3.929013079667063
46.277543850635865,3174.9712971270883,-152.50206304891321,60.25680680649489,3186.6103577381523,-149.10622925374506,0.6900981947236448,0.0,-0.7237157464358271,3.929013079667063,3.929013079667063
60.25680680649489,3186.6103577381523,-149.10622925374506,74.23606976235392,3198.2494183492167,-145.7103954585769,0.6900981947236448,0.0,-0.7237157464358271,3.929013079667063,3.929013079667063
74.23606976235394,3198.2494183492167,-145.7103954585769,61.831878645575365,3210.780924684564,-148.68419002644245,0.6900981947236448,0.0,-0.7237157464358271,3.929013079667063,3.929013079667063
61.831878645575365,3210.780924684564,-148.68419002644245,49.4276875287968,3223.312431019912,-151.65798459430798,0.6900981947236448,0.0,-0.7237157464358271,3.929013079667063,3.929013079667063
47.85261568971634,3199.1418640735,-152.08002382161058,61.831878645575365,3210.780924684564,-148.68419002644245,0.6900981947236448,0.0,-0.7237157464358271,3.929013079667063,3.929013079667063
61.831878645575365,3210.780924684564,-148.68419002644245,75.8111416014344,3222.4199852956285,-145.2883562312743,0.6900981947236448,0.0,-0.7237157464358271,3.929013079667063,3.929013079667063
75.8111416014344,3222.4199852956285,-145.2883562312743,63.40695048465582,3234.9514916309763,-148.26215079913985,0.6900981947236448,0.0,-0.7237157464358271,3.929013079667063,3.929013079667063
63.40695048465582,3234.9514916309763,-148.26215079913985,51.00275936787726,3247.482997966324,-151.23594536700537,0.6900981947236448,0.0,-0.7237157464358271,3.929013079667063,3.929013079667063
49.4276875287968,3223.312431019912,-151.65798459430798,63.40695048465582,3234.9514916309763,-148.26215079913985,0.6900981947236448,0.0,-0.7237157464358271,3.929013079667063,3.929013079667063
63.40695048465582,3234.9514916309763,-148.26215079913985,77.38621344051485,3246.5905522420408,-144.8663170039717,0.6900981947236448,0.0,-0.7237157464358271,3.929013079667063,3.929013079667063
77.38621344051485,3246.5905522420408,-144.8663170039717,64.98202232373629,3259.122058577388,-147.84011157183724,0.6900981947236448,0.0,-0.7237157464358271,3.929013079667063,3.929013079667063
64.98202232373629,3259.122058577388,-147.84011157183724,52.577831206957725,3271.653564912736,-150.81390613970274,0.6900981947236448,0.0,-0.7237157464358271,3.929013079667063,3.929013079667063
51.00275936787726,3247.482997966324,-151.23594536700537,64.98202232373629,3259.122058577388,-147.84011157183724,0.6900981947236448,0.0,-0.7237157464358271,3.929013079667063,3.929013079667063
64.98202232373629,3259.122058577388,-147.84011157183724,78.96128527959532,3270.7611191884525,-144.44427777666905,0.6900981947236448,0.0,-0.7237157464358271,3.929013079667063,3.929013079667063
78.96128527959532,3270.7611191884525,-144.44427777666905,66.55709416281675,3283.2926255238,-147.4180723445346,0.6900981947236448,0.0,-0.7237157464358271,3.929013079667063,3.929013079667063
66.55709416281675,3283.2926255238,-147.4180723445346,54.15290304603818,3295.8241318591477,-150.39186691240013,0.6900981947236448,0.0,-0.7237157464358271,3.929013079667063,3.929013079667063
52.577831206957725,3271.653564912736,-150.81390613970274,66.55709416281675,3283.2926255238,-147.4180723445346,0.6900981947236448,0.0,-0.7237157464358271,3.929013079667063,3.929013079667063
66.55709416281675,3283.2926255238,-147.4180723445346,80.53635711867578,3294.9316861348643,-144.02223854936645,0.6900981947236448,0.0,-0.7237157464358271,3.929013079667063,3.929013079667063
80.53635711867578,3294.9316861348643,-144.02223854936645,68.13216600189723,3307.4631924702117,-146.996033117232,0.6900981947236448,0.0,-0.7237157464358271,3.929013079667063,3.929013079667063
68.13216600189723,3307.4631924702117,-146.996033117232,55.72797488511866,3319.9946988055594,-149.96982768509753,0.6900981947236448,0.0,-0.7237157464358271,3.929013079667063,3.929013079667063
54.15290304603818,3295.8241318591477,-150.39186691240013,68.13216600189723,3307.4631924702117,-146.996033117232,0.6900981947236448,0.0,-0.7237157464358271,3.929013079667063,3.929013079667063
68.13216600189723,3307.4631924702117,-146.996033117232,82.11142895775626,3319.102253081276,-143.60019932206384,0.6900981947236448,0.0,-0.7237157464358271,3.929013079667063,3.929013079667063
82.11142895775626,3319.102253081276,-143.60019932206384,69.7072378409777,3331.6337594166234,-146.5739938899294,0.6900981947236448,0.0,-0.7237157464358271,3.929013079667063,3.929013079667063
69.7072378409777,3331.6337594166234,-146.5739938899294,57.30304672419913,3344.165265751971,-149.54778845779492,0.6900981947236448,0.0,-0.7237157464358271,3.929013079667063,3.929013079667063
55.72797488511866,3319.9946988055594,-149.96982768509753,69.7072378409777,3331.6337594166234,-146.5739938899294,0.6900981947236448,0.0,-0.7237157464358271,3.929013079667063,3.929013079667063
69.7072378409777,3331.6337594166234,-146.5739938899294,83.68650079683673,3343.272820027688,-143.17816009476124,0.6900981947236448,0.0,-0.7237157464358271,3.929013079667063,3.929013079667063
83.68650079683673,3343.272820027688,-143.17816009476124,71.28230968005816,3355.804326363035,-146.15195466262676,0.6900981947236448,0.0,-0.7237157464358271,3.929013079667063,3.929013079667063
71.28230968005816,3355.804326363035,-146.15195466262676,58.87811856327959,3368.335832698383,-149.12574923049232,0.6900981947236448,0.0,-0.7237157464358271,3.929013079667063,3.929013079667063
57.30304672419913,3344.165265751971,-149.54778845779492,71.28230968005816,3355.804326363035,-146.15195466262676,0.6900981947236448,0.0,-0.7237157464358271,3.929013079667063,3.929013079667063
71.28230968005816,3355.804326363035,-146.15195466262676,85.26157263591719,3367.4433869740997,-142.75612086745863,0.6900981947236448,0.0,-0.7237157464358271,3.929013079667063,3.929013079667063
85.26157263591719,3367.4433869740997,-142.75612086745863,72.85738151913863,3379.974893309447,-145.72991543532416,0.6900981947236448,0.0,-0.7237157464358271,3.929013079667063,3.929013079667063
72.85738151913863,3379.974893309447,-145.72991543532416,60.45319040236004,3392.506399644795,-148.70371000318968,0.6900981947236448,0.0,-0.7237157464358271,3.929013079667063,3.929013079667063
58.87811856327959,3368.335832698383,-149.12574923049232,72.85738151913863,3379.974893309447,-145.72991543532416,0.6900981947236448,0.0,-0.7237157464358271,3.929013079667063,3.929013079667063
72.85738151913863,3379.974893309447,-145.72991543532416,86.83664447499764,3391.6139539205114,-142.334081640156,0.6900981947236448,0.0,-0.7237157464358271,3.929013079667063,3.929013079667063
86.83664447499764,3391.6139539205114,-142.334081640156,74.43245335821908,3404.145460255859,-145.30787620802155,0.6900981947236448,0.0,-0.7237157464358271,3.929013079667063,3.929013079667063
74.43245335821908,3404.145460255859,-145.30787620802155,62.02826224144051,3416.6769665912066,-148.28167077588708,0.6900981947236448,0.0,-0.7237157464358271,3.929013079667063,3.929013079667063
60.45319040236004,3392.506399644795,-148.70371000318968,74.43245335821908,3404.145460255859,-145.30787620802155,0.6900981947236448,0.0,-0.7237157464358271,3.929013079667063,3.929013079667063
74.43245335821908,3404.145460255859,-145.30787620802155,88.4117163140781,3415.7845208669232,-141.9120424128534,0.6900981947236448,0.0,-0.7237157464358271,3.929013079667063,3.929013079667063
88.4117163140781,3415.7845208669232,-141.9120424128534,76.00752519729954,3428.3160272022706,-144.88583698071895,0.6900981947236448,0.0,-0.7237157464358271,3.929013079667063,3.929013079667063
76.00752519729954,3428.3160272022706,-144.88583698071895,63.60333408052097,3440.847533537619,-147.85963154858447,0.6900981947236448,0.0,-0.7237157464358271,3.929013079667063,3.929013079667063
62.02826224144051,3416.6769665912066,-148.28167077588708,76.00752519729954,3428.3160272022706,-144.88583698071895,0.6900981947236448,0.0,-0.7237157464358271,3.929013079667063,3.929013079667063
76.00752519729954,3428.3160272022706,-144.88583698071895,89.98678815315857,3439.9550878133355,-141.4900031855508,0.6900981947236448,0.0,-0.7237157464358271,3.929013079667063,3.929013079667063
89.98678815315857,3439.9550878133355,-141.4900031855508,77.58259703638001,3452.486594148683,-144.46379775341634,0.6900981947236448,0.0,-0.7237157464358271,3.929013079667063,3.929013079667063
77.58259703638001,3452.486594148683,-144.46379775341634,65.17840591960143,3465.0181004840306,-147.43759232128184,0.6900981947236448,0.0,-0.7237157464358271,3.929013079667063,3.929013079667063
63.60333408052097,3440.847533537619,-147.85963154858447,77.58259703638001,3452.486594148683,-144.46379775341634,0.6900981947236448,0.0,-0.7237157464358271,3.929013079667063,3.929013079667063
77.58259703638001,3452.486594148683,-144.46379775341634,91.56185999223904,3464.1256547597472,-141.06796395824816,0.6900981947236448,0.0,-0.7237157464358271,3.929013079667063,3.929013079667063
-1.6207495870773174e-13,2320.374426855538,-151.20689655172413,14.47617832919519,2344.5449938019497,-158.2333146293334,0.0,0.0,1.0,3.929013079667063,3.929013079667063
-11.326034651034586,2344.5449938019497,-143.33640001950965,3.150143678160764,2368.7155607483614,-150.3628180971189,0.0,0.0,1.0,3.929013079667063,3.929013079667063
3.150143678160764,2368.7155607483614,-150.3628180971189,17.626322007356116,2392.886127694773,-157.38923617472815,0.0,0.0,1.0,3.929013079667063,3.929013079667063
14.47617832919519,2344.5449938019497,-158.2333146293334,3.150143678160764,2368.7155607483614,-150.3628180971189,0.0,0.0,1.0,3.929013079667063,3.929013079667063
3.150143678160764,2368.7155607483614,-150.3628180971189,-8.17589097287366,2392.886127694773,-142.49232156490442,0.0,0.0,1.0,3.929013079667063,3.929013079667063
-8.17589097287366,2392.886127694773,-142.49232156490442,6.30028735632169,2417.0566946411855,-149.51873964251368,0.0,0.0,1.0,3.929013079667063,3.929013079667063
6.30028735632169,2417.0566946411855,-149.51873964251368,20.776465685517042,2441.2272615875972,-156.54515772012294,0.0,0.0,1.0,3.929013079667063,3.929013079667063
17.626322007356116,2392.886127694773,-157.38923617472815,6.30028735632169,2417.0566946411855,-149.51873964251368,0.0,0.0,1.0,3.929013079667063,3.929013079667063
6.30028735632169,2417.0566946411855,-149.51873964251368,-5.025747294712734,2441.2272615875972,-141.6482431102992,0.0,0.0,1.0,3.929013079667063,3.929013079667063
-5.025747294712734,2441.2272615875972,-141.6482431102992,9.450431034482616,2465.397828534009,-148.67466118790844,0.0,0.0,1.0,3.929013079667063,3.929013079667063
9.450431034482616,2465.397828534009,-148.67466118790844,23.92660936367797,2489.568395480421,-155.7010792655177,0.0,0.0,1.0,3.929013079667063,3.929013079667063
20.776465685517042,2441.2272615875972,-156.54515772012294,9.450431034482616,2465.397828534009,-148.67466118790844,0.0,0.0,1.0,3.929013079667063,3.929013079667063
9.450431034482616,2465.397828534009,-148.67466118790844,-1.8756036165518069,2489.568395480421,-140.80416465569397,0.0,0.0,1.0,3.929013079667063,3.929013079667063
-1.8756036165518104,2489.568395480421,-140.80416465569397,12.600574712643542,2513.7389624268326,-147.83058273330323,0.0,0.0,1.0,3.929013079667063,3.929013079667063
12.600574712643542,2513.7389624268326,-147.83058273330323,27.07675304183889,2537.9095293732444,-154.8570008109125,0.0,0.0,1.0,3.929013079667063,3.929013079667063
23.926609363677965,2489.568395480421,-155.7010792655177,12.600574712643542,2513.7389624268326,-147.83058273330323,0.0,0.0,1.0,3.929013079667063,3.929013079667063
12.600574712643542,2513.7389624268326,-147.83058273330323,1.2745400616091178,2537.9095293732444,-139.96008620108876,0.0,0.0,1.0,3.929013079667063,3.929013079667063
1.2745400616091196,2537.9095293732444,-139.96008620108876,15.750718390804469,2562.0800963196566,-146.986504278698,0.0,0.0,1.0,3.929013079667063,3.929013079667063
15.750718390804469,2562.0800963196566,-146.986504278698,30.226896719999818,2586.2506632660684,-154.01292235630726,0.0,0.0,1.0,3.929013079667063,3.929013079667063
27.076753041838895,2537.9095293732444,-154.8570008109125,15.750718390804469,2562.0800963196566,-146.986504278698,0.0,0.0,1.0,3.929013079667063,3.929013079667063
15.750718390804469,2562.0800963196566,-146.986504278698,4.4246837397700425,2586.2506632660684,-139.11600774648352,0.0,0.0,1.0,3.929013079667063,3.929013079667063
4.4246837397700425,2586.2506632660684,-139.11600774648352,18.90086206896539,2610.42123021248,-146.14242582409278,0.0,0.0,1.0,3.929013079667063,3.929013079667063
18.90086206896539,2610.42123021248,-146.14242582409278,33.377040398160744,2634.591797158892,-153.16884390170205,0.0,0.0,1.0,3.929013079667063,3.929013079667063
30.226896719999818,2586.2506632660684,-154.01292235630726,18.90086206896539,2610.42123021248,-146.14242582409278,0.0,0.0,1.0,3.929013079667063,3.929013079667063
18.90086206896539,2610.42123021248,-146.14242582409278,7.574827417930965,2634.591797158892,-138.2719292918783,0.0,0.0,1.0,3.929013079667063,3.929013079667063
7.574827417930965,2634.591797158892,-138.2719292918783,22.051005747126315,2658.7623641053037,-145.29834736948754,0.0,0.0,1.0,3.929013079667063,3.929013079667063
22.051005747126315,2658.7623641053037,-145.29834736948754,36.52718407632167,2682.9329310517155,-152.3247654470968,0.0,0.0,1.0,3.929013079667063,3.929013079667063
33.377040398160744,2634.591797158892,-153.16884390170205,22.051005747126315,2658.7623641053037,-145.29834736948754,0.0,0.0,1.0,3.929013079667063,3.929013079667063
22.051005747126315,2658.7623641053037,-145.29834736948754,10.724971096091892,2682.9329310517155,-137.42785083727307,0.0,0.0,1.0,3.929013079667063,3.929013079667063
10.724971096091895,2682.9329310517155,-137.42785083727307,25.201149425287245,2707.1034979981278,-144.45426891488233,0.0,0.0,1.0,3.929013079667063,3.929013079667063
25.201149425287245,2707.1034979981278,-144.45426891488233,39.67732775448259,2731.2740649445395,-151.4806869924916,0.0,0.0,1.0,3.929013079667063,3.929013079667063
36.527184076321674,2682.9329310517155,-152.3247654470968,25.201149425287245,2707.1034979981278,-144.45426891488233,0.0,0.0,1.0,3.929013079667063,3.929013079667063
25.201149425287245,2707.1034979981278,-144.45426891488233,13.875114774252818,2731.2740649445395,-136.58377238266786,0.0,0.0,1.0,3.929013079667063,3.929013079667063
13.875114774252818,2731.2740649445395,-136.58377238266786,28.35129310344817,2755.4446318909513,-143.6101904602771,0.0,0.0,1.0,3.929013079667063,3.929013079667063
28.35129310344817,2755.4446318909513,-143.6101904602771,42.82747143264352,2779.615198837363,-150.63660853788636,0.0,0.0,1.0,3.929013079667063,3.929013079667063
39.67732775448259,2731.2740649445395,-151.4806869924916,28.35129310344817,2755.4446318909513,-143.6101904602771,0.0,0.0,1.0,3.929013079667063,3.929013079667063
28.35129310344817,2755.4446318909513,-143.6101904602771,17.025258452413745,2779.615198837363,-135.73969392806262,0.0,0.0,1.0,3.929013079667063,3.929013079667063
17.025258452413745,2779.615198837363,-135.73969392806262,31.501436781609094,2803.785765783775,-142.76611200567189,0.0,0.0,1.0,3.929013079667063,3.929013079667063
31.501436781609094,2803.785765783775,-142.76611200567189,45.97761511080445,2827.9563327301867,-149.79253008328115,0.0,0.0,1.0,3.929013079667063,3.929013079667063
42.82747143264352,2779.615198837363,-150.63660853788636,31.501436781609094,2803.785765783775,-142.76611200567189,0.0,0.0,1.0,3.929013079667063,3.929013079667063
31.501436781609094,2803.785765783775,-142.76611200567189,20.17540213057467,2827.9563327301867,-134.8956154734574,0.0,0.0,1.0,3.929013079667063,3.929013079667063
20.17540213057467,2827.9563327301867,-134.8956154734574,34.651580459770024,2852.1268996765984,-141.92203355106665,0.0,0.0,1.0,3.929013079667063,3.929013079667063
34.651580459770024,2852.1268996765984,-141.92203355106665,49.127758788965366,2876.29746662301,-148.9484516286759,0.0,0.0,1.0,3.929013079667063,3.929013079667063
45.97761511080445,2827.9563327301867,-149.79253008328115,34.651580459770024,2852.1268996765984,-141.92203355106665,0.0,0.0,1.0,3.929013079667063,3.929013079667063
34.651580459770024,2852.1268996765984,-141.92203355106665,23.325545808735594,2876.29746662301,-134.05153701885217,0.0,0.0,1.0,3.929013079667063,3.929013079667063
23.325545808735594,2876.29746662301,-134.05153701885217,37.80172413793095,2900.4680335694225,-141.07795509646144,0.0,0.0,1.0,3.929013079667063,3.929013079667063
37.80172413793095,2900.4680335694225,-141.07795509646144,52.277902467126296,2924.6386005158342,-148.1043731740707,0.0,0.0,1.0,3.929013079667063,3.929013079667063
49.127758788965366,2876.29746662301,-148.9484516286759,37.80172413793095,2900.4680335694225,-141.07795509646144,0.0,0.0,1.0,3.929013079667063,3.929013079667063
37.80172413793095,2900.4680335694225,-141.07795509646144,26.475689486896524,2924.6386005158342,-133.20745856424696,0.0,0.0,1.0,3.929013079667063,3.929013079667063
26.475689486896524,2924.6386005158342,-133.20745856424696,40.95186781609187,2948.809167462246,-140.23387664185623,0.0,0.0,1.0,3.929013079667063,3.929013079667063
40.95186781609187,2948.809167462246,-140.23387664185623,55.428046145287226,2972.979734408658,-147.26029471946546,0.0,0.0,1.0,3.929013079667063,3.929013079667063
52.277902467126296,2924.6386005158342,-148.1043731740707,40.95186781609187,2948.809167462246,-140.23387664185623,0.0,0.0,1.0,3.929013079667063,3.929013079667063
40.95186781609187,2948.809167462246,-140.23387664185623,29.625833165057447,2972.979734408658,-132.36338010964172,0.0,0.0,1.0,3.929013079667063,3.929013079667063
29.625833165057447,2972.979734408658,-132.36338010964172,44.10201149425279,2997.1503013550696,-139.389798187251,0.0,0.0,1.0,3.929013079667063,3.929013079667063
44.10201149425279,2997.1503013550696,-139.389798187251,58.57818982344814,3021.320868301482,-146.41621626486025,0.0,0.0,1.0,3.929013079667063,3.929013079667063
55.428046145287226,2972.979734408658,-147.26029471946546,44.10201149425279,2997.1503013550696,-139.389798187251,0.0,0.0,1.0,3.929013079667063,3.929013079667063
44.10201149425279,2997.1503013550696,-139.389798187251,32.77597684321837,3021.320868301482,-131.51930165503651,0.0,0.0,1.0,3.929013079667063,3.929013079667063
32.77597684321837,3021.320868301482,-131.51930165503651,47.25215517241373,3045.4914352478936,-138.54571973264575,0.0,0.0,1.0,3.929013079667063,3.929013079667063
47.25215517241373,3045.4914352478936,-138.54571973264575,61.72833350160907,3069.6620021943054,-145.57213781025501,0.0,0.0,1.0,3.929013079667063,3.929013079667063
58.578189823448156,3021.320868301482,-146.41621626486025,47.25215517241373,3045.4914352478936,-138.54571973264575,0.0,0.0,1.0,3.929013079667063,3.929013079667063
47.25215517241373,3045.4914352478936,-138.54571973264575,35.9261205213793,3069.6620021943054,-130.67522320043128,0.0,0.0,1.0,3.929013079667063,3.929013079667063
35.9261205213793,3069.6620021943054,-130.67522320043128,50.40229885057465,3093.832569140717,-137.70164127804054,0.0,0.0,1.0,3.929013079667063,3.929013079667063
50.40229885057465,3093.832569140717,-137.70164127804054,64.87847717977,3118.003136087129,-144.7280593556498,0.0,0.0,1.0,3.929013079667063,3.929013079667063
61.72833350160907,3069.6620021943054,-145.57213781025501,50.40229885057465,3093.832569140717,-137.70164127804054,0.0,0.0,1.0,3.929013079667063,3.929013079667063
50.40229885057465,3093.832569140717,-137.70164127804054,39.07626419954023,3118.003136087129,-129.83114474582607,0.0,0.0,1.0,3.929013079667063,3.929013079667063
39.07626419954023,3118.003136087129,-129.83114474582607,53.552442528735575,3142.1737030335407,-136.8575628234353,0.0,0.0,1.0,3.929013079667063,3.929013079667063
53.552442528735575,3142.1737030335407,-136.8575628234353,68.02862085793093,3166.3442699799525,-143.88398090104457,0.0,0.0,1.0,3.929013079667063,3.929013079667063
64.87847717977,3118.003136087129,-144.7280593556498,53.552442528735575,3142.1737030335407,-136.8575628234353,0.0,0.0,1.0,3.929013079667063,3.929013079667063
53.552442528735575,3142.1737030335407,-136.8575628234353,42.22640787770115,3166.3442699799525,-128.98706629122083,0.0,0.0,1.0,3.929013079667063,3.929013079667063
42.22640787770115,3166.3442699799525,-128.98706629122083,56.702586206896505,3190.5148369263648,-136.0134843688301,0.0,0.0,1.0,3.929013079667063,3.929013079667063
56.702586206896505,3190.5148369263648,-136.0134843688301,71.17876453609185,3214.6854038727765,-143.03990244643936,0.0,0.0,1.0,3.929013079667063,3.929013079667063
68.02862085793093,3166.3442699799525,-143.88398090104457,56.702586206896505,3190.5148369263648,-136.0134843688301,0.0,0.0,1.0,3.929013079667063,3.929013079667063
56.702586206896505,3190.5148369263648,-136.0134843688301,45.37655155586208,3214.6854038727765,-128.14298783661562,0.0,0.0,1.0,3.929013079667063,3.929013079667063
45.37655155586208,3214.6854038727765,-128.14298783661562,59.85272988505743,3238.8559708191883,-135.16940591422485,0.0,0.0,1.0,3.929013079667063,3.929013079667063
59.85272988505743,3238.8559708191883,-135.16940591422485,74.32890821425278,3263.0265377656,-142.19582399183412,0.0,0.0,1.0,3.929013079667063,3.929013079667063
71.17876453609185,3214.6854038727765,-143.03990244643936,59.85272988505743,3238.8559708191883,-135.16940591422485,0.0,0.0,1.0,3.929013079667063,3.929013079667063
59.85272988505743,3238.8559708191883,-135.16940591422485,48.526695234022995,3263.0265377656,-127.29890938201038,0.0,0.0,1.0,3.929013079667063,3.929013079667063
48.52669523402301,3263.0265377656,-127.29890938201038,63.00287356321836,3287.1971047120123,-134.32532745961964,0.0,0.0,1.0,3.929013079667063,3.929013079667063
63.00287356321836,3287.1971047120123,-134.32532745961964,77.47905189241371,3311.367671658424,-141.3517455372289,0.0,0.0,1.0,3.929013079667063,3.929013079667063
74.32890821425278,3263.0265377656,-142.19582399183412,63.00287356321836,3287.1971047120123,-134.32532745961964,0.0,0.0,1.0,3.929013079667063,3.929013079667063
63.00287356321836,3287.1971047120123,-134.32532745961964,51.67683891218394,3311.367671658424,-126.45483092740517,0.0,0.0,1.0,3.929013079667063,3.929013079667063
51.67683891218394,3311.367671658424,-126.45483092740517,66.15301724137929,3335.538238604836,-133.4812490050144,0.0,0.0,1.0,3.929013079667063,3.929013079667063
66.15301724137929,3335.538238604836,-133.4812490050144,80.62919557057464,3359.7088055512477,-140.50766708262367,0.0,0.0,1.0,3.929013079667063,3.929013079667063
77.47905189241371,3311.367671658424,-141.3517455372289,66.15301724137929,3335.538238604836,-133.4812490050144,0.0,0.0,1.0,3.929013079667063,3.929013079667063
66.15301724137929,3335.538238604836,-133.4812490050144,54.82698259034487,3359.7088055512477,-125.61075247279993,0.0,0.0,1.0,3.929013079667063,3.929013079667063
54.82698259034487,3359.7088055512477,-125.61075247279993,69.30316091954022,3383.8793724976595,-132.6371705504092,0.0,0.0,1.0,3.929013079667063,3.929013079667063
69.30316091954022,3383.8793724976595,-132.6371705504092,83.77933924873557,3408.0499394440712,-139.66358862801846,0.0,0.0,1.0,3.929013079667063,3.929013079667063
80.62919557057464,3359.7088055512477,-140.50766708262367,69.30316091954022,3383.8793724976595,-132.6371705504092,0.0,0.0,1.0,3.929013079667063,3.929013079667063
69.30316091954022,3383.8793724976595,-132.6371705504092,57.9771262685058,3408.0499394440712,-124.76667401819472,0.0,0.0,1.0,3.929013079667063,3.929013079667063
57.9771262685058,3408.0499394440712,-124.76667401819472,72.45330459770113,3432.220506390483,-131.79309209580396,0.0,0.0,1.0,3.929013079667063,3.929013079667063
72.45330459770113,3432.220506390483,-131.79309209580396,86.92948292689648,3456.391073336895,-138.81951017341322,0.0,0.0,1.0,3.929013079667063,3.929013079667063
83.77933924873557,3408.0499394440712,-139.66358862801846,72.45330459770113,3432.220506390483,-131.79309209580396,0.0,0.0,1.0,3.929013079667063,3.929013079667063
72.45330459770113,3432.220506390483,-131.79309209580396,61.127269946666715,3456.391073336895,-123.92259556358948,0.0,0.0,1.0,3.929013079667063,3.929013079667063
75.60344827586206,3480.5616402833066,-130.94901364119875,86.92948292689648,3456.391073336895,-138.81951017341322,0.0,0.0,1.0,3.929013079667063,3.929013079667063
-8.17589097287366,2392.886127694773,-142.49232156490442,-11.800222061204675,2400.620709117625,-139.9737626745958,0.0,0.0,1.0,3.929013079667063,3.929013079667063
17.626322007356116,2392.886127694773,-157.38923617472815,22.25869907269863,2400.620709117625,-159.63768995956312,0.0,0.0,1.0,3.929013079667063,3.929013079667063
-5.025747294712734,2441.2272615875972,-141.6482431102992,-8.65007838304375,2448.961843010449,-139.12968421999057,0.0,0.0,1.0,3.929013079667063,3.929013079667063
20.776465685517042,2441.2272615875972,-156.54515772012294,25.408842750859556,2448.961843010449,-158.79361150495788,0.0,0.0,1.0,3.929013079667063,3.929013079667063
-1.8756036165518069,2489.568395480421,-140.80416465569397,-5.4999347048828255,2497.302976903273,-138.28560576538536,0.0,0.0,1.0,3.929013079667063,3.929013079667063
23.92660936367797,2489.568395480421,-155.7010792655177,28.55898642902048,2497.302976903273,-157.94953305035267,0.0,0.0,1.0,3.929013079667063,3.929013079667063
1.2745400616091178,2537.9095293732444,-139.96008620108876,-2.349791026721899,2545.6441107960964,-137.44152731078012,0.0,0.0,1.0,3.929013079667063,3.929013079667063
27.07675304183889,2537.9095293732444,-154.8570008109125,31.709130107181405,2545.6441107960964,-157.10545459574743,0.0,0.0,1.0,3.929013079667063,3.929013079667063
4.4246837397700425,2586.2506632660684,-139.11600774648352,0.8003526514390238,2593.98524468892,-136.5974488561749,0.0,0.0,1.0,3.929013079667063,3.929013079667063
30.226896719999818,2586.2506632660684,-154.01292235630726,34.859273785342324,2593.98524468892,-156.26137614114222,0.0,0.0,1.0,3.929013079667063,3.929013079667063
7.574827417930965,2634.591797158892,-138.2719292918783,3.9504963295999502,2642.3263785817435,-135.75337040156967,0.0,0.0,1.0,3.929013079667063,3.929013079667063
33.377040398160744,2634.591797158892,-153.16884390170205,38.009417463503254,2642.3263785817435,-155.41729768653698,0.0,0.0,1.0,3.929013079667063,3.929013079667063
10.724971096091892,2682.9329310517155,-137.42785083727307,7.100640007760873,2690.6675124745675,-134.90929194696446,0.0,0.0,1.0,3.929013079667063,3.929013079667063
36.52718407632167,2682.9329310517155,-152.3247654470968,41.15956114166418,2690.6675124745675,-154.57321923193177,0.0,0.0,1.0,3.929013079667063,3.929013079667063
13.875114774252818,2731.2740649445395,-136.58377238266786,10.250783685921807,2739.008646367391,-134.06521349235922,0.0,0.0,1.0,3.929013079667063,3.929013079667063
39.67732775448259,2731.2740649445395,-151.4806869924916,44.309704819825114,2739.008646367391,-153.72914077732653,0.0,0.0,1.0,3.929013079667063,3.929013079667063
17.025258452413745,2779.615198837363,-135.73969392806262,13.40092736408273,2787.349780260215,-133.221135037754,0.0,0.0,1.0,3.929013079667063,3.929013079667063
42.82747143264352,2779.615198837363,-150.63660853788636,47.45984849798603,2787.349780260215,-152.88506232272132,0.0,0.0,1.0,3.929013079667063,3.929013079667063
20.17540213057467,2827.9563327301867,-134.8956154734574,16.551071042243652,2835.6909141530386,-132.37705658314877,0.0,0.0,1.0,3.929013079667063,3.929013079667063
45.97761511080445,2827.9563327301867,-149.79253008328115,50.60999217614696,2835.6909141530386,-152.0409838681161,0.0,0.0,1.0,3.929013079667063,3.929013079667063
23.325545808735594,2876.29746662301,-134.05153701885217,19.701214720404582,2884.032048045862,-131.53297812854356,0.0,0.0,1.0,3.929013079667063,3.929013079667063
49.127758788965366,2876.29746662301,-148.9484516286759,53.76013585430789,2884.032048045862,-151.19690541351088,0.0,0.0,1.0,3.929013079667063,3.929013079667063
26.475689486896524,2924.6386005158342,-133.20745856424696,22.851358398565505,2932.373181938686,-130.68889967393832,0.0,0.0,1.0,3.929013079667063,3.929013079667063
52.277902467126296,2924.6386005158342,-148.1043731740707,56.910279532468806,2932.373181938686,-150.35282695890564,0.0,0.0,1.0,3.929013079667063,3.929013079667063
29.625833165057447,2972.979734408658,-132.36338010964172,26.001502076726428,2980.71431583151,-129.8448212193331,0.0,0.0,1.0,3.929013079667063,3.929013079667063
55.428046145287226,2972.979734408658,-147.26029471946546,60.060423210629736,2980.71431583151,-149.50874850430043,0.0,0.0,1.0,3.929013079667063,3.929013079667063
32.77597684321837,3021.320868301482,-131.51930165503651,29.15164575488735,3029.0554497243334,-129.00074276472787,0.0,0.0,1.0,3.929013079667063,3.929013079667063
58.57818982344814,3021.320868301482,-146.41621626486025,63.21056688879065,3029.0554497243334,-148.6646700496952,0.0,0.0,1.0,3.929013079667063,3.929013079667063
35.9261205213793,3069.6620021943054,-130.67522320043128,32.301789433048285,3077.3965836171574,-128.15666431012266,0.0,0.0,1.0,3.929013079667063,3.929013079667063
61.72833350160907,3069.6620021943054,-145.57213781025501,66.3607105669516,3077.3965836171574,-147.82059159508998,0.0,0.0,1.0,3.929013079667063,3.929013079667063
39.07626419954023,3118.003136087129,-129.83114474582607,35.451933111209215,3125.737717509981,-127.31258585551741,0.0,0.0,1.0,3.929013079667063,3.929013079667063
64.87847717977,3118.003136087129,-144.7280593556498,69.51085424511251,3125.737717509981,-146.97651314048474,0.0,0.0,1.0,3.929013079667063,3.929013079667063
42.22640787770115,3166.3442699799525,-128.98706629122083,38.60207678937013,3174.0788514028045,-126.4685074009122,0.0,0.0,1.0,3.929013079667063,3.929013079667063
68.02862085793093,3166.3442699799525,-143.88398090104457,72.66099792327344,3174.0788514028045,-146.13243468587953,0.0,0.0,1.0,3.929013079667063,3.929013079667063
45.37655155586208,3214.6854038727765,-128.14298783661562,41.75222046753106,3222.419985295628,-125.62442894630696,0.0,0.0,1.0,3.929013079667063,3.929013079667063
71.17876453609185,3214.6854038727765,-143.03990244643936,75.81114160143436,3222.419985295628,-145.2883562312743,0.0,0.0,1.0,3.929013079667063,3.929013079667063
48.526695234022995,3263.0265377656,-127.29890938201038,44.90236414569199,3270.7611191884516,-124.78035049170175,0.0,0.0,1.0,3.929013079667063,3.929013079667063
74.32890821425278,3263.0265377656,-142.19582399183412,78.96128527959529,3270.7611191884516,-144.44427777666908,0.0,0.0,1.0,3.929013079667063,3.929013079667063
51.67683891218394,3311.367671658424,-126.45483092740517,48.05250782385292,3319.1022530812756,-123.93627203709651,0.0,0.0,1.0,3.929013079667063,3.929013079667063
77.47905189241371,3311.367671658424,-141.3517455372289,82.11142895775623,3319.1022530812756,-143.60019932206384,0.0,0.0,1.0,3.929013079667063,3.929013079667063
54.82698259034487,3359.7088055512477,-125.61075247279993,51.20265150201385,3367.4433869740997,-123.0921935824913,0.0,0.0,1.0,3.929013079667063,3.929013079667063
80.62919557057464,3359.7088055512477,-140.50766708262367,85.26157263591716,3367.4433869740997,-142.75612086745863,0.0,0.0,1.0,3.929013079667063,3.929013079667063
57.9771262685058,3408.0499394440712,-124.76667401819472,54.352795180174766,3415.7845208669232,-122.24811512788607,0.0,0.0,1.0,3.929013079667063,3.929013079667063
83.77933924873557,3408.0499394440712,-139.66358862801846,88.41171631407808,3415.7845208669232,-141.9120424128534,0.0,0.0,1.0,3.929013079667063,3.929013079667063
61.127269946666715,3456.391073336895,-123.92259556358948,57.502938858335696,3464.125654759747,-121.40403667328086,0.0,0.0,1.0,3.929013079667063,3.929013079667063
86.92948292689648,3456.391073336895,-138.81951017341322,91.56185999223901,3464.125654759747,-141.06796395824819,0.0,0.0,1.0,3.929013079667063,3.929013079667063
75.60344827586206,3480.5616402833066,-130.94901364119875,61.127269946666715,3456.391073336895,-123.92259556358948,0.0,0.0,1.0,3.929013079667063,3.929013079667063
